Model,Transforms,Lags,Lag Transforms,Lag Name,test_30_days,test_60_days,test_90_days,test_120_days,test_150_days,test_180_days,test_240_days,test_300_days,test_360_days,test_480_days,test_494_days
XGBRegressor,,"[1, 2, 3, 4, 5, 6, 7, 8, 9, 12, 13, 14, 15, 16, 17, 23, 27, 28, 33, 34, 36, 37, 48, 60, 63, 72, 73, 74, 76, 78, 79, 92, 98]","{1: [<function expanding_mean at 0x000002C58F7A04A0>], 7: [<function rolling_mean_14 at 0x000002C5930FAA20>], 30: [<function expanding_mean at 0x000002C58F7A04A0>]}",lags_100_features_33,23.873858436028335,28.56373318838829,28.24075866407499,26.69654057091802,27.491984488872053,28.548267090485847,37.58878899530996,42.52448305501632,42.065690237922446,40.12683050060224,39.4874263432378
LGBMRegressor,,"[1, 2, 3, 4, 5, 6, 7, 8, 9, 12, 13, 14, 15, 16, 17, 23, 27, 28, 33, 34, 36, 37, 48, 60, 63, 72, 73, 74, 76, 78, 79, 92, 98]","{1: [<function expanding_mean at 0x000002C58F7A04A0>], 7: [<function rolling_mean_14 at 0x000002C5930FAA20>], 30: [<function expanding_mean at 0x000002C58F7A04A0>]}",lags_100_features_33,19.442079572169906,24.355495345357895,24.943353732654884,23.92064714796195,23.467032611342187,23.31765653219546,27.222753975603865,36.17349054716908,42.0885164928255,39.71855708306675,39.22169252611899
XGBRegressor,,"[1, 2, 3, 4, 5, 6, 7, 8, 9, 12, 13, 14, 15, 16, 17, 23, 27, 28, 33, 34, 36, 37, 48, 60, 63, 72, 73, 74, 76, 78, 79, 92, 98]","{1: [<function rolling_mean_14 at 0x000002C5930FAA20>], 7: [<function rolling_mean_30 at 0x000002C58DBF9260>], 30: [<function expanding_mean at 0x000002C58F7A04A0>]}",lags_100_features_33,23.46500351035042,25.37143846788338,25.80246381772197,24.931420731694462,27.092720519504944,28.627626039985092,37.19138747898686,42.084462462172844,41.626419553214504,40.94093590337348,40.28477307681387
LGBMRegressor,,"[1, 2, 3, 4, 5, 6, 7, 8, 9, 12, 13, 14, 15, 16, 17, 23, 27, 28, 33, 34, 36, 37, 48, 60, 63, 72, 73, 74, 76, 78, 79, 92, 98]","{1: [<function rolling_mean_14 at 0x000002C5930FAA20>], 7: [<function rolling_mean_30 at 0x000002C58DBF9260>], 30: [<function expanding_mean at 0x000002C58F7A04A0>]}",lags_100_features_33,21.20516313040793,27.722518163187587,27.743218035098966,27.77328976632661,27.624538507843727,27.738104180264084,30.808114030537947,43.5177319241493,51.96223551554434,46.955251620207754,46.10523885603237
XGBRegressor,,"[1, 2, 3, 4, 5, 6, 7, 8, 9, 12, 13, 14, 15, 16, 17, 23, 27, 28, 33, 34, 36, 37, 48, 60, 63, 72, 73, 74, 76, 78, 79, 92, 98]","{7: [RollingMean(window_size=7)], 30: [RollingMean(window_size=30)], 60: [RollingMean(window_size=60)]}",lags_100_features_33,19.98568737025577,27.70177892972748,27.733739150246862,26.21857016441092,28.21413669652042,30.283567969677467,39.796891381322624,42.87945706759068,42.064530880496385,41.18071086971853,40.564735629467954
LGBMRegressor,,"[1, 2, 3, 4, 5, 6, 7, 8, 9, 12, 13, 14, 15, 16, 17, 23, 27, 28, 33, 34, 36, 37, 48, 60, 63, 72, 73, 74, 76, 78, 79, 92, 98]","{7: [RollingMean(window_size=7)], 30: [RollingMean(window_size=30)], 60: [RollingMean(window_size=60)]}",lags_100_features_33,27.109610116313416,29.871228546380095,28.859659071790468,26.427721872027547,25.302214508166177,25.339634805243033,30.41189095374393,33.60072748423919,34.31539447031055,33.56445359343414,33.17554688249833
XGBRegressor,,"[1, 2, 3, 4, 5, 6, 7, 8, 9, 12, 13, 14, 15, 16, 17, 23, 27, 28, 33, 34, 36, 37, 48, 60, 63, 72, 73, 74, 76, 78, 79, 92, 98]","{7: [RollingMean(window_size=7), RollingStd(window_size=7)], 30: [RollingMean(window_size=30)], 60: [ExpandingMean()], 14: [ExponentiallyWeightedMean(alpha=0.3)]}",lags_100_features_33,20.667101689182655,26.73099987097129,26.65866492566966,25.737240449624384,25.714554759974412,26.32534455580598,33.63433586172244,37.156011615935554,37.058114384469,38.28969509584351,37.72805130371841
LGBMRegressor,,"[1, 2, 3, 4, 5, 6, 7, 8, 9, 12, 13, 14, 15, 16, 17, 23, 27, 28, 33, 34, 36, 37, 48, 60, 63, 72, 73, 74, 76, 78, 79, 92, 98]","{7: [RollingMean(window_size=7), RollingStd(window_size=7)], 30: [RollingMean(window_size=30)], 60: [ExpandingMean()], 14: [ExponentiallyWeightedMean(alpha=0.3)]}",lags_100_features_33,23.801982857482678,26.95116386122185,26.82925627255895,26.68229401070582,26.926186587962647,26.646035614484333,30.71497239709007,46.629383621352495,57.96156239544049,51.7961691079872,50.820982428128424
XGBRegressor,AutoDifferences(max_diffs=380),"[1, 2, 3, 4, 5, 6, 7, 8, 9, 12, 13, 14, 15, 16, 17, 23, 27, 28, 33, 34, 36, 37, 48, 60, 63, 72, 73, 74, 76, 78, 79, 92, 98]","{1: [<function expanding_mean at 0x000002C58F7A04A0>], 7: [<function rolling_mean_14 at 0x000002C5930FAA20>], 30: [<function expanding_mean at 0x000002C58F7A04A0>]}",lags_100_features_33,15.578614788490064,19.02052227174102,21.659135383303834,21.68281650772989,21.387252262379057,22.594741086682383,25.81361831620603,27.852638029044375,29.397710407096938,31.4299554537603,31.031768448938074
LGBMRegressor,AutoDifferences(max_diffs=380),"[1, 2, 3, 4, 5, 6, 7, 8, 9, 12, 13, 14, 15, 16, 17, 23, 27, 28, 33, 34, 36, 37, 48, 60, 63, 72, 73, 74, 76, 78, 79, 92, 98]","{1: [<function expanding_mean at 0x000002C58F7A04A0>], 7: [<function rolling_mean_14 at 0x000002C5930FAA20>], 30: [<function expanding_mean at 0x000002C58F7A04A0>]}",lags_100_features_33,17.87876405690272,22.65146602854007,24.178450526594233,23.385629734167576,23.756086476788777,24.44320272349356,30.976733218742098,35.75413025601204,35.26670068976978,34.02788967887138,33.65012891116522
XGBRegressor,AutoDifferences(max_diffs=380),"[1, 2, 3, 4, 5, 6, 7, 8, 9, 12, 13, 14, 15, 16, 17, 23, 27, 28, 33, 34, 36, 37, 48, 60, 63, 72, 73, 74, 76, 78, 79, 92, 98]","{1: [<function rolling_mean_14 at 0x000002C5930FAA20>], 7: [<function rolling_mean_30 at 0x000002C58DBF9260>], 30: [<function expanding_mean at 0x000002C58F7A04A0>]}",lags_100_features_33,20.474001065693738,20.0749546796216,23.00868551254948,24.832257554406915,24.09303013954781,25.78943422667405,35.329741855090404,79.62881501007723,228.46516527251896,521.6051779894116,533.5461892689221
LGBMRegressor,AutoDifferences(max_diffs=380),"[1, 2, 3, 4, 5, 6, 7, 8, 9, 12, 13, 14, 15, 16, 17, 23, 27, 28, 33, 34, 36, 37, 48, 60, 63, 72, 73, 74, 76, 78, 79, 92, 98]","{1: [<function rolling_mean_14 at 0x000002C5930FAA20>], 7: [<function rolling_mean_30 at 0x000002C58DBF9260>], 30: [<function expanding_mean at 0x000002C58F7A04A0>]}",lags_100_features_33,19.379079351484982,22.125438381942747,24.372305291279677,26.2312239436051,25.118767770151802,25.857926564185878,37.21475287670686,94.50471007739097,332.34916510858153,809.1747523953921,835.5671393232766
XGBRegressor,AutoDifferences(max_diffs=380),"[1, 2, 3, 4, 5, 6, 7, 8, 9, 12, 13, 14, 15, 16, 17, 23, 27, 28, 33, 34, 36, 37, 48, 60, 63, 72, 73, 74, 76, 78, 79, 92, 98]","{7: [RollingMean(window_size=7)], 30: [RollingMean(window_size=30)], 60: [RollingMean(window_size=60)]}",lags_100_features_33,19.906052336437092,57.25808499496261,113.72677597058119,141.90426376069206,159.12978531234333,179.11626333334044,189.1419480537374,273.4590344863711,573.9602743525712,1093.628657192063,1116.8110374900655
LGBMRegressor,AutoDifferences(max_diffs=380),"[1, 2, 3, 4, 5, 6, 7, 8, 9, 12, 13, 14, 15, 16, 17, 23, 27, 28, 33, 34, 36, 37, 48, 60, 63, 72, 73, 74, 76, 78, 79, 92, 98]","{7: [RollingMean(window_size=7)], 30: [RollingMean(window_size=30)], 60: [RollingMean(window_size=60)]}",lags_100_features_33,52.43845280582502,58.93260010607716,82.77103933356585,106.37422602922224,121.30044180996367,146.11692571873235,201.99962006000683,368.66968218625533,817.8439267649584,1545.9279239397006,1585.8255470152772
XGBRegressor,AutoDifferences(max_diffs=380),"[1, 2, 3, 4, 5, 6, 7, 8, 9, 12, 13, 14, 15, 16, 17, 23, 27, 28, 33, 34, 36, 37, 48, 60, 63, 72, 73, 74, 76, 78, 79, 92, 98]","{7: [RollingMean(window_size=7), RollingStd(window_size=7)], 30: [RollingMean(window_size=30)], 60: [ExpandingMean()], 14: [ExponentiallyWeightedMean(alpha=0.3)]}",lags_100_features_33,45.111201621329904,84.60265379168354,144.14339663039445,194.16980323843342,225.5789886434671,259.31678622304884,287.4341842613923,424.4918732552602,895.983704816857,1814.635140162825,1863.1348297315221
LGBMRegressor,AutoDifferences(max_diffs=380),"[1, 2, 3, 4, 5, 6, 7, 8, 9, 12, 13, 14, 15, 16, 17, 23, 27, 28, 33, 34, 36, 37, 48, 60, 63, 72, 73, 74, 76, 78, 79, 92, 98]","{7: [RollingMean(window_size=7), RollingStd(window_size=7)], 30: [RollingMean(window_size=30)], 60: [ExpandingMean()], 14: [ExponentiallyWeightedMean(alpha=0.3)]}",lags_100_features_33,42.33319256294427,45.62280898645901,65.71443983542247,77.72059795785349,87.70012784466368,110.46057188702191,172.09661623567902,337.89057577177573,813.3121409220984,1556.730773241007,1596.881284305801
XGBRegressor,"AutoSeasonalDifferences(max_diffs=380, n_seasons=10, season_length=267)","[1, 2, 3, 4, 5, 6, 7, 8, 9, 12, 13, 14, 15, 16, 17, 23, 27, 28, 33, 34, 36, 37, 48, 60, 63, 72, 73, 74, 76, 78, 79, 92, 98]","{1: [<function expanding_mean at 0x000002C58F7A04A0>], 7: [<function rolling_mean_14 at 0x000002C5930FAA20>], 30: [<function expanding_mean at 0x000002C58F7A04A0>]}",lags_100_features_33,23.873858436028335,28.56373318838829,28.24075866407499,26.69654057091802,27.491984488872053,28.548267090485847,37.58878899530996,42.52448305501632,42.065690237922446,40.12683050060224,39.4874263432378
LGBMRegressor,"AutoSeasonalDifferences(max_diffs=380, n_seasons=10, season_length=267)","[1, 2, 3, 4, 5, 6, 7, 8, 9, 12, 13, 14, 15, 16, 17, 23, 27, 28, 33, 34, 36, 37, 48, 60, 63, 72, 73, 74, 76, 78, 79, 92, 98]","{1: [<function expanding_mean at 0x000002C58F7A04A0>], 7: [<function rolling_mean_14 at 0x000002C5930FAA20>], 30: [<function expanding_mean at 0x000002C58F7A04A0>]}",lags_100_features_33,19.442079572169906,24.355495345357895,24.943353732654884,23.92064714796195,23.467032611342187,23.31765653219546,27.222753975603865,36.17349054716908,42.0885164928255,39.71855708306675,39.22169252611899
XGBRegressor,"AutoSeasonalDifferences(max_diffs=380, n_seasons=10, season_length=267)","[1, 2, 3, 4, 5, 6, 7, 8, 9, 12, 13, 14, 15, 16, 17, 23, 27, 28, 33, 34, 36, 37, 48, 60, 63, 72, 73, 74, 76, 78, 79, 92, 98]","{1: [<function rolling_mean_14 at 0x000002C5930FAA20>], 7: [<function rolling_mean_30 at 0x000002C58DBF9260>], 30: [<function expanding_mean at 0x000002C58F7A04A0>]}",lags_100_features_33,23.46500351035042,25.37143846788338,25.80246381772197,24.931420731694462,27.092720519504944,28.627626039985092,37.19138747898686,42.084462462172844,41.626419553214504,40.94093590337348,40.28477307681387
LGBMRegressor,"AutoSeasonalDifferences(max_diffs=380, n_seasons=10, season_length=267)","[1, 2, 3, 4, 5, 6, 7, 8, 9, 12, 13, 14, 15, 16, 17, 23, 27, 28, 33, 34, 36, 37, 48, 60, 63, 72, 73, 74, 76, 78, 79, 92, 98]","{1: [<function rolling_mean_14 at 0x000002C5930FAA20>], 7: [<function rolling_mean_30 at 0x000002C58DBF9260>], 30: [<function expanding_mean at 0x000002C58F7A04A0>]}",lags_100_features_33,21.20516313040793,27.722518163187587,27.743218035098966,27.77328976632661,27.624538507843727,27.738104180264084,30.808114030537947,43.5177319241493,51.96223551554434,46.955251620207754,46.10523885603237
XGBRegressor,"AutoSeasonalDifferences(max_diffs=380, n_seasons=10, season_length=267)","[1, 2, 3, 4, 5, 6, 7, 8, 9, 12, 13, 14, 15, 16, 17, 23, 27, 28, 33, 34, 36, 37, 48, 60, 63, 72, 73, 74, 76, 78, 79, 92, 98]","{7: [RollingMean(window_size=7)], 30: [RollingMean(window_size=30)], 60: [RollingMean(window_size=60)]}",lags_100_features_33,19.98568737025577,27.70177892972748,27.733739150246862,26.21857016441092,28.21413669652042,30.283567969677467,39.796891381322624,42.87945706759068,42.064530880496385,41.18071086971853,40.564735629467954
LGBMRegressor,"AutoSeasonalDifferences(max_diffs=380, n_seasons=10, season_length=267)","[1, 2, 3, 4, 5, 6, 7, 8, 9, 12, 13, 14, 15, 16, 17, 23, 27, 28, 33, 34, 36, 37, 48, 60, 63, 72, 73, 74, 76, 78, 79, 92, 98]","{7: [RollingMean(window_size=7)], 30: [RollingMean(window_size=30)], 60: [RollingMean(window_size=60)]}",lags_100_features_33,27.109610116313416,29.871228546380095,28.859659071790468,26.427721872027547,25.302214508166177,25.339634805243033,30.41189095374393,33.60072748423919,34.31539447031055,33.56445359343414,33.17554688249833
XGBRegressor,"AutoSeasonalDifferences(max_diffs=380, n_seasons=10, season_length=267)","[1, 2, 3, 4, 5, 6, 7, 8, 9, 12, 13, 14, 15, 16, 17, 23, 27, 28, 33, 34, 36, 37, 48, 60, 63, 72, 73, 74, 76, 78, 79, 92, 98]","{7: [RollingMean(window_size=7), RollingStd(window_size=7)], 30: [RollingMean(window_size=30)], 60: [ExpandingMean()], 14: [ExponentiallyWeightedMean(alpha=0.3)]}",lags_100_features_33,20.667101689182655,26.73099987097129,26.65866492566966,25.737240449624384,25.714554759974412,26.32534455580598,33.63433586172244,37.156011615935554,37.058114384469,38.28969509584351,37.72805130371841
LGBMRegressor,"AutoSeasonalDifferences(max_diffs=380, n_seasons=10, season_length=267)","[1, 2, 3, 4, 5, 6, 7, 8, 9, 12, 13, 14, 15, 16, 17, 23, 27, 28, 33, 34, 36, 37, 48, 60, 63, 72, 73, 74, 76, 78, 79, 92, 98]","{7: [RollingMean(window_size=7), RollingStd(window_size=7)], 30: [RollingMean(window_size=30)], 60: [ExpandingMean()], 14: [ExponentiallyWeightedMean(alpha=0.3)]}",lags_100_features_33,23.801982857482678,26.95116386122185,26.82925627255895,26.68229401070582,26.926186587962647,26.646035614484333,30.71497239709007,46.629383621352495,57.96156239544049,51.7961691079872,50.820982428128424
XGBRegressor,"AutoSeasonalityAndDifferences(max_diffs=380, max_season_length=267, n_seasons=10)","[1, 2, 3, 4, 5, 6, 7, 8, 9, 12, 13, 14, 15, 16, 17, 23, 27, 28, 33, 34, 36, 37, 48, 60, 63, 72, 73, 74, 76, 78, 79, 92, 98]","{1: [<function expanding_mean at 0x000002C58F7A04A0>], 7: [<function rolling_mean_14 at 0x000002C5930FAA20>], 30: [<function expanding_mean at 0x000002C58F7A04A0>]}",lags_100_features_33,23.873858436028335,28.56373318838829,28.24075866407499,26.69654057091802,27.491984488872053,28.548267090485847,37.58878899530996,42.52448305501632,42.065690237922446,40.12683050060224,39.4874263432378
LGBMRegressor,"AutoSeasonalityAndDifferences(max_diffs=380, max_season_length=267, n_seasons=10)","[1, 2, 3, 4, 5, 6, 7, 8, 9, 12, 13, 14, 15, 16, 17, 23, 27, 28, 33, 34, 36, 37, 48, 60, 63, 72, 73, 74, 76, 78, 79, 92, 98]","{1: [<function expanding_mean at 0x000002C58F7A04A0>], 7: [<function rolling_mean_14 at 0x000002C5930FAA20>], 30: [<function expanding_mean at 0x000002C58F7A04A0>]}",lags_100_features_33,19.442079572169906,24.355495345357895,24.943353732654884,23.92064714796195,23.467032611342187,23.31765653219546,27.222753975603865,36.17349054716908,42.0885164928255,39.71855708306675,39.22169252611899
XGBRegressor,"AutoSeasonalityAndDifferences(max_diffs=380, max_season_length=267, n_seasons=10)","[1, 2, 3, 4, 5, 6, 7, 8, 9, 12, 13, 14, 15, 16, 17, 23, 27, 28, 33, 34, 36, 37, 48, 60, 63, 72, 73, 74, 76, 78, 79, 92, 98]","{1: [<function rolling_mean_14 at 0x000002C5930FAA20>], 7: [<function rolling_mean_30 at 0x000002C58DBF9260>], 30: [<function expanding_mean at 0x000002C58F7A04A0>]}",lags_100_features_33,23.46500351035042,25.37143846788338,25.80246381772197,24.931420731694462,27.092720519504944,28.627626039985092,37.19138747898686,42.084462462172844,41.626419553214504,40.94093590337348,40.28477307681387
LGBMRegressor,"AutoSeasonalityAndDifferences(max_diffs=380, max_season_length=267, n_seasons=10)","[1, 2, 3, 4, 5, 6, 7, 8, 9, 12, 13, 14, 15, 16, 17, 23, 27, 28, 33, 34, 36, 37, 48, 60, 63, 72, 73, 74, 76, 78, 79, 92, 98]","{1: [<function rolling_mean_14 at 0x000002C5930FAA20>], 7: [<function rolling_mean_30 at 0x000002C58DBF9260>], 30: [<function expanding_mean at 0x000002C58F7A04A0>]}",lags_100_features_33,21.20516313040793,27.722518163187587,27.743218035098966,27.77328976632661,27.624538507843727,27.738104180264084,30.808114030537947,43.5177319241493,51.96223551554434,46.955251620207754,46.10523885603237
XGBRegressor,"AutoSeasonalityAndDifferences(max_diffs=380, max_season_length=267, n_seasons=10)","[1, 2, 3, 4, 5, 6, 7, 8, 9, 12, 13, 14, 15, 16, 17, 23, 27, 28, 33, 34, 36, 37, 48, 60, 63, 72, 73, 74, 76, 78, 79, 92, 98]","{7: [RollingMean(window_size=7)], 30: [RollingMean(window_size=30)], 60: [RollingMean(window_size=60)]}",lags_100_features_33,19.98568737025577,27.70177892972748,27.733739150246862,26.21857016441092,28.21413669652042,30.283567969677467,39.796891381322624,42.87945706759068,42.064530880496385,41.18071086971853,40.564735629467954
LGBMRegressor,"AutoSeasonalityAndDifferences(max_diffs=380, max_season_length=267, n_seasons=10)","[1, 2, 3, 4, 5, 6, 7, 8, 9, 12, 13, 14, 15, 16, 17, 23, 27, 28, 33, 34, 36, 37, 48, 60, 63, 72, 73, 74, 76, 78, 79, 92, 98]","{7: [RollingMean(window_size=7)], 30: [RollingMean(window_size=30)], 60: [RollingMean(window_size=60)]}",lags_100_features_33,27.109610116313416,29.871228546380095,28.859659071790468,26.427721872027547,25.302214508166177,25.339634805243033,30.41189095374393,33.60072748423919,34.31539447031055,33.56445359343414,33.17554688249833
XGBRegressor,"AutoSeasonalityAndDifferences(max_diffs=380, max_season_length=267, n_seasons=10)","[1, 2, 3, 4, 5, 6, 7, 8, 9, 12, 13, 14, 15, 16, 17, 23, 27, 28, 33, 34, 36, 37, 48, 60, 63, 72, 73, 74, 76, 78, 79, 92, 98]","{7: [RollingMean(window_size=7), RollingStd(window_size=7)], 30: [RollingMean(window_size=30)], 60: [ExpandingMean()], 14: [ExponentiallyWeightedMean(alpha=0.3)]}",lags_100_features_33,20.667101689182655,26.73099987097129,26.65866492566966,25.737240449624384,25.714554759974412,26.32534455580598,33.63433586172244,37.156011615935554,37.058114384469,38.28969509584351,37.72805130371841
LGBMRegressor,"AutoSeasonalityAndDifferences(max_diffs=380, max_season_length=267, n_seasons=10)","[1, 2, 3, 4, 5, 6, 7, 8, 9, 12, 13, 14, 15, 16, 17, 23, 27, 28, 33, 34, 36, 37, 48, 60, 63, 72, 73, 74, 76, 78, 79, 92, 98]","{7: [RollingMean(window_size=7), RollingStd(window_size=7)], 30: [RollingMean(window_size=30)], 60: [ExpandingMean()], 14: [ExponentiallyWeightedMean(alpha=0.3)]}",lags_100_features_33,23.801982857482678,26.95116386122185,26.82925627255895,26.68229401070582,26.926186587962647,26.646035614484333,30.71497239709007,46.629383621352495,57.96156239544049,51.7961691079872,50.820982428128424
SGD_EarlyStopping,LocalStandardScaler(stats_=[[47.42372721 38.3630083 ]]),"[1, 2, 3, 4, 5, 6, 7, 8, 9, 12, 13, 14, 15, 16, 17, 23, 27, 28, 33, 34, 36, 37, 48, 60, 63, 72, 73, 74, 76, 78, 79, 92, 98]","{1: [<function expanding_mean at 0x000002C58F7A04A0>], 7: [<function rolling_mean_14 at 0x000002C5930FAA20>], 30: [<function expanding_mean at 0x000002C58F7A04A0>]}",lags_100_features_33,25.145405672207154,23.04784586295791,29.56719874652715,29.076182948019397,26.228301787370345,25.57825369576149,31.339227920503816,35.56611234186416,36.11329155060293,45.35919301978961,45.44438592426085
SGD_ElasticNet,LocalStandardScaler(stats_=[[47.42372721 38.3630083 ]]),"[1, 2, 3, 4, 5, 6, 7, 8, 9, 12, 13, 14, 15, 16, 17, 23, 27, 28, 33, 34, 36, 37, 48, 60, 63, 72, 73, 74, 76, 78, 79, 92, 98]","{1: [<function expanding_mean at 0x000002C58F7A04A0>], 7: [<function rolling_mean_14 at 0x000002C5930FAA20>], 30: [<function expanding_mean at 0x000002C58F7A04A0>]}",lags_100_features_33,25.395677610590226,40.49372913292076,84.7283827664662,133.63079044953284,177.2045961951912,238.4914495613101,334.6599206235109,729.2672669484529,2472.9950220993574,9660.261870356097,10582.009479561666
SGD_Lasso,LocalStandardScaler(stats_=[[47.42372721 38.3630083 ]]),"[1, 2, 3, 4, 5, 6, 7, 8, 9, 12, 13, 14, 15, 16, 17, 23, 27, 28, 33, 34, 36, 37, 48, 60, 63, 72, 73, 74, 76, 78, 79, 92, 98]","{1: [<function expanding_mean at 0x000002C58F7A04A0>], 7: [<function rolling_mean_14 at 0x000002C5930FAA20>], 30: [<function expanding_mean at 0x000002C58F7A04A0>]}",lags_100_features_33,122.3246889157141,106.7276640128519,105.01564577477878,93.82086660105713,78.89337667292791,69.77848699276207,63.31143530071124,57.365697448438404,73.78398936008608,99.88925731701828,99.34913850379726
SGD_Ridge,LocalStandardScaler(stats_=[[47.42372721 38.3630083 ]]),"[1, 2, 3, 4, 5, 6, 7, 8, 9, 12, 13, 14, 15, 16, 17, 23, 27, 28, 33, 34, 36, 37, 48, 60, 63, 72, 73, 74, 76, 78, 79, 92, 98]","{1: [<function expanding_mean at 0x000002C58F7A04A0>], 7: [<function rolling_mean_14 at 0x000002C5930FAA20>], 30: [<function expanding_mean at 0x000002C58F7A04A0>]}",lags_100_features_33,12.1277644650086,14.924179274557185,22.818506598942257,24.737518915907508,22.820936519730434,22.70436154795493,30.011822348176292,35.35082978048016,37.24575764806969,53.727131119294,53.735769822445455
SGDRegressor,LocalStandardScaler(stats_=[[47.42372721 38.3630083 ]]),"[1, 2, 3, 4, 5, 6, 7, 8, 9, 12, 13, 14, 15, 16, 17, 23, 27, 28, 33, 34, 36, 37, 48, 60, 63, 72, 73, 74, 76, 78, 79, 92, 98]","{1: [<function expanding_mean at 0x000002C58F7A04A0>], 7: [<function rolling_mean_14 at 0x000002C5930FAA20>], 30: [<function expanding_mean at 0x000002C58F7A04A0>]}",lags_100_features_33,20.230881673307362,29.167421412121225,27.83034415592492,25.72759623798449,25.449943112748173,25.93533612628938,35.16707263391912,43.71190415482724,43.30577362285104,47.04376963722923,46.27779181142005
XGBRegressor,LocalStandardScaler(stats_=[[47.42372721 38.3630083 ]]),"[1, 2, 3, 4, 5, 6, 7, 8, 9, 12, 13, 14, 15, 16, 17, 23, 27, 28, 33, 34, 36, 37, 48, 60, 63, 72, 73, 74, 76, 78, 79, 92, 98]","{1: [<function expanding_mean at 0x000002C58F7A04A0>], 7: [<function rolling_mean_14 at 0x000002C5930FAA20>], 30: [<function expanding_mean at 0x000002C58F7A04A0>]}",lags_100_features_33,23.921571464290466,29.18826167962918,29.29727884176485,26.749833942234353,27.47579547940806,28.411018667538123,37.259246352626164,42.14416262813225,41.39096441784367,39.82362322475449,39.16160242682249
LGBMRegressor,LocalStandardScaler(stats_=[[47.42372721 38.3630083 ]]),"[1, 2, 3, 4, 5, 6, 7, 8, 9, 12, 13, 14, 15, 16, 17, 23, 27, 28, 33, 34, 36, 37, 48, 60, 63, 72, 73, 74, 76, 78, 79, 92, 98]","{1: [<function expanding_mean at 0x000002C58F7A04A0>], 7: [<function rolling_mean_14 at 0x000002C5930FAA20>], 30: [<function expanding_mean at 0x000002C58F7A04A0>]}",lags_100_features_33,19.000727287636373,24.92896896051043,25.68426501517886,23.77562159613393,23.694768957457118,23.56081593852382,31.095726387861784,37.829921500837735,39.13484404450536,39.15461173362593,38.82698681413798
SGD_EarlyStopping,LocalStandardScaler(stats_=[[47.42372721 38.3630083 ]]),"[1, 2, 3, 4, 5, 6, 7, 8, 9, 12, 13, 14, 15, 16, 17, 23, 27, 28, 33, 34, 36, 37, 48, 60, 63, 72, 73, 74, 76, 78, 79, 92, 98]","{1: [<function rolling_mean_14 at 0x000002C5930FAA20>], 7: [<function rolling_mean_30 at 0x000002C58DBF9260>], 30: [<function expanding_mean at 0x000002C58F7A04A0>]}",lags_100_features_33,23.572962694270345,21.432660534433655,26.72744866712119,26.115207001084162,24.041399175318826,23.681959779324515,30.4044466931584,35.217000379502124,35.58518245739516,43.35387267061064,43.34046665118109
SGD_ElasticNet,LocalStandardScaler(stats_=[[47.42372721 38.3630083 ]]),"[1, 2, 3, 4, 5, 6, 7, 8, 9, 12, 13, 14, 15, 16, 17, 23, 27, 28, 33, 34, 36, 37, 48, 60, 63, 72, 73, 74, 76, 78, 79, 92, 98]","{1: [<function rolling_mean_14 at 0x000002C5930FAA20>], 7: [<function rolling_mean_30 at 0x000002C58DBF9260>], 30: [<function expanding_mean at 0x000002C58F7A04A0>]}",lags_100_features_33,23.496445444463365,36.71702795052068,78.3676937411181,125.12047094740362,167.46325418077546,227.77205435611396,324.8526672337938,728.0468159142968,2543.877887844437,10324.562621962757,11353.685036612329
SGD_Lasso,LocalStandardScaler(stats_=[[47.42372721 38.3630083 ]]),"[1, 2, 3, 4, 5, 6, 7, 8, 9, 12, 13, 14, 15, 16, 17, 23, 27, 28, 33, 34, 36, 37, 48, 60, 63, 72, 73, 74, 76, 78, 79, 92, 98]","{1: [<function rolling_mean_14 at 0x000002C5930FAA20>], 7: [<function rolling_mean_30 at 0x000002C58DBF9260>], 30: [<function expanding_mean at 0x000002C58F7A04A0>]}",lags_100_features_33,122.32468911291492,106.72766419621824,105.01564595662654,93.8208667729752,78.89337682332678,69.77848712167258,63.31143538717379,57.36569752297467,73.78398946002632,99.88925745366505,99.3491386411171
SGD_Ridge,LocalStandardScaler(stats_=[[47.42372721 38.3630083 ]]),"[1, 2, 3, 4, 5, 6, 7, 8, 9, 12, 13, 14, 15, 16, 17, 23, 27, 28, 33, 34, 36, 37, 48, 60, 63, 72, 73, 74, 76, 78, 79, 92, 98]","{1: [<function rolling_mean_14 at 0x000002C5930FAA20>], 7: [<function rolling_mean_30 at 0x000002C58DBF9260>], 30: [<function expanding_mean at 0x000002C58F7A04A0>]}",lags_100_features_33,11.991170761336004,14.845651223302816,22.623780194312907,24.533642615479533,22.6559165551034,22.566603915616795,29.914408820174188,35.39483813465355,37.18167733266861,53.54962348395471,53.5625728033434
SGDRegressor,LocalStandardScaler(stats_=[[47.42372721 38.3630083 ]]),"[1, 2, 3, 4, 5, 6, 7, 8, 9, 12, 13, 14, 15, 16, 17, 23, 27, 28, 33, 34, 36, 37, 48, 60, 63, 72, 73, 74, 76, 78, 79, 92, 98]","{1: [<function rolling_mean_14 at 0x000002C5930FAA20>], 7: [<function rolling_mean_30 at 0x000002C58DBF9260>], 30: [<function expanding_mean at 0x000002C58F7A04A0>]}",lags_100_features_33,20.984521971476298,30.312514881849356,29.010836211956182,26.928811001609944,26.686268591549272,27.129836208104653,36.188615825096825,44.554442754606875,43.94935311495895,46.81586292472396,46.05324454912687
XGBRegressor,LocalStandardScaler(stats_=[[47.42372721 38.3630083 ]]),"[1, 2, 3, 4, 5, 6, 7, 8, 9, 12, 13, 14, 15, 16, 17, 23, 27, 28, 33, 34, 36, 37, 48, 60, 63, 72, 73, 74, 76, 78, 79, 92, 98]","{1: [<function rolling_mean_14 at 0x000002C5930FAA20>], 7: [<function rolling_mean_30 at 0x000002C58DBF9260>], 30: [<function expanding_mean at 0x000002C58F7A04A0>]}",lags_100_features_33,22.98612362968663,24.744202204581388,25.114483526296045,24.95313844195995,26.488275827526657,27.996223448127854,36.72812834168953,41.58341336519611,41.20085876376531,40.54078773941362,40.015122385270566
LGBMRegressor,LocalStandardScaler(stats_=[[47.42372721 38.3630083 ]]),"[1, 2, 3, 4, 5, 6, 7, 8, 9, 12, 13, 14, 15, 16, 17, 23, 27, 28, 33, 34, 36, 37, 48, 60, 63, 72, 73, 74, 76, 78, 79, 92, 98]","{1: [<function rolling_mean_14 at 0x000002C5930FAA20>], 7: [<function rolling_mean_30 at 0x000002C58DBF9260>], 30: [<function expanding_mean at 0x000002C58F7A04A0>]}",lags_100_features_33,23.290062002298175,27.508936509979854,26.667523590215524,24.785292798880725,24.365055878759605,24.493070223404125,29.12266078330018,34.80167911220486,37.35718525246139,36.09758568484471,35.62793628950185
SGD_EarlyStopping,LocalStandardScaler(stats_=[[47.42372721 38.3630083 ]]),"[1, 2, 3, 4, 5, 6, 7, 8, 9, 12, 13, 14, 15, 16, 17, 23, 27, 28, 33, 34, 36, 37, 48, 60, 63, 72, 73, 74, 76, 78, 79, 92, 98]","{7: [RollingMean(window_size=7)], 30: [RollingMean(window_size=30)], 60: [RollingMean(window_size=60)]}",lags_100_features_33,9.13280712235939,14.196436447813365,17.8732598768274,19.27820526176337,18.394565515372,19.133552513324513,25.971972781653097,34.894028456665446,37.6326275342288,43.12927357742392,43.4677438330412
SGD_ElasticNet,LocalStandardScaler(stats_=[[47.42372721 38.3630083 ]]),"[1, 2, 3, 4, 5, 6, 7, 8, 9, 12, 13, 14, 15, 16, 17, 23, 27, 28, 33, 34, 36, 37, 48, 60, 63, 72, 73, 74, 76, 78, 79, 92, 98]","{7: [RollingMean(window_size=7)], 30: [RollingMean(window_size=30)], 60: [RollingMean(window_size=60)]}",lags_100_features_33,12.710433764289073,15.429720803997645,29.27168218041422,39.46101718600247,42.87774283997465,47.51294285887767,45.560077053407184,44.930125226390274,55.310629058621494,62.9535954120661,65.30341050724783
SGD_Lasso,LocalStandardScaler(stats_=[[47.42372721 38.3630083 ]]),"[1, 2, 3, 4, 5, 6, 7, 8, 9, 12, 13, 14, 15, 16, 17, 23, 27, 28, 33, 34, 36, 37, 48, 60, 63, 72, 73, 74, 76, 78, 79, 92, 98]","{7: [RollingMean(window_size=7)], 30: [RollingMean(window_size=30)], 60: [RollingMean(window_size=60)]}",lags_100_features_33,126.53981525210602,110.6470812637705,108.90260431317704,97.49557966750451,82.10812087325125,72.55172632182789,65.17290728767455,58.969576735584226,75.92909312355955,102.81673027756268,102.29080862059475
SGD_Ridge,LocalStandardScaler(stats_=[[47.42372721 38.3630083 ]]),"[1, 2, 3, 4, 5, 6, 7, 8, 9, 12, 13, 14, 15, 16, 17, 23, 27, 28, 33, 34, 36, 37, 48, 60, 63, 72, 73, 74, 76, 78, 79, 92, 98]","{7: [RollingMean(window_size=7)], 30: [RollingMean(window_size=30)], 60: [RollingMean(window_size=60)]}",lags_100_features_33,17.74860895152983,20.153035571583935,35.109644444959685,43.44690753187815,43.89655662694554,45.32683702154262,42.92715451860577,41.51208193050417,39.92806867634884,58.300718747589706,60.25558643363718
SGDRegressor,LocalStandardScaler(stats_=[[47.42372721 38.3630083 ]]),"[1, 2, 3, 4, 5, 6, 7, 8, 9, 12, 13, 14, 15, 16, 17, 23, 27, 28, 33, 34, 36, 37, 48, 60, 63, 72, 73, 74, 76, 78, 79, 92, 98]","{7: [RollingMean(window_size=7)], 30: [RollingMean(window_size=30)], 60: [RollingMean(window_size=60)]}",lags_100_features_33,12.905294249841054,15.479963768848359,28.67655908179746,38.42783203393815,41.687533777296,46.280862295777894,44.60689174041926,44.788159563929284,56.747555907953554,63.610754990685216,65.79186335349017
XGBRegressor,LocalStandardScaler(stats_=[[47.42372721 38.3630083 ]]),"[1, 2, 3, 4, 5, 6, 7, 8, 9, 12, 13, 14, 15, 16, 17, 23, 27, 28, 33, 34, 36, 37, 48, 60, 63, 72, 73, 74, 76, 78, 79, 92, 98]","{7: [RollingMean(window_size=7)], 30: [RollingMean(window_size=30)], 60: [RollingMean(window_size=60)]}",lags_100_features_33,19.80383532016506,26.870211664966444,26.47009236384193,25.03175764482688,26.952193206533188,28.431993751202455,35.340477908568104,34.90649249873748,44.95840676039132,60.83685238095132,60.14522332594676
LGBMRegressor,LocalStandardScaler(stats_=[[47.42372721 38.3630083 ]]),"[1, 2, 3, 4, 5, 6, 7, 8, 9, 12, 13, 14, 15, 16, 17, 23, 27, 28, 33, 34, 36, 37, 48, 60, 63, 72, 73, 74, 76, 78, 79, 92, 98]","{7: [RollingMean(window_size=7)], 30: [RollingMean(window_size=30)], 60: [RollingMean(window_size=60)]}",lags_100_features_33,26.698684408627955,30.000332862074224,28.642602642402252,27.29417959215436,26.0543872091352,25.445021684369358,31.525652880130618,37.19016946064414,38.496085107154485,37.432186667078184,36.83168051441204
SGD_EarlyStopping,LocalStandardScaler(stats_=[[47.42372721 38.3630083 ]]),"[1, 2, 3, 4, 5, 6, 7, 8, 9, 12, 13, 14, 15, 16, 17, 23, 27, 28, 33, 34, 36, 37, 48, 60, 63, 72, 73, 74, 76, 78, 79, 92, 98]","{7: [RollingMean(window_size=7), RollingStd(window_size=7)], 30: [RollingMean(window_size=30)], 60: [ExpandingMean()], 14: [ExponentiallyWeightedMean(alpha=0.3)]}",lags_100_features_33,24.400612204544206,22.289834666147687,28.340884337685402,27.861104494043936,25.28783163730698,24.7742412055012,30.729748469664305,35.15927160166791,35.56004076607795,43.938402315716075,44.02769150221731
SGD_ElasticNet,LocalStandardScaler(stats_=[[47.42372721 38.3630083 ]]),"[1, 2, 3, 4, 5, 6, 7, 8, 9, 12, 13, 14, 15, 16, 17, 23, 27, 28, 33, 34, 36, 37, 48, 60, 63, 72, 73, 74, 76, 78, 79, 92, 98]","{7: [RollingMean(window_size=7), RollingStd(window_size=7)], 30: [RollingMean(window_size=30)], 60: [ExpandingMean()], 14: [ExponentiallyWeightedMean(alpha=0.3)]}",lags_100_features_33,23.631081189736577,37.15203170548646,79.60504843383096,127.85519060141873,172.21682368497423,235.96172938981917,342.3155626853293,795.5976046434563,2903.775030762082,12517.852044447327,13851.133229428871
SGD_Lasso,LocalStandardScaler(stats_=[[47.42372721 38.3630083 ]]),"[1, 2, 3, 4, 5, 6, 7, 8, 9, 12, 13, 14, 15, 16, 17, 23, 27, 28, 33, 34, 36, 37, 48, 60, 63, 72, 73, 74, 76, 78, 79, 92, 98]","{7: [RollingMean(window_size=7), RollingStd(window_size=7)], 30: [RollingMean(window_size=30)], 60: [ExpandingMean()], 14: [ExponentiallyWeightedMean(alpha=0.3)]}",lags_100_features_33,122.32468877354488,106.72766388065646,105.01564564367808,93.82086647711515,78.89337656449992,69.7784868998258,63.311435238377236,57.36569739470251,73.78398928803553,99.88925721850464,99.34913840479841
SGD_Ridge,LocalStandardScaler(stats_=[[47.42372721 38.3630083 ]]),"[1, 2, 3, 4, 5, 6, 7, 8, 9, 12, 13, 14, 15, 16, 17, 23, 27, 28, 33, 34, 36, 37, 48, 60, 63, 72, 73, 74, 76, 78, 79, 92, 98]","{7: [RollingMean(window_size=7), RollingStd(window_size=7)], 30: [RollingMean(window_size=30)], 60: [ExpandingMean()], 14: [ExponentiallyWeightedMean(alpha=0.3)]}",lags_100_features_33,11.909555539656285,14.79394926974282,22.334989446046624,24.122555330677276,22.296531840981874,22.253109699126554,29.78858884461875,35.32936516179563,37.165171310562705,53.21323874872097,53.19340191676466
SGDRegressor,LocalStandardScaler(stats_=[[47.42372721 38.3630083 ]]),"[1, 2, 3, 4, 5, 6, 7, 8, 9, 12, 13, 14, 15, 16, 17, 23, 27, 28, 33, 34, 36, 37, 48, 60, 63, 72, 73, 74, 76, 78, 79, 92, 98]","{7: [RollingMean(window_size=7), RollingStd(window_size=7)], 30: [RollingMean(window_size=30)], 60: [ExpandingMean()], 14: [ExponentiallyWeightedMean(alpha=0.3)]}",lags_100_features_33,20.63517939249157,29.778472409646678,28.47955785960249,26.412238588392494,26.31114485466274,26.94688000234937,36.20598460337261,44.20897993834607,43.59399142283542,46.534826343442205,45.7790135772997
XGBRegressor,LocalStandardScaler(stats_=[[47.42372721 38.3630083 ]]),"[1, 2, 3, 4, 5, 6, 7, 8, 9, 12, 13, 14, 15, 16, 17, 23, 27, 28, 33, 34, 36, 37, 48, 60, 63, 72, 73, 74, 76, 78, 79, 92, 98]","{7: [RollingMean(window_size=7), RollingStd(window_size=7)], 30: [RollingMean(window_size=30)], 60: [ExpandingMean()], 14: [ExponentiallyWeightedMean(alpha=0.3)]}",lags_100_features_33,21.455759966217652,27.868396091549823,29.31390241851584,29.055219480711447,26.80091094452074,27.264449971379513,32.022540500079124,34.13369857603735,34.36727954239229,35.65084221637445,35.13542927756417
LGBMRegressor,LocalStandardScaler(stats_=[[47.42372721 38.3630083 ]]),"[1, 2, 3, 4, 5, 6, 7, 8, 9, 12, 13, 14, 15, 16, 17, 23, 27, 28, 33, 34, 36, 37, 48, 60, 63, 72, 73, 74, 76, 78, 79, 92, 98]","{7: [RollingMean(window_size=7), RollingStd(window_size=7)], 30: [RollingMean(window_size=30)], 60: [ExpandingMean()], 14: [ExponentiallyWeightedMean(alpha=0.3)]}",lags_100_features_33,22.63709191907897,28.253243541162604,28.446718951525902,28.629194347849324,28.661788577218672,29.331474534199465,31.149444529676607,48.17483205964393,55.491550243932195,50.283858237052534,49.51845892692493
SGD_EarlyStopping,LocalMinMaxScaler(stats_=[[  5.11211699 325.92896936]]),"[1, 2, 3, 4, 5, 6, 7, 8, 9, 12, 13, 14, 15, 16, 17, 23, 27, 28, 33, 34, 36, 37, 48, 60, 63, 72, 73, 74, 76, 78, 79, 92, 98]","{1: [<function expanding_mean at 0x000002C58F7A04A0>], 7: [<function rolling_mean_14 at 0x000002C5930FAA20>], 30: [<function expanding_mean at 0x000002C58F7A04A0>]}",lags_100_features_33,19.037621849498137,26.92825953699393,52.357281083274984,72.6540191206036,83.21765065166007,95.89540375131782,94.24725789451145,95.21890656400186,101.96183541627097,109.57511485780631,112.06002902791876
SGD_ElasticNet,LocalMinMaxScaler(stats_=[[  5.11211699 325.92896936]]),"[1, 2, 3, 4, 5, 6, 7, 8, 9, 12, 13, 14, 15, 16, 17, 23, 27, 28, 33, 34, 36, 37, 48, 60, 63, 72, 73, 74, 76, 78, 79, 92, 98]","{1: [<function expanding_mean at 0x000002C58F7A04A0>], 7: [<function rolling_mean_14 at 0x000002C5930FAA20>], 30: [<function expanding_mean at 0x000002C58F7A04A0>]}",lags_100_features_33,89.81268639512943,101.38419564039596,124.39882061810292,130.4154344621855,124.17450905392333,119.58384840931349,100.37214570011956,89.66326637885331,109.5735923810472,157.34655313236644,158.9637597428384
SGD_Lasso,LocalMinMaxScaler(stats_=[[  5.11211699 325.92896936]]),"[1, 2, 3, 4, 5, 6, 7, 8, 9, 12, 13, 14, 15, 16, 17, 23, 27, 28, 33, 34, 36, 37, 48, 60, 63, 72, 73, 74, 76, 78, 79, 92, 98]","{1: [<function expanding_mean at 0x000002C58F7A04A0>], 7: [<function rolling_mean_14 at 0x000002C5930FAA20>], 30: [<function expanding_mean at 0x000002C58F7A04A0>]}",lags_100_features_33,122.25230196036756,106.66035531107538,104.94889449102163,93.75776023853707,78.83816942021282,69.73116751196315,63.27969729154641,57.33833725277807,73.74730406595008,99.83909806864753,99.2987321963381
SGD_Ridge,LocalMinMaxScaler(stats_=[[  5.11211699 325.92896936]]),"[1, 2, 3, 4, 5, 6, 7, 8, 9, 12, 13, 14, 15, 16, 17, 23, 27, 28, 33, 34, 36, 37, 48, 60, 63, 72, 73, 74, 76, 78, 79, 92, 98]","{1: [<function expanding_mean at 0x000002C58F7A04A0>], 7: [<function rolling_mean_14 at 0x000002C5930FAA20>], 30: [<function expanding_mean at 0x000002C58F7A04A0>]}",lags_100_features_33,113.49846257327101,103.38699204688531,105.08683897593751,96.16506220160129,81.83862098389226,73.05734181782923,65.627015452567,58.95670159248293,74.60096796473638,102.26462430575496,101.97463968265814
SGDRegressor,LocalMinMaxScaler(stats_=[[  5.11211699 325.92896936]]),"[1, 2, 3, 4, 5, 6, 7, 8, 9, 12, 13, 14, 15, 16, 17, 23, 27, 28, 33, 34, 36, 37, 48, 60, 63, 72, 73, 74, 76, 78, 79, 92, 98]","{1: [<function expanding_mean at 0x000002C58F7A04A0>], 7: [<function rolling_mean_14 at 0x000002C5930FAA20>], 30: [<function expanding_mean at 0x000002C58F7A04A0>]}",lags_100_features_33,83.8973325418964,97.23768371737705,123.0232537043375,131.86504310611846,127.65919043957652,124.84288919835373,105.50622420723283,94.9844938596755,115.25341315599307,165.23518980885336,167.18616058475214
XGBRegressor,LocalMinMaxScaler(stats_=[[  5.11211699 325.92896936]]),"[1, 2, 3, 4, 5, 6, 7, 8, 9, 12, 13, 14, 15, 16, 17, 23, 27, 28, 33, 34, 36, 37, 48, 60, 63, 72, 73, 74, 76, 78, 79, 92, 98]","{1: [<function expanding_mean at 0x000002C58F7A04A0>], 7: [<function rolling_mean_14 at 0x000002C5930FAA20>], 30: [<function expanding_mean at 0x000002C58F7A04A0>]}",lags_100_features_33,23.45693143340508,27.423557643840844,27.39580170650625,25.611934448907665,26.048538654190175,27.354219779085987,36.99217382920933,41.88387360351496,41.418949009947525,40.13465125161581,39.57957394492733
LGBMRegressor,LocalMinMaxScaler(stats_=[[  5.11211699 325.92896936]]),"[1, 2, 3, 4, 5, 6, 7, 8, 9, 12, 13, 14, 15, 16, 17, 23, 27, 28, 33, 34, 36, 37, 48, 60, 63, 72, 73, 74, 76, 78, 79, 92, 98]","{1: [<function expanding_mean at 0x000002C58F7A04A0>], 7: [<function rolling_mean_14 at 0x000002C5930FAA20>], 30: [<function expanding_mean at 0x000002C58F7A04A0>]}",lags_100_features_33,17.54056476231785,24.316337065304026,24.953709605043088,24.242469745030824,24.490562558561816,24.67845071893926,29.3190210969424,41.03030681522337,49.02873593242509,45.78666333338893,45.12173459901307
SGD_EarlyStopping,LocalMinMaxScaler(stats_=[[  5.11211699 325.92896936]]),"[1, 2, 3, 4, 5, 6, 7, 8, 9, 12, 13, 14, 15, 16, 17, 23, 27, 28, 33, 34, 36, 37, 48, 60, 63, 72, 73, 74, 76, 78, 79, 92, 98]","{1: [<function rolling_mean_14 at 0x000002C5930FAA20>], 7: [<function rolling_mean_30 at 0x000002C58DBF9260>], 30: [<function expanding_mean at 0x000002C58F7A04A0>]}",lags_100_features_33,18.953746394531628,26.8065728079524,52.210676482470994,72.54958636183301,83.20576018197126,96.02538167846765,94.59236368818387,95.90471218982161,103.31590528296476,111.20820484603611,113.66771842492311
SGD_ElasticNet,LocalMinMaxScaler(stats_=[[  5.11211699 325.92896936]]),"[1, 2, 3, 4, 5, 6, 7, 8, 9, 12, 13, 14, 15, 16, 17, 23, 27, 28, 33, 34, 36, 37, 48, 60, 63, 72, 73, 74, 76, 78, 79, 92, 98]","{1: [<function rolling_mean_14 at 0x000002C5930FAA20>], 7: [<function rolling_mean_30 at 0x000002C58DBF9260>], 30: [<function expanding_mean at 0x000002C58F7A04A0>]}",lags_100_features_33,89.0510974992836,100.93478977803021,124.43697693254583,130.9497407026943,125.07944411682399,120.83268771953155,101.54276972871298,90.90022246614976,111.0928482265121,159.4904492150346,161.17436246941193
SGD_Lasso,LocalMinMaxScaler(stats_=[[  5.11211699 325.92896936]]),"[1, 2, 3, 4, 5, 6, 7, 8, 9, 12, 13, 14, 15, 16, 17, 23, 27, 28, 33, 34, 36, 37, 48, 60, 63, 72, 73, 74, 76, 78, 79, 92, 98]","{1: [<function rolling_mean_14 at 0x000002C5930FAA20>], 7: [<function rolling_mean_30 at 0x000002C58DBF9260>], 30: [<function expanding_mean at 0x000002C58F7A04A0>]}",lags_100_features_33,122.25230196036756,106.66035531107538,104.94889449102163,93.75776023853707,78.83816942021282,69.73116751196315,63.27969729154641,57.33833725277807,73.74730406595008,99.83909806864753,99.2987321963381
SGD_Ridge,LocalMinMaxScaler(stats_=[[  5.11211699 325.92896936]]),"[1, 2, 3, 4, 5, 6, 7, 8, 9, 12, 13, 14, 15, 16, 17, 23, 27, 28, 33, 34, 36, 37, 48, 60, 63, 72, 73, 74, 76, 78, 79, 92, 98]","{1: [<function rolling_mean_14 at 0x000002C5930FAA20>], 7: [<function rolling_mean_30 at 0x000002C58DBF9260>], 30: [<function expanding_mean at 0x000002C58F7A04A0>]}",lags_100_features_33,113.19488653707879,103.276957165446,105.09696146253214,96.24238834438728,81.93873726949286,73.15167257381995,65.69283029818406,59.00668516243092,74.6212568497459,102.33818767022764,102.0563114960587
SGDRegressor,LocalMinMaxScaler(stats_=[[  5.11211699 325.92896936]]),"[1, 2, 3, 4, 5, 6, 7, 8, 9, 12, 13, 14, 15, 16, 17, 23, 27, 28, 33, 34, 36, 37, 48, 60, 63, 72, 73, 74, 76, 78, 79, 92, 98]","{1: [<function rolling_mean_14 at 0x000002C5930FAA20>], 7: [<function rolling_mean_30 at 0x000002C58DBF9260>], 30: [<function expanding_mean at 0x000002C58F7A04A0>]}",lags_100_features_33,82.69243026359786,96.33875695541809,122.67018297837463,132.1193413138422,128.39448541377533,126.03055394354111,106.76439403138787,96.35692577812074,116.82865570595445,167.25259070548773,169.27495301007383
XGBRegressor,LocalMinMaxScaler(stats_=[[  5.11211699 325.92896936]]),"[1, 2, 3, 4, 5, 6, 7, 8, 9, 12, 13, 14, 15, 16, 17, 23, 27, 28, 33, 34, 36, 37, 48, 60, 63, 72, 73, 74, 76, 78, 79, 92, 98]","{1: [<function rolling_mean_14 at 0x000002C5930FAA20>], 7: [<function rolling_mean_30 at 0x000002C58DBF9260>], 30: [<function expanding_mean at 0x000002C58F7A04A0>]}",lags_100_features_33,12.996973309637417,19.772127099671934,21.829714492906405,21.295015403341054,22.89932782328168,24.832512757663334,34.9198049902796,39.05258458378957,39.43731298034956,41.12191488610451,40.46354820541829
LGBMRegressor,LocalMinMaxScaler(stats_=[[  5.11211699 325.92896936]]),"[1, 2, 3, 4, 5, 6, 7, 8, 9, 12, 13, 14, 15, 16, 17, 23, 27, 28, 33, 34, 36, 37, 48, 60, 63, 72, 73, 74, 76, 78, 79, 92, 98]","{1: [<function rolling_mean_14 at 0x000002C5930FAA20>], 7: [<function rolling_mean_30 at 0x000002C58DBF9260>], 30: [<function expanding_mean at 0x000002C58F7A04A0>]}",lags_100_features_33,15.637446130355,21.77583228313858,22.888217855305154,22.692567447137677,25.33850925499798,26.92074294106952,35.03738981613343,41.18231566465007,41.18959395558204,42.87931817613652,42.154805304991186
SGD_EarlyStopping,LocalMinMaxScaler(stats_=[[  5.11211699 325.92896936]]),"[1, 2, 3, 4, 5, 6, 7, 8, 9, 12, 13, 14, 15, 16, 17, 23, 27, 28, 33, 34, 36, 37, 48, 60, 63, 72, 73, 74, 76, 78, 79, 92, 98]","{7: [RollingMean(window_size=7)], 30: [RollingMean(window_size=30)], 60: [RollingMean(window_size=60)]}",lags_100_features_33,17.078445363096918,18.341105425860686,27.28047320676709,30.570844169660955,28.59786066901081,28.94147944250568,31.164584839282767,30.907111976459323,36.90720912743993,56.46003116193668,57.26185949611391
SGD_ElasticNet,LocalMinMaxScaler(stats_=[[  5.11211699 325.92896936]]),"[1, 2, 3, 4, 5, 6, 7, 8, 9, 12, 13, 14, 15, 16, 17, 23, 27, 28, 33, 34, 36, 37, 48, 60, 63, 72, 73, 74, 76, 78, 79, 92, 98]","{7: [RollingMean(window_size=7)], 30: [RollingMean(window_size=30)], 60: [RollingMean(window_size=60)]}",lags_100_features_33,43.923752533078236,41.355323173849726,47.22227865480976,44.22505404603115,38.262592829712574,35.6644186268066,38.72192647890582,37.299551960908076,49.81307748678803,72.10971498417713,71.8990346099618
SGD_Lasso,LocalMinMaxScaler(stats_=[[  5.11211699 325.92896936]]),"[1, 2, 3, 4, 5, 6, 7, 8, 9, 12, 13, 14, 15, 16, 17, 23, 27, 28, 33, 34, 36, 37, 48, 60, 63, 72, 73, 74, 76, 78, 79, 92, 98]","{7: [RollingMean(window_size=7)], 30: [RollingMean(window_size=30)], 60: [RollingMean(window_size=60)]}",lags_100_features_33,127.80983377302874,111.82800257018886,110.07374580215313,98.60277154765576,83.0767240297427,73.38826855413618,65.73449266465758,59.455672680400085,76.57778566716006,103.70055776432314,103.17886329051593
SGD_Ridge,LocalMinMaxScaler(stats_=[[  5.11211699 325.92896936]]),"[1, 2, 3, 4, 5, 6, 7, 8, 9, 12, 13, 14, 15, 16, 17, 23, 27, 28, 33, 34, 36, 37, 48, 60, 63, 72, 73, 74, 76, 78, 79, 92, 98]","{7: [RollingMean(window_size=7)], 30: [RollingMean(window_size=30)], 60: [RollingMean(window_size=60)]}",lags_100_features_33,60.45493971040348,48.981319079445306,45.15198899883616,38.016617970275384,36.49804451735411,37.35582149461539,42.74018222854897,40.41921061557739,51.46626350258748,63.17804871202583,62.06100350975531
SGDRegressor,LocalMinMaxScaler(stats_=[[  5.11211699 325.92896936]]),"[1, 2, 3, 4, 5, 6, 7, 8, 9, 12, 13, 14, 15, 16, 17, 23, 27, 28, 33, 34, 36, 37, 48, 60, 63, 72, 73, 74, 76, 78, 79, 92, 98]","{7: [RollingMean(window_size=7)], 30: [RollingMean(window_size=30)], 60: [RollingMean(window_size=60)]}",lags_100_features_33,31.114687504434446,28.30306661310998,33.3731505609229,31.44520876227352,28.358136883900443,27.427911937736283,33.22638167763094,33.204749657047465,42.77548111816779,60.978661424615765,60.74789884823451
XGBRegressor,LocalMinMaxScaler(stats_=[[  5.11211699 325.92896936]]),"[1, 2, 3, 4, 5, 6, 7, 8, 9, 12, 13, 14, 15, 16, 17, 23, 27, 28, 33, 34, 36, 37, 48, 60, 63, 72, 73, 74, 76, 78, 79, 92, 98]","{7: [RollingMean(window_size=7)], 30: [RollingMean(window_size=30)], 60: [RollingMean(window_size=60)]}",lags_100_features_33,18.803442952623406,25.52428106434068,26.506182708472124,25.252448515732507,27.39765378067335,30.034857775875007,39.81667170926731,42.753487885061645,42.05445493753495,41.00014344535124,40.39933124713194
LGBMRegressor,LocalMinMaxScaler(stats_=[[  5.11211699 325.92896936]]),"[1, 2, 3, 4, 5, 6, 7, 8, 9, 12, 13, 14, 15, 16, 17, 23, 27, 28, 33, 34, 36, 37, 48, 60, 63, 72, 73, 74, 76, 78, 79, 92, 98]","{7: [RollingMean(window_size=7)], 30: [RollingMean(window_size=30)], 60: [RollingMean(window_size=60)]}",lags_100_features_33,26.92861483176564,29.952303221847735,29.01448443335603,26.606793713442517,25.29623091363157,26.099647472291014,31.229101736494496,33.7275895472288,34.31667579590117,33.76163857350941,33.385304851980905
SGD_EarlyStopping,LocalMinMaxScaler(stats_=[[  5.11211699 325.92896936]]),"[1, 2, 3, 4, 5, 6, 7, 8, 9, 12, 13, 14, 15, 16, 17, 23, 27, 28, 33, 34, 36, 37, 48, 60, 63, 72, 73, 74, 76, 78, 79, 92, 98]","{7: [RollingMean(window_size=7), RollingStd(window_size=7)], 30: [RollingMean(window_size=30)], 60: [ExpandingMean()], 14: [ExponentiallyWeightedMean(alpha=0.3)]}",lags_100_features_33,17.940938375202307,25.050409353904314,48.97111932870406,68.07672542748662,77.91386253633831,89.87026118042854,87.96306777054018,87.35672941257842,90.27973026335262,95.64258547845706,98.19311073487503
SGD_ElasticNet,LocalMinMaxScaler(stats_=[[  5.11211699 325.92896936]]),"[1, 2, 3, 4, 5, 6, 7, 8, 9, 12, 13, 14, 15, 16, 17, 23, 27, 28, 33, 34, 36, 37, 48, 60, 63, 72, 73, 74, 76, 78, 79, 92, 98]","{7: [RollingMean(window_size=7), RollingStd(window_size=7)], 30: [RollingMean(window_size=30)], 60: [ExpandingMean()], 14: [ExponentiallyWeightedMean(alpha=0.3)]}",lags_100_features_33,88.14269977650285,99.77299601569153,123.24560732770533,129.95894468713368,124.34577029070117,120.36092222854342,101.29184631578536,90.70035127765405,110.64526495678189,158.85296236949978,160.5758225069931
SGD_Lasso,LocalMinMaxScaler(stats_=[[  5.11211699 325.92896936]]),"[1, 2, 3, 4, 5, 6, 7, 8, 9, 12, 13, 14, 15, 16, 17, 23, 27, 28, 33, 34, 36, 37, 48, 60, 63, 72, 73, 74, 76, 78, 79, 92, 98]","{7: [RollingMean(window_size=7), RollingStd(window_size=7)], 30: [RollingMean(window_size=30)], 60: [ExpandingMean()], 14: [ExponentiallyWeightedMean(alpha=0.3)]}",lags_100_features_33,122.25230196036756,106.66035531107538,104.94889449102163,93.75776023853707,78.83816942021282,69.73116751196315,63.27969729154641,57.33833725277807,73.74730406595008,99.83909806864753,99.2987321963381
SGD_Ridge,LocalMinMaxScaler(stats_=[[  5.11211699 325.92896936]]),"[1, 2, 3, 4, 5, 6, 7, 8, 9, 12, 13, 14, 15, 16, 17, 23, 27, 28, 33, 34, 36, 37, 48, 60, 63, 72, 73, 74, 76, 78, 79, 92, 98]","{7: [RollingMean(window_size=7), RollingStd(window_size=7)], 30: [RollingMean(window_size=30)], 60: [ExpandingMean()], 14: [ExponentiallyWeightedMean(alpha=0.3)]}",lags_100_features_33,112.80793904468773,103.00622464195142,104.99133757533292,96.24410315059791,81.99145150403122,73.2119470699981,65.73818086974002,59.03465675696899,74.58099534202256,102.35032645305691,102.08080499048452
SGDRegressor,LocalMinMaxScaler(stats_=[[  5.11211699 325.92896936]]),"[1, 2, 3, 4, 5, 6, 7, 8, 9, 12, 13, 14, 15, 16, 17, 23, 27, 28, 33, 34, 36, 37, 48, 60, 63, 72, 73, 74, 76, 78, 79, 92, 98]","{7: [RollingMean(window_size=7), RollingStd(window_size=7)], 30: [RollingMean(window_size=30)], 60: [ExpandingMean()], 14: [ExponentiallyWeightedMean(alpha=0.3)]}",lags_100_features_33,81.31069359259637,94.60535645029721,120.8136495608609,130.40897491389316,126.93433112348282,124.8250939947547,105.90759220004489,95.49044523485759,115.25194976252698,164.86430411993769,166.91204174988786
XGBRegressor,LocalMinMaxScaler(stats_=[[  5.11211699 325.92896936]]),"[1, 2, 3, 4, 5, 6, 7, 8, 9, 12, 13, 14, 15, 16, 17, 23, 27, 28, 33, 34, 36, 37, 48, 60, 63, 72, 73, 74, 76, 78, 79, 92, 98]","{7: [RollingMean(window_size=7), RollingStd(window_size=7)], 30: [RollingMean(window_size=30)], 60: [ExpandingMean()], 14: [ExponentiallyWeightedMean(alpha=0.3)]}",lags_100_features_33,20.162837400839553,26.867898039688704,26.899829102448326,25.213681477655246,25.760417874434328,25.083479646149552,33.16885367203446,34.868699085498974,40.052849259532614,48.538398886654996,47.78474115850436
LGBMRegressor,LocalMinMaxScaler(stats_=[[  5.11211699 325.92896936]]),"[1, 2, 3, 4, 5, 6, 7, 8, 9, 12, 13, 14, 15, 16, 17, 23, 27, 28, 33, 34, 36, 37, 48, 60, 63, 72, 73, 74, 76, 78, 79, 92, 98]","{7: [RollingMean(window_size=7), RollingStd(window_size=7)], 30: [RollingMean(window_size=30)], 60: [ExpandingMean()], 14: [ExponentiallyWeightedMean(alpha=0.3)]}",lags_100_features_33,23.715505402495417,27.084105558752903,26.925332738923665,26.487810710014248,26.75716832539393,26.05541639442528,30.24463251438403,46.27952682707007,55.638325818012014,50.37556715741874,49.469246026729095
XGBRegressor,"LocalBoxCox(lower=0.0, method=loglik, season_length=None, stats_=[[4.10226185e-05 0.00000000e+00]], upper=2.0)","[1, 2, 3, 4, 5, 6, 7, 8, 9, 12, 13, 14, 15, 16, 17, 23, 27, 28, 33, 34, 36, 37, 48, 60, 63, 72, 73, 74, 76, 78, 79, 92, 98]","{1: [<function expanding_mean at 0x000002C58F7A04A0>], 7: [<function rolling_mean_14 at 0x000002C5930FAA20>], 30: [<function expanding_mean at 0x000002C58F7A04A0>]}",lags_100_features_33,23.08603236201264,28.877127379220507,28.212434084119376,27.718049883419482,27.758450860235307,27.85964770311007,33.26457438663121,39.73380440358503,44.91488962216552,40.49026370019731,39.80093337769812
LGBMRegressor,"LocalBoxCox(lower=0.0, method=loglik, season_length=None, stats_=[[4.10226185e-05 0.00000000e+00]], upper=2.0)","[1, 2, 3, 4, 5, 6, 7, 8, 9, 12, 13, 14, 15, 16, 17, 23, 27, 28, 33, 34, 36, 37, 48, 60, 63, 72, 73, 74, 76, 78, 79, 92, 98]","{1: [<function expanding_mean at 0x000002C58F7A04A0>], 7: [<function rolling_mean_14 at 0x000002C5930FAA20>], 30: [<function expanding_mean at 0x000002C58F7A04A0>]}",lags_100_features_33,25.632254537726368,31.8007751898883,30.45252880491215,29.372726381658353,29.6500863315054,28.65990553373015,31.173686086044977,47.50968366499752,65.59085076313478,129.49072939573225,132.13630573295956
XGBRegressor,"LocalBoxCox(lower=0.0, method=loglik, season_length=None, stats_=[[4.10226185e-05 0.00000000e+00]], upper=2.0)","[1, 2, 3, 4, 5, 6, 7, 8, 9, 12, 13, 14, 15, 16, 17, 23, 27, 28, 33, 34, 36, 37, 48, 60, 63, 72, 73, 74, 76, 78, 79, 92, 98]","{1: [<function rolling_mean_14 at 0x000002C5930FAA20>], 7: [<function rolling_mean_30 at 0x000002C58DBF9260>], 30: [<function expanding_mean at 0x000002C58F7A04A0>]}",lags_100_features_33,21.420153395127308,26.804553903048312,27.554570494437026,28.38192009012397,32.02714362311473,35.26756122767677,44.055371120140585,45.71203667530593,44.921289784753654,43.980466587254575,43.39955690609136
LGBMRegressor,"LocalBoxCox(lower=0.0, method=loglik, season_length=None, stats_=[[4.10226185e-05 0.00000000e+00]], upper=2.0)","[1, 2, 3, 4, 5, 6, 7, 8, 9, 12, 13, 14, 15, 16, 17, 23, 27, 28, 33, 34, 36, 37, 48, 60, 63, 72, 73, 74, 76, 78, 79, 92, 98]","{1: [<function rolling_mean_14 at 0x000002C5930FAA20>], 7: [<function rolling_mean_30 at 0x000002C58DBF9260>], 30: [<function expanding_mean at 0x000002C58F7A04A0>]}",lags_100_features_33,23.00578747072903,25.82758569388297,25.82297599423254,23.74784222915583,23.849205532410725,23.398471692253594,28.969381068879528,35.785500288665986,38.9537330271977,37.05599738676659,36.56695168294987
XGBRegressor,"LocalBoxCox(lower=0.0, method=loglik, season_length=None, stats_=[[4.10226185e-05 0.00000000e+00]], upper=2.0)","[1, 2, 3, 4, 5, 6, 7, 8, 9, 12, 13, 14, 15, 16, 17, 23, 27, 28, 33, 34, 36, 37, 48, 60, 63, 72, 73, 74, 76, 78, 79, 92, 98]","{7: [RollingMean(window_size=7)], 30: [RollingMean(window_size=30)], 60: [RollingMean(window_size=60)]}",lags_100_features_33,25.704670472129916,32.98698373273577,32.166233763596466,33.074669698081806,35.51197759806738,38.17892864134432,46.590718293272054,48.25103143626659,46.52220835214135,43.99115055502876,43.479730586935446
LGBMRegressor,"LocalBoxCox(lower=0.0, method=loglik, season_length=None, stats_=[[4.10226185e-05 0.00000000e+00]], upper=2.0)","[1, 2, 3, 4, 5, 6, 7, 8, 9, 12, 13, 14, 15, 16, 17, 23, 27, 28, 33, 34, 36, 37, 48, 60, 63, 72, 73, 74, 76, 78, 79, 92, 98]","{7: [RollingMean(window_size=7)], 30: [RollingMean(window_size=30)], 60: [RollingMean(window_size=60)]}",lags_100_features_33,27.38441004249828,33.049903583864136,30.918572660403303,28.593288438780483,27.343440864007217,26.262724693445456,30.893961917201583,35.929207089483306,38.33995145524831,35.7030048476742,35.39933036097819
XGBRegressor,"LocalBoxCox(lower=0.0, method=loglik, season_length=None, stats_=[[4.10226185e-05 0.00000000e+00]], upper=2.0)","[1, 2, 3, 4, 5, 6, 7, 8, 9, 12, 13, 14, 15, 16, 17, 23, 27, 28, 33, 34, 36, 37, 48, 60, 63, 72, 73, 74, 76, 78, 79, 92, 98]","{7: [RollingMean(window_size=7), RollingStd(window_size=7)], 30: [RollingMean(window_size=30)], 60: [ExpandingMean()], 14: [ExponentiallyWeightedMean(alpha=0.3)]}",lags_100_features_33,15.2837564530449,20.991422014680516,22.890977144161244,23.994515063711795,28.349879509497082,32.113089597942746,41.67012725268261,43.65657455348063,43.20854967706481,42.759185904149014,42.2194295433816
LGBMRegressor,"LocalBoxCox(lower=0.0, method=loglik, season_length=None, stats_=[[4.10226185e-05 0.00000000e+00]], upper=2.0)","[1, 2, 3, 4, 5, 6, 7, 8, 9, 12, 13, 14, 15, 16, 17, 23, 27, 28, 33, 34, 36, 37, 48, 60, 63, 72, 73, 74, 76, 78, 79, 92, 98]","{7: [RollingMean(window_size=7), RollingStd(window_size=7)], 30: [RollingMean(window_size=30)], 60: [ExpandingMean()], 14: [ExponentiallyWeightedMean(alpha=0.3)]}",lags_100_features_33,24.879144815288562,30.54145085814798,29.11030581543924,28.001100880483914,28.102337227022094,27.835087902172113,32.69049553640659,54.7629720683337,85.97625468179997,81.29057180726149,79.75050378913929
SGD_EarlyStopping,AutoDifferences(max_diffs=380) | LocalStandardScaler(stats_=[[-2.09155811e-02  2.20585897e+01]]),"[1, 2, 3, 4, 5, 6, 7, 8, 9, 12, 13, 14, 15, 16, 17, 23, 27, 28, 33, 34, 36, 37, 48, 60, 63, 72, 73, 74, 76, 78, 79, 92, 98]","{1: [<function expanding_mean at 0x000002C58F7A04A0>], 7: [<function rolling_mean_14 at 0x000002C5930FAA20>], 30: [<function expanding_mean at 0x000002C58F7A04A0>]}",lags_100_features_33,270.7316620231933,469.61656770513997,727.070584856535,917.2167052023083,1021.7169384323585,1132.018654308722,1179.8233435208463,1439.073432812277,2360.4398235119243,4072.65067441758,4162.744945303537
SGD_ElasticNet,AutoDifferences(max_diffs=380) | LocalStandardScaler(stats_=[[-2.09155811e-02  2.20585897e+01]]),"[1, 2, 3, 4, 5, 6, 7, 8, 9, 12, 13, 14, 15, 16, 17, 23, 27, 28, 33, 34, 36, 37, 48, 60, 63, 72, 73, 74, 76, 78, 79, 92, 98]","{1: [<function expanding_mean at 0x000002C58F7A04A0>], 7: [<function rolling_mean_14 at 0x000002C5930FAA20>], 30: [<function expanding_mean at 0x000002C58F7A04A0>]}",lags_100_features_33,57.108139760206754,105.91184822316353,152.69202290127168,186.42350676368878,205.19610725569132,221.19435284641503,230.21974761708645,280.7815810495901,456.5457313629344,794.1619318361926,811.3754311686778
SGD_Lasso,AutoDifferences(max_diffs=380) | LocalStandardScaler(stats_=[[-2.09155811e-02  2.20585897e+01]]),"[1, 2, 3, 4, 5, 6, 7, 8, 9, 12, 13, 14, 15, 16, 17, 23, 27, 28, 33, 34, 36, 37, 48, 60, 63, 72, 73, 74, 76, 78, 79, 92, 98]","{1: [<function expanding_mean at 0x000002C58F7A04A0>], 7: [<function rolling_mean_14 at 0x000002C5930FAA20>], 30: [<function expanding_mean at 0x000002C58F7A04A0>]}",lags_100_features_33,10.083532036127458,21.54993245743379,28.542147495781123,36.90087716819673,45.59931265956471,52.8374112105086,64.49765951040814,74.4435381359954,90.21474482922505,123.91137396035023,126.3669054173919
SGD_Ridge,AutoDifferences(max_diffs=380) | LocalStandardScaler(stats_=[[-2.09155811e-02  2.20585897e+01]]),"[1, 2, 3, 4, 5, 6, 7, 8, 9, 12, 13, 14, 15, 16, 17, 23, 27, 28, 33, 34, 36, 37, 48, 60, 63, 72, 73, 74, 76, 78, 79, 92, 98]","{1: [<function expanding_mean at 0x000002C58F7A04A0>], 7: [<function rolling_mean_14 at 0x000002C5930FAA20>], 30: [<function expanding_mean at 0x000002C58F7A04A0>]}",lags_100_features_33,115.14569634614882,216.6438688385712,326.8535362701137,406.7934093477308,450.60774822265347,491.6883420557124,511.56701822252523,625.6297224361745,1027.9013429216934,1791.0480302147605,1830.4184221014953
SGDRegressor,AutoDifferences(max_diffs=380) | LocalStandardScaler(stats_=[[-2.09155811e-02  2.20585897e+01]]),"[1, 2, 3, 4, 5, 6, 7, 8, 9, 12, 13, 14, 15, 16, 17, 23, 27, 28, 33, 34, 36, 37, 48, 60, 63, 72, 73, 74, 76, 78, 79, 92, 98]","{1: [<function expanding_mean at 0x000002C58F7A04A0>], 7: [<function rolling_mean_14 at 0x000002C5930FAA20>], 30: [<function expanding_mean at 0x000002C58F7A04A0>]}",lags_100_features_33,53.94290729100153,99.79296194091133,142.46845765706104,172.71438465291268,189.16280570689273,202.6489364814184,209.8586190686347,256.6403329197846,420.5325252013721,736.2427880093733,752.1717414632243
XGBRegressor,AutoDifferences(max_diffs=380) | LocalStandardScaler(stats_=[[-2.09155811e-02  2.20585897e+01]]),"[1, 2, 3, 4, 5, 6, 7, 8, 9, 12, 13, 14, 15, 16, 17, 23, 27, 28, 33, 34, 36, 37, 48, 60, 63, 72, 73, 74, 76, 78, 79, 92, 98]","{1: [<function expanding_mean at 0x000002C58F7A04A0>], 7: [<function rolling_mean_14 at 0x000002C5930FAA20>], 30: [<function expanding_mean at 0x000002C58F7A04A0>]}",lags_100_features_33,13.522395676645314,19.52689258470084,22.239166292116963,22.150218508554058,22.128782521698714,23.44757919921777,26.535215068034233,28.21950795256185,29.8287138435169,34.916980100375824,34.59759248965988
LGBMRegressor,AutoDifferences(max_diffs=380) | LocalStandardScaler(stats_=[[-2.09155811e-02  2.20585897e+01]]),"[1, 2, 3, 4, 5, 6, 7, 8, 9, 12, 13, 14, 15, 16, 17, 23, 27, 28, 33, 34, 36, 37, 48, 60, 63, 72, 73, 74, 76, 78, 79, 92, 98]","{1: [<function expanding_mean at 0x000002C58F7A04A0>], 7: [<function rolling_mean_14 at 0x000002C5930FAA20>], 30: [<function expanding_mean at 0x000002C58F7A04A0>]}",lags_100_features_33,22.892757169903803,21.289673477539793,22.491244958939944,22.68211844241089,23.405748277685262,24.04088398490196,27.666649567778922,34.84086830748067,34.55820363834939,33.24082595712556,32.94390444659655
SGD_EarlyStopping,AutoDifferences(max_diffs=380) | LocalStandardScaler(stats_=[[-2.09155811e-02  2.20585897e+01]]),"[1, 2, 3, 4, 5, 6, 7, 8, 9, 12, 13, 14, 15, 16, 17, 23, 27, 28, 33, 34, 36, 37, 48, 60, 63, 72, 73, 74, 76, 78, 79, 92, 98]","{1: [<function rolling_mean_14 at 0x000002C5930FAA20>], 7: [<function rolling_mean_30 at 0x000002C58DBF9260>], 30: [<function expanding_mean at 0x000002C58F7A04A0>]}",lags_100_features_33,260.7148931265955,448.17324041361815,691.5195621634213,870.8082401569145,968.9850182308529,1072.8795654907137,1116.8286209608634,1360.0667608449166,2228.3150093732315,3842.3842482961304,3927.3391960488993
SGD_ElasticNet,AutoDifferences(max_diffs=380) | LocalStandardScaler(stats_=[[-2.09155811e-02  2.20585897e+01]]),"[1, 2, 3, 4, 5, 6, 7, 8, 9, 12, 13, 14, 15, 16, 17, 23, 27, 28, 33, 34, 36, 37, 48, 60, 63, 72, 73, 74, 76, 78, 79, 92, 98]","{1: [<function rolling_mean_14 at 0x000002C5930FAA20>], 7: [<function rolling_mean_30 at 0x000002C58DBF9260>], 30: [<function expanding_mean at 0x000002C58F7A04A0>]}",lags_100_features_33,52.59871003849687,97.55586096703927,139.62984735579877,169.94802808016956,186.87197026817185,201.00817463468678,209.26953162347704,255.33888280387677,414.81734317961843,721.7662404039982,737.3737054507194
SGD_Lasso,AutoDifferences(max_diffs=380) | LocalStandardScaler(stats_=[[-2.09155811e-02  2.20585897e+01]]),"[1, 2, 3, 4, 5, 6, 7, 8, 9, 12, 13, 14, 15, 16, 17, 23, 27, 28, 33, 34, 36, 37, 48, 60, 63, 72, 73, 74, 76, 78, 79, 92, 98]","{1: [<function rolling_mean_14 at 0x000002C5930FAA20>], 7: [<function rolling_mean_30 at 0x000002C58DBF9260>], 30: [<function expanding_mean at 0x000002C58F7A04A0>]}",lags_100_features_33,10.083532036127458,21.54993245743379,28.542147495781123,36.90087716819673,45.59931265956471,52.8374112105086,64.49765951040814,74.4435381359954,90.21474482922505,123.91137396035023,126.3669054173919
SGD_Ridge,AutoDifferences(max_diffs=380) | LocalStandardScaler(stats_=[[-2.09155811e-02  2.20585897e+01]]),"[1, 2, 3, 4, 5, 6, 7, 8, 9, 12, 13, 14, 15, 16, 17, 23, 27, 28, 33, 34, 36, 37, 48, 60, 63, 72, 73, 74, 76, 78, 79, 92, 98]","{1: [<function rolling_mean_14 at 0x000002C5930FAA20>], 7: [<function rolling_mean_30 at 0x000002C58DBF9260>], 30: [<function expanding_mean at 0x000002C58F7A04A0>]}",lags_100_features_33,113.3919619219258,212.712250014341,320.2289358138661,398.13020836277013,440.7862452348588,480.71313580803627,499.9693099468784,611.2680888950367,1004.0627983014698,1749.4919396465523,1787.9319179558056
SGDRegressor,AutoDifferences(max_diffs=380) | LocalStandardScaler(stats_=[[-2.09155811e-02  2.20585897e+01]]),"[1, 2, 3, 4, 5, 6, 7, 8, 9, 12, 13, 14, 15, 16, 17, 23, 27, 28, 33, 34, 36, 37, 48, 60, 63, 72, 73, 74, 76, 78, 79, 92, 98]","{1: [<function rolling_mean_14 at 0x000002C5930FAA20>], 7: [<function rolling_mean_30 at 0x000002C58DBF9260>], 30: [<function expanding_mean at 0x000002C58F7A04A0>]}",lags_100_features_33,51.80065706166099,95.4990209212537,135.58614833985584,163.97194991860167,179.42411870405795,191.92531023018816,198.76560150267446,243.14956937618697,398.1988526683526,697.2054201696519,712.2643968618181
XGBRegressor,AutoDifferences(max_diffs=380) | LocalStandardScaler(stats_=[[-2.09155811e-02  2.20585897e+01]]),"[1, 2, 3, 4, 5, 6, 7, 8, 9, 12, 13, 14, 15, 16, 17, 23, 27, 28, 33, 34, 36, 37, 48, 60, 63, 72, 73, 74, 76, 78, 79, 92, 98]","{1: [<function rolling_mean_14 at 0x000002C5930FAA20>], 7: [<function rolling_mean_30 at 0x000002C58DBF9260>], 30: [<function expanding_mean at 0x000002C58F7A04A0>]}",lags_100_features_33,18.497048698819277,18.713863715866445,22.032168776846923,22.504620006500573,21.37873576215669,22.450352181955484,31.556560224178153,71.1337129573032,198.6793779608912,501.372331862539,516.0886307007817
LGBMRegressor,AutoDifferences(max_diffs=380) | LocalStandardScaler(stats_=[[-2.09155811e-02  2.20585897e+01]]),"[1, 2, 3, 4, 5, 6, 7, 8, 9, 12, 13, 14, 15, 16, 17, 23, 27, 28, 33, 34, 36, 37, 48, 60, 63, 72, 73, 74, 76, 78, 79, 92, 98]","{1: [<function rolling_mean_14 at 0x000002C5930FAA20>], 7: [<function rolling_mean_30 at 0x000002C58DBF9260>], 30: [<function expanding_mean at 0x000002C58F7A04A0>]}",lags_100_features_33,19.59682075404911,18.853587658424903,21.613481861321855,23.21578186164995,22.181500648656385,23.6823712680236,33.44893219210804,54.56724643005256,66.02985557536421,64.56989249483219,63.96149682872012
SGD_EarlyStopping,AutoDifferences(max_diffs=380) | LocalStandardScaler(stats_=[[-2.09155811e-02  2.20585897e+01]]),"[1, 2, 3, 4, 5, 6, 7, 8, 9, 12, 13, 14, 15, 16, 17, 23, 27, 28, 33, 34, 36, 37, 48, 60, 63, 72, 73, 74, 76, 78, 79, 92, 98]","{7: [RollingMean(window_size=7)], 30: [RollingMean(window_size=30)], 60: [RollingMean(window_size=60)]}",lags_100_features_33,108.11996771407513,190.42429994442887,276.45701248217233,336.63959604146766,367.9503989208147,396.3110653726618,407.3408282709331,496.73569857952737,819.2729947136927,1433.6347649051597,1464.8119829396692
SGD_ElasticNet,AutoDifferences(max_diffs=380) | LocalStandardScaler(stats_=[[-2.09155811e-02  2.20585897e+01]]),"[1, 2, 3, 4, 5, 6, 7, 8, 9, 12, 13, 14, 15, 16, 17, 23, 27, 28, 33, 34, 36, 37, 48, 60, 63, 72, 73, 74, 76, 78, 79, 92, 98]","{7: [RollingMean(window_size=7)], 30: [RollingMean(window_size=30)], 60: [RollingMean(window_size=60)]}",lags_100_features_33,65.37978931885498,104.98985885283541,167.1990410436239,213.04762529575387,237.84719064591772,266.72946297098406,276.79030982427463,330.9227766057344,532.0273788901892,901.2423309639375,921.2561636665769
SGD_Lasso,AutoDifferences(max_diffs=380) | LocalStandardScaler(stats_=[[-2.09155811e-02  2.20585897e+01]]),"[1, 2, 3, 4, 5, 6, 7, 8, 9, 12, 13, 14, 15, 16, 17, 23, 27, 28, 33, 34, 36, 37, 48, 60, 63, 72, 73, 74, 76, 78, 79, 92, 98]","{7: [RollingMean(window_size=7)], 30: [RollingMean(window_size=30)], 60: [RollingMean(window_size=60)]}",lags_100_features_33,13.075753976327794,15.76837389335408,18.04385353204749,17.813219262168907,19.373752601562057,21.342534612019428,29.89938783293996,30.48725063650664,48.028995355213354,82.50487584621773,83.10109889207332
SGD_Ridge,AutoDifferences(max_diffs=380) | LocalStandardScaler(stats_=[[-2.09155811e-02  2.20585897e+01]]),"[1, 2, 3, 4, 5, 6, 7, 8, 9, 12, 13, 14, 15, 16, 17, 23, 27, 28, 33, 34, 36, 37, 48, 60, 63, 72, 73, 74, 76, 78, 79, 92, 98]","{7: [RollingMean(window_size=7)], 30: [RollingMean(window_size=30)], 60: [RollingMean(window_size=60)]}",lags_100_features_33,14.492001249276361,20.73773633386025,42.475378698843556,61.02618092170059,72.54755198128066,88.24652251915558,96.58781113595917,115.13116236301781,175.77221633658155,276.9189080467507,283.16124216690025
SGDRegressor,AutoDifferences(max_diffs=380) | LocalStandardScaler(stats_=[[-2.09155811e-02  2.20585897e+01]]),"[1, 2, 3, 4, 5, 6, 7, 8, 9, 12, 13, 14, 15, 16, 17, 23, 27, 28, 33, 34, 36, 37, 48, 60, 63, 72, 73, 74, 76, 78, 79, 92, 98]","{7: [RollingMean(window_size=7)], 30: [RollingMean(window_size=30)], 60: [RollingMean(window_size=60)]}",lags_100_features_33,77.27095342933647,124.22364393850252,194.4736931663994,245.1452410903129,271.68869904101405,302.10327175775006,311.2744976258391,373.63223229600493,607.7798668052721,1039.7961235421653,1062.8357461697271
XGBRegressor,AutoDifferences(max_diffs=380) | LocalStandardScaler(stats_=[[-2.09155811e-02  2.20585897e+01]]),"[1, 2, 3, 4, 5, 6, 7, 8, 9, 12, 13, 14, 15, 16, 17, 23, 27, 28, 33, 34, 36, 37, 48, 60, 63, 72, 73, 74, 76, 78, 79, 92, 98]","{7: [RollingMean(window_size=7)], 30: [RollingMean(window_size=30)], 60: [RollingMean(window_size=60)]}",lags_100_features_33,19.533056758064944,55.714867385086464,119.71824234555018,163.98237585947024,184.25439465626732,197.36526539046716,202.20753276798266,275.344715012774,545.0494311040364,1036.4196799863896,1059.0001783451742
LGBMRegressor,AutoDifferences(max_diffs=380) | LocalStandardScaler(stats_=[[-2.09155811e-02  2.20585897e+01]]),"[1, 2, 3, 4, 5, 6, 7, 8, 9, 12, 13, 14, 15, 16, 17, 23, 27, 28, 33, 34, 36, 37, 48, 60, 63, 72, 73, 74, 76, 78, 79, 92, 98]","{7: [RollingMean(window_size=7)], 30: [RollingMean(window_size=30)], 60: [RollingMean(window_size=60)]}",lags_100_features_33,24.725724197071415,36.02870058082742,64.21230085565826,90.70908215327172,111.50523834653833,145.39950984166214,208.0943430791211,361.5749585257765,793.1940343343715,1622.2630404803986,1658.3434045220731
SGD_EarlyStopping,AutoDifferences(max_diffs=380) | LocalStandardScaler(stats_=[[-2.09155811e-02  2.20585897e+01]]),"[1, 2, 3, 4, 5, 6, 7, 8, 9, 12, 13, 14, 15, 16, 17, 23, 27, 28, 33, 34, 36, 37, 48, 60, 63, 72, 73, 74, 76, 78, 79, 92, 98]","{7: [RollingMean(window_size=7), RollingStd(window_size=7)], 30: [RollingMean(window_size=30)], 60: [ExpandingMean()], 14: [ExponentiallyWeightedMean(alpha=0.3)]}",lags_100_features_33,258.7733652526068,446.5703912723706,691.0399425325248,871.9158468579441,971.5781545540497,1077.1365282370195,1123.1049174097186,1368.3584787251036,2239.6996221876593,3858.052493534931,3943.3600167194745
SGD_ElasticNet,AutoDifferences(max_diffs=380) | LocalStandardScaler(stats_=[[-2.09155811e-02  2.20585897e+01]]),"[1, 2, 3, 4, 5, 6, 7, 8, 9, 12, 13, 14, 15, 16, 17, 23, 27, 28, 33, 34, 36, 37, 48, 60, 63, 72, 73, 74, 76, 78, 79, 92, 98]","{7: [RollingMean(window_size=7), RollingStd(window_size=7)], 30: [RollingMean(window_size=30)], 60: [ExpandingMean()], 14: [ExponentiallyWeightedMean(alpha=0.3)]}",lags_100_features_33,52.67750498137257,97.78333761972617,140.09079558821838,170.62202123879,187.6855445670491,201.96931834390978,210.343040684503,256.6507818715277,416.9268800246712,725.3879339662528,741.0818651176348
SGD_Lasso,AutoDifferences(max_diffs=380) | LocalStandardScaler(stats_=[[-2.09155811e-02  2.20585897e+01]]),"[1, 2, 3, 4, 5, 6, 7, 8, 9, 12, 13, 14, 15, 16, 17, 23, 27, 28, 33, 34, 36, 37, 48, 60, 63, 72, 73, 74, 76, 78, 79, 92, 98]","{7: [RollingMean(window_size=7), RollingStd(window_size=7)], 30: [RollingMean(window_size=30)], 60: [ExpandingMean()], 14: [ExponentiallyWeightedMean(alpha=0.3)]}",lags_100_features_33,10.083532036127458,21.54993245743379,28.542147495781123,36.90087716819673,45.59931265956471,52.8374112105086,64.49765951040814,74.4435381359954,90.21474482922505,123.91137396035023,126.3669054173919
SGD_Ridge,AutoDifferences(max_diffs=380) | LocalStandardScaler(stats_=[[-2.09155811e-02  2.20585897e+01]]),"[1, 2, 3, 4, 5, 6, 7, 8, 9, 12, 13, 14, 15, 16, 17, 23, 27, 28, 33, 34, 36, 37, 48, 60, 63, 72, 73, 74, 76, 78, 79, 92, 98]","{7: [RollingMean(window_size=7), RollingStd(window_size=7)], 30: [RollingMean(window_size=30)], 60: [ExpandingMean()], 14: [ExponentiallyWeightedMean(alpha=0.3)]}",lags_100_features_33,117.57861846541735,221.04980946803246,333.10127921853257,413.77791931497893,457.48345620809187,498.2323742751621,517.0415966592658,633.067174241001,1044.6192798404506,1825.935897215107,1866.0991187198704
SGDRegressor,AutoDifferences(max_diffs=380) | LocalStandardScaler(stats_=[[-2.09155811e-02  2.20585897e+01]]),"[1, 2, 3, 4, 5, 6, 7, 8, 9, 12, 13, 14, 15, 16, 17, 23, 27, 28, 33, 34, 36, 37, 48, 60, 63, 72, 73, 74, 76, 78, 79, 92, 98]","{7: [RollingMean(window_size=7), RollingStd(window_size=7)], 30: [RollingMean(window_size=30)], 60: [ExpandingMean()], 14: [ExponentiallyWeightedMean(alpha=0.3)]}",lags_100_features_33,51.3950136225781,94.59951531356995,134.16866547612267,162.21732523024522,177.50554887538462,189.85412968955737,196.66319763906685,240.49385997006533,393.5658564271828,688.8716928887575,703.7464527718784
XGBRegressor,AutoDifferences(max_diffs=380) | LocalStandardScaler(stats_=[[-2.09155811e-02  2.20585897e+01]]),"[1, 2, 3, 4, 5, 6, 7, 8, 9, 12, 13, 14, 15, 16, 17, 23, 27, 28, 33, 34, 36, 37, 48, 60, 63, 72, 73, 74, 76, 78, 79, 92, 98]","{7: [RollingMean(window_size=7), RollingStd(window_size=7)], 30: [RollingMean(window_size=30)], 60: [ExpandingMean()], 14: [ExponentiallyWeightedMean(alpha=0.3)]}",lags_100_features_33,40.4063006538991,70.76252640966862,128.78466376276086,178.1545665706552,211.01434196031082,250.884210428692,274.64663060924147,402.7564437950954,853.1801138253844,1727.679650166867,1773.4877348579246
LGBMRegressor,AutoDifferences(max_diffs=380) | LocalStandardScaler(stats_=[[-2.09155811e-02  2.20585897e+01]]),"[1, 2, 3, 4, 5, 6, 7, 8, 9, 12, 13, 14, 15, 16, 17, 23, 27, 28, 33, 34, 36, 37, 48, 60, 63, 72, 73, 74, 76, 78, 79, 92, 98]","{7: [RollingMean(window_size=7), RollingStd(window_size=7)], 30: [RollingMean(window_size=30)], 60: [ExpandingMean()], 14: [ExponentiallyWeightedMean(alpha=0.3)]}",lags_100_features_33,40.9489024381975,50.8336034658242,80.37154142308356,97.85583232409493,109.37601070575174,129.1394931409195,196.07674768735393,304.01172229530374,643.4105912802321,1334.8833189132758,1358.683788382753
SGD_EarlyStopping,AutoDifferences(max_diffs=380) | LocalMinMaxScaler(stats_=[[-214.51499032  437.2315826 ]]),"[1, 2, 3, 4, 5, 6, 7, 8, 9, 12, 13, 14, 15, 16, 17, 23, 27, 28, 33, 34, 36, 37, 48, 60, 63, 72, 73, 74, 76, 78, 79, 92, 98]","{1: [<function expanding_mean at 0x000002C58F7A04A0>], 7: [<function rolling_mean_14 at 0x000002C5930FAA20>], 30: [<function expanding_mean at 0x000002C58F7A04A0>]}",lags_100_features_33,472.4670910183418,1009.4202732980353,1758.168993311041,2426.5178871563057,2894.6351844551054,3412.46207341947,3910.97788878814,5743.744124136123,11828.09109921465,24177.76979870088,24904.79582665209
SGD_ElasticNet,AutoDifferences(max_diffs=380) | LocalMinMaxScaler(stats_=[[-214.51499032  437.2315826 ]]),"[1, 2, 3, 4, 5, 6, 7, 8, 9, 12, 13, 14, 15, 16, 17, 23, 27, 28, 33, 34, 36, 37, 48, 60, 63, 72, 73, 74, 76, 78, 79, 92, 98]","{1: [<function expanding_mean at 0x000002C58F7A04A0>], 7: [<function rolling_mean_14 at 0x000002C5930FAA20>], 30: [<function expanding_mean at 0x000002C58F7A04A0>]}",lags_100_features_33,180.24006893881213,402.21503224030226,738.628573470942,1057.275473620694,1295.0980231564638,1568.128279071355,1857.1612737757005,2749.201463556714,5513.219356927619,10766.221061351247,11061.862108617337
SGD_Lasso,AutoDifferences(max_diffs=380) | LocalMinMaxScaler(stats_=[[-214.51499032  437.2315826 ]]),"[1, 2, 3, 4, 5, 6, 7, 8, 9, 12, 13, 14, 15, 16, 17, 23, 27, 28, 33, 34, 36, 37, 48, 60, 63, 72, 73, 74, 76, 78, 79, 92, 98]","{1: [<function expanding_mean at 0x000002C58F7A04A0>], 7: [<function rolling_mean_14 at 0x000002C5930FAA20>], 30: [<function expanding_mean at 0x000002C58F7A04A0>]}",lags_100_features_33,10.00049877745484,15.51757497471519,18.76199011815119,20.67825252331105,25.292231562103407,29.206126780193348,39.15294648910957,41.21898593614656,42.13379830949042,44.51962636976475,43.775129323653665
SGD_Ridge,AutoDifferences(max_diffs=380) | LocalMinMaxScaler(stats_=[[-214.51499032  437.2315826 ]]),"[1, 2, 3, 4, 5, 6, 7, 8, 9, 12, 13, 14, 15, 16, 17, 23, 27, 28, 33, 34, 36, 37, 48, 60, 63, 72, 73, 74, 76, 78, 79, 92, 98]","{1: [<function expanding_mean at 0x000002C58F7A04A0>], 7: [<function rolling_mean_14 at 0x000002C5930FAA20>], 30: [<function expanding_mean at 0x000002C58F7A04A0>]}",lags_100_features_33,699.1975672064738,1154.268414477164,1519.9284085296058,1607.6476329725433,1496.872105669705,1306.9947715233477,1074.6916350980293,1321.7326713846915,3394.0386596377316,8098.451168932186,8313.256778460396
SGDRegressor,AutoDifferences(max_diffs=380) | LocalMinMaxScaler(stats_=[[-214.51499032  437.2315826 ]]),"[1, 2, 3, 4, 5, 6, 7, 8, 9, 12, 13, 14, 15, 16, 17, 23, 27, 28, 33, 34, 36, 37, 48, 60, 63, 72, 73, 74, 76, 78, 79, 92, 98]","{1: [<function expanding_mean at 0x000002C58F7A04A0>], 7: [<function rolling_mean_14 at 0x000002C5930FAA20>], 30: [<function expanding_mean at 0x000002C58F7A04A0>]}",lags_100_features_33,222.77872487779118,485.5540575749348,867.7238594569143,1217.0442509279403,1468.1240462066535,1750.9747461907764,2034.994078144291,3013.056763461867,6181.878819519764,12473.66240729969,12838.808006400697
XGBRegressor,AutoDifferences(max_diffs=380) | LocalMinMaxScaler(stats_=[[-214.51499032  437.2315826 ]]),"[1, 2, 3, 4, 5, 6, 7, 8, 9, 12, 13, 14, 15, 16, 17, 23, 27, 28, 33, 34, 36, 37, 48, 60, 63, 72, 73, 74, 76, 78, 79, 92, 98]","{1: [<function expanding_mean at 0x000002C58F7A04A0>], 7: [<function rolling_mean_14 at 0x000002C5930FAA20>], 30: [<function expanding_mean at 0x000002C58F7A04A0>]}",lags_100_features_33,26.253832594490433,23.53966112682519,23.19495843635702,22.61706010391117,22.284430550867693,23.73964764692825,28.45248599673114,31.89833731176685,32.572476739386246,38.090051531949385,37.71227984765633
LGBMRegressor,AutoDifferences(max_diffs=380) | LocalMinMaxScaler(stats_=[[-214.51499032  437.2315826 ]]),"[1, 2, 3, 4, 5, 6, 7, 8, 9, 12, 13, 14, 15, 16, 17, 23, 27, 28, 33, 34, 36, 37, 48, 60, 63, 72, 73, 74, 76, 78, 79, 92, 98]","{1: [<function expanding_mean at 0x000002C58F7A04A0>], 7: [<function rolling_mean_14 at 0x000002C5930FAA20>], 30: [<function expanding_mean at 0x000002C58F7A04A0>]}",lags_100_features_33,21.20419253982389,20.463928362914892,21.18074754543106,20.26667860616732,20.65517017954316,22.139757587406837,29.15459511081236,33.73146826201037,35.0166679549599,37.86807186663282,37.374211116163664
SGD_EarlyStopping,AutoDifferences(max_diffs=380) | LocalMinMaxScaler(stats_=[[-214.51499032  437.2315826 ]]),"[1, 2, 3, 4, 5, 6, 7, 8, 9, 12, 13, 14, 15, 16, 17, 23, 27, 28, 33, 34, 36, 37, 48, 60, 63, 72, 73, 74, 76, 78, 79, 92, 98]","{1: [<function rolling_mean_14 at 0x000002C5930FAA20>], 7: [<function rolling_mean_30 at 0x000002C58DBF9260>], 30: [<function expanding_mean at 0x000002C58F7A04A0>]}",lags_100_features_33,477.5002500711701,1027.5110140745223,1800.1345752477987,2495.3590005608394,2986.938708140857,3533.122851294422,4070.415185486632,6035.292979530279,12575.036768721979,25975.86299038693,26773.96444609763
SGD_ElasticNet,AutoDifferences(max_diffs=380) | LocalMinMaxScaler(stats_=[[-214.51499032  437.2315826 ]]),"[1, 2, 3, 4, 5, 6, 7, 8, 9, 12, 13, 14, 15, 16, 17, 23, 27, 28, 33, 34, 36, 37, 48, 60, 63, 72, 73, 74, 76, 78, 79, 92, 98]","{1: [<function rolling_mean_14 at 0x000002C5930FAA20>], 7: [<function rolling_mean_30 at 0x000002C58DBF9260>], 30: [<function expanding_mean at 0x000002C58F7A04A0>]}",lags_100_features_33,180.19837268405004,405.24552777211005,748.6979493374033,1076.4658264186623,1323.0967637458086,1607.2844657437538,1913.3390160212357,2859.658451911614,5800.869011161366,11434.377164560352,11753.859329807314
SGD_Lasso,AutoDifferences(max_diffs=380) | LocalMinMaxScaler(stats_=[[-214.51499032  437.2315826 ]]),"[1, 2, 3, 4, 5, 6, 7, 8, 9, 12, 13, 14, 15, 16, 17, 23, 27, 28, 33, 34, 36, 37, 48, 60, 63, 72, 73, 74, 76, 78, 79, 92, 98]","{1: [<function rolling_mean_14 at 0x000002C5930FAA20>], 7: [<function rolling_mean_30 at 0x000002C58DBF9260>], 30: [<function expanding_mean at 0x000002C58F7A04A0>]}",lags_100_features_33,10.00049877745484,15.51757497471519,18.76199011815119,20.67825252331105,25.292231562103407,29.206126780193348,39.15294648910957,41.21898593614656,42.13379830949042,44.51962636976475,43.775129323653665
SGD_Ridge,AutoDifferences(max_diffs=380) | LocalMinMaxScaler(stats_=[[-214.51499032  437.2315826 ]]),"[1, 2, 3, 4, 5, 6, 7, 8, 9, 12, 13, 14, 15, 16, 17, 23, 27, 28, 33, 34, 36, 37, 48, 60, 63, 72, 73, 74, 76, 78, 79, 92, 98]","{1: [<function rolling_mean_14 at 0x000002C5930FAA20>], 7: [<function rolling_mean_30 at 0x000002C58DBF9260>], 30: [<function expanding_mean at 0x000002C58F7A04A0>]}",lags_100_features_33,702.7385817178758,1162.6409463654077,1533.6628605583714,1624.1334060835552,1513.648667752336,1322.7658144130476,1086.303272615613,1334.5932231496372,3429.0538668056697,8193.395926068433,8411.420271141913
SGDRegressor,AutoDifferences(max_diffs=380) | LocalMinMaxScaler(stats_=[[-214.51499032  437.2315826 ]]),"[1, 2, 3, 4, 5, 6, 7, 8, 9, 12, 13, 14, 15, 16, 17, 23, 27, 28, 33, 34, 36, 37, 48, 60, 63, 72, 73, 74, 76, 78, 79, 92, 98]","{1: [<function rolling_mean_14 at 0x000002C5930FAA20>], 7: [<function rolling_mean_30 at 0x000002C58DBF9260>], 30: [<function expanding_mean at 0x000002C58F7A04A0>]}",lags_100_features_33,223.84736801832966,491.5764871675077,883.6969655971378,1244.9246250448637,1506.8874301967521,1803.1703456107114,2106.58086203269,3149.4052489072164,6538.337335812528,13329.920961023956,13728.261532223854
XGBRegressor,AutoDifferences(max_diffs=380) | LocalMinMaxScaler(stats_=[[-214.51499032  437.2315826 ]]),"[1, 2, 3, 4, 5, 6, 7, 8, 9, 12, 13, 14, 15, 16, 17, 23, 27, 28, 33, 34, 36, 37, 48, 60, 63, 72, 73, 74, 76, 78, 79, 92, 98]","{1: [<function rolling_mean_14 at 0x000002C5930FAA20>], 7: [<function rolling_mean_30 at 0x000002C58DBF9260>], 30: [<function expanding_mean at 0x000002C58F7A04A0>]}",lags_100_features_33,16.81477706798105,17.48000175850112,28.370867053159778,32.83941015978909,31.158517230997333,31.62102588514729,38.41136716498867,81.35101534691273,204.1786819981839,393.59900578401505,399.95126943717213
LGBMRegressor,AutoDifferences(max_diffs=380) | LocalMinMaxScaler(stats_=[[-214.51499032  437.2315826 ]]),"[1, 2, 3, 4, 5, 6, 7, 8, 9, 12, 13, 14, 15, 16, 17, 23, 27, 28, 33, 34, 36, 37, 48, 60, 63, 72, 73, 74, 76, 78, 79, 92, 98]","{1: [<function rolling_mean_14 at 0x000002C5930FAA20>], 7: [<function rolling_mean_30 at 0x000002C58DBF9260>], 30: [<function expanding_mean at 0x000002C58F7A04A0>]}",lags_100_features_33,30.727499947021553,28.788463085872145,40.46749381165612,41.407294612526535,38.715403988905514,39.41582731843037,49.0830266803993,78.36694352592316,101.29897309301334,137.10195246038907,136.2556773435307
SGD_EarlyStopping,AutoDifferences(max_diffs=380) | LocalMinMaxScaler(stats_=[[-214.51499032  437.2315826 ]]),"[1, 2, 3, 4, 5, 6, 7, 8, 9, 12, 13, 14, 15, 16, 17, 23, 27, 28, 33, 34, 36, 37, 48, 60, 63, 72, 73, 74, 76, 78, 79, 92, 98]","{7: [RollingMean(window_size=7)], 30: [RollingMean(window_size=30)], 60: [RollingMean(window_size=60)]}",lags_100_features_33,440.0059109449608,911.1346627225533,1524.6642116533512,2056.3498259824887,2416.6353611087916,2803.2517110288964,3155.0926476223967,4576.71205469919,9474.628706722908,19802.621207633463,20428.131006841053
SGD_ElasticNet,AutoDifferences(max_diffs=380) | LocalMinMaxScaler(stats_=[[-214.51499032  437.2315826 ]]),"[1, 2, 3, 4, 5, 6, 7, 8, 9, 12, 13, 14, 15, 16, 17, 23, 27, 28, 33, 34, 36, 37, 48, 60, 63, 72, 73, 74, 76, 78, 79, 92, 98]","{7: [RollingMean(window_size=7)], 30: [RollingMean(window_size=30)], 60: [RollingMean(window_size=60)]}",lags_100_features_33,203.11455301507553,411.19458091733856,669.0551043326683,886.8089903257884,1029.898812458296,1179.0488777054438,1305.480068000777,1849.684921273444,3752.897709311,7781.374241185951,8023.8129424345725
SGD_Lasso,AutoDifferences(max_diffs=380) | LocalMinMaxScaler(stats_=[[-214.51499032  437.2315826 ]]),"[1, 2, 3, 4, 5, 6, 7, 8, 9, 12, 13, 14, 15, 16, 17, 23, 27, 28, 33, 34, 36, 37, 48, 60, 63, 72, 73, 74, 76, 78, 79, 92, 98]","{7: [RollingMean(window_size=7)], 30: [RollingMean(window_size=30)], 60: [RollingMean(window_size=60)]}",lags_100_features_33,12.243610066732632,15.490033923363333,17.757585429475064,17.647591064981103,20.104140633242846,22.552758796395892,31.622112469464675,32.134465196401116,45.31284745278636,71.5920310805062,71.73645711621982
SGD_Ridge,AutoDifferences(max_diffs=380) | LocalMinMaxScaler(stats_=[[-214.51499032  437.2315826 ]]),"[1, 2, 3, 4, 5, 6, 7, 8, 9, 12, 13, 14, 15, 16, 17, 23, 27, 28, 33, 34, 36, 37, 48, 60, 63, 72, 73, 74, 76, 78, 79, 92, 98]","{7: [RollingMean(window_size=7)], 30: [RollingMean(window_size=30)], 60: [RollingMean(window_size=60)]}",lags_100_features_33,894.339530927241,1534.0526663482526,2138.562764547331,2420.5418885234353,2430.9751209436135,2366.6715173161215,2035.0907911688757,2623.641257135277,5724.46160226405,12345.764339891663,12665.115770897273
SGDRegressor,AutoDifferences(max_diffs=380) | LocalMinMaxScaler(stats_=[[-214.51499032  437.2315826 ]]),"[1, 2, 3, 4, 5, 6, 7, 8, 9, 12, 13, 14, 15, 16, 17, 23, 27, 28, 33, 34, 36, 37, 48, 60, 63, 72, 73, 74, 76, 78, 79, 92, 98]","{7: [RollingMean(window_size=7)], 30: [RollingMean(window_size=30)], 60: [RollingMean(window_size=60)]}",lags_100_features_33,220.592561762504,475.7406225981807,841.4176523787132,1170.8246724157277,1403.7223464566287,1664.368500206219,1921.6515100712386,2890.166263583396,6156.776459531382,12972.546449207272,13386.054317129083
XGBRegressor,AutoDifferences(max_diffs=380) | LocalMinMaxScaler(stats_=[[-214.51499032  437.2315826 ]]),"[1, 2, 3, 4, 5, 6, 7, 8, 9, 12, 13, 14, 15, 16, 17, 23, 27, 28, 33, 34, 36, 37, 48, 60, 63, 72, 73, 74, 76, 78, 79, 92, 98]","{7: [RollingMean(window_size=7)], 30: [RollingMean(window_size=30)], 60: [RollingMean(window_size=60)]}",lags_100_features_33,46.21845149470097,77.31084180344891,128.8356087265299,161.6059936200717,173.4956622524356,185.03798541617564,182.72707509929765,234.19951787777208,446.53358846410976,830.3102635101358,847.5197569279306
LGBMRegressor,AutoDifferences(max_diffs=380) | LocalMinMaxScaler(stats_=[[-214.51499032  437.2315826 ]]),"[1, 2, 3, 4, 5, 6, 7, 8, 9, 12, 13, 14, 15, 16, 17, 23, 27, 28, 33, 34, 36, 37, 48, 60, 63, 72, 73, 74, 76, 78, 79, 92, 98]","{7: [RollingMean(window_size=7)], 30: [RollingMean(window_size=30)], 60: [RollingMean(window_size=60)]}",lags_100_features_33,20.897607421057835,21.318000765959543,34.605327781739994,51.66725598077889,75.63284310253755,126.97533063379926,182.06835777808848,298.3966998057637,614.4479771969144,1173.088785711679,1207.748635830647
SGD_EarlyStopping,AutoDifferences(max_diffs=380) | LocalMinMaxScaler(stats_=[[-214.51499032  437.2315826 ]]),"[1, 2, 3, 4, 5, 6, 7, 8, 9, 12, 13, 14, 15, 16, 17, 23, 27, 28, 33, 34, 36, 37, 48, 60, 63, 72, 73, 74, 76, 78, 79, 92, 98]","{7: [RollingMean(window_size=7), RollingStd(window_size=7)], 30: [RollingMean(window_size=30)], 60: [ExpandingMean()], 14: [ExponentiallyWeightedMean(alpha=0.3)]}",lags_100_features_33,478.0285073148586,1027.9868139011382,1803.3540332432458,2503.229749634493,2999.210676667108,3550.9416080311707,4096.625311560805,6087.503898107392,12712.984734529211,26311.878068744358,27123.739445034385
SGD_ElasticNet,AutoDifferences(max_diffs=380) | LocalMinMaxScaler(stats_=[[-214.51499032  437.2315826 ]]),"[1, 2, 3, 4, 5, 6, 7, 8, 9, 12, 13, 14, 15, 16, 17, 23, 27, 28, 33, 34, 36, 37, 48, 60, 63, 72, 73, 74, 76, 78, 79, 92, 98]","{7: [RollingMean(window_size=7), RollingStd(window_size=7)], 30: [RollingMean(window_size=30)], 60: [ExpandingMean()], 14: [ExponentiallyWeightedMean(alpha=0.3)]}",lags_100_features_33,185.2343604471428,415.3748011808017,766.3929945376616,1101.3743850887363,1353.1949297824497,1643.1964953569232,1955.5904677386955,2927.916917845854,5958.380812523479,11786.279528141888,12117.929521526263
SGD_Lasso,AutoDifferences(max_diffs=380) | LocalMinMaxScaler(stats_=[[-214.51499032  437.2315826 ]]),"[1, 2, 3, 4, 5, 6, 7, 8, 9, 12, 13, 14, 15, 16, 17, 23, 27, 28, 33, 34, 36, 37, 48, 60, 63, 72, 73, 74, 76, 78, 79, 92, 98]","{7: [RollingMean(window_size=7), RollingStd(window_size=7)], 30: [RollingMean(window_size=30)], 60: [ExpandingMean()], 14: [ExponentiallyWeightedMean(alpha=0.3)]}",lags_100_features_33,10.00049877745484,15.51757497471519,18.76199011815119,20.67825252331105,25.292231562103407,29.206126780193348,39.15294648910957,41.21898593614656,42.13379830949042,44.51962636976475,43.775129323653665
SGD_Ridge,AutoDifferences(max_diffs=380) | LocalMinMaxScaler(stats_=[[-214.51499032  437.2315826 ]]),"[1, 2, 3, 4, 5, 6, 7, 8, 9, 12, 13, 14, 15, 16, 17, 23, 27, 28, 33, 34, 36, 37, 48, 60, 63, 72, 73, 74, 76, 78, 79, 92, 98]","{7: [RollingMean(window_size=7), RollingStd(window_size=7)], 30: [RollingMean(window_size=30)], 60: [ExpandingMean()], 14: [ExponentiallyWeightedMean(alpha=0.3)]}",lags_100_features_33,695.3310844608712,1151.7999702804652,1521.5515946936612,1612.7858215253682,1503.7115298515496,1314.2182525113883,1080.140848767167,1322.1807644052965,3402.960951946155,8157.649581749906,8376.144061145165
SGDRegressor,AutoDifferences(max_diffs=380) | LocalMinMaxScaler(stats_=[[-214.51499032  437.2315826 ]]),"[1, 2, 3, 4, 5, 6, 7, 8, 9, 12, 13, 14, 15, 16, 17, 23, 27, 28, 33, 34, 36, 37, 48, 60, 63, 72, 73, 74, 76, 78, 79, 92, 98]","{7: [RollingMean(window_size=7), RollingStd(window_size=7)], 30: [RollingMean(window_size=30)], 60: [ExpandingMean()], 14: [ExponentiallyWeightedMean(alpha=0.3)]}",lags_100_features_33,221.76297214623975,486.4013345932831,875.8446778488712,1236.075872581597,1498.1761503642895,1795.1710800867218,2101.3830631703254,3149.346619332936,6550.74853411618,13370.822880562335,13771.448021174374
XGBRegressor,AutoDifferences(max_diffs=380) | LocalMinMaxScaler(stats_=[[-214.51499032  437.2315826 ]]),"[1, 2, 3, 4, 5, 6, 7, 8, 9, 12, 13, 14, 15, 16, 17, 23, 27, 28, 33, 34, 36, 37, 48, 60, 63, 72, 73, 74, 76, 78, 79, 92, 98]","{7: [RollingMean(window_size=7), RollingStd(window_size=7)], 30: [RollingMean(window_size=30)], 60: [ExpandingMean()], 14: [ExponentiallyWeightedMean(alpha=0.3)]}",lags_100_features_33,34.2850743309473,60.30342456115062,107.1902941651702,152.0834390892775,178.04486172694837,207.27215461998549,233.44117886934495,343.7049568337235,714.4756936554811,1379.2277781608016,1412.0875983442183
LGBMRegressor,AutoDifferences(max_diffs=380) | LocalMinMaxScaler(stats_=[[-214.51499032  437.2315826 ]]),"[1, 2, 3, 4, 5, 6, 7, 8, 9, 12, 13, 14, 15, 16, 17, 23, 27, 28, 33, 34, 36, 37, 48, 60, 63, 72, 73, 74, 76, 78, 79, 92, 98]","{7: [RollingMean(window_size=7), RollingStd(window_size=7)], 30: [RollingMean(window_size=30)], 60: [ExpandingMean()], 14: [ExponentiallyWeightedMean(alpha=0.3)]}",lags_100_features_33,20.372195085706732,20.921041831259977,43.03134573563408,65.42485382794848,83.38185316010357,109.45727884721637,167.57325888570378,248.79118595203326,520.8675880922634,1086.7069302709383,1108.9656905308414
SGD_EarlyStopping,"AutoSeasonalDifferences(max_diffs=380, n_seasons=10, season_length=267) | LocalStandardScaler(stats_=[[47.42372721 38.3630083 ]])","[1, 2, 3, 4, 5, 6, 7, 8, 9, 12, 13, 14, 15, 16, 17, 23, 27, 28, 33, 34, 36, 37, 48, 60, 63, 72, 73, 74, 76, 78, 79, 92, 98]","{1: [<function expanding_mean at 0x000002C58F7A04A0>], 7: [<function rolling_mean_14 at 0x000002C5930FAA20>], 30: [<function expanding_mean at 0x000002C58F7A04A0>]}",lags_100_features_33,25.145405672207154,23.04784586295791,29.56719874652715,29.076182948019397,26.228301787370345,25.57825369576149,31.339227920503816,35.56611234186416,36.11329155060293,45.35919301978961,45.44438592426085
SGD_ElasticNet,"AutoSeasonalDifferences(max_diffs=380, n_seasons=10, season_length=267) | LocalStandardScaler(stats_=[[47.42372721 38.3630083 ]])","[1, 2, 3, 4, 5, 6, 7, 8, 9, 12, 13, 14, 15, 16, 17, 23, 27, 28, 33, 34, 36, 37, 48, 60, 63, 72, 73, 74, 76, 78, 79, 92, 98]","{1: [<function expanding_mean at 0x000002C58F7A04A0>], 7: [<function rolling_mean_14 at 0x000002C5930FAA20>], 30: [<function expanding_mean at 0x000002C58F7A04A0>]}",lags_100_features_33,25.395677610590226,40.49372913292076,84.7283827664662,133.63079044953284,177.2045961951912,238.4914495613101,334.6599206235109,729.2672669484529,2472.9950220993574,9660.261870356097,10582.009479561666
SGD_Lasso,"AutoSeasonalDifferences(max_diffs=380, n_seasons=10, season_length=267) | LocalStandardScaler(stats_=[[47.42372721 38.3630083 ]])","[1, 2, 3, 4, 5, 6, 7, 8, 9, 12, 13, 14, 15, 16, 17, 23, 27, 28, 33, 34, 36, 37, 48, 60, 63, 72, 73, 74, 76, 78, 79, 92, 98]","{1: [<function expanding_mean at 0x000002C58F7A04A0>], 7: [<function rolling_mean_14 at 0x000002C5930FAA20>], 30: [<function expanding_mean at 0x000002C58F7A04A0>]}",lags_100_features_33,122.3246889157141,106.7276640128519,105.01564577477878,93.82086660105713,78.89337667292791,69.77848699276207,63.31143530071124,57.365697448438404,73.78398936008608,99.88925731701828,99.34913850379726
SGD_Ridge,"AutoSeasonalDifferences(max_diffs=380, n_seasons=10, season_length=267) | LocalStandardScaler(stats_=[[47.42372721 38.3630083 ]])","[1, 2, 3, 4, 5, 6, 7, 8, 9, 12, 13, 14, 15, 16, 17, 23, 27, 28, 33, 34, 36, 37, 48, 60, 63, 72, 73, 74, 76, 78, 79, 92, 98]","{1: [<function expanding_mean at 0x000002C58F7A04A0>], 7: [<function rolling_mean_14 at 0x000002C5930FAA20>], 30: [<function expanding_mean at 0x000002C58F7A04A0>]}",lags_100_features_33,12.1277644650086,14.924179274557185,22.818506598942257,24.737518915907508,22.820936519730434,22.70436154795493,30.011822348176292,35.35082978048016,37.24575764806969,53.727131119294,53.735769822445455
SGDRegressor,"AutoSeasonalDifferences(max_diffs=380, n_seasons=10, season_length=267) | LocalStandardScaler(stats_=[[47.42372721 38.3630083 ]])","[1, 2, 3, 4, 5, 6, 7, 8, 9, 12, 13, 14, 15, 16, 17, 23, 27, 28, 33, 34, 36, 37, 48, 60, 63, 72, 73, 74, 76, 78, 79, 92, 98]","{1: [<function expanding_mean at 0x000002C58F7A04A0>], 7: [<function rolling_mean_14 at 0x000002C5930FAA20>], 30: [<function expanding_mean at 0x000002C58F7A04A0>]}",lags_100_features_33,20.230881673307362,29.167421412121225,27.83034415592492,25.72759623798449,25.449943112748173,25.93533612628938,35.16707263391912,43.71190415482724,43.30577362285104,47.04376963722923,46.27779181142005
XGBRegressor,"AutoSeasonalDifferences(max_diffs=380, n_seasons=10, season_length=267) | LocalStandardScaler(stats_=[[47.42372721 38.3630083 ]])","[1, 2, 3, 4, 5, 6, 7, 8, 9, 12, 13, 14, 15, 16, 17, 23, 27, 28, 33, 34, 36, 37, 48, 60, 63, 72, 73, 74, 76, 78, 79, 92, 98]","{1: [<function expanding_mean at 0x000002C58F7A04A0>], 7: [<function rolling_mean_14 at 0x000002C5930FAA20>], 30: [<function expanding_mean at 0x000002C58F7A04A0>]}",lags_100_features_33,23.921571464290466,29.18826167962918,29.29727884176485,26.749833942234353,27.47579547940806,28.411018667538123,37.259246352626164,42.14416262813225,41.39096441784367,39.82362322475449,39.16160242682249
LGBMRegressor,"AutoSeasonalDifferences(max_diffs=380, n_seasons=10, season_length=267) | LocalStandardScaler(stats_=[[47.42372721 38.3630083 ]])","[1, 2, 3, 4, 5, 6, 7, 8, 9, 12, 13, 14, 15, 16, 17, 23, 27, 28, 33, 34, 36, 37, 48, 60, 63, 72, 73, 74, 76, 78, 79, 92, 98]","{1: [<function expanding_mean at 0x000002C58F7A04A0>], 7: [<function rolling_mean_14 at 0x000002C5930FAA20>], 30: [<function expanding_mean at 0x000002C58F7A04A0>]}",lags_100_features_33,19.000727287636373,24.92896896051043,25.68426501517886,23.77562159613393,23.694768957457118,23.56081593852382,31.095726387861784,37.829921500837735,39.13484404450536,39.15461173362593,38.82698681413798
SGD_EarlyStopping,"AutoSeasonalDifferences(max_diffs=380, n_seasons=10, season_length=267) | LocalStandardScaler(stats_=[[47.42372721 38.3630083 ]])","[1, 2, 3, 4, 5, 6, 7, 8, 9, 12, 13, 14, 15, 16, 17, 23, 27, 28, 33, 34, 36, 37, 48, 60, 63, 72, 73, 74, 76, 78, 79, 92, 98]","{1: [<function rolling_mean_14 at 0x000002C5930FAA20>], 7: [<function rolling_mean_30 at 0x000002C58DBF9260>], 30: [<function expanding_mean at 0x000002C58F7A04A0>]}",lags_100_features_33,23.572962694270345,21.432660534433655,26.72744866712119,26.115207001084162,24.041399175318826,23.681959779324515,30.4044466931584,35.217000379502124,35.58518245739516,43.35387267061064,43.34046665118109
SGD_ElasticNet,"AutoSeasonalDifferences(max_diffs=380, n_seasons=10, season_length=267) | LocalStandardScaler(stats_=[[47.42372721 38.3630083 ]])","[1, 2, 3, 4, 5, 6, 7, 8, 9, 12, 13, 14, 15, 16, 17, 23, 27, 28, 33, 34, 36, 37, 48, 60, 63, 72, 73, 74, 76, 78, 79, 92, 98]","{1: [<function rolling_mean_14 at 0x000002C5930FAA20>], 7: [<function rolling_mean_30 at 0x000002C58DBF9260>], 30: [<function expanding_mean at 0x000002C58F7A04A0>]}",lags_100_features_33,23.496445444463365,36.71702795052068,78.3676937411181,125.12047094740362,167.46325418077546,227.77205435611396,324.8526672337938,728.0468159142968,2543.877887844437,10324.562621962757,11353.685036612329
SGD_Lasso,"AutoSeasonalDifferences(max_diffs=380, n_seasons=10, season_length=267) | LocalStandardScaler(stats_=[[47.42372721 38.3630083 ]])","[1, 2, 3, 4, 5, 6, 7, 8, 9, 12, 13, 14, 15, 16, 17, 23, 27, 28, 33, 34, 36, 37, 48, 60, 63, 72, 73, 74, 76, 78, 79, 92, 98]","{1: [<function rolling_mean_14 at 0x000002C5930FAA20>], 7: [<function rolling_mean_30 at 0x000002C58DBF9260>], 30: [<function expanding_mean at 0x000002C58F7A04A0>]}",lags_100_features_33,122.32468911291492,106.72766419621824,105.01564595662654,93.8208667729752,78.89337682332678,69.77848712167258,63.31143538717379,57.36569752297467,73.78398946002632,99.88925745366505,99.3491386411171
SGD_Ridge,"AutoSeasonalDifferences(max_diffs=380, n_seasons=10, season_length=267) | LocalStandardScaler(stats_=[[47.42372721 38.3630083 ]])","[1, 2, 3, 4, 5, 6, 7, 8, 9, 12, 13, 14, 15, 16, 17, 23, 27, 28, 33, 34, 36, 37, 48, 60, 63, 72, 73, 74, 76, 78, 79, 92, 98]","{1: [<function rolling_mean_14 at 0x000002C5930FAA20>], 7: [<function rolling_mean_30 at 0x000002C58DBF9260>], 30: [<function expanding_mean at 0x000002C58F7A04A0>]}",lags_100_features_33,11.991170761336004,14.845651223302816,22.623780194312907,24.533642615479533,22.6559165551034,22.566603915616795,29.914408820174188,35.39483813465355,37.18167733266861,53.54962348395471,53.5625728033434
SGDRegressor,"AutoSeasonalDifferences(max_diffs=380, n_seasons=10, season_length=267) | LocalStandardScaler(stats_=[[47.42372721 38.3630083 ]])","[1, 2, 3, 4, 5, 6, 7, 8, 9, 12, 13, 14, 15, 16, 17, 23, 27, 28, 33, 34, 36, 37, 48, 60, 63, 72, 73, 74, 76, 78, 79, 92, 98]","{1: [<function rolling_mean_14 at 0x000002C5930FAA20>], 7: [<function rolling_mean_30 at 0x000002C58DBF9260>], 30: [<function expanding_mean at 0x000002C58F7A04A0>]}",lags_100_features_33,20.984521971476298,30.312514881849356,29.010836211956182,26.928811001609944,26.686268591549272,27.129836208104653,36.188615825096825,44.554442754606875,43.94935311495895,46.81586292472396,46.05324454912687
XGBRegressor,"AutoSeasonalDifferences(max_diffs=380, n_seasons=10, season_length=267) | LocalStandardScaler(stats_=[[47.42372721 38.3630083 ]])","[1, 2, 3, 4, 5, 6, 7, 8, 9, 12, 13, 14, 15, 16, 17, 23, 27, 28, 33, 34, 36, 37, 48, 60, 63, 72, 73, 74, 76, 78, 79, 92, 98]","{1: [<function rolling_mean_14 at 0x000002C5930FAA20>], 7: [<function rolling_mean_30 at 0x000002C58DBF9260>], 30: [<function expanding_mean at 0x000002C58F7A04A0>]}",lags_100_features_33,22.98612362968663,24.744202204581388,25.114483526296045,24.95313844195995,26.488275827526657,27.996223448127854,36.72812834168953,41.58341336519611,41.20085876376531,40.54078773941362,40.015122385270566
LGBMRegressor,"AutoSeasonalDifferences(max_diffs=380, n_seasons=10, season_length=267) | LocalStandardScaler(stats_=[[47.42372721 38.3630083 ]])","[1, 2, 3, 4, 5, 6, 7, 8, 9, 12, 13, 14, 15, 16, 17, 23, 27, 28, 33, 34, 36, 37, 48, 60, 63, 72, 73, 74, 76, 78, 79, 92, 98]","{1: [<function rolling_mean_14 at 0x000002C5930FAA20>], 7: [<function rolling_mean_30 at 0x000002C58DBF9260>], 30: [<function expanding_mean at 0x000002C58F7A04A0>]}",lags_100_features_33,23.290062002298175,27.508936509979854,26.667523590215524,24.785292798880725,24.365055878759605,24.493070223404125,29.12266078330018,34.80167911220486,37.35718525246139,36.09758568484471,35.62793628950185
SGD_EarlyStopping,"AutoSeasonalDifferences(max_diffs=380, n_seasons=10, season_length=267) | LocalStandardScaler(stats_=[[47.42372721 38.3630083 ]])","[1, 2, 3, 4, 5, 6, 7, 8, 9, 12, 13, 14, 15, 16, 17, 23, 27, 28, 33, 34, 36, 37, 48, 60, 63, 72, 73, 74, 76, 78, 79, 92, 98]","{7: [RollingMean(window_size=7)], 30: [RollingMean(window_size=30)], 60: [RollingMean(window_size=60)]}",lags_100_features_33,9.13280712235939,14.196436447813365,17.8732598768274,19.27820526176337,18.394565515372,19.133552513324513,25.971972781653097,34.894028456665446,37.6326275342288,43.12927357742392,43.4677438330412
SGD_ElasticNet,"AutoSeasonalDifferences(max_diffs=380, n_seasons=10, season_length=267) | LocalStandardScaler(stats_=[[47.42372721 38.3630083 ]])","[1, 2, 3, 4, 5, 6, 7, 8, 9, 12, 13, 14, 15, 16, 17, 23, 27, 28, 33, 34, 36, 37, 48, 60, 63, 72, 73, 74, 76, 78, 79, 92, 98]","{7: [RollingMean(window_size=7)], 30: [RollingMean(window_size=30)], 60: [RollingMean(window_size=60)]}",lags_100_features_33,12.710433764289073,15.429720803997645,29.27168218041422,39.46101718600247,42.87774283997465,47.51294285887767,45.560077053407184,44.930125226390274,55.310629058621494,62.9535954120661,65.30341050724783
SGD_Lasso,"AutoSeasonalDifferences(max_diffs=380, n_seasons=10, season_length=267) | LocalStandardScaler(stats_=[[47.42372721 38.3630083 ]])","[1, 2, 3, 4, 5, 6, 7, 8, 9, 12, 13, 14, 15, 16, 17, 23, 27, 28, 33, 34, 36, 37, 48, 60, 63, 72, 73, 74, 76, 78, 79, 92, 98]","{7: [RollingMean(window_size=7)], 30: [RollingMean(window_size=30)], 60: [RollingMean(window_size=60)]}",lags_100_features_33,126.53981525210602,110.6470812637705,108.90260431317704,97.49557966750451,82.10812087325125,72.55172632182789,65.17290728767455,58.969576735584226,75.92909312355955,102.81673027756268,102.29080862059475
SGD_Ridge,"AutoSeasonalDifferences(max_diffs=380, n_seasons=10, season_length=267) | LocalStandardScaler(stats_=[[47.42372721 38.3630083 ]])","[1, 2, 3, 4, 5, 6, 7, 8, 9, 12, 13, 14, 15, 16, 17, 23, 27, 28, 33, 34, 36, 37, 48, 60, 63, 72, 73, 74, 76, 78, 79, 92, 98]","{7: [RollingMean(window_size=7)], 30: [RollingMean(window_size=30)], 60: [RollingMean(window_size=60)]}",lags_100_features_33,17.74860895152983,20.153035571583935,35.109644444959685,43.44690753187815,43.89655662694554,45.32683702154262,42.92715451860577,41.51208193050417,39.92806867634884,58.300718747589706,60.25558643363718
SGDRegressor,"AutoSeasonalDifferences(max_diffs=380, n_seasons=10, season_length=267) | LocalStandardScaler(stats_=[[47.42372721 38.3630083 ]])","[1, 2, 3, 4, 5, 6, 7, 8, 9, 12, 13, 14, 15, 16, 17, 23, 27, 28, 33, 34, 36, 37, 48, 60, 63, 72, 73, 74, 76, 78, 79, 92, 98]","{7: [RollingMean(window_size=7)], 30: [RollingMean(window_size=30)], 60: [RollingMean(window_size=60)]}",lags_100_features_33,12.905294249841054,15.479963768848359,28.67655908179746,38.42783203393815,41.687533777296,46.280862295777894,44.60689174041926,44.788159563929284,56.747555907953554,63.610754990685216,65.79186335349017
XGBRegressor,"AutoSeasonalDifferences(max_diffs=380, n_seasons=10, season_length=267) | LocalStandardScaler(stats_=[[47.42372721 38.3630083 ]])","[1, 2, 3, 4, 5, 6, 7, 8, 9, 12, 13, 14, 15, 16, 17, 23, 27, 28, 33, 34, 36, 37, 48, 60, 63, 72, 73, 74, 76, 78, 79, 92, 98]","{7: [RollingMean(window_size=7)], 30: [RollingMean(window_size=30)], 60: [RollingMean(window_size=60)]}",lags_100_features_33,19.80383532016506,26.870211664966444,26.47009236384193,25.03175764482688,26.952193206533188,28.431993751202455,35.340477908568104,34.90649249873748,44.95840676039132,60.83685238095132,60.14522332594676
LGBMRegressor,"AutoSeasonalDifferences(max_diffs=380, n_seasons=10, season_length=267) | LocalStandardScaler(stats_=[[47.42372721 38.3630083 ]])","[1, 2, 3, 4, 5, 6, 7, 8, 9, 12, 13, 14, 15, 16, 17, 23, 27, 28, 33, 34, 36, 37, 48, 60, 63, 72, 73, 74, 76, 78, 79, 92, 98]","{7: [RollingMean(window_size=7)], 30: [RollingMean(window_size=30)], 60: [RollingMean(window_size=60)]}",lags_100_features_33,26.698684408627955,30.000332862074224,28.642602642402252,27.29417959215436,26.0543872091352,25.445021684369358,31.525652880130618,37.19016946064414,38.496085107154485,37.432186667078184,36.83168051441204
SGD_EarlyStopping,"AutoSeasonalDifferences(max_diffs=380, n_seasons=10, season_length=267) | LocalStandardScaler(stats_=[[47.42372721 38.3630083 ]])","[1, 2, 3, 4, 5, 6, 7, 8, 9, 12, 13, 14, 15, 16, 17, 23, 27, 28, 33, 34, 36, 37, 48, 60, 63, 72, 73, 74, 76, 78, 79, 92, 98]","{7: [RollingMean(window_size=7), RollingStd(window_size=7)], 30: [RollingMean(window_size=30)], 60: [ExpandingMean()], 14: [ExponentiallyWeightedMean(alpha=0.3)]}",lags_100_features_33,24.400612204544206,22.289834666147687,28.340884337685402,27.861104494043936,25.28783163730698,24.7742412055012,30.729748469664305,35.15927160166791,35.56004076607795,43.938402315716075,44.02769150221731
SGD_ElasticNet,"AutoSeasonalDifferences(max_diffs=380, n_seasons=10, season_length=267) | LocalStandardScaler(stats_=[[47.42372721 38.3630083 ]])","[1, 2, 3, 4, 5, 6, 7, 8, 9, 12, 13, 14, 15, 16, 17, 23, 27, 28, 33, 34, 36, 37, 48, 60, 63, 72, 73, 74, 76, 78, 79, 92, 98]","{7: [RollingMean(window_size=7), RollingStd(window_size=7)], 30: [RollingMean(window_size=30)], 60: [ExpandingMean()], 14: [ExponentiallyWeightedMean(alpha=0.3)]}",lags_100_features_33,23.631081189736577,37.15203170548646,79.60504843383096,127.85519060141873,172.21682368497423,235.96172938981917,342.3155626853293,795.5976046434563,2903.775030762082,12517.852044447327,13851.133229428871
SGD_Lasso,"AutoSeasonalDifferences(max_diffs=380, n_seasons=10, season_length=267) | LocalStandardScaler(stats_=[[47.42372721 38.3630083 ]])","[1, 2, 3, 4, 5, 6, 7, 8, 9, 12, 13, 14, 15, 16, 17, 23, 27, 28, 33, 34, 36, 37, 48, 60, 63, 72, 73, 74, 76, 78, 79, 92, 98]","{7: [RollingMean(window_size=7), RollingStd(window_size=7)], 30: [RollingMean(window_size=30)], 60: [ExpandingMean()], 14: [ExponentiallyWeightedMean(alpha=0.3)]}",lags_100_features_33,122.32468877354488,106.72766388065646,105.01564564367808,93.82086647711515,78.89337656449992,69.7784868998258,63.311435238377236,57.36569739470251,73.78398928803553,99.88925721850464,99.34913840479841
SGD_Ridge,"AutoSeasonalDifferences(max_diffs=380, n_seasons=10, season_length=267) | LocalStandardScaler(stats_=[[47.42372721 38.3630083 ]])","[1, 2, 3, 4, 5, 6, 7, 8, 9, 12, 13, 14, 15, 16, 17, 23, 27, 28, 33, 34, 36, 37, 48, 60, 63, 72, 73, 74, 76, 78, 79, 92, 98]","{7: [RollingMean(window_size=7), RollingStd(window_size=7)], 30: [RollingMean(window_size=30)], 60: [ExpandingMean()], 14: [ExponentiallyWeightedMean(alpha=0.3)]}",lags_100_features_33,11.909555539656285,14.79394926974282,22.334989446046624,24.122555330677276,22.296531840981874,22.253109699126554,29.78858884461875,35.32936516179563,37.165171310562705,53.21323874872097,53.19340191676466
SGDRegressor,"AutoSeasonalDifferences(max_diffs=380, n_seasons=10, season_length=267) | LocalStandardScaler(stats_=[[47.42372721 38.3630083 ]])","[1, 2, 3, 4, 5, 6, 7, 8, 9, 12, 13, 14, 15, 16, 17, 23, 27, 28, 33, 34, 36, 37, 48, 60, 63, 72, 73, 74, 76, 78, 79, 92, 98]","{7: [RollingMean(window_size=7), RollingStd(window_size=7)], 30: [RollingMean(window_size=30)], 60: [ExpandingMean()], 14: [ExponentiallyWeightedMean(alpha=0.3)]}",lags_100_features_33,20.63517939249157,29.778472409646678,28.47955785960249,26.412238588392494,26.31114485466274,26.94688000234937,36.20598460337261,44.20897993834607,43.59399142283542,46.534826343442205,45.7790135772997
XGBRegressor,"AutoSeasonalDifferences(max_diffs=380, n_seasons=10, season_length=267) | LocalStandardScaler(stats_=[[47.42372721 38.3630083 ]])","[1, 2, 3, 4, 5, 6, 7, 8, 9, 12, 13, 14, 15, 16, 17, 23, 27, 28, 33, 34, 36, 37, 48, 60, 63, 72, 73, 74, 76, 78, 79, 92, 98]","{7: [RollingMean(window_size=7), RollingStd(window_size=7)], 30: [RollingMean(window_size=30)], 60: [ExpandingMean()], 14: [ExponentiallyWeightedMean(alpha=0.3)]}",lags_100_features_33,21.455759966217652,27.868396091549823,29.31390241851584,29.055219480711447,26.80091094452074,27.264449971379513,32.022540500079124,34.13369857603735,34.36727954239229,35.65084221637445,35.13542927756417
LGBMRegressor,"AutoSeasonalDifferences(max_diffs=380, n_seasons=10, season_length=267) | LocalStandardScaler(stats_=[[47.42372721 38.3630083 ]])","[1, 2, 3, 4, 5, 6, 7, 8, 9, 12, 13, 14, 15, 16, 17, 23, 27, 28, 33, 34, 36, 37, 48, 60, 63, 72, 73, 74, 76, 78, 79, 92, 98]","{7: [RollingMean(window_size=7), RollingStd(window_size=7)], 30: [RollingMean(window_size=30)], 60: [ExpandingMean()], 14: [ExponentiallyWeightedMean(alpha=0.3)]}",lags_100_features_33,22.63709191907897,28.253243541162604,28.446718951525902,28.629194347849324,28.661788577218672,29.331474534199465,31.149444529676607,48.17483205964393,55.491550243932195,50.283858237052534,49.51845892692493
SGD_EarlyStopping,"AutoSeasonalDifferences(max_diffs=380, n_seasons=10, season_length=267) | LocalMinMaxScaler(stats_=[[  5.11211699 325.92896936]])","[1, 2, 3, 4, 5, 6, 7, 8, 9, 12, 13, 14, 15, 16, 17, 23, 27, 28, 33, 34, 36, 37, 48, 60, 63, 72, 73, 74, 76, 78, 79, 92, 98]","{1: [<function expanding_mean at 0x000002C58F7A04A0>], 7: [<function rolling_mean_14 at 0x000002C5930FAA20>], 30: [<function expanding_mean at 0x000002C58F7A04A0>]}",lags_100_features_33,19.037621849498137,26.92825953699393,52.357281083274984,72.6540191206036,83.21765065166007,95.89540375131782,94.24725789451145,95.21890656400186,101.96183541627097,109.57511485780631,112.06002902791876
SGD_ElasticNet,"AutoSeasonalDifferences(max_diffs=380, n_seasons=10, season_length=267) | LocalMinMaxScaler(stats_=[[  5.11211699 325.92896936]])","[1, 2, 3, 4, 5, 6, 7, 8, 9, 12, 13, 14, 15, 16, 17, 23, 27, 28, 33, 34, 36, 37, 48, 60, 63, 72, 73, 74, 76, 78, 79, 92, 98]","{1: [<function expanding_mean at 0x000002C58F7A04A0>], 7: [<function rolling_mean_14 at 0x000002C5930FAA20>], 30: [<function expanding_mean at 0x000002C58F7A04A0>]}",lags_100_features_33,89.81268639512943,101.38419564039596,124.39882061810292,130.4154344621855,124.17450905392333,119.58384840931349,100.37214570011956,89.66326637885331,109.5735923810472,157.34655313236644,158.9637597428384
SGD_Lasso,"AutoSeasonalDifferences(max_diffs=380, n_seasons=10, season_length=267) | LocalMinMaxScaler(stats_=[[  5.11211699 325.92896936]])","[1, 2, 3, 4, 5, 6, 7, 8, 9, 12, 13, 14, 15, 16, 17, 23, 27, 28, 33, 34, 36, 37, 48, 60, 63, 72, 73, 74, 76, 78, 79, 92, 98]","{1: [<function expanding_mean at 0x000002C58F7A04A0>], 7: [<function rolling_mean_14 at 0x000002C5930FAA20>], 30: [<function expanding_mean at 0x000002C58F7A04A0>]}",lags_100_features_33,122.25230196036756,106.66035531107538,104.94889449102163,93.75776023853707,78.83816942021282,69.73116751196315,63.27969729154641,57.33833725277807,73.74730406595008,99.83909806864753,99.2987321963381
SGD_Ridge,"AutoSeasonalDifferences(max_diffs=380, n_seasons=10, season_length=267) | LocalMinMaxScaler(stats_=[[  5.11211699 325.92896936]])","[1, 2, 3, 4, 5, 6, 7, 8, 9, 12, 13, 14, 15, 16, 17, 23, 27, 28, 33, 34, 36, 37, 48, 60, 63, 72, 73, 74, 76, 78, 79, 92, 98]","{1: [<function expanding_mean at 0x000002C58F7A04A0>], 7: [<function rolling_mean_14 at 0x000002C5930FAA20>], 30: [<function expanding_mean at 0x000002C58F7A04A0>]}",lags_100_features_33,113.49846257327101,103.38699204688531,105.08683897593751,96.16506220160129,81.83862098389226,73.05734181782923,65.627015452567,58.95670159248293,74.60096796473638,102.26462430575496,101.97463968265814
SGDRegressor,"AutoSeasonalDifferences(max_diffs=380, n_seasons=10, season_length=267) | LocalMinMaxScaler(stats_=[[  5.11211699 325.92896936]])","[1, 2, 3, 4, 5, 6, 7, 8, 9, 12, 13, 14, 15, 16, 17, 23, 27, 28, 33, 34, 36, 37, 48, 60, 63, 72, 73, 74, 76, 78, 79, 92, 98]","{1: [<function expanding_mean at 0x000002C58F7A04A0>], 7: [<function rolling_mean_14 at 0x000002C5930FAA20>], 30: [<function expanding_mean at 0x000002C58F7A04A0>]}",lags_100_features_33,83.8973325418964,97.23768371737705,123.0232537043375,131.86504310611846,127.65919043957652,124.84288919835373,105.50622420723283,94.9844938596755,115.25341315599307,165.23518980885336,167.18616058475214
XGBRegressor,"AutoSeasonalDifferences(max_diffs=380, n_seasons=10, season_length=267) | LocalMinMaxScaler(stats_=[[  5.11211699 325.92896936]])","[1, 2, 3, 4, 5, 6, 7, 8, 9, 12, 13, 14, 15, 16, 17, 23, 27, 28, 33, 34, 36, 37, 48, 60, 63, 72, 73, 74, 76, 78, 79, 92, 98]","{1: [<function expanding_mean at 0x000002C58F7A04A0>], 7: [<function rolling_mean_14 at 0x000002C5930FAA20>], 30: [<function expanding_mean at 0x000002C58F7A04A0>]}",lags_100_features_33,23.45693143340508,27.423557643840844,27.39580170650625,25.611934448907665,26.048538654190175,27.354219779085987,36.99217382920933,41.88387360351496,41.418949009947525,40.13465125161581,39.57957394492733
LGBMRegressor,"AutoSeasonalDifferences(max_diffs=380, n_seasons=10, season_length=267) | LocalMinMaxScaler(stats_=[[  5.11211699 325.92896936]])","[1, 2, 3, 4, 5, 6, 7, 8, 9, 12, 13, 14, 15, 16, 17, 23, 27, 28, 33, 34, 36, 37, 48, 60, 63, 72, 73, 74, 76, 78, 79, 92, 98]","{1: [<function expanding_mean at 0x000002C58F7A04A0>], 7: [<function rolling_mean_14 at 0x000002C5930FAA20>], 30: [<function expanding_mean at 0x000002C58F7A04A0>]}",lags_100_features_33,17.54056476231785,24.316337065304026,24.953709605043088,24.242469745030824,24.490562558561816,24.67845071893926,29.3190210969424,41.03030681522337,49.02873593242509,45.78666333338893,45.12173459901307
SGD_EarlyStopping,"AutoSeasonalDifferences(max_diffs=380, n_seasons=10, season_length=267) | LocalMinMaxScaler(stats_=[[  5.11211699 325.92896936]])","[1, 2, 3, 4, 5, 6, 7, 8, 9, 12, 13, 14, 15, 16, 17, 23, 27, 28, 33, 34, 36, 37, 48, 60, 63, 72, 73, 74, 76, 78, 79, 92, 98]","{1: [<function rolling_mean_14 at 0x000002C5930FAA20>], 7: [<function rolling_mean_30 at 0x000002C58DBF9260>], 30: [<function expanding_mean at 0x000002C58F7A04A0>]}",lags_100_features_33,18.953746394531628,26.8065728079524,52.210676482470994,72.54958636183301,83.20576018197126,96.02538167846765,94.59236368818387,95.90471218982161,103.31590528296476,111.20820484603611,113.66771842492311
SGD_ElasticNet,"AutoSeasonalDifferences(max_diffs=380, n_seasons=10, season_length=267) | LocalMinMaxScaler(stats_=[[  5.11211699 325.92896936]])","[1, 2, 3, 4, 5, 6, 7, 8, 9, 12, 13, 14, 15, 16, 17, 23, 27, 28, 33, 34, 36, 37, 48, 60, 63, 72, 73, 74, 76, 78, 79, 92, 98]","{1: [<function rolling_mean_14 at 0x000002C5930FAA20>], 7: [<function rolling_mean_30 at 0x000002C58DBF9260>], 30: [<function expanding_mean at 0x000002C58F7A04A0>]}",lags_100_features_33,89.0510974992836,100.93478977803021,124.43697693254583,130.9497407026943,125.07944411682399,120.83268771953155,101.54276972871298,90.90022246614976,111.0928482265121,159.4904492150346,161.17436246941193
SGD_Lasso,"AutoSeasonalDifferences(max_diffs=380, n_seasons=10, season_length=267) | LocalMinMaxScaler(stats_=[[  5.11211699 325.92896936]])","[1, 2, 3, 4, 5, 6, 7, 8, 9, 12, 13, 14, 15, 16, 17, 23, 27, 28, 33, 34, 36, 37, 48, 60, 63, 72, 73, 74, 76, 78, 79, 92, 98]","{1: [<function rolling_mean_14 at 0x000002C5930FAA20>], 7: [<function rolling_mean_30 at 0x000002C58DBF9260>], 30: [<function expanding_mean at 0x000002C58F7A04A0>]}",lags_100_features_33,122.25230196036756,106.66035531107538,104.94889449102163,93.75776023853707,78.83816942021282,69.73116751196315,63.27969729154641,57.33833725277807,73.74730406595008,99.83909806864753,99.2987321963381
SGD_Ridge,"AutoSeasonalDifferences(max_diffs=380, n_seasons=10, season_length=267) | LocalMinMaxScaler(stats_=[[  5.11211699 325.92896936]])","[1, 2, 3, 4, 5, 6, 7, 8, 9, 12, 13, 14, 15, 16, 17, 23, 27, 28, 33, 34, 36, 37, 48, 60, 63, 72, 73, 74, 76, 78, 79, 92, 98]","{1: [<function rolling_mean_14 at 0x000002C5930FAA20>], 7: [<function rolling_mean_30 at 0x000002C58DBF9260>], 30: [<function expanding_mean at 0x000002C58F7A04A0>]}",lags_100_features_33,113.19488653707879,103.276957165446,105.09696146253214,96.24238834438728,81.93873726949286,73.15167257381995,65.69283029818406,59.00668516243092,74.6212568497459,102.33818767022764,102.0563114960587
SGDRegressor,"AutoSeasonalDifferences(max_diffs=380, n_seasons=10, season_length=267) | LocalMinMaxScaler(stats_=[[  5.11211699 325.92896936]])","[1, 2, 3, 4, 5, 6, 7, 8, 9, 12, 13, 14, 15, 16, 17, 23, 27, 28, 33, 34, 36, 37, 48, 60, 63, 72, 73, 74, 76, 78, 79, 92, 98]","{1: [<function rolling_mean_14 at 0x000002C5930FAA20>], 7: [<function rolling_mean_30 at 0x000002C58DBF9260>], 30: [<function expanding_mean at 0x000002C58F7A04A0>]}",lags_100_features_33,82.69243026359786,96.33875695541809,122.67018297837463,132.1193413138422,128.39448541377533,126.03055394354111,106.76439403138787,96.35692577812074,116.82865570595445,167.25259070548773,169.27495301007383
XGBRegressor,"AutoSeasonalDifferences(max_diffs=380, n_seasons=10, season_length=267) | LocalMinMaxScaler(stats_=[[  5.11211699 325.92896936]])","[1, 2, 3, 4, 5, 6, 7, 8, 9, 12, 13, 14, 15, 16, 17, 23, 27, 28, 33, 34, 36, 37, 48, 60, 63, 72, 73, 74, 76, 78, 79, 92, 98]","{1: [<function rolling_mean_14 at 0x000002C5930FAA20>], 7: [<function rolling_mean_30 at 0x000002C58DBF9260>], 30: [<function expanding_mean at 0x000002C58F7A04A0>]}",lags_100_features_33,12.996973309637417,19.772127099671934,21.829714492906405,21.295015403341054,22.89932782328168,24.832512757663334,34.9198049902796,39.05258458378957,39.43731298034956,41.12191488610451,40.46354820541829
LGBMRegressor,"AutoSeasonalDifferences(max_diffs=380, n_seasons=10, season_length=267) | LocalMinMaxScaler(stats_=[[  5.11211699 325.92896936]])","[1, 2, 3, 4, 5, 6, 7, 8, 9, 12, 13, 14, 15, 16, 17, 23, 27, 28, 33, 34, 36, 37, 48, 60, 63, 72, 73, 74, 76, 78, 79, 92, 98]","{1: [<function rolling_mean_14 at 0x000002C5930FAA20>], 7: [<function rolling_mean_30 at 0x000002C58DBF9260>], 30: [<function expanding_mean at 0x000002C58F7A04A0>]}",lags_100_features_33,15.637446130355,21.77583228313858,22.888217855305154,22.692567447137677,25.33850925499798,26.92074294106952,35.03738981613343,41.18231566465007,41.18959395558204,42.87931817613652,42.154805304991186
SGD_EarlyStopping,"AutoSeasonalDifferences(max_diffs=380, n_seasons=10, season_length=267) | LocalMinMaxScaler(stats_=[[  5.11211699 325.92896936]])","[1, 2, 3, 4, 5, 6, 7, 8, 9, 12, 13, 14, 15, 16, 17, 23, 27, 28, 33, 34, 36, 37, 48, 60, 63, 72, 73, 74, 76, 78, 79, 92, 98]","{7: [RollingMean(window_size=7)], 30: [RollingMean(window_size=30)], 60: [RollingMean(window_size=60)]}",lags_100_features_33,17.078445363096918,18.341105425860686,27.28047320676709,30.570844169660955,28.59786066901081,28.94147944250568,31.164584839282767,30.907111976459323,36.90720912743993,56.46003116193668,57.26185949611391
SGD_ElasticNet,"AutoSeasonalDifferences(max_diffs=380, n_seasons=10, season_length=267) | LocalMinMaxScaler(stats_=[[  5.11211699 325.92896936]])","[1, 2, 3, 4, 5, 6, 7, 8, 9, 12, 13, 14, 15, 16, 17, 23, 27, 28, 33, 34, 36, 37, 48, 60, 63, 72, 73, 74, 76, 78, 79, 92, 98]","{7: [RollingMean(window_size=7)], 30: [RollingMean(window_size=30)], 60: [RollingMean(window_size=60)]}",lags_100_features_33,43.923752533078236,41.355323173849726,47.22227865480976,44.22505404603115,38.262592829712574,35.6644186268066,38.72192647890582,37.299551960908076,49.81307748678803,72.10971498417713,71.8990346099618
SGD_Lasso,"AutoSeasonalDifferences(max_diffs=380, n_seasons=10, season_length=267) | LocalMinMaxScaler(stats_=[[  5.11211699 325.92896936]])","[1, 2, 3, 4, 5, 6, 7, 8, 9, 12, 13, 14, 15, 16, 17, 23, 27, 28, 33, 34, 36, 37, 48, 60, 63, 72, 73, 74, 76, 78, 79, 92, 98]","{7: [RollingMean(window_size=7)], 30: [RollingMean(window_size=30)], 60: [RollingMean(window_size=60)]}",lags_100_features_33,127.80983377302874,111.82800257018886,110.07374580215313,98.60277154765576,83.0767240297427,73.38826855413618,65.73449266465758,59.455672680400085,76.57778566716006,103.70055776432314,103.17886329051593
SGD_Ridge,"AutoSeasonalDifferences(max_diffs=380, n_seasons=10, season_length=267) | LocalMinMaxScaler(stats_=[[  5.11211699 325.92896936]])","[1, 2, 3, 4, 5, 6, 7, 8, 9, 12, 13, 14, 15, 16, 17, 23, 27, 28, 33, 34, 36, 37, 48, 60, 63, 72, 73, 74, 76, 78, 79, 92, 98]","{7: [RollingMean(window_size=7)], 30: [RollingMean(window_size=30)], 60: [RollingMean(window_size=60)]}",lags_100_features_33,60.45493971040348,48.981319079445306,45.15198899883616,38.016617970275384,36.49804451735411,37.35582149461539,42.74018222854897,40.41921061557739,51.46626350258748,63.17804871202583,62.06100350975531
SGDRegressor,"AutoSeasonalDifferences(max_diffs=380, n_seasons=10, season_length=267) | LocalMinMaxScaler(stats_=[[  5.11211699 325.92896936]])","[1, 2, 3, 4, 5, 6, 7, 8, 9, 12, 13, 14, 15, 16, 17, 23, 27, 28, 33, 34, 36, 37, 48, 60, 63, 72, 73, 74, 76, 78, 79, 92, 98]","{7: [RollingMean(window_size=7)], 30: [RollingMean(window_size=30)], 60: [RollingMean(window_size=60)]}",lags_100_features_33,31.114687504434446,28.30306661310998,33.3731505609229,31.44520876227352,28.358136883900443,27.427911937736283,33.22638167763094,33.204749657047465,42.77548111816779,60.978661424615765,60.74789884823451
XGBRegressor,"AutoSeasonalDifferences(max_diffs=380, n_seasons=10, season_length=267) | LocalMinMaxScaler(stats_=[[  5.11211699 325.92896936]])","[1, 2, 3, 4, 5, 6, 7, 8, 9, 12, 13, 14, 15, 16, 17, 23, 27, 28, 33, 34, 36, 37, 48, 60, 63, 72, 73, 74, 76, 78, 79, 92, 98]","{7: [RollingMean(window_size=7)], 30: [RollingMean(window_size=30)], 60: [RollingMean(window_size=60)]}",lags_100_features_33,18.803442952623406,25.52428106434068,26.506182708472124,25.252448515732507,27.39765378067335,30.034857775875007,39.81667170926731,42.753487885061645,42.05445493753495,41.00014344535124,40.39933124713194
LGBMRegressor,"AutoSeasonalDifferences(max_diffs=380, n_seasons=10, season_length=267) | LocalMinMaxScaler(stats_=[[  5.11211699 325.92896936]])","[1, 2, 3, 4, 5, 6, 7, 8, 9, 12, 13, 14, 15, 16, 17, 23, 27, 28, 33, 34, 36, 37, 48, 60, 63, 72, 73, 74, 76, 78, 79, 92, 98]","{7: [RollingMean(window_size=7)], 30: [RollingMean(window_size=30)], 60: [RollingMean(window_size=60)]}",lags_100_features_33,26.92861483176564,29.952303221847735,29.01448443335603,26.606793713442517,25.29623091363157,26.099647472291014,31.229101736494496,33.7275895472288,34.31667579590117,33.76163857350941,33.385304851980905
SGD_EarlyStopping,"AutoSeasonalDifferences(max_diffs=380, n_seasons=10, season_length=267) | LocalMinMaxScaler(stats_=[[  5.11211699 325.92896936]])","[1, 2, 3, 4, 5, 6, 7, 8, 9, 12, 13, 14, 15, 16, 17, 23, 27, 28, 33, 34, 36, 37, 48, 60, 63, 72, 73, 74, 76, 78, 79, 92, 98]","{7: [RollingMean(window_size=7), RollingStd(window_size=7)], 30: [RollingMean(window_size=30)], 60: [ExpandingMean()], 14: [ExponentiallyWeightedMean(alpha=0.3)]}",lags_100_features_33,17.940938375202307,25.050409353904314,48.97111932870406,68.07672542748662,77.91386253633831,89.87026118042854,87.96306777054018,87.35672941257842,90.27973026335262,95.64258547845706,98.19311073487503
SGD_ElasticNet,"AutoSeasonalDifferences(max_diffs=380, n_seasons=10, season_length=267) | LocalMinMaxScaler(stats_=[[  5.11211699 325.92896936]])","[1, 2, 3, 4, 5, 6, 7, 8, 9, 12, 13, 14, 15, 16, 17, 23, 27, 28, 33, 34, 36, 37, 48, 60, 63, 72, 73, 74, 76, 78, 79, 92, 98]","{7: [RollingMean(window_size=7), RollingStd(window_size=7)], 30: [RollingMean(window_size=30)], 60: [ExpandingMean()], 14: [ExponentiallyWeightedMean(alpha=0.3)]}",lags_100_features_33,88.14269977650285,99.77299601569153,123.24560732770533,129.95894468713368,124.34577029070117,120.36092222854342,101.29184631578536,90.70035127765405,110.64526495678189,158.85296236949978,160.5758225069931
SGD_Lasso,"AutoSeasonalDifferences(max_diffs=380, n_seasons=10, season_length=267) | LocalMinMaxScaler(stats_=[[  5.11211699 325.92896936]])","[1, 2, 3, 4, 5, 6, 7, 8, 9, 12, 13, 14, 15, 16, 17, 23, 27, 28, 33, 34, 36, 37, 48, 60, 63, 72, 73, 74, 76, 78, 79, 92, 98]","{7: [RollingMean(window_size=7), RollingStd(window_size=7)], 30: [RollingMean(window_size=30)], 60: [ExpandingMean()], 14: [ExponentiallyWeightedMean(alpha=0.3)]}",lags_100_features_33,122.25230196036756,106.66035531107538,104.94889449102163,93.75776023853707,78.83816942021282,69.73116751196315,63.27969729154641,57.33833725277807,73.74730406595008,99.83909806864753,99.2987321963381
SGD_Ridge,"AutoSeasonalDifferences(max_diffs=380, n_seasons=10, season_length=267) | LocalMinMaxScaler(stats_=[[  5.11211699 325.92896936]])","[1, 2, 3, 4, 5, 6, 7, 8, 9, 12, 13, 14, 15, 16, 17, 23, 27, 28, 33, 34, 36, 37, 48, 60, 63, 72, 73, 74, 76, 78, 79, 92, 98]","{7: [RollingMean(window_size=7), RollingStd(window_size=7)], 30: [RollingMean(window_size=30)], 60: [ExpandingMean()], 14: [ExponentiallyWeightedMean(alpha=0.3)]}",lags_100_features_33,112.80793904468773,103.00622464195142,104.99133757533292,96.24410315059791,81.99145150403122,73.2119470699981,65.73818086974002,59.03465675696899,74.58099534202256,102.35032645305691,102.08080499048452
SGDRegressor,"AutoSeasonalDifferences(max_diffs=380, n_seasons=10, season_length=267) | LocalMinMaxScaler(stats_=[[  5.11211699 325.92896936]])","[1, 2, 3, 4, 5, 6, 7, 8, 9, 12, 13, 14, 15, 16, 17, 23, 27, 28, 33, 34, 36, 37, 48, 60, 63, 72, 73, 74, 76, 78, 79, 92, 98]","{7: [RollingMean(window_size=7), RollingStd(window_size=7)], 30: [RollingMean(window_size=30)], 60: [ExpandingMean()], 14: [ExponentiallyWeightedMean(alpha=0.3)]}",lags_100_features_33,81.31069359259637,94.60535645029721,120.8136495608609,130.40897491389316,126.93433112348282,124.8250939947547,105.90759220004489,95.49044523485759,115.25194976252698,164.86430411993769,166.91204174988786
XGBRegressor,"AutoSeasonalDifferences(max_diffs=380, n_seasons=10, season_length=267) | LocalMinMaxScaler(stats_=[[  5.11211699 325.92896936]])","[1, 2, 3, 4, 5, 6, 7, 8, 9, 12, 13, 14, 15, 16, 17, 23, 27, 28, 33, 34, 36, 37, 48, 60, 63, 72, 73, 74, 76, 78, 79, 92, 98]","{7: [RollingMean(window_size=7), RollingStd(window_size=7)], 30: [RollingMean(window_size=30)], 60: [ExpandingMean()], 14: [ExponentiallyWeightedMean(alpha=0.3)]}",lags_100_features_33,20.162837400839553,26.867898039688704,26.899829102448326,25.213681477655246,25.760417874434328,25.083479646149552,33.16885367203446,34.868699085498974,40.052849259532614,48.538398886654996,47.78474115850436
LGBMRegressor,"AutoSeasonalDifferences(max_diffs=380, n_seasons=10, season_length=267) | LocalMinMaxScaler(stats_=[[  5.11211699 325.92896936]])","[1, 2, 3, 4, 5, 6, 7, 8, 9, 12, 13, 14, 15, 16, 17, 23, 27, 28, 33, 34, 36, 37, 48, 60, 63, 72, 73, 74, 76, 78, 79, 92, 98]","{7: [RollingMean(window_size=7), RollingStd(window_size=7)], 30: [RollingMean(window_size=30)], 60: [ExpandingMean()], 14: [ExponentiallyWeightedMean(alpha=0.3)]}",lags_100_features_33,23.715505402495417,27.084105558752903,26.925332738923665,26.487810710014248,26.75716832539393,26.05541639442528,30.24463251438403,46.27952682707007,55.638325818012014,50.37556715741874,49.469246026729095
XGBRegressor,"AutoSeasonalDifferences(max_diffs=380, n_seasons=10, season_length=267) | LocalBoxCox(lower=0.0, method=loglik, season_length=None, stats_=[[4.10226185e-05 0.00000000e+00]], upper=2.0)","[1, 2, 3, 4, 5, 6, 7, 8, 9, 12, 13, 14, 15, 16, 17, 23, 27, 28, 33, 34, 36, 37, 48, 60, 63, 72, 73, 74, 76, 78, 79, 92, 98]","{1: [<function expanding_mean at 0x000002C58F7A04A0>], 7: [<function rolling_mean_14 at 0x000002C5930FAA20>], 30: [<function expanding_mean at 0x000002C58F7A04A0>]}",lags_100_features_33,23.08603236201264,28.877127379220507,28.212434084119376,27.718049883419482,27.758450860235307,27.85964770311007,33.26457438663121,39.73380440358503,44.91488962216552,40.49026370019731,39.80093337769812
LGBMRegressor,"AutoSeasonalDifferences(max_diffs=380, n_seasons=10, season_length=267) | LocalBoxCox(lower=0.0, method=loglik, season_length=None, stats_=[[4.10226185e-05 0.00000000e+00]], upper=2.0)","[1, 2, 3, 4, 5, 6, 7, 8, 9, 12, 13, 14, 15, 16, 17, 23, 27, 28, 33, 34, 36, 37, 48, 60, 63, 72, 73, 74, 76, 78, 79, 92, 98]","{1: [<function expanding_mean at 0x000002C58F7A04A0>], 7: [<function rolling_mean_14 at 0x000002C5930FAA20>], 30: [<function expanding_mean at 0x000002C58F7A04A0>]}",lags_100_features_33,25.632254537726368,31.8007751898883,30.45252880491215,29.372726381658353,29.6500863315054,28.65990553373015,31.173686086044977,47.50968366499752,65.59085076313478,129.49072939573225,132.13630573295956
XGBRegressor,"AutoSeasonalDifferences(max_diffs=380, n_seasons=10, season_length=267) | LocalBoxCox(lower=0.0, method=loglik, season_length=None, stats_=[[4.10226185e-05 0.00000000e+00]], upper=2.0)","[1, 2, 3, 4, 5, 6, 7, 8, 9, 12, 13, 14, 15, 16, 17, 23, 27, 28, 33, 34, 36, 37, 48, 60, 63, 72, 73, 74, 76, 78, 79, 92, 98]","{1: [<function rolling_mean_14 at 0x000002C5930FAA20>], 7: [<function rolling_mean_30 at 0x000002C58DBF9260>], 30: [<function expanding_mean at 0x000002C58F7A04A0>]}",lags_100_features_33,21.420153395127308,26.804553903048312,27.554570494437026,28.38192009012397,32.02714362311473,35.26756122767677,44.055371120140585,45.71203667530593,44.921289784753654,43.980466587254575,43.39955690609136
LGBMRegressor,"AutoSeasonalDifferences(max_diffs=380, n_seasons=10, season_length=267) | LocalBoxCox(lower=0.0, method=loglik, season_length=None, stats_=[[4.10226185e-05 0.00000000e+00]], upper=2.0)","[1, 2, 3, 4, 5, 6, 7, 8, 9, 12, 13, 14, 15, 16, 17, 23, 27, 28, 33, 34, 36, 37, 48, 60, 63, 72, 73, 74, 76, 78, 79, 92, 98]","{1: [<function rolling_mean_14 at 0x000002C5930FAA20>], 7: [<function rolling_mean_30 at 0x000002C58DBF9260>], 30: [<function expanding_mean at 0x000002C58F7A04A0>]}",lags_100_features_33,23.00578747072903,25.82758569388297,25.82297599423254,23.74784222915583,23.849205532410725,23.398471692253594,28.969381068879528,35.785500288665986,38.9537330271977,37.05599738676659,36.56695168294987
XGBRegressor,"AutoSeasonalDifferences(max_diffs=380, n_seasons=10, season_length=267) | LocalBoxCox(lower=0.0, method=loglik, season_length=None, stats_=[[4.10226185e-05 0.00000000e+00]], upper=2.0)","[1, 2, 3, 4, 5, 6, 7, 8, 9, 12, 13, 14, 15, 16, 17, 23, 27, 28, 33, 34, 36, 37, 48, 60, 63, 72, 73, 74, 76, 78, 79, 92, 98]","{7: [RollingMean(window_size=7)], 30: [RollingMean(window_size=30)], 60: [RollingMean(window_size=60)]}",lags_100_features_33,25.704670472129916,32.98698373273577,32.166233763596466,33.074669698081806,35.51197759806738,38.17892864134432,46.590718293272054,48.25103143626659,46.52220835214135,43.99115055502876,43.479730586935446
LGBMRegressor,"AutoSeasonalDifferences(max_diffs=380, n_seasons=10, season_length=267) | LocalBoxCox(lower=0.0, method=loglik, season_length=None, stats_=[[4.10226185e-05 0.00000000e+00]], upper=2.0)","[1, 2, 3, 4, 5, 6, 7, 8, 9, 12, 13, 14, 15, 16, 17, 23, 27, 28, 33, 34, 36, 37, 48, 60, 63, 72, 73, 74, 76, 78, 79, 92, 98]","{7: [RollingMean(window_size=7)], 30: [RollingMean(window_size=30)], 60: [RollingMean(window_size=60)]}",lags_100_features_33,27.38441004249828,33.049903583864136,30.918572660403303,28.593288438780483,27.343440864007217,26.262724693445456,30.893961917201583,35.929207089483306,38.33995145524831,35.7030048476742,35.39933036097819
XGBRegressor,"AutoSeasonalDifferences(max_diffs=380, n_seasons=10, season_length=267) | LocalBoxCox(lower=0.0, method=loglik, season_length=None, stats_=[[4.10226185e-05 0.00000000e+00]], upper=2.0)","[1, 2, 3, 4, 5, 6, 7, 8, 9, 12, 13, 14, 15, 16, 17, 23, 27, 28, 33, 34, 36, 37, 48, 60, 63, 72, 73, 74, 76, 78, 79, 92, 98]","{7: [RollingMean(window_size=7), RollingStd(window_size=7)], 30: [RollingMean(window_size=30)], 60: [ExpandingMean()], 14: [ExponentiallyWeightedMean(alpha=0.3)]}",lags_100_features_33,15.2837564530449,20.991422014680516,22.890977144161244,23.994515063711795,28.349879509497082,32.113089597942746,41.67012725268261,43.65657455348063,43.20854967706481,42.759185904149014,42.2194295433816
LGBMRegressor,"AutoSeasonalDifferences(max_diffs=380, n_seasons=10, season_length=267) | LocalBoxCox(lower=0.0, method=loglik, season_length=None, stats_=[[4.10226185e-05 0.00000000e+00]], upper=2.0)","[1, 2, 3, 4, 5, 6, 7, 8, 9, 12, 13, 14, 15, 16, 17, 23, 27, 28, 33, 34, 36, 37, 48, 60, 63, 72, 73, 74, 76, 78, 79, 92, 98]","{7: [RollingMean(window_size=7), RollingStd(window_size=7)], 30: [RollingMean(window_size=30)], 60: [ExpandingMean()], 14: [ExponentiallyWeightedMean(alpha=0.3)]}",lags_100_features_33,24.879144815288562,30.54145085814798,29.11030581543924,28.001100880483914,28.102337227022094,27.835087902172113,32.69049553640659,54.7629720683337,85.97625468179997,81.29057180726149,79.75050378913929
SGD_EarlyStopping,"AutoSeasonalityAndDifferences(max_diffs=380, max_season_length=267, n_seasons=10) | LocalStandardScaler(stats_=[[47.42372721 38.3630083 ]])","[1, 2, 3, 4, 5, 6, 7, 8, 9, 12, 13, 14, 15, 16, 17, 23, 27, 28, 33, 34, 36, 37, 48, 60, 63, 72, 73, 74, 76, 78, 79, 92, 98]","{1: [<function expanding_mean at 0x000002C58F7A04A0>], 7: [<function rolling_mean_14 at 0x000002C5930FAA20>], 30: [<function expanding_mean at 0x000002C58F7A04A0>]}",lags_100_features_33,25.145405672207154,23.04784586295791,29.56719874652715,29.076182948019397,26.228301787370345,25.57825369576149,31.339227920503816,35.56611234186416,36.11329155060293,45.35919301978961,45.44438592426085
SGD_ElasticNet,"AutoSeasonalityAndDifferences(max_diffs=380, max_season_length=267, n_seasons=10) | LocalStandardScaler(stats_=[[47.42372721 38.3630083 ]])","[1, 2, 3, 4, 5, 6, 7, 8, 9, 12, 13, 14, 15, 16, 17, 23, 27, 28, 33, 34, 36, 37, 48, 60, 63, 72, 73, 74, 76, 78, 79, 92, 98]","{1: [<function expanding_mean at 0x000002C58F7A04A0>], 7: [<function rolling_mean_14 at 0x000002C5930FAA20>], 30: [<function expanding_mean at 0x000002C58F7A04A0>]}",lags_100_features_33,25.395677610590226,40.49372913292076,84.7283827664662,133.63079044953284,177.2045961951912,238.4914495613101,334.6599206235109,729.2672669484529,2472.9950220993574,9660.261870356097,10582.009479561666
SGD_Lasso,"AutoSeasonalityAndDifferences(max_diffs=380, max_season_length=267, n_seasons=10) | LocalStandardScaler(stats_=[[47.42372721 38.3630083 ]])","[1, 2, 3, 4, 5, 6, 7, 8, 9, 12, 13, 14, 15, 16, 17, 23, 27, 28, 33, 34, 36, 37, 48, 60, 63, 72, 73, 74, 76, 78, 79, 92, 98]","{1: [<function expanding_mean at 0x000002C58F7A04A0>], 7: [<function rolling_mean_14 at 0x000002C5930FAA20>], 30: [<function expanding_mean at 0x000002C58F7A04A0>]}",lags_100_features_33,122.3246889157141,106.7276640128519,105.01564577477878,93.82086660105713,78.89337667292791,69.77848699276207,63.31143530071124,57.365697448438404,73.78398936008608,99.88925731701828,99.34913850379726
SGD_Ridge,"AutoSeasonalityAndDifferences(max_diffs=380, max_season_length=267, n_seasons=10) | LocalStandardScaler(stats_=[[47.42372721 38.3630083 ]])","[1, 2, 3, 4, 5, 6, 7, 8, 9, 12, 13, 14, 15, 16, 17, 23, 27, 28, 33, 34, 36, 37, 48, 60, 63, 72, 73, 74, 76, 78, 79, 92, 98]","{1: [<function expanding_mean at 0x000002C58F7A04A0>], 7: [<function rolling_mean_14 at 0x000002C5930FAA20>], 30: [<function expanding_mean at 0x000002C58F7A04A0>]}",lags_100_features_33,12.1277644650086,14.924179274557185,22.818506598942257,24.737518915907508,22.820936519730434,22.70436154795493,30.011822348176292,35.35082978048016,37.24575764806969,53.727131119294,53.735769822445455
SGDRegressor,"AutoSeasonalityAndDifferences(max_diffs=380, max_season_length=267, n_seasons=10) | LocalStandardScaler(stats_=[[47.42372721 38.3630083 ]])","[1, 2, 3, 4, 5, 6, 7, 8, 9, 12, 13, 14, 15, 16, 17, 23, 27, 28, 33, 34, 36, 37, 48, 60, 63, 72, 73, 74, 76, 78, 79, 92, 98]","{1: [<function expanding_mean at 0x000002C58F7A04A0>], 7: [<function rolling_mean_14 at 0x000002C5930FAA20>], 30: [<function expanding_mean at 0x000002C58F7A04A0>]}",lags_100_features_33,20.230881673307362,29.167421412121225,27.83034415592492,25.72759623798449,25.449943112748173,25.93533612628938,35.16707263391912,43.71190415482724,43.30577362285104,47.04376963722923,46.27779181142005
XGBRegressor,"AutoSeasonalityAndDifferences(max_diffs=380, max_season_length=267, n_seasons=10) | LocalStandardScaler(stats_=[[47.42372721 38.3630083 ]])","[1, 2, 3, 4, 5, 6, 7, 8, 9, 12, 13, 14, 15, 16, 17, 23, 27, 28, 33, 34, 36, 37, 48, 60, 63, 72, 73, 74, 76, 78, 79, 92, 98]","{1: [<function expanding_mean at 0x000002C58F7A04A0>], 7: [<function rolling_mean_14 at 0x000002C5930FAA20>], 30: [<function expanding_mean at 0x000002C58F7A04A0>]}",lags_100_features_33,23.921571464290466,29.18826167962918,29.29727884176485,26.749833942234353,27.47579547940806,28.411018667538123,37.259246352626164,42.14416262813225,41.39096441784367,39.82362322475449,39.16160242682249
LGBMRegressor,"AutoSeasonalityAndDifferences(max_diffs=380, max_season_length=267, n_seasons=10) | LocalStandardScaler(stats_=[[47.42372721 38.3630083 ]])","[1, 2, 3, 4, 5, 6, 7, 8, 9, 12, 13, 14, 15, 16, 17, 23, 27, 28, 33, 34, 36, 37, 48, 60, 63, 72, 73, 74, 76, 78, 79, 92, 98]","{1: [<function expanding_mean at 0x000002C58F7A04A0>], 7: [<function rolling_mean_14 at 0x000002C5930FAA20>], 30: [<function expanding_mean at 0x000002C58F7A04A0>]}",lags_100_features_33,19.000727287636373,24.92896896051043,25.68426501517886,23.77562159613393,23.694768957457118,23.56081593852382,31.095726387861784,37.829921500837735,39.13484404450536,39.15461173362593,38.82698681413798
SGD_EarlyStopping,"AutoSeasonalityAndDifferences(max_diffs=380, max_season_length=267, n_seasons=10) | LocalStandardScaler(stats_=[[47.42372721 38.3630083 ]])","[1, 2, 3, 4, 5, 6, 7, 8, 9, 12, 13, 14, 15, 16, 17, 23, 27, 28, 33, 34, 36, 37, 48, 60, 63, 72, 73, 74, 76, 78, 79, 92, 98]","{1: [<function rolling_mean_14 at 0x000002C5930FAA20>], 7: [<function rolling_mean_30 at 0x000002C58DBF9260>], 30: [<function expanding_mean at 0x000002C58F7A04A0>]}",lags_100_features_33,23.572962694270345,21.432660534433655,26.72744866712119,26.115207001084162,24.041399175318826,23.681959779324515,30.4044466931584,35.217000379502124,35.58518245739516,43.35387267061064,43.34046665118109
SGD_ElasticNet,"AutoSeasonalityAndDifferences(max_diffs=380, max_season_length=267, n_seasons=10) | LocalStandardScaler(stats_=[[47.42372721 38.3630083 ]])","[1, 2, 3, 4, 5, 6, 7, 8, 9, 12, 13, 14, 15, 16, 17, 23, 27, 28, 33, 34, 36, 37, 48, 60, 63, 72, 73, 74, 76, 78, 79, 92, 98]","{1: [<function rolling_mean_14 at 0x000002C5930FAA20>], 7: [<function rolling_mean_30 at 0x000002C58DBF9260>], 30: [<function expanding_mean at 0x000002C58F7A04A0>]}",lags_100_features_33,23.496445444463365,36.71702795052068,78.3676937411181,125.12047094740362,167.46325418077546,227.77205435611396,324.8526672337938,728.0468159142968,2543.877887844437,10324.562621962757,11353.685036612329
SGD_Lasso,"AutoSeasonalityAndDifferences(max_diffs=380, max_season_length=267, n_seasons=10) | LocalStandardScaler(stats_=[[47.42372721 38.3630083 ]])","[1, 2, 3, 4, 5, 6, 7, 8, 9, 12, 13, 14, 15, 16, 17, 23, 27, 28, 33, 34, 36, 37, 48, 60, 63, 72, 73, 74, 76, 78, 79, 92, 98]","{1: [<function rolling_mean_14 at 0x000002C5930FAA20>], 7: [<function rolling_mean_30 at 0x000002C58DBF9260>], 30: [<function expanding_mean at 0x000002C58F7A04A0>]}",lags_100_features_33,122.32468911291492,106.72766419621824,105.01564595662654,93.8208667729752,78.89337682332678,69.77848712167258,63.31143538717379,57.36569752297467,73.78398946002632,99.88925745366505,99.3491386411171
SGD_Ridge,"AutoSeasonalityAndDifferences(max_diffs=380, max_season_length=267, n_seasons=10) | LocalStandardScaler(stats_=[[47.42372721 38.3630083 ]])","[1, 2, 3, 4, 5, 6, 7, 8, 9, 12, 13, 14, 15, 16, 17, 23, 27, 28, 33, 34, 36, 37, 48, 60, 63, 72, 73, 74, 76, 78, 79, 92, 98]","{1: [<function rolling_mean_14 at 0x000002C5930FAA20>], 7: [<function rolling_mean_30 at 0x000002C58DBF9260>], 30: [<function expanding_mean at 0x000002C58F7A04A0>]}",lags_100_features_33,11.991170761336004,14.845651223302816,22.623780194312907,24.533642615479533,22.6559165551034,22.566603915616795,29.914408820174188,35.39483813465355,37.18167733266861,53.54962348395471,53.5625728033434
SGDRegressor,"AutoSeasonalityAndDifferences(max_diffs=380, max_season_length=267, n_seasons=10) | LocalStandardScaler(stats_=[[47.42372721 38.3630083 ]])","[1, 2, 3, 4, 5, 6, 7, 8, 9, 12, 13, 14, 15, 16, 17, 23, 27, 28, 33, 34, 36, 37, 48, 60, 63, 72, 73, 74, 76, 78, 79, 92, 98]","{1: [<function rolling_mean_14 at 0x000002C5930FAA20>], 7: [<function rolling_mean_30 at 0x000002C58DBF9260>], 30: [<function expanding_mean at 0x000002C58F7A04A0>]}",lags_100_features_33,20.984521971476298,30.312514881849356,29.010836211956182,26.928811001609944,26.686268591549272,27.129836208104653,36.188615825096825,44.554442754606875,43.94935311495895,46.81586292472396,46.05324454912687
XGBRegressor,"AutoSeasonalityAndDifferences(max_diffs=380, max_season_length=267, n_seasons=10) | LocalStandardScaler(stats_=[[47.42372721 38.3630083 ]])","[1, 2, 3, 4, 5, 6, 7, 8, 9, 12, 13, 14, 15, 16, 17, 23, 27, 28, 33, 34, 36, 37, 48, 60, 63, 72, 73, 74, 76, 78, 79, 92, 98]","{1: [<function rolling_mean_14 at 0x000002C5930FAA20>], 7: [<function rolling_mean_30 at 0x000002C58DBF9260>], 30: [<function expanding_mean at 0x000002C58F7A04A0>]}",lags_100_features_33,22.98612362968663,24.744202204581388,25.114483526296045,24.95313844195995,26.488275827526657,27.996223448127854,36.72812834168953,41.58341336519611,41.20085876376531,40.54078773941362,40.015122385270566
LGBMRegressor,"AutoSeasonalityAndDifferences(max_diffs=380, max_season_length=267, n_seasons=10) | LocalStandardScaler(stats_=[[47.42372721 38.3630083 ]])","[1, 2, 3, 4, 5, 6, 7, 8, 9, 12, 13, 14, 15, 16, 17, 23, 27, 28, 33, 34, 36, 37, 48, 60, 63, 72, 73, 74, 76, 78, 79, 92, 98]","{1: [<function rolling_mean_14 at 0x000002C5930FAA20>], 7: [<function rolling_mean_30 at 0x000002C58DBF9260>], 30: [<function expanding_mean at 0x000002C58F7A04A0>]}",lags_100_features_33,23.290062002298175,27.508936509979854,26.667523590215524,24.785292798880725,24.365055878759605,24.493070223404125,29.12266078330018,34.80167911220486,37.35718525246139,36.09758568484471,35.62793628950185
SGD_EarlyStopping,"AutoSeasonalityAndDifferences(max_diffs=380, max_season_length=267, n_seasons=10) | LocalStandardScaler(stats_=[[47.42372721 38.3630083 ]])","[1, 2, 3, 4, 5, 6, 7, 8, 9, 12, 13, 14, 15, 16, 17, 23, 27, 28, 33, 34, 36, 37, 48, 60, 63, 72, 73, 74, 76, 78, 79, 92, 98]","{7: [RollingMean(window_size=7)], 30: [RollingMean(window_size=30)], 60: [RollingMean(window_size=60)]}",lags_100_features_33,9.13280712235939,14.196436447813365,17.8732598768274,19.27820526176337,18.394565515372,19.133552513324513,25.971972781653097,34.894028456665446,37.6326275342288,43.12927357742392,43.4677438330412
SGD_ElasticNet,"AutoSeasonalityAndDifferences(max_diffs=380, max_season_length=267, n_seasons=10) | LocalStandardScaler(stats_=[[47.42372721 38.3630083 ]])","[1, 2, 3, 4, 5, 6, 7, 8, 9, 12, 13, 14, 15, 16, 17, 23, 27, 28, 33, 34, 36, 37, 48, 60, 63, 72, 73, 74, 76, 78, 79, 92, 98]","{7: [RollingMean(window_size=7)], 30: [RollingMean(window_size=30)], 60: [RollingMean(window_size=60)]}",lags_100_features_33,12.710433764289073,15.429720803997645,29.27168218041422,39.46101718600247,42.87774283997465,47.51294285887767,45.560077053407184,44.930125226390274,55.310629058621494,62.9535954120661,65.30341050724783
SGD_Lasso,"AutoSeasonalityAndDifferences(max_diffs=380, max_season_length=267, n_seasons=10) | LocalStandardScaler(stats_=[[47.42372721 38.3630083 ]])","[1, 2, 3, 4, 5, 6, 7, 8, 9, 12, 13, 14, 15, 16, 17, 23, 27, 28, 33, 34, 36, 37, 48, 60, 63, 72, 73, 74, 76, 78, 79, 92, 98]","{7: [RollingMean(window_size=7)], 30: [RollingMean(window_size=30)], 60: [RollingMean(window_size=60)]}",lags_100_features_33,126.53981525210602,110.6470812637705,108.90260431317704,97.49557966750451,82.10812087325125,72.55172632182789,65.17290728767455,58.969576735584226,75.92909312355955,102.81673027756268,102.29080862059475
SGD_Ridge,"AutoSeasonalityAndDifferences(max_diffs=380, max_season_length=267, n_seasons=10) | LocalStandardScaler(stats_=[[47.42372721 38.3630083 ]])","[1, 2, 3, 4, 5, 6, 7, 8, 9, 12, 13, 14, 15, 16, 17, 23, 27, 28, 33, 34, 36, 37, 48, 60, 63, 72, 73, 74, 76, 78, 79, 92, 98]","{7: [RollingMean(window_size=7)], 30: [RollingMean(window_size=30)], 60: [RollingMean(window_size=60)]}",lags_100_features_33,17.74860895152983,20.153035571583935,35.109644444959685,43.44690753187815,43.89655662694554,45.32683702154262,42.92715451860577,41.51208193050417,39.92806867634884,58.300718747589706,60.25558643363718
SGDRegressor,"AutoSeasonalityAndDifferences(max_diffs=380, max_season_length=267, n_seasons=10) | LocalStandardScaler(stats_=[[47.42372721 38.3630083 ]])","[1, 2, 3, 4, 5, 6, 7, 8, 9, 12, 13, 14, 15, 16, 17, 23, 27, 28, 33, 34, 36, 37, 48, 60, 63, 72, 73, 74, 76, 78, 79, 92, 98]","{7: [RollingMean(window_size=7)], 30: [RollingMean(window_size=30)], 60: [RollingMean(window_size=60)]}",lags_100_features_33,12.905294249841054,15.479963768848359,28.67655908179746,38.42783203393815,41.687533777296,46.280862295777894,44.60689174041926,44.788159563929284,56.747555907953554,63.610754990685216,65.79186335349017
XGBRegressor,"AutoSeasonalityAndDifferences(max_diffs=380, max_season_length=267, n_seasons=10) | LocalStandardScaler(stats_=[[47.42372721 38.3630083 ]])","[1, 2, 3, 4, 5, 6, 7, 8, 9, 12, 13, 14, 15, 16, 17, 23, 27, 28, 33, 34, 36, 37, 48, 60, 63, 72, 73, 74, 76, 78, 79, 92, 98]","{7: [RollingMean(window_size=7)], 30: [RollingMean(window_size=30)], 60: [RollingMean(window_size=60)]}",lags_100_features_33,19.80383532016506,26.870211664966444,26.47009236384193,25.03175764482688,26.952193206533188,28.431993751202455,35.340477908568104,34.90649249873748,44.95840676039132,60.83685238095132,60.14522332594676
LGBMRegressor,"AutoSeasonalityAndDifferences(max_diffs=380, max_season_length=267, n_seasons=10) | LocalStandardScaler(stats_=[[47.42372721 38.3630083 ]])","[1, 2, 3, 4, 5, 6, 7, 8, 9, 12, 13, 14, 15, 16, 17, 23, 27, 28, 33, 34, 36, 37, 48, 60, 63, 72, 73, 74, 76, 78, 79, 92, 98]","{7: [RollingMean(window_size=7)], 30: [RollingMean(window_size=30)], 60: [RollingMean(window_size=60)]}",lags_100_features_33,26.698684408627955,30.000332862074224,28.642602642402252,27.29417959215436,26.0543872091352,25.445021684369358,31.525652880130618,37.19016946064414,38.496085107154485,37.432186667078184,36.83168051441204
SGD_EarlyStopping,"AutoSeasonalityAndDifferences(max_diffs=380, max_season_length=267, n_seasons=10) | LocalStandardScaler(stats_=[[47.42372721 38.3630083 ]])","[1, 2, 3, 4, 5, 6, 7, 8, 9, 12, 13, 14, 15, 16, 17, 23, 27, 28, 33, 34, 36, 37, 48, 60, 63, 72, 73, 74, 76, 78, 79, 92, 98]","{7: [RollingMean(window_size=7), RollingStd(window_size=7)], 30: [RollingMean(window_size=30)], 60: [ExpandingMean()], 14: [ExponentiallyWeightedMean(alpha=0.3)]}",lags_100_features_33,24.400612204544206,22.289834666147687,28.340884337685402,27.861104494043936,25.28783163730698,24.7742412055012,30.729748469664305,35.15927160166791,35.56004076607795,43.938402315716075,44.02769150221731
SGD_ElasticNet,"AutoSeasonalityAndDifferences(max_diffs=380, max_season_length=267, n_seasons=10) | LocalStandardScaler(stats_=[[47.42372721 38.3630083 ]])","[1, 2, 3, 4, 5, 6, 7, 8, 9, 12, 13, 14, 15, 16, 17, 23, 27, 28, 33, 34, 36, 37, 48, 60, 63, 72, 73, 74, 76, 78, 79, 92, 98]","{7: [RollingMean(window_size=7), RollingStd(window_size=7)], 30: [RollingMean(window_size=30)], 60: [ExpandingMean()], 14: [ExponentiallyWeightedMean(alpha=0.3)]}",lags_100_features_33,23.631081189736577,37.15203170548646,79.60504843383096,127.85519060141873,172.21682368497423,235.96172938981917,342.3155626853293,795.5976046434563,2903.775030762082,12517.852044447327,13851.133229428871
SGD_Lasso,"AutoSeasonalityAndDifferences(max_diffs=380, max_season_length=267, n_seasons=10) | LocalStandardScaler(stats_=[[47.42372721 38.3630083 ]])","[1, 2, 3, 4, 5, 6, 7, 8, 9, 12, 13, 14, 15, 16, 17, 23, 27, 28, 33, 34, 36, 37, 48, 60, 63, 72, 73, 74, 76, 78, 79, 92, 98]","{7: [RollingMean(window_size=7), RollingStd(window_size=7)], 30: [RollingMean(window_size=30)], 60: [ExpandingMean()], 14: [ExponentiallyWeightedMean(alpha=0.3)]}",lags_100_features_33,122.32468877354488,106.72766388065646,105.01564564367808,93.82086647711515,78.89337656449992,69.7784868998258,63.311435238377236,57.36569739470251,73.78398928803553,99.88925721850464,99.34913840479841
SGD_Ridge,"AutoSeasonalityAndDifferences(max_diffs=380, max_season_length=267, n_seasons=10) | LocalStandardScaler(stats_=[[47.42372721 38.3630083 ]])","[1, 2, 3, 4, 5, 6, 7, 8, 9, 12, 13, 14, 15, 16, 17, 23, 27, 28, 33, 34, 36, 37, 48, 60, 63, 72, 73, 74, 76, 78, 79, 92, 98]","{7: [RollingMean(window_size=7), RollingStd(window_size=7)], 30: [RollingMean(window_size=30)], 60: [ExpandingMean()], 14: [ExponentiallyWeightedMean(alpha=0.3)]}",lags_100_features_33,11.909555539656285,14.79394926974282,22.334989446046624,24.122555330677276,22.296531840981874,22.253109699126554,29.78858884461875,35.32936516179563,37.165171310562705,53.21323874872097,53.19340191676466
SGDRegressor,"AutoSeasonalityAndDifferences(max_diffs=380, max_season_length=267, n_seasons=10) | LocalStandardScaler(stats_=[[47.42372721 38.3630083 ]])","[1, 2, 3, 4, 5, 6, 7, 8, 9, 12, 13, 14, 15, 16, 17, 23, 27, 28, 33, 34, 36, 37, 48, 60, 63, 72, 73, 74, 76, 78, 79, 92, 98]","{7: [RollingMean(window_size=7), RollingStd(window_size=7)], 30: [RollingMean(window_size=30)], 60: [ExpandingMean()], 14: [ExponentiallyWeightedMean(alpha=0.3)]}",lags_100_features_33,20.63517939249157,29.778472409646678,28.47955785960249,26.412238588392494,26.31114485466274,26.94688000234937,36.20598460337261,44.20897993834607,43.59399142283542,46.534826343442205,45.7790135772997
XGBRegressor,"AutoSeasonalityAndDifferences(max_diffs=380, max_season_length=267, n_seasons=10) | LocalStandardScaler(stats_=[[47.42372721 38.3630083 ]])","[1, 2, 3, 4, 5, 6, 7, 8, 9, 12, 13, 14, 15, 16, 17, 23, 27, 28, 33, 34, 36, 37, 48, 60, 63, 72, 73, 74, 76, 78, 79, 92, 98]","{7: [RollingMean(window_size=7), RollingStd(window_size=7)], 30: [RollingMean(window_size=30)], 60: [ExpandingMean()], 14: [ExponentiallyWeightedMean(alpha=0.3)]}",lags_100_features_33,21.455759966217652,27.868396091549823,29.31390241851584,29.055219480711447,26.80091094452074,27.264449971379513,32.022540500079124,34.13369857603735,34.36727954239229,35.65084221637445,35.13542927756417
LGBMRegressor,"AutoSeasonalityAndDifferences(max_diffs=380, max_season_length=267, n_seasons=10) | LocalStandardScaler(stats_=[[47.42372721 38.3630083 ]])","[1, 2, 3, 4, 5, 6, 7, 8, 9, 12, 13, 14, 15, 16, 17, 23, 27, 28, 33, 34, 36, 37, 48, 60, 63, 72, 73, 74, 76, 78, 79, 92, 98]","{7: [RollingMean(window_size=7), RollingStd(window_size=7)], 30: [RollingMean(window_size=30)], 60: [ExpandingMean()], 14: [ExponentiallyWeightedMean(alpha=0.3)]}",lags_100_features_33,22.63709191907897,28.253243541162604,28.446718951525902,28.629194347849324,28.661788577218672,29.331474534199465,31.149444529676607,48.17483205964393,55.491550243932195,50.283858237052534,49.51845892692493
SGD_EarlyStopping,"AutoSeasonalityAndDifferences(max_diffs=380, max_season_length=267, n_seasons=10) | LocalMinMaxScaler(stats_=[[  5.11211699 325.92896936]])","[1, 2, 3, 4, 5, 6, 7, 8, 9, 12, 13, 14, 15, 16, 17, 23, 27, 28, 33, 34, 36, 37, 48, 60, 63, 72, 73, 74, 76, 78, 79, 92, 98]","{1: [<function expanding_mean at 0x000002C58F7A04A0>], 7: [<function rolling_mean_14 at 0x000002C5930FAA20>], 30: [<function expanding_mean at 0x000002C58F7A04A0>]}",lags_100_features_33,19.037621849498137,26.92825953699393,52.357281083274984,72.6540191206036,83.21765065166007,95.89540375131782,94.24725789451145,95.21890656400186,101.96183541627097,109.57511485780631,112.06002902791876
SGD_ElasticNet,"AutoSeasonalityAndDifferences(max_diffs=380, max_season_length=267, n_seasons=10) | LocalMinMaxScaler(stats_=[[  5.11211699 325.92896936]])","[1, 2, 3, 4, 5, 6, 7, 8, 9, 12, 13, 14, 15, 16, 17, 23, 27, 28, 33, 34, 36, 37, 48, 60, 63, 72, 73, 74, 76, 78, 79, 92, 98]","{1: [<function expanding_mean at 0x000002C58F7A04A0>], 7: [<function rolling_mean_14 at 0x000002C5930FAA20>], 30: [<function expanding_mean at 0x000002C58F7A04A0>]}",lags_100_features_33,89.81268639512943,101.38419564039596,124.39882061810292,130.4154344621855,124.17450905392333,119.58384840931349,100.37214570011956,89.66326637885331,109.5735923810472,157.34655313236644,158.9637597428384
SGD_Lasso,"AutoSeasonalityAndDifferences(max_diffs=380, max_season_length=267, n_seasons=10) | LocalMinMaxScaler(stats_=[[  5.11211699 325.92896936]])","[1, 2, 3, 4, 5, 6, 7, 8, 9, 12, 13, 14, 15, 16, 17, 23, 27, 28, 33, 34, 36, 37, 48, 60, 63, 72, 73, 74, 76, 78, 79, 92, 98]","{1: [<function expanding_mean at 0x000002C58F7A04A0>], 7: [<function rolling_mean_14 at 0x000002C5930FAA20>], 30: [<function expanding_mean at 0x000002C58F7A04A0>]}",lags_100_features_33,122.25230196036756,106.66035531107538,104.94889449102163,93.75776023853707,78.83816942021282,69.73116751196315,63.27969729154641,57.33833725277807,73.74730406595008,99.83909806864753,99.2987321963381
SGD_Ridge,"AutoSeasonalityAndDifferences(max_diffs=380, max_season_length=267, n_seasons=10) | LocalMinMaxScaler(stats_=[[  5.11211699 325.92896936]])","[1, 2, 3, 4, 5, 6, 7, 8, 9, 12, 13, 14, 15, 16, 17, 23, 27, 28, 33, 34, 36, 37, 48, 60, 63, 72, 73, 74, 76, 78, 79, 92, 98]","{1: [<function expanding_mean at 0x000002C58F7A04A0>], 7: [<function rolling_mean_14 at 0x000002C5930FAA20>], 30: [<function expanding_mean at 0x000002C58F7A04A0>]}",lags_100_features_33,113.49846257327101,103.38699204688531,105.08683897593751,96.16506220160129,81.83862098389226,73.05734181782923,65.627015452567,58.95670159248293,74.60096796473638,102.26462430575496,101.97463968265814
SGDRegressor,"AutoSeasonalityAndDifferences(max_diffs=380, max_season_length=267, n_seasons=10) | LocalMinMaxScaler(stats_=[[  5.11211699 325.92896936]])","[1, 2, 3, 4, 5, 6, 7, 8, 9, 12, 13, 14, 15, 16, 17, 23, 27, 28, 33, 34, 36, 37, 48, 60, 63, 72, 73, 74, 76, 78, 79, 92, 98]","{1: [<function expanding_mean at 0x000002C58F7A04A0>], 7: [<function rolling_mean_14 at 0x000002C5930FAA20>], 30: [<function expanding_mean at 0x000002C58F7A04A0>]}",lags_100_features_33,83.8973325418964,97.23768371737705,123.0232537043375,131.86504310611846,127.65919043957652,124.84288919835373,105.50622420723283,94.9844938596755,115.25341315599307,165.23518980885336,167.18616058475214
XGBRegressor,"AutoSeasonalityAndDifferences(max_diffs=380, max_season_length=267, n_seasons=10) | LocalMinMaxScaler(stats_=[[  5.11211699 325.92896936]])","[1, 2, 3, 4, 5, 6, 7, 8, 9, 12, 13, 14, 15, 16, 17, 23, 27, 28, 33, 34, 36, 37, 48, 60, 63, 72, 73, 74, 76, 78, 79, 92, 98]","{1: [<function expanding_mean at 0x000002C58F7A04A0>], 7: [<function rolling_mean_14 at 0x000002C5930FAA20>], 30: [<function expanding_mean at 0x000002C58F7A04A0>]}",lags_100_features_33,23.45693143340508,27.423557643840844,27.39580170650625,25.611934448907665,26.048538654190175,27.354219779085987,36.99217382920933,41.88387360351496,41.418949009947525,40.13465125161581,39.57957394492733
LGBMRegressor,"AutoSeasonalityAndDifferences(max_diffs=380, max_season_length=267, n_seasons=10) | LocalMinMaxScaler(stats_=[[  5.11211699 325.92896936]])","[1, 2, 3, 4, 5, 6, 7, 8, 9, 12, 13, 14, 15, 16, 17, 23, 27, 28, 33, 34, 36, 37, 48, 60, 63, 72, 73, 74, 76, 78, 79, 92, 98]","{1: [<function expanding_mean at 0x000002C58F7A04A0>], 7: [<function rolling_mean_14 at 0x000002C5930FAA20>], 30: [<function expanding_mean at 0x000002C58F7A04A0>]}",lags_100_features_33,17.54056476231785,24.316337065304026,24.953709605043088,24.242469745030824,24.490562558561816,24.67845071893926,29.3190210969424,41.03030681522337,49.02873593242509,45.78666333338893,45.12173459901307
SGD_EarlyStopping,"AutoSeasonalityAndDifferences(max_diffs=380, max_season_length=267, n_seasons=10) | LocalMinMaxScaler(stats_=[[  5.11211699 325.92896936]])","[1, 2, 3, 4, 5, 6, 7, 8, 9, 12, 13, 14, 15, 16, 17, 23, 27, 28, 33, 34, 36, 37, 48, 60, 63, 72, 73, 74, 76, 78, 79, 92, 98]","{1: [<function rolling_mean_14 at 0x000002C5930FAA20>], 7: [<function rolling_mean_30 at 0x000002C58DBF9260>], 30: [<function expanding_mean at 0x000002C58F7A04A0>]}",lags_100_features_33,18.953746394531628,26.8065728079524,52.210676482470994,72.54958636183301,83.20576018197126,96.02538167846765,94.59236368818387,95.90471218982161,103.31590528296476,111.20820484603611,113.66771842492311
SGD_ElasticNet,"AutoSeasonalityAndDifferences(max_diffs=380, max_season_length=267, n_seasons=10) | LocalMinMaxScaler(stats_=[[  5.11211699 325.92896936]])","[1, 2, 3, 4, 5, 6, 7, 8, 9, 12, 13, 14, 15, 16, 17, 23, 27, 28, 33, 34, 36, 37, 48, 60, 63, 72, 73, 74, 76, 78, 79, 92, 98]","{1: [<function rolling_mean_14 at 0x000002C5930FAA20>], 7: [<function rolling_mean_30 at 0x000002C58DBF9260>], 30: [<function expanding_mean at 0x000002C58F7A04A0>]}",lags_100_features_33,89.0510974992836,100.93478977803021,124.43697693254583,130.9497407026943,125.07944411682399,120.83268771953155,101.54276972871298,90.90022246614976,111.0928482265121,159.4904492150346,161.17436246941193
SGD_Lasso,"AutoSeasonalityAndDifferences(max_diffs=380, max_season_length=267, n_seasons=10) | LocalMinMaxScaler(stats_=[[  5.11211699 325.92896936]])","[1, 2, 3, 4, 5, 6, 7, 8, 9, 12, 13, 14, 15, 16, 17, 23, 27, 28, 33, 34, 36, 37, 48, 60, 63, 72, 73, 74, 76, 78, 79, 92, 98]","{1: [<function rolling_mean_14 at 0x000002C5930FAA20>], 7: [<function rolling_mean_30 at 0x000002C58DBF9260>], 30: [<function expanding_mean at 0x000002C58F7A04A0>]}",lags_100_features_33,122.25230196036756,106.66035531107538,104.94889449102163,93.75776023853707,78.83816942021282,69.73116751196315,63.27969729154641,57.33833725277807,73.74730406595008,99.83909806864753,99.2987321963381
SGD_Ridge,"AutoSeasonalityAndDifferences(max_diffs=380, max_season_length=267, n_seasons=10) | LocalMinMaxScaler(stats_=[[  5.11211699 325.92896936]])","[1, 2, 3, 4, 5, 6, 7, 8, 9, 12, 13, 14, 15, 16, 17, 23, 27, 28, 33, 34, 36, 37, 48, 60, 63, 72, 73, 74, 76, 78, 79, 92, 98]","{1: [<function rolling_mean_14 at 0x000002C5930FAA20>], 7: [<function rolling_mean_30 at 0x000002C58DBF9260>], 30: [<function expanding_mean at 0x000002C58F7A04A0>]}",lags_100_features_33,113.19488653707879,103.276957165446,105.09696146253214,96.24238834438728,81.93873726949286,73.15167257381995,65.69283029818406,59.00668516243092,74.6212568497459,102.33818767022764,102.0563114960587
SGDRegressor,"AutoSeasonalityAndDifferences(max_diffs=380, max_season_length=267, n_seasons=10) | LocalMinMaxScaler(stats_=[[  5.11211699 325.92896936]])","[1, 2, 3, 4, 5, 6, 7, 8, 9, 12, 13, 14, 15, 16, 17, 23, 27, 28, 33, 34, 36, 37, 48, 60, 63, 72, 73, 74, 76, 78, 79, 92, 98]","{1: [<function rolling_mean_14 at 0x000002C5930FAA20>], 7: [<function rolling_mean_30 at 0x000002C58DBF9260>], 30: [<function expanding_mean at 0x000002C58F7A04A0>]}",lags_100_features_33,82.69243026359786,96.33875695541809,122.67018297837463,132.1193413138422,128.39448541377533,126.03055394354111,106.76439403138787,96.35692577812074,116.82865570595445,167.25259070548773,169.27495301007383
XGBRegressor,"AutoSeasonalityAndDifferences(max_diffs=380, max_season_length=267, n_seasons=10) | LocalMinMaxScaler(stats_=[[  5.11211699 325.92896936]])","[1, 2, 3, 4, 5, 6, 7, 8, 9, 12, 13, 14, 15, 16, 17, 23, 27, 28, 33, 34, 36, 37, 48, 60, 63, 72, 73, 74, 76, 78, 79, 92, 98]","{1: [<function rolling_mean_14 at 0x000002C5930FAA20>], 7: [<function rolling_mean_30 at 0x000002C58DBF9260>], 30: [<function expanding_mean at 0x000002C58F7A04A0>]}",lags_100_features_33,12.996973309637417,19.772127099671934,21.829714492906405,21.295015403341054,22.89932782328168,24.832512757663334,34.9198049902796,39.05258458378957,39.43731298034956,41.12191488610451,40.46354820541829
LGBMRegressor,"AutoSeasonalityAndDifferences(max_diffs=380, max_season_length=267, n_seasons=10) | LocalMinMaxScaler(stats_=[[  5.11211699 325.92896936]])","[1, 2, 3, 4, 5, 6, 7, 8, 9, 12, 13, 14, 15, 16, 17, 23, 27, 28, 33, 34, 36, 37, 48, 60, 63, 72, 73, 74, 76, 78, 79, 92, 98]","{1: [<function rolling_mean_14 at 0x000002C5930FAA20>], 7: [<function rolling_mean_30 at 0x000002C58DBF9260>], 30: [<function expanding_mean at 0x000002C58F7A04A0>]}",lags_100_features_33,15.637446130355,21.77583228313858,22.888217855305154,22.692567447137677,25.33850925499798,26.92074294106952,35.03738981613343,41.18231566465007,41.18959395558204,42.87931817613652,42.154805304991186
SGD_EarlyStopping,"AutoSeasonalityAndDifferences(max_diffs=380, max_season_length=267, n_seasons=10) | LocalMinMaxScaler(stats_=[[  5.11211699 325.92896936]])","[1, 2, 3, 4, 5, 6, 7, 8, 9, 12, 13, 14, 15, 16, 17, 23, 27, 28, 33, 34, 36, 37, 48, 60, 63, 72, 73, 74, 76, 78, 79, 92, 98]","{7: [RollingMean(window_size=7)], 30: [RollingMean(window_size=30)], 60: [RollingMean(window_size=60)]}",lags_100_features_33,17.078445363096918,18.341105425860686,27.28047320676709,30.570844169660955,28.59786066901081,28.94147944250568,31.164584839282767,30.907111976459323,36.90720912743993,56.46003116193668,57.26185949611391
SGD_ElasticNet,"AutoSeasonalityAndDifferences(max_diffs=380, max_season_length=267, n_seasons=10) | LocalMinMaxScaler(stats_=[[  5.11211699 325.92896936]])","[1, 2, 3, 4, 5, 6, 7, 8, 9, 12, 13, 14, 15, 16, 17, 23, 27, 28, 33, 34, 36, 37, 48, 60, 63, 72, 73, 74, 76, 78, 79, 92, 98]","{7: [RollingMean(window_size=7)], 30: [RollingMean(window_size=30)], 60: [RollingMean(window_size=60)]}",lags_100_features_33,43.923752533078236,41.355323173849726,47.22227865480976,44.22505404603115,38.262592829712574,35.6644186268066,38.72192647890582,37.299551960908076,49.81307748678803,72.10971498417713,71.8990346099618
SGD_Lasso,"AutoSeasonalityAndDifferences(max_diffs=380, max_season_length=267, n_seasons=10) | LocalMinMaxScaler(stats_=[[  5.11211699 325.92896936]])","[1, 2, 3, 4, 5, 6, 7, 8, 9, 12, 13, 14, 15, 16, 17, 23, 27, 28, 33, 34, 36, 37, 48, 60, 63, 72, 73, 74, 76, 78, 79, 92, 98]","{7: [RollingMean(window_size=7)], 30: [RollingMean(window_size=30)], 60: [RollingMean(window_size=60)]}",lags_100_features_33,127.80983377302874,111.82800257018886,110.07374580215313,98.60277154765576,83.0767240297427,73.38826855413618,65.73449266465758,59.455672680400085,76.57778566716006,103.70055776432314,103.17886329051593
SGD_Ridge,"AutoSeasonalityAndDifferences(max_diffs=380, max_season_length=267, n_seasons=10) | LocalMinMaxScaler(stats_=[[  5.11211699 325.92896936]])","[1, 2, 3, 4, 5, 6, 7, 8, 9, 12, 13, 14, 15, 16, 17, 23, 27, 28, 33, 34, 36, 37, 48, 60, 63, 72, 73, 74, 76, 78, 79, 92, 98]","{7: [RollingMean(window_size=7)], 30: [RollingMean(window_size=30)], 60: [RollingMean(window_size=60)]}",lags_100_features_33,60.45493971040348,48.981319079445306,45.15198899883616,38.016617970275384,36.49804451735411,37.35582149461539,42.74018222854897,40.41921061557739,51.46626350258748,63.17804871202583,62.06100350975531
SGDRegressor,"AutoSeasonalityAndDifferences(max_diffs=380, max_season_length=267, n_seasons=10) | LocalMinMaxScaler(stats_=[[  5.11211699 325.92896936]])","[1, 2, 3, 4, 5, 6, 7, 8, 9, 12, 13, 14, 15, 16, 17, 23, 27, 28, 33, 34, 36, 37, 48, 60, 63, 72, 73, 74, 76, 78, 79, 92, 98]","{7: [RollingMean(window_size=7)], 30: [RollingMean(window_size=30)], 60: [RollingMean(window_size=60)]}",lags_100_features_33,31.114687504434446,28.30306661310998,33.3731505609229,31.44520876227352,28.358136883900443,27.427911937736283,33.22638167763094,33.204749657047465,42.77548111816779,60.978661424615765,60.74789884823451
XGBRegressor,"AutoSeasonalityAndDifferences(max_diffs=380, max_season_length=267, n_seasons=10) | LocalMinMaxScaler(stats_=[[  5.11211699 325.92896936]])","[1, 2, 3, 4, 5, 6, 7, 8, 9, 12, 13, 14, 15, 16, 17, 23, 27, 28, 33, 34, 36, 37, 48, 60, 63, 72, 73, 74, 76, 78, 79, 92, 98]","{7: [RollingMean(window_size=7)], 30: [RollingMean(window_size=30)], 60: [RollingMean(window_size=60)]}",lags_100_features_33,18.803442952623406,25.52428106434068,26.506182708472124,25.252448515732507,27.39765378067335,30.034857775875007,39.81667170926731,42.753487885061645,42.05445493753495,41.00014344535124,40.39933124713194
LGBMRegressor,"AutoSeasonalityAndDifferences(max_diffs=380, max_season_length=267, n_seasons=10) | LocalMinMaxScaler(stats_=[[  5.11211699 325.92896936]])","[1, 2, 3, 4, 5, 6, 7, 8, 9, 12, 13, 14, 15, 16, 17, 23, 27, 28, 33, 34, 36, 37, 48, 60, 63, 72, 73, 74, 76, 78, 79, 92, 98]","{7: [RollingMean(window_size=7)], 30: [RollingMean(window_size=30)], 60: [RollingMean(window_size=60)]}",lags_100_features_33,26.92861483176564,29.952303221847735,29.01448443335603,26.606793713442517,25.29623091363157,26.099647472291014,31.229101736494496,33.7275895472288,34.31667579590117,33.76163857350941,33.385304851980905
SGD_EarlyStopping,"AutoSeasonalityAndDifferences(max_diffs=380, max_season_length=267, n_seasons=10) | LocalMinMaxScaler(stats_=[[  5.11211699 325.92896936]])","[1, 2, 3, 4, 5, 6, 7, 8, 9, 12, 13, 14, 15, 16, 17, 23, 27, 28, 33, 34, 36, 37, 48, 60, 63, 72, 73, 74, 76, 78, 79, 92, 98]","{7: [RollingMean(window_size=7), RollingStd(window_size=7)], 30: [RollingMean(window_size=30)], 60: [ExpandingMean()], 14: [ExponentiallyWeightedMean(alpha=0.3)]}",lags_100_features_33,17.940938375202307,25.050409353904314,48.97111932870406,68.07672542748662,77.91386253633831,89.87026118042854,87.96306777054018,87.35672941257842,90.27973026335262,95.64258547845706,98.19311073487503
SGD_ElasticNet,"AutoSeasonalityAndDifferences(max_diffs=380, max_season_length=267, n_seasons=10) | LocalMinMaxScaler(stats_=[[  5.11211699 325.92896936]])","[1, 2, 3, 4, 5, 6, 7, 8, 9, 12, 13, 14, 15, 16, 17, 23, 27, 28, 33, 34, 36, 37, 48, 60, 63, 72, 73, 74, 76, 78, 79, 92, 98]","{7: [RollingMean(window_size=7), RollingStd(window_size=7)], 30: [RollingMean(window_size=30)], 60: [ExpandingMean()], 14: [ExponentiallyWeightedMean(alpha=0.3)]}",lags_100_features_33,88.14269977650285,99.77299601569153,123.24560732770533,129.95894468713368,124.34577029070117,120.36092222854342,101.29184631578536,90.70035127765405,110.64526495678189,158.85296236949978,160.5758225069931
SGD_Lasso,"AutoSeasonalityAndDifferences(max_diffs=380, max_season_length=267, n_seasons=10) | LocalMinMaxScaler(stats_=[[  5.11211699 325.92896936]])","[1, 2, 3, 4, 5, 6, 7, 8, 9, 12, 13, 14, 15, 16, 17, 23, 27, 28, 33, 34, 36, 37, 48, 60, 63, 72, 73, 74, 76, 78, 79, 92, 98]","{7: [RollingMean(window_size=7), RollingStd(window_size=7)], 30: [RollingMean(window_size=30)], 60: [ExpandingMean()], 14: [ExponentiallyWeightedMean(alpha=0.3)]}",lags_100_features_33,122.25230196036756,106.66035531107538,104.94889449102163,93.75776023853707,78.83816942021282,69.73116751196315,63.27969729154641,57.33833725277807,73.74730406595008,99.83909806864753,99.2987321963381
SGD_Ridge,"AutoSeasonalityAndDifferences(max_diffs=380, max_season_length=267, n_seasons=10) | LocalMinMaxScaler(stats_=[[  5.11211699 325.92896936]])","[1, 2, 3, 4, 5, 6, 7, 8, 9, 12, 13, 14, 15, 16, 17, 23, 27, 28, 33, 34, 36, 37, 48, 60, 63, 72, 73, 74, 76, 78, 79, 92, 98]","{7: [RollingMean(window_size=7), RollingStd(window_size=7)], 30: [RollingMean(window_size=30)], 60: [ExpandingMean()], 14: [ExponentiallyWeightedMean(alpha=0.3)]}",lags_100_features_33,112.80793904468773,103.00622464195142,104.99133757533292,96.24410315059791,81.99145150403122,73.2119470699981,65.73818086974002,59.03465675696899,74.58099534202256,102.35032645305691,102.08080499048452
SGDRegressor,"AutoSeasonalityAndDifferences(max_diffs=380, max_season_length=267, n_seasons=10) | LocalMinMaxScaler(stats_=[[  5.11211699 325.92896936]])","[1, 2, 3, 4, 5, 6, 7, 8, 9, 12, 13, 14, 15, 16, 17, 23, 27, 28, 33, 34, 36, 37, 48, 60, 63, 72, 73, 74, 76, 78, 79, 92, 98]","{7: [RollingMean(window_size=7), RollingStd(window_size=7)], 30: [RollingMean(window_size=30)], 60: [ExpandingMean()], 14: [ExponentiallyWeightedMean(alpha=0.3)]}",lags_100_features_33,81.31069359259637,94.60535645029721,120.8136495608609,130.40897491389316,126.93433112348282,124.8250939947547,105.90759220004489,95.49044523485759,115.25194976252698,164.86430411993769,166.91204174988786
XGBRegressor,"AutoSeasonalityAndDifferences(max_diffs=380, max_season_length=267, n_seasons=10) | LocalMinMaxScaler(stats_=[[  5.11211699 325.92896936]])","[1, 2, 3, 4, 5, 6, 7, 8, 9, 12, 13, 14, 15, 16, 17, 23, 27, 28, 33, 34, 36, 37, 48, 60, 63, 72, 73, 74, 76, 78, 79, 92, 98]","{7: [RollingMean(window_size=7), RollingStd(window_size=7)], 30: [RollingMean(window_size=30)], 60: [ExpandingMean()], 14: [ExponentiallyWeightedMean(alpha=0.3)]}",lags_100_features_33,20.162837400839553,26.867898039688704,26.899829102448326,25.213681477655246,25.760417874434328,25.083479646149552,33.16885367203446,34.868699085498974,40.052849259532614,48.538398886654996,47.78474115850436
LGBMRegressor,"AutoSeasonalityAndDifferences(max_diffs=380, max_season_length=267, n_seasons=10) | LocalMinMaxScaler(stats_=[[  5.11211699 325.92896936]])","[1, 2, 3, 4, 5, 6, 7, 8, 9, 12, 13, 14, 15, 16, 17, 23, 27, 28, 33, 34, 36, 37, 48, 60, 63, 72, 73, 74, 76, 78, 79, 92, 98]","{7: [RollingMean(window_size=7), RollingStd(window_size=7)], 30: [RollingMean(window_size=30)], 60: [ExpandingMean()], 14: [ExponentiallyWeightedMean(alpha=0.3)]}",lags_100_features_33,23.715505402495417,27.084105558752903,26.925332738923665,26.487810710014248,26.75716832539393,26.05541639442528,30.24463251438403,46.27952682707007,55.638325818012014,50.37556715741874,49.469246026729095
XGBRegressor,"AutoSeasonalityAndDifferences(max_diffs=380, max_season_length=267, n_seasons=10) | LocalBoxCox(lower=0.0, method=loglik, season_length=None, stats_=[[4.10226185e-05 0.00000000e+00]], upper=2.0)","[1, 2, 3, 4, 5, 6, 7, 8, 9, 12, 13, 14, 15, 16, 17, 23, 27, 28, 33, 34, 36, 37, 48, 60, 63, 72, 73, 74, 76, 78, 79, 92, 98]","{1: [<function expanding_mean at 0x000002C58F7A04A0>], 7: [<function rolling_mean_14 at 0x000002C5930FAA20>], 30: [<function expanding_mean at 0x000002C58F7A04A0>]}",lags_100_features_33,23.08603236201264,28.877127379220507,28.212434084119376,27.718049883419482,27.758450860235307,27.85964770311007,33.26457438663121,39.73380440358503,44.91488962216552,40.49026370019731,39.80093337769812
LGBMRegressor,"AutoSeasonalityAndDifferences(max_diffs=380, max_season_length=267, n_seasons=10) | LocalBoxCox(lower=0.0, method=loglik, season_length=None, stats_=[[4.10226185e-05 0.00000000e+00]], upper=2.0)","[1, 2, 3, 4, 5, 6, 7, 8, 9, 12, 13, 14, 15, 16, 17, 23, 27, 28, 33, 34, 36, 37, 48, 60, 63, 72, 73, 74, 76, 78, 79, 92, 98]","{1: [<function expanding_mean at 0x000002C58F7A04A0>], 7: [<function rolling_mean_14 at 0x000002C5930FAA20>], 30: [<function expanding_mean at 0x000002C58F7A04A0>]}",lags_100_features_33,25.632254537726368,31.8007751898883,30.45252880491215,29.372726381658353,29.6500863315054,28.65990553373015,31.173686086044977,47.50968366499752,65.59085076313478,129.49072939573225,132.13630573295956
XGBRegressor,"AutoSeasonalityAndDifferences(max_diffs=380, max_season_length=267, n_seasons=10) | LocalBoxCox(lower=0.0, method=loglik, season_length=None, stats_=[[4.10226185e-05 0.00000000e+00]], upper=2.0)","[1, 2, 3, 4, 5, 6, 7, 8, 9, 12, 13, 14, 15, 16, 17, 23, 27, 28, 33, 34, 36, 37, 48, 60, 63, 72, 73, 74, 76, 78, 79, 92, 98]","{1: [<function rolling_mean_14 at 0x000002C5930FAA20>], 7: [<function rolling_mean_30 at 0x000002C58DBF9260>], 30: [<function expanding_mean at 0x000002C58F7A04A0>]}",lags_100_features_33,21.420153395127308,26.804553903048312,27.554570494437026,28.38192009012397,32.02714362311473,35.26756122767677,44.055371120140585,45.71203667530593,44.921289784753654,43.980466587254575,43.39955690609136
LGBMRegressor,"AutoSeasonalityAndDifferences(max_diffs=380, max_season_length=267, n_seasons=10) | LocalBoxCox(lower=0.0, method=loglik, season_length=None, stats_=[[4.10226185e-05 0.00000000e+00]], upper=2.0)","[1, 2, 3, 4, 5, 6, 7, 8, 9, 12, 13, 14, 15, 16, 17, 23, 27, 28, 33, 34, 36, 37, 48, 60, 63, 72, 73, 74, 76, 78, 79, 92, 98]","{1: [<function rolling_mean_14 at 0x000002C5930FAA20>], 7: [<function rolling_mean_30 at 0x000002C58DBF9260>], 30: [<function expanding_mean at 0x000002C58F7A04A0>]}",lags_100_features_33,23.00578747072903,25.82758569388297,25.82297599423254,23.74784222915583,23.849205532410725,23.398471692253594,28.969381068879528,35.785500288665986,38.9537330271977,37.05599738676659,36.56695168294987
XGBRegressor,"AutoSeasonalityAndDifferences(max_diffs=380, max_season_length=267, n_seasons=10) | LocalBoxCox(lower=0.0, method=loglik, season_length=None, stats_=[[4.10226185e-05 0.00000000e+00]], upper=2.0)","[1, 2, 3, 4, 5, 6, 7, 8, 9, 12, 13, 14, 15, 16, 17, 23, 27, 28, 33, 34, 36, 37, 48, 60, 63, 72, 73, 74, 76, 78, 79, 92, 98]","{7: [RollingMean(window_size=7)], 30: [RollingMean(window_size=30)], 60: [RollingMean(window_size=60)]}",lags_100_features_33,25.704670472129916,32.98698373273577,32.166233763596466,33.074669698081806,35.51197759806738,38.17892864134432,46.590718293272054,48.25103143626659,46.52220835214135,43.99115055502876,43.479730586935446
LGBMRegressor,"AutoSeasonalityAndDifferences(max_diffs=380, max_season_length=267, n_seasons=10) | LocalBoxCox(lower=0.0, method=loglik, season_length=None, stats_=[[4.10226185e-05 0.00000000e+00]], upper=2.0)","[1, 2, 3, 4, 5, 6, 7, 8, 9, 12, 13, 14, 15, 16, 17, 23, 27, 28, 33, 34, 36, 37, 48, 60, 63, 72, 73, 74, 76, 78, 79, 92, 98]","{7: [RollingMean(window_size=7)], 30: [RollingMean(window_size=30)], 60: [RollingMean(window_size=60)]}",lags_100_features_33,27.38441004249828,33.049903583864136,30.918572660403303,28.593288438780483,27.343440864007217,26.262724693445456,30.893961917201583,35.929207089483306,38.33995145524831,35.7030048476742,35.39933036097819
XGBRegressor,"AutoSeasonalityAndDifferences(max_diffs=380, max_season_length=267, n_seasons=10) | LocalBoxCox(lower=0.0, method=loglik, season_length=None, stats_=[[4.10226185e-05 0.00000000e+00]], upper=2.0)","[1, 2, 3, 4, 5, 6, 7, 8, 9, 12, 13, 14, 15, 16, 17, 23, 27, 28, 33, 34, 36, 37, 48, 60, 63, 72, 73, 74, 76, 78, 79, 92, 98]","{7: [RollingMean(window_size=7), RollingStd(window_size=7)], 30: [RollingMean(window_size=30)], 60: [ExpandingMean()], 14: [ExponentiallyWeightedMean(alpha=0.3)]}",lags_100_features_33,15.2837564530449,20.991422014680516,22.890977144161244,23.994515063711795,28.349879509497082,32.113089597942746,41.67012725268261,43.65657455348063,43.20854967706481,42.759185904149014,42.2194295433816
LGBMRegressor,"AutoSeasonalityAndDifferences(max_diffs=380, max_season_length=267, n_seasons=10) | LocalBoxCox(lower=0.0, method=loglik, season_length=None, stats_=[[4.10226185e-05 0.00000000e+00]], upper=2.0)","[1, 2, 3, 4, 5, 6, 7, 8, 9, 12, 13, 14, 15, 16, 17, 23, 27, 28, 33, 34, 36, 37, 48, 60, 63, 72, 73, 74, 76, 78, 79, 92, 98]","{7: [RollingMean(window_size=7), RollingStd(window_size=7)], 30: [RollingMean(window_size=30)], 60: [ExpandingMean()], 14: [ExponentiallyWeightedMean(alpha=0.3)]}",lags_100_features_33,24.879144815288562,30.54145085814798,29.11030581543924,28.001100880483914,28.102337227022094,27.835087902172113,32.69049553640659,54.7629720683337,85.97625468179997,81.29057180726149,79.75050378913929
XGBRegressor,,"[1, 2, 3, 4, 5, 6, 7, 8, 9, 10, 11, 12, 13, 14, 15, 16, 17, 18, 19, 20, 21, 23, 25, 26, 27, 28, 30, 32, 33, 34, 35, 36, 37, 40, 41, 42, 44, 45, 47, 48, 54, 56, 60, 62, 63, 64, 69, 70, 72, 73, 74, 75, 76, 78, 79, 80, 81, 85, 90, 91, 92, 93, 94, 97, 98, 99]","{1: [<function expanding_mean at 0x000002C58F7A04A0>], 7: [<function rolling_mean_14 at 0x000002C5930FAA20>], 30: [<function expanding_mean at 0x000002C58F7A04A0>]}",lags_100_features_66,20.376154475903007,29.056790853123353,32.65145478401329,32.51538873581016,32.04330580052778,33.01510936176676,41.235860382437984,44.21961916703012,43.07215472729941,41.4686865302486,40.763246055352774
LGBMRegressor,,"[1, 2, 3, 4, 5, 6, 7, 8, 9, 10, 11, 12, 13, 14, 15, 16, 17, 18, 19, 20, 21, 23, 25, 26, 27, 28, 30, 32, 33, 34, 35, 36, 37, 40, 41, 42, 44, 45, 47, 48, 54, 56, 60, 62, 63, 64, 69, 70, 72, 73, 74, 75, 76, 78, 79, 80, 81, 85, 90, 91, 92, 93, 94, 97, 98, 99]","{1: [<function expanding_mean at 0x000002C58F7A04A0>], 7: [<function rolling_mean_14 at 0x000002C5930FAA20>], 30: [<function expanding_mean at 0x000002C58F7A04A0>]}",lags_100_features_66,11.665679301520454,20.80163441095628,22.85594083865667,24.21544364091591,24.653581871000284,25.55631353807812,28.456726009541832,42.5135997741288,55.5123056576422,51.912356214785426,50.94746831476481
XGBRegressor,,"[1, 2, 3, 4, 5, 6, 7, 8, 9, 10, 11, 12, 13, 14, 15, 16, 17, 18, 19, 20, 21, 23, 25, 26, 27, 28, 30, 32, 33, 34, 35, 36, 37, 40, 41, 42, 44, 45, 47, 48, 54, 56, 60, 62, 63, 64, 69, 70, 72, 73, 74, 75, 76, 78, 79, 80, 81, 85, 90, 91, 92, 93, 94, 97, 98, 99]","{1: [<function rolling_mean_14 at 0x000002C5930FAA20>], 7: [<function rolling_mean_30 at 0x000002C58DBF9260>], 30: [<function expanding_mean at 0x000002C58F7A04A0>]}",lags_100_features_66,11.815063394827737,19.00972305849237,22.37344645448519,24.02222873337081,27.194168574089183,28.808712671050042,36.77062224887768,38.07280672489758,37.43314319688184,36.83245826586784,36.32638334317792
LGBMRegressor,,"[1, 2, 3, 4, 5, 6, 7, 8, 9, 10, 11, 12, 13, 14, 15, 16, 17, 18, 19, 20, 21, 23, 25, 26, 27, 28, 30, 32, 33, 34, 35, 36, 37, 40, 41, 42, 44, 45, 47, 48, 54, 56, 60, 62, 63, 64, 69, 70, 72, 73, 74, 75, 76, 78, 79, 80, 81, 85, 90, 91, 92, 93, 94, 97, 98, 99]","{1: [<function rolling_mean_14 at 0x000002C5930FAA20>], 7: [<function rolling_mean_30 at 0x000002C58DBF9260>], 30: [<function expanding_mean at 0x000002C58F7A04A0>]}",lags_100_features_66,10.847778492808727,17.410673233696368,18.978670162892403,18.943138631971614,20.850427062187933,23.107515259646675,30.352901578180607,31.381819967945756,44.24656399904196,51.62575742682378,50.6783359558664
XGBRegressor,,"[1, 2, 3, 4, 5, 6, 7, 8, 9, 10, 11, 12, 13, 14, 15, 16, 17, 18, 19, 20, 21, 23, 25, 26, 27, 28, 30, 32, 33, 34, 35, 36, 37, 40, 41, 42, 44, 45, 47, 48, 54, 56, 60, 62, 63, 64, 69, 70, 72, 73, 74, 75, 76, 78, 79, 80, 81, 85, 90, 91, 92, 93, 94, 97, 98, 99]","{7: [RollingMean(window_size=7)], 30: [RollingMean(window_size=30)], 60: [RollingMean(window_size=60)]}",lags_100_features_66,15.163474451439551,25.764748316796577,26.61167998339745,25.25283203398528,24.781105080651486,25.31874090346135,32.075831477403696,32.51357391761921,42.41916280135022,58.25601040765379,57.87067232175625
LGBMRegressor,,"[1, 2, 3, 4, 5, 6, 7, 8, 9, 10, 11, 12, 13, 14, 15, 16, 17, 18, 19, 20, 21, 23, 25, 26, 27, 28, 30, 32, 33, 34, 35, 36, 37, 40, 41, 42, 44, 45, 47, 48, 54, 56, 60, 62, 63, 64, 69, 70, 72, 73, 74, 75, 76, 78, 79, 80, 81, 85, 90, 91, 92, 93, 94, 97, 98, 99]","{7: [RollingMean(window_size=7)], 30: [RollingMean(window_size=30)], 60: [RollingMean(window_size=60)]}",lags_100_features_66,12.81721789301707,22.54223466954202,25.029040389191564,26.569535825419077,27.48242542741303,27.609375906847987,30.805721772900284,43.14550452539615,47.67936289912751,43.027898148842596,42.33295692119582
XGBRegressor,,"[1, 2, 3, 4, 5, 6, 7, 8, 9, 10, 11, 12, 13, 14, 15, 16, 17, 18, 19, 20, 21, 23, 25, 26, 27, 28, 30, 32, 33, 34, 35, 36, 37, 40, 41, 42, 44, 45, 47, 48, 54, 56, 60, 62, 63, 64, 69, 70, 72, 73, 74, 75, 76, 78, 79, 80, 81, 85, 90, 91, 92, 93, 94, 97, 98, 99]","{7: [RollingMean(window_size=7), RollingStd(window_size=7)], 30: [RollingMean(window_size=30)], 60: [ExpandingMean()], 14: [ExponentiallyWeightedMean(alpha=0.3)]}",lags_100_features_66,17.48124409932086,23.334602513132083,24.729458899386675,23.30341501146146,23.532593187416957,25.20248012587488,31.302890339262785,31.371923770736604,48.12514768060606,74.07428594703815,73.83242011928178
LGBMRegressor,,"[1, 2, 3, 4, 5, 6, 7, 8, 9, 10, 11, 12, 13, 14, 15, 16, 17, 18, 19, 20, 21, 23, 25, 26, 27, 28, 30, 32, 33, 34, 35, 36, 37, 40, 41, 42, 44, 45, 47, 48, 54, 56, 60, 62, 63, 64, 69, 70, 72, 73, 74, 75, 76, 78, 79, 80, 81, 85, 90, 91, 92, 93, 94, 97, 98, 99]","{7: [RollingMean(window_size=7), RollingStd(window_size=7)], 30: [RollingMean(window_size=30)], 60: [ExpandingMean()], 14: [ExponentiallyWeightedMean(alpha=0.3)]}",lags_100_features_66,10.458477269577063,16.776664964804294,18.786709201307943,18.565474501655416,19.405417566428547,20.097249857630704,28.255885483307825,29.158636444636155,41.23210222987227,59.9783337736626,59.57659149529597
XGBRegressor,AutoDifferences(max_diffs=380),"[1, 2, 3, 4, 5, 6, 7, 8, 9, 10, 11, 12, 13, 14, 15, 16, 17, 18, 19, 20, 21, 23, 25, 26, 27, 28, 30, 32, 33, 34, 35, 36, 37, 40, 41, 42, 44, 45, 47, 48, 54, 56, 60, 62, 63, 64, 69, 70, 72, 73, 74, 75, 76, 78, 79, 80, 81, 85, 90, 91, 92, 93, 94, 97, 98, 99]","{1: [<function expanding_mean at 0x000002C58F7A04A0>], 7: [<function rolling_mean_14 at 0x000002C5930FAA20>], 30: [<function expanding_mean at 0x000002C58F7A04A0>]}",lags_100_features_66,32.924083810433594,29.472091796695686,29.95289915811065,26.537904394616866,26.284606448077863,27.507316054635915,29.475542152679996,30.286900236904085,36.521935098236966,45.1531895255156,44.458601520042045
LGBMRegressor,AutoDifferences(max_diffs=380),"[1, 2, 3, 4, 5, 6, 7, 8, 9, 10, 11, 12, 13, 14, 15, 16, 17, 18, 19, 20, 21, 23, 25, 26, 27, 28, 30, 32, 33, 34, 35, 36, 37, 40, 41, 42, 44, 45, 47, 48, 54, 56, 60, 62, 63, 64, 69, 70, 72, 73, 74, 75, 76, 78, 79, 80, 81, 85, 90, 91, 92, 93, 94, 97, 98, 99]","{1: [<function expanding_mean at 0x000002C58F7A04A0>], 7: [<function rolling_mean_14 at 0x000002C5930FAA20>], 30: [<function expanding_mean at 0x000002C58F7A04A0>]}",lags_100_features_66,28.567532159612707,25.774725026587724,32.84833427386938,34.80593508205922,33.493084182022365,33.560743374302504,35.47398156553098,39.742558047373564,41.26690323378569,38.52069868578465,38.05769505742104
XGBRegressor,AutoDifferences(max_diffs=380),"[1, 2, 3, 4, 5, 6, 7, 8, 9, 10, 11, 12, 13, 14, 15, 16, 17, 18, 19, 20, 21, 23, 25, 26, 27, 28, 30, 32, 33, 34, 35, 36, 37, 40, 41, 42, 44, 45, 47, 48, 54, 56, 60, 62, 63, 64, 69, 70, 72, 73, 74, 75, 76, 78, 79, 80, 81, 85, 90, 91, 92, 93, 94, 97, 98, 99]","{1: [<function rolling_mean_14 at 0x000002C5930FAA20>], 7: [<function rolling_mean_30 at 0x000002C58DBF9260>], 30: [<function expanding_mean at 0x000002C58F7A04A0>]}",lags_100_features_66,20.139110656663068,20.406294362703516,22.287520632065203,23.218794367237923,21.730546593896424,22.56690687751722,30.798653350242088,93.13191840560812,296.9122759289291,579.8413062630782,588.047507973923
LGBMRegressor,AutoDifferences(max_diffs=380),"[1, 2, 3, 4, 5, 6, 7, 8, 9, 10, 11, 12, 13, 14, 15, 16, 17, 18, 19, 20, 21, 23, 25, 26, 27, 28, 30, 32, 33, 34, 35, 36, 37, 40, 41, 42, 44, 45, 47, 48, 54, 56, 60, 62, 63, 64, 69, 70, 72, 73, 74, 75, 76, 78, 79, 80, 81, 85, 90, 91, 92, 93, 94, 97, 98, 99]","{1: [<function rolling_mean_14 at 0x000002C5930FAA20>], 7: [<function rolling_mean_30 at 0x000002C58DBF9260>], 30: [<function expanding_mean at 0x000002C58F7A04A0>]}",lags_100_features_66,18.90615998774875,21.44239546682261,32.871143333085634,39.41553845607132,37.143140149472835,36.66743959496277,51.206319907652784,138.36117203070216,388.75997988111357,770.4177080777138,785.0915482605784
XGBRegressor,AutoDifferences(max_diffs=380),"[1, 2, 3, 4, 5, 6, 7, 8, 9, 10, 11, 12, 13, 14, 15, 16, 17, 18, 19, 20, 21, 23, 25, 26, 27, 28, 30, 32, 33, 34, 35, 36, 37, 40, 41, 42, 44, 45, 47, 48, 54, 56, 60, 62, 63, 64, 69, 70, 72, 73, 74, 75, 76, 78, 79, 80, 81, 85, 90, 91, 92, 93, 94, 97, 98, 99]","{7: [RollingMean(window_size=7)], 30: [RollingMean(window_size=30)], 60: [RollingMean(window_size=60)]}",lags_100_features_66,35.01626437268739,40.434715737062646,76.50036847734488,113.71544808323412,146.94091580688885,205.18572412555253,305.6248143971382,575.438487859133,1418.760992347325,3110.937523255611,3202.357775575236
LGBMRegressor,AutoDifferences(max_diffs=380),"[1, 2, 3, 4, 5, 6, 7, 8, 9, 10, 11, 12, 13, 14, 15, 16, 17, 18, 19, 20, 21, 23, 25, 26, 27, 28, 30, 32, 33, 34, 35, 36, 37, 40, 41, 42, 44, 45, 47, 48, 54, 56, 60, 62, 63, 64, 69, 70, 72, 73, 74, 75, 76, 78, 79, 80, 81, 85, 90, 91, 92, 93, 94, 97, 98, 99]","{7: [RollingMean(window_size=7)], 30: [RollingMean(window_size=30)], 60: [RollingMean(window_size=60)]}",lags_100_features_66,61.48855178224352,58.57704516991694,75.21975463372772,82.72286089097075,80.76588978970352,80.57098398221176,93.51672479421738,151.52814710045547,315.674087706351,556.3472546265142,563.1244362133749
XGBRegressor,AutoDifferences(max_diffs=380),"[1, 2, 3, 4, 5, 6, 7, 8, 9, 10, 11, 12, 13, 14, 15, 16, 17, 18, 19, 20, 21, 23, 25, 26, 27, 28, 30, 32, 33, 34, 35, 36, 37, 40, 41, 42, 44, 45, 47, 48, 54, 56, 60, 62, 63, 64, 69, 70, 72, 73, 74, 75, 76, 78, 79, 80, 81, 85, 90, 91, 92, 93, 94, 97, 98, 99]","{7: [RollingMean(window_size=7), RollingStd(window_size=7)], 30: [RollingMean(window_size=30)], 60: [ExpandingMean()], 14: [ExponentiallyWeightedMean(alpha=0.3)]}",lags_100_features_66,47.61942007415744,52.60353227921561,86.66591843089483,121.28550783339895,150.8247839014616,182.7127310150412,208.87366280447273,331.26113644080647,744.5050039475395,1549.675823533533,1593.3009185958715
LGBMRegressor,AutoDifferences(max_diffs=380),"[1, 2, 3, 4, 5, 6, 7, 8, 9, 10, 11, 12, 13, 14, 15, 16, 17, 18, 19, 20, 21, 23, 25, 26, 27, 28, 30, 32, 33, 34, 35, 36, 37, 40, 41, 42, 44, 45, 47, 48, 54, 56, 60, 62, 63, 64, 69, 70, 72, 73, 74, 75, 76, 78, 79, 80, 81, 85, 90, 91, 92, 93, 94, 97, 98, 99]","{7: [RollingMean(window_size=7), RollingStd(window_size=7)], 30: [RollingMean(window_size=30)], 60: [ExpandingMean()], 14: [ExponentiallyWeightedMean(alpha=0.3)]}",lags_100_features_66,29.992107396874246,26.347292773407744,32.272179566377766,38.55525654667866,41.41143267030824,49.34908888253096,106.32125252334359,234.87677528124436,597.2598933025619,1293.7281978363796,1323.3016149096081
XGBRegressor,"AutoSeasonalDifferences(max_diffs=380, n_seasons=10, season_length=267)","[1, 2, 3, 4, 5, 6, 7, 8, 9, 10, 11, 12, 13, 14, 15, 16, 17, 18, 19, 20, 21, 23, 25, 26, 27, 28, 30, 32, 33, 34, 35, 36, 37, 40, 41, 42, 44, 45, 47, 48, 54, 56, 60, 62, 63, 64, 69, 70, 72, 73, 74, 75, 76, 78, 79, 80, 81, 85, 90, 91, 92, 93, 94, 97, 98, 99]","{1: [<function expanding_mean at 0x000002C58F7A04A0>], 7: [<function rolling_mean_14 at 0x000002C5930FAA20>], 30: [<function expanding_mean at 0x000002C58F7A04A0>]}",lags_100_features_66,20.376154475903007,29.056790853123353,32.65145478401329,32.51538873581016,32.04330580052778,33.01510936176676,41.235860382437984,44.21961916703012,43.07215472729941,41.4686865302486,40.763246055352774
LGBMRegressor,"AutoSeasonalDifferences(max_diffs=380, n_seasons=10, season_length=267)","[1, 2, 3, 4, 5, 6, 7, 8, 9, 10, 11, 12, 13, 14, 15, 16, 17, 18, 19, 20, 21, 23, 25, 26, 27, 28, 30, 32, 33, 34, 35, 36, 37, 40, 41, 42, 44, 45, 47, 48, 54, 56, 60, 62, 63, 64, 69, 70, 72, 73, 74, 75, 76, 78, 79, 80, 81, 85, 90, 91, 92, 93, 94, 97, 98, 99]","{1: [<function expanding_mean at 0x000002C58F7A04A0>], 7: [<function rolling_mean_14 at 0x000002C5930FAA20>], 30: [<function expanding_mean at 0x000002C58F7A04A0>]}",lags_100_features_66,11.665679301520454,20.80163441095628,22.85594083865667,24.21544364091591,24.653581871000284,25.55631353807812,28.456726009541832,42.5135997741288,55.5123056576422,51.912356214785426,50.94746831476481
XGBRegressor,"AutoSeasonalDifferences(max_diffs=380, n_seasons=10, season_length=267)","[1, 2, 3, 4, 5, 6, 7, 8, 9, 10, 11, 12, 13, 14, 15, 16, 17, 18, 19, 20, 21, 23, 25, 26, 27, 28, 30, 32, 33, 34, 35, 36, 37, 40, 41, 42, 44, 45, 47, 48, 54, 56, 60, 62, 63, 64, 69, 70, 72, 73, 74, 75, 76, 78, 79, 80, 81, 85, 90, 91, 92, 93, 94, 97, 98, 99]","{1: [<function rolling_mean_14 at 0x000002C5930FAA20>], 7: [<function rolling_mean_30 at 0x000002C58DBF9260>], 30: [<function expanding_mean at 0x000002C58F7A04A0>]}",lags_100_features_66,11.815063394827737,19.00972305849237,22.37344645448519,24.02222873337081,27.194168574089183,28.808712671050042,36.77062224887768,38.07280672489758,37.43314319688184,36.83245826586784,36.32638334317792
LGBMRegressor,"AutoSeasonalDifferences(max_diffs=380, n_seasons=10, season_length=267)","[1, 2, 3, 4, 5, 6, 7, 8, 9, 10, 11, 12, 13, 14, 15, 16, 17, 18, 19, 20, 21, 23, 25, 26, 27, 28, 30, 32, 33, 34, 35, 36, 37, 40, 41, 42, 44, 45, 47, 48, 54, 56, 60, 62, 63, 64, 69, 70, 72, 73, 74, 75, 76, 78, 79, 80, 81, 85, 90, 91, 92, 93, 94, 97, 98, 99]","{1: [<function rolling_mean_14 at 0x000002C5930FAA20>], 7: [<function rolling_mean_30 at 0x000002C58DBF9260>], 30: [<function expanding_mean at 0x000002C58F7A04A0>]}",lags_100_features_66,10.847778492808727,17.410673233696368,18.978670162892403,18.943138631971614,20.850427062187933,23.107515259646675,30.352901578180607,31.381819967945756,44.24656399904196,51.62575742682378,50.6783359558664
XGBRegressor,"AutoSeasonalDifferences(max_diffs=380, n_seasons=10, season_length=267)","[1, 2, 3, 4, 5, 6, 7, 8, 9, 10, 11, 12, 13, 14, 15, 16, 17, 18, 19, 20, 21, 23, 25, 26, 27, 28, 30, 32, 33, 34, 35, 36, 37, 40, 41, 42, 44, 45, 47, 48, 54, 56, 60, 62, 63, 64, 69, 70, 72, 73, 74, 75, 76, 78, 79, 80, 81, 85, 90, 91, 92, 93, 94, 97, 98, 99]","{7: [RollingMean(window_size=7)], 30: [RollingMean(window_size=30)], 60: [RollingMean(window_size=60)]}",lags_100_features_66,15.163474451439551,25.764748316796577,26.61167998339745,25.25283203398528,24.781105080651486,25.31874090346135,32.075831477403696,32.51357391761921,42.41916280135022,58.25601040765379,57.87067232175625
LGBMRegressor,"AutoSeasonalDifferences(max_diffs=380, n_seasons=10, season_length=267)","[1, 2, 3, 4, 5, 6, 7, 8, 9, 10, 11, 12, 13, 14, 15, 16, 17, 18, 19, 20, 21, 23, 25, 26, 27, 28, 30, 32, 33, 34, 35, 36, 37, 40, 41, 42, 44, 45, 47, 48, 54, 56, 60, 62, 63, 64, 69, 70, 72, 73, 74, 75, 76, 78, 79, 80, 81, 85, 90, 91, 92, 93, 94, 97, 98, 99]","{7: [RollingMean(window_size=7)], 30: [RollingMean(window_size=30)], 60: [RollingMean(window_size=60)]}",lags_100_features_66,12.81721789301707,22.54223466954202,25.029040389191564,26.569535825419077,27.48242542741303,27.609375906847987,30.805721772900284,43.14550452539615,47.67936289912751,43.027898148842596,42.33295692119582
XGBRegressor,"AutoSeasonalDifferences(max_diffs=380, n_seasons=10, season_length=267)","[1, 2, 3, 4, 5, 6, 7, 8, 9, 10, 11, 12, 13, 14, 15, 16, 17, 18, 19, 20, 21, 23, 25, 26, 27, 28, 30, 32, 33, 34, 35, 36, 37, 40, 41, 42, 44, 45, 47, 48, 54, 56, 60, 62, 63, 64, 69, 70, 72, 73, 74, 75, 76, 78, 79, 80, 81, 85, 90, 91, 92, 93, 94, 97, 98, 99]","{7: [RollingMean(window_size=7), RollingStd(window_size=7)], 30: [RollingMean(window_size=30)], 60: [ExpandingMean()], 14: [ExponentiallyWeightedMean(alpha=0.3)]}",lags_100_features_66,17.48124409932086,23.334602513132083,24.729458899386675,23.30341501146146,23.532593187416957,25.20248012587488,31.302890339262785,31.371923770736604,48.12514768060606,74.07428594703815,73.83242011928178
LGBMRegressor,"AutoSeasonalDifferences(max_diffs=380, n_seasons=10, season_length=267)","[1, 2, 3, 4, 5, 6, 7, 8, 9, 10, 11, 12, 13, 14, 15, 16, 17, 18, 19, 20, 21, 23, 25, 26, 27, 28, 30, 32, 33, 34, 35, 36, 37, 40, 41, 42, 44, 45, 47, 48, 54, 56, 60, 62, 63, 64, 69, 70, 72, 73, 74, 75, 76, 78, 79, 80, 81, 85, 90, 91, 92, 93, 94, 97, 98, 99]","{7: [RollingMean(window_size=7), RollingStd(window_size=7)], 30: [RollingMean(window_size=30)], 60: [ExpandingMean()], 14: [ExponentiallyWeightedMean(alpha=0.3)]}",lags_100_features_66,10.458477269577063,16.776664964804294,18.786709201307943,18.565474501655416,19.405417566428547,20.097249857630704,28.255885483307825,29.158636444636155,41.23210222987227,59.9783337736626,59.57659149529597
XGBRegressor,"AutoSeasonalityAndDifferences(max_diffs=380, max_season_length=267, n_seasons=10)","[1, 2, 3, 4, 5, 6, 7, 8, 9, 10, 11, 12, 13, 14, 15, 16, 17, 18, 19, 20, 21, 23, 25, 26, 27, 28, 30, 32, 33, 34, 35, 36, 37, 40, 41, 42, 44, 45, 47, 48, 54, 56, 60, 62, 63, 64, 69, 70, 72, 73, 74, 75, 76, 78, 79, 80, 81, 85, 90, 91, 92, 93, 94, 97, 98, 99]","{1: [<function expanding_mean at 0x000002C58F7A04A0>], 7: [<function rolling_mean_14 at 0x000002C5930FAA20>], 30: [<function expanding_mean at 0x000002C58F7A04A0>]}",lags_100_features_66,20.376154475903007,29.056790853123353,32.65145478401329,32.51538873581016,32.04330580052778,33.01510936176676,41.235860382437984,44.21961916703012,43.07215472729941,41.4686865302486,40.763246055352774
LGBMRegressor,"AutoSeasonalityAndDifferences(max_diffs=380, max_season_length=267, n_seasons=10)","[1, 2, 3, 4, 5, 6, 7, 8, 9, 10, 11, 12, 13, 14, 15, 16, 17, 18, 19, 20, 21, 23, 25, 26, 27, 28, 30, 32, 33, 34, 35, 36, 37, 40, 41, 42, 44, 45, 47, 48, 54, 56, 60, 62, 63, 64, 69, 70, 72, 73, 74, 75, 76, 78, 79, 80, 81, 85, 90, 91, 92, 93, 94, 97, 98, 99]","{1: [<function expanding_mean at 0x000002C58F7A04A0>], 7: [<function rolling_mean_14 at 0x000002C5930FAA20>], 30: [<function expanding_mean at 0x000002C58F7A04A0>]}",lags_100_features_66,11.665679301520454,20.80163441095628,22.85594083865667,24.21544364091591,24.653581871000284,25.55631353807812,28.456726009541832,42.5135997741288,55.5123056576422,51.912356214785426,50.94746831476481
XGBRegressor,"AutoSeasonalityAndDifferences(max_diffs=380, max_season_length=267, n_seasons=10)","[1, 2, 3, 4, 5, 6, 7, 8, 9, 10, 11, 12, 13, 14, 15, 16, 17, 18, 19, 20, 21, 23, 25, 26, 27, 28, 30, 32, 33, 34, 35, 36, 37, 40, 41, 42, 44, 45, 47, 48, 54, 56, 60, 62, 63, 64, 69, 70, 72, 73, 74, 75, 76, 78, 79, 80, 81, 85, 90, 91, 92, 93, 94, 97, 98, 99]","{1: [<function rolling_mean_14 at 0x000002C5930FAA20>], 7: [<function rolling_mean_30 at 0x000002C58DBF9260>], 30: [<function expanding_mean at 0x000002C58F7A04A0>]}",lags_100_features_66,11.815063394827737,19.00972305849237,22.37344645448519,24.02222873337081,27.194168574089183,28.808712671050042,36.77062224887768,38.07280672489758,37.43314319688184,36.83245826586784,36.32638334317792
LGBMRegressor,"AutoSeasonalityAndDifferences(max_diffs=380, max_season_length=267, n_seasons=10)","[1, 2, 3, 4, 5, 6, 7, 8, 9, 10, 11, 12, 13, 14, 15, 16, 17, 18, 19, 20, 21, 23, 25, 26, 27, 28, 30, 32, 33, 34, 35, 36, 37, 40, 41, 42, 44, 45, 47, 48, 54, 56, 60, 62, 63, 64, 69, 70, 72, 73, 74, 75, 76, 78, 79, 80, 81, 85, 90, 91, 92, 93, 94, 97, 98, 99]","{1: [<function rolling_mean_14 at 0x000002C5930FAA20>], 7: [<function rolling_mean_30 at 0x000002C58DBF9260>], 30: [<function expanding_mean at 0x000002C58F7A04A0>]}",lags_100_features_66,10.847778492808727,17.410673233696368,18.978670162892403,18.943138631971614,20.850427062187933,23.107515259646675,30.352901578180607,31.381819967945756,44.24656399904196,51.62575742682378,50.6783359558664
XGBRegressor,"AutoSeasonalityAndDifferences(max_diffs=380, max_season_length=267, n_seasons=10)","[1, 2, 3, 4, 5, 6, 7, 8, 9, 10, 11, 12, 13, 14, 15, 16, 17, 18, 19, 20, 21, 23, 25, 26, 27, 28, 30, 32, 33, 34, 35, 36, 37, 40, 41, 42, 44, 45, 47, 48, 54, 56, 60, 62, 63, 64, 69, 70, 72, 73, 74, 75, 76, 78, 79, 80, 81, 85, 90, 91, 92, 93, 94, 97, 98, 99]","{7: [RollingMean(window_size=7)], 30: [RollingMean(window_size=30)], 60: [RollingMean(window_size=60)]}",lags_100_features_66,15.163474451439551,25.764748316796577,26.61167998339745,25.25283203398528,24.781105080651486,25.31874090346135,32.075831477403696,32.51357391761921,42.41916280135022,58.25601040765379,57.87067232175625
LGBMRegressor,"AutoSeasonalityAndDifferences(max_diffs=380, max_season_length=267, n_seasons=10)","[1, 2, 3, 4, 5, 6, 7, 8, 9, 10, 11, 12, 13, 14, 15, 16, 17, 18, 19, 20, 21, 23, 25, 26, 27, 28, 30, 32, 33, 34, 35, 36, 37, 40, 41, 42, 44, 45, 47, 48, 54, 56, 60, 62, 63, 64, 69, 70, 72, 73, 74, 75, 76, 78, 79, 80, 81, 85, 90, 91, 92, 93, 94, 97, 98, 99]","{7: [RollingMean(window_size=7)], 30: [RollingMean(window_size=30)], 60: [RollingMean(window_size=60)]}",lags_100_features_66,12.81721789301707,22.54223466954202,25.029040389191564,26.569535825419077,27.48242542741303,27.609375906847987,30.805721772900284,43.14550452539615,47.67936289912751,43.027898148842596,42.33295692119582
XGBRegressor,"AutoSeasonalityAndDifferences(max_diffs=380, max_season_length=267, n_seasons=10)","[1, 2, 3, 4, 5, 6, 7, 8, 9, 10, 11, 12, 13, 14, 15, 16, 17, 18, 19, 20, 21, 23, 25, 26, 27, 28, 30, 32, 33, 34, 35, 36, 37, 40, 41, 42, 44, 45, 47, 48, 54, 56, 60, 62, 63, 64, 69, 70, 72, 73, 74, 75, 76, 78, 79, 80, 81, 85, 90, 91, 92, 93, 94, 97, 98, 99]","{7: [RollingMean(window_size=7), RollingStd(window_size=7)], 30: [RollingMean(window_size=30)], 60: [ExpandingMean()], 14: [ExponentiallyWeightedMean(alpha=0.3)]}",lags_100_features_66,17.48124409932086,23.334602513132083,24.729458899386675,23.30341501146146,23.532593187416957,25.20248012587488,31.302890339262785,31.371923770736604,48.12514768060606,74.07428594703815,73.83242011928178
LGBMRegressor,"AutoSeasonalityAndDifferences(max_diffs=380, max_season_length=267, n_seasons=10)","[1, 2, 3, 4, 5, 6, 7, 8, 9, 10, 11, 12, 13, 14, 15, 16, 17, 18, 19, 20, 21, 23, 25, 26, 27, 28, 30, 32, 33, 34, 35, 36, 37, 40, 41, 42, 44, 45, 47, 48, 54, 56, 60, 62, 63, 64, 69, 70, 72, 73, 74, 75, 76, 78, 79, 80, 81, 85, 90, 91, 92, 93, 94, 97, 98, 99]","{7: [RollingMean(window_size=7), RollingStd(window_size=7)], 30: [RollingMean(window_size=30)], 60: [ExpandingMean()], 14: [ExponentiallyWeightedMean(alpha=0.3)]}",lags_100_features_66,10.458477269577063,16.776664964804294,18.786709201307943,18.565474501655416,19.405417566428547,20.097249857630704,28.255885483307825,29.158636444636155,41.23210222987227,59.9783337736626,59.57659149529597
SGD_EarlyStopping,LocalStandardScaler(stats_=[[47.42372721 38.3630083 ]]),"[1, 2, 3, 4, 5, 6, 7, 8, 9, 10, 11, 12, 13, 14, 15, 16, 17, 18, 19, 20, 21, 23, 25, 26, 27, 28, 30, 32, 33, 34, 35, 36, 37, 40, 41, 42, 44, 45, 47, 48, 54, 56, 60, 62, 63, 64, 69, 70, 72, 73, 74, 75, 76, 78, 79, 80, 81, 85, 90, 91, 92, 93, 94, 97, 98, 99]","{1: [<function expanding_mean at 0x000002C58F7A04A0>], 7: [<function rolling_mean_14 at 0x000002C5930FAA20>], 30: [<function expanding_mean at 0x000002C58F7A04A0>]}",lags_100_features_66,59.509820994050266,85.06731240091348,134.03544931497416,170.92941715838356,191.9474498946841,218.22635676261945,233.51193139766994,317.40802094082443,628.9493599842623,1335.9372583610414,1386.2504452710566
SGD_ElasticNet,LocalStandardScaler(stats_=[[47.42372721 38.3630083 ]]),"[1, 2, 3, 4, 5, 6, 7, 8, 9, 10, 11, 12, 13, 14, 15, 16, 17, 18, 19, 20, 21, 23, 25, 26, 27, 28, 30, 32, 33, 34, 35, 36, 37, 40, 41, 42, 44, 45, 47, 48, 54, 56, 60, 62, 63, 64, 69, 70, 72, 73, 74, 75, 76, 78, 79, 80, 81, 85, 90, 91, 92, 93, 94, 97, 98, 99]","{1: [<function expanding_mean at 0x000002C58F7A04A0>], 7: [<function rolling_mean_14 at 0x000002C5930FAA20>], 30: [<function expanding_mean at 0x000002C58F7A04A0>]}",lags_100_features_66,14.9642214726692,20.740840930685145,25.027673140517372,29.617326727372205,34.68857443468459,37.656254768449024,46.23551773991386,62.70589751657635,96.87231598568788,160.52193400421905,163.67490567779504
SGD_Lasso,LocalStandardScaler(stats_=[[47.42372721 38.3630083 ]]),"[1, 2, 3, 4, 5, 6, 7, 8, 9, 10, 11, 12, 13, 14, 15, 16, 17, 18, 19, 20, 21, 23, 25, 26, 27, 28, 30, 32, 33, 34, 35, 36, 37, 40, 41, 42, 44, 45, 47, 48, 54, 56, 60, 62, 63, 64, 69, 70, 72, 73, 74, 75, 76, 78, 79, 80, 81, 85, 90, 91, 92, 93, 94, 97, 98, 99]","{1: [<function expanding_mean at 0x000002C58F7A04A0>], 7: [<function rolling_mean_14 at 0x000002C5930FAA20>], 30: [<function expanding_mean at 0x000002C58F7A04A0>]}",lags_100_features_66,125.639121318977,109.80957485054037,108.07203372182055,96.71036197749996,81.42118995666304,71.9584526797247,64.77463235416013,58.62644717390454,75.47038238780878,102.19092733775412,101.66197928327243
SGD_Ridge,LocalStandardScaler(stats_=[[47.42372721 38.3630083 ]]),"[1, 2, 3, 4, 5, 6, 7, 8, 9, 10, 11, 12, 13, 14, 15, 16, 17, 18, 19, 20, 21, 23, 25, 26, 27, 28, 30, 32, 33, 34, 35, 36, 37, 40, 41, 42, 44, 45, 47, 48, 54, 56, 60, 62, 63, 64, 69, 70, 72, 73, 74, 75, 76, 78, 79, 80, 81, 85, 90, 91, 92, 93, 94, 97, 98, 99]","{1: [<function expanding_mean at 0x000002C58F7A04A0>], 7: [<function rolling_mean_14 at 0x000002C5930FAA20>], 30: [<function expanding_mean at 0x000002C58F7A04A0>]}",lags_100_features_66,75.35499599149792,104.86527129163605,155.51914106502295,187.83739715551226,199.24807420314585,211.19168981612674,196.88971921948226,199.28748187621423,245.43849723901755,322.8174371590511,326.64143219920504
SGDRegressor,LocalStandardScaler(stats_=[[47.42372721 38.3630083 ]]),"[1, 2, 3, 4, 5, 6, 7, 8, 9, 10, 11, 12, 13, 14, 15, 16, 17, 18, 19, 20, 21, 23, 25, 26, 27, 28, 30, 32, 33, 34, 35, 36, 37, 40, 41, 42, 44, 45, 47, 48, 54, 56, 60, 62, 63, 64, 69, 70, 72, 73, 74, 75, 76, 78, 79, 80, 81, 85, 90, 91, 92, 93, 94, 97, 98, 99]","{1: [<function expanding_mean at 0x000002C58F7A04A0>], 7: [<function rolling_mean_14 at 0x000002C5930FAA20>], 30: [<function expanding_mean at 0x000002C58F7A04A0>]}",lags_100_features_66,22.919884679518063,22.223896992675424,24.42663118742427,27.25894189706916,31.503160183558226,33.96427439722192,42.89959572873745,60.746954795353545,99.84490914493595,191.13951786408487,197.2052440727262
XGBRegressor,LocalStandardScaler(stats_=[[47.42372721 38.3630083 ]]),"[1, 2, 3, 4, 5, 6, 7, 8, 9, 10, 11, 12, 13, 14, 15, 16, 17, 18, 19, 20, 21, 23, 25, 26, 27, 28, 30, 32, 33, 34, 35, 36, 37, 40, 41, 42, 44, 45, 47, 48, 54, 56, 60, 62, 63, 64, 69, 70, 72, 73, 74, 75, 76, 78, 79, 80, 81, 85, 90, 91, 92, 93, 94, 97, 98, 99]","{1: [<function expanding_mean at 0x000002C58F7A04A0>], 7: [<function rolling_mean_14 at 0x000002C5930FAA20>], 30: [<function expanding_mean at 0x000002C58F7A04A0>]}",lags_100_features_66,18.45616410203031,27.611906814109293,28.78638443420995,28.832235707419873,30.068133715888866,31.18097244653854,39.113324793740325,41.61073883217771,40.65494631348501,39.19938360817619,38.53718532141215
LGBMRegressor,LocalStandardScaler(stats_=[[47.42372721 38.3630083 ]]),"[1, 2, 3, 4, 5, 6, 7, 8, 9, 10, 11, 12, 13, 14, 15, 16, 17, 18, 19, 20, 21, 23, 25, 26, 27, 28, 30, 32, 33, 34, 35, 36, 37, 40, 41, 42, 44, 45, 47, 48, 54, 56, 60, 62, 63, 64, 69, 70, 72, 73, 74, 75, 76, 78, 79, 80, 81, 85, 90, 91, 92, 93, 94, 97, 98, 99]","{1: [<function expanding_mean at 0x000002C58F7A04A0>], 7: [<function rolling_mean_14 at 0x000002C5930FAA20>], 30: [<function expanding_mean at 0x000002C58F7A04A0>]}",lags_100_features_66,12.496777751403561,20.62980382588377,22.70337445573226,23.539287008178487,23.812507587665532,25.146942216231892,29.734636090346573,42.39288462000055,79.57371602016148,72.57243269313743,71.07450650743972
SGD_EarlyStopping,LocalStandardScaler(stats_=[[47.42372721 38.3630083 ]]),"[1, 2, 3, 4, 5, 6, 7, 8, 9, 10, 11, 12, 13, 14, 15, 16, 17, 18, 19, 20, 21, 23, 25, 26, 27, 28, 30, 32, 33, 34, 35, 36, 37, 40, 41, 42, 44, 45, 47, 48, 54, 56, 60, 62, 63, 64, 69, 70, 72, 73, 74, 75, 76, 78, 79, 80, 81, 85, 90, 91, 92, 93, 94, 97, 98, 99]","{1: [<function rolling_mean_14 at 0x000002C5930FAA20>], 7: [<function rolling_mean_30 at 0x000002C58DBF9260>], 30: [<function expanding_mean at 0x000002C58F7A04A0>]}",lags_100_features_66,57.321995846748955,81.63824426980143,129.1460937563954,165.37256474564919,186.50440219068292,213.27680177897977,230.58621190061226,320.45818215028896,654.9123609652565,1436.1029537026147,1493.7109805838516
SGD_ElasticNet,LocalStandardScaler(stats_=[[47.42372721 38.3630083 ]]),"[1, 2, 3, 4, 5, 6, 7, 8, 9, 10, 11, 12, 13, 14, 15, 16, 17, 18, 19, 20, 21, 23, 25, 26, 27, 28, 30, 32, 33, 34, 35, 36, 37, 40, 41, 42, 44, 45, 47, 48, 54, 56, 60, 62, 63, 64, 69, 70, 72, 73, 74, 75, 76, 78, 79, 80, 81, 85, 90, 91, 92, 93, 94, 97, 98, 99]","{1: [<function rolling_mean_14 at 0x000002C5930FAA20>], 7: [<function rolling_mean_30 at 0x000002C58DBF9260>], 30: [<function expanding_mean at 0x000002C58F7A04A0>]}",lags_100_features_66,14.597785411263839,21.22597385637602,25.977522105305635,31.29289789067001,36.848967647634474,40.21347398367973,48.9081782667308,66.04785575832378,102.4278335770723,170.50857809376402,173.89485956403323
SGD_Lasso,LocalStandardScaler(stats_=[[47.42372721 38.3630083 ]]),"[1, 2, 3, 4, 5, 6, 7, 8, 9, 10, 11, 12, 13, 14, 15, 16, 17, 18, 19, 20, 21, 23, 25, 26, 27, 28, 30, 32, 33, 34, 35, 36, 37, 40, 41, 42, 44, 45, 47, 48, 54, 56, 60, 62, 63, 64, 69, 70, 72, 73, 74, 75, 76, 78, 79, 80, 81, 85, 90, 91, 92, 93, 94, 97, 98, 99]","{1: [<function rolling_mean_14 at 0x000002C5930FAA20>], 7: [<function rolling_mean_30 at 0x000002C58DBF9260>], 30: [<function expanding_mean at 0x000002C58F7A04A0>]}",lags_100_features_66,125.63912174569644,109.80957524732355,108.0720341153178,96.71036234951049,81.42119028210851,71.95845296079841,64.7746325428498,58.626447336468146,75.470382605131,102.19092763423913,101.66197958119125
SGD_Ridge,LocalStandardScaler(stats_=[[47.42372721 38.3630083 ]]),"[1, 2, 3, 4, 5, 6, 7, 8, 9, 10, 11, 12, 13, 14, 15, 16, 17, 18, 19, 20, 21, 23, 25, 26, 27, 28, 30, 32, 33, 34, 35, 36, 37, 40, 41, 42, 44, 45, 47, 48, 54, 56, 60, 62, 63, 64, 69, 70, 72, 73, 74, 75, 76, 78, 79, 80, 81, 85, 90, 91, 92, 93, 94, 97, 98, 99]","{1: [<function rolling_mean_14 at 0x000002C5930FAA20>], 7: [<function rolling_mean_30 at 0x000002C58DBF9260>], 30: [<function expanding_mean at 0x000002C58F7A04A0>]}",lags_100_features_66,14.719988677097758,17.711983514782233,19.5919172896504,19.329300051948454,20.74067172617471,21.987786473743082,31.066444044487053,38.42786603133537,38.39537638608541,35.578724975425956,35.11137609335474
SGDRegressor,LocalStandardScaler(stats_=[[47.42372721 38.3630083 ]]),"[1, 2, 3, 4, 5, 6, 7, 8, 9, 10, 11, 12, 13, 14, 15, 16, 17, 18, 19, 20, 21, 23, 25, 26, 27, 28, 30, 32, 33, 34, 35, 36, 37, 40, 41, 42, 44, 45, 47, 48, 54, 56, 60, 62, 63, 64, 69, 70, 72, 73, 74, 75, 76, 78, 79, 80, 81, 85, 90, 91, 92, 93, 94, 97, 98, 99]","{1: [<function rolling_mean_14 at 0x000002C5930FAA20>], 7: [<function rolling_mean_30 at 0x000002C58DBF9260>], 30: [<function expanding_mean at 0x000002C58F7A04A0>]}",lags_100_features_66,22.105323442371976,22.250579453220077,25.123528008744934,29.022441904338574,34.01580536758419,37.102242460333,46.348413967478166,65.49078295326295,108.9706090103113,209.86175994800277,216.54192563808516
XGBRegressor,LocalStandardScaler(stats_=[[47.42372721 38.3630083 ]]),"[1, 2, 3, 4, 5, 6, 7, 8, 9, 10, 11, 12, 13, 14, 15, 16, 17, 18, 19, 20, 21, 23, 25, 26, 27, 28, 30, 32, 33, 34, 35, 36, 37, 40, 41, 42, 44, 45, 47, 48, 54, 56, 60, 62, 63, 64, 69, 70, 72, 73, 74, 75, 76, 78, 79, 80, 81, 85, 90, 91, 92, 93, 94, 97, 98, 99]","{1: [<function rolling_mean_14 at 0x000002C5930FAA20>], 7: [<function rolling_mean_30 at 0x000002C58DBF9260>], 30: [<function expanding_mean at 0x000002C58F7A04A0>]}",lags_100_features_66,11.429782049053903,19.655294884629573,24.278948053298,25.769993924781577,28.908681862667123,30.241321543596904,38.078441483302896,39.35303950662507,39.09401711211061,38.367161275072284,37.838094832878475
LGBMRegressor,LocalStandardScaler(stats_=[[47.42372721 38.3630083 ]]),"[1, 2, 3, 4, 5, 6, 7, 8, 9, 10, 11, 12, 13, 14, 15, 16, 17, 18, 19, 20, 21, 23, 25, 26, 27, 28, 30, 32, 33, 34, 35, 36, 37, 40, 41, 42, 44, 45, 47, 48, 54, 56, 60, 62, 63, 64, 69, 70, 72, 73, 74, 75, 76, 78, 79, 80, 81, 85, 90, 91, 92, 93, 94, 97, 98, 99]","{1: [<function rolling_mean_14 at 0x000002C5930FAA20>], 7: [<function rolling_mean_30 at 0x000002C58DBF9260>], 30: [<function expanding_mean at 0x000002C58F7A04A0>]}",lags_100_features_66,10.980562990121529,18.18739925775055,19.947600770910466,20.334175220998308,20.861757111975393,21.755650744072724,26.389005956823013,41.821546319336896,72.49640950474408,66.45179503180844,65.05424091104402
SGD_EarlyStopping,LocalStandardScaler(stats_=[[47.42372721 38.3630083 ]]),"[1, 2, 3, 4, 5, 6, 7, 8, 9, 10, 11, 12, 13, 14, 15, 16, 17, 18, 19, 20, 21, 23, 25, 26, 27, 28, 30, 32, 33, 34, 35, 36, 37, 40, 41, 42, 44, 45, 47, 48, 54, 56, 60, 62, 63, 64, 69, 70, 72, 73, 74, 75, 76, 78, 79, 80, 81, 85, 90, 91, 92, 93, 94, 97, 98, 99]","{7: [RollingMean(window_size=7)], 30: [RollingMean(window_size=30)], 60: [RollingMean(window_size=60)]}",lags_100_features_66,27.869415402384877,37.05323708066023,75.98758384837143,131.20072490860468,200.17365747025798,326.1163743048815,705.6703931943842,3531.978595566092,28164.82301519051,384717.67354022,484035.9414963881
SGD_ElasticNet,LocalStandardScaler(stats_=[[47.42372721 38.3630083 ]]),"[1, 2, 3, 4, 5, 6, 7, 8, 9, 10, 11, 12, 13, 14, 15, 16, 17, 18, 19, 20, 21, 23, 25, 26, 27, 28, 30, 32, 33, 34, 35, 36, 37, 40, 41, 42, 44, 45, 47, 48, 54, 56, 60, 62, 63, 64, 69, 70, 72, 73, 74, 75, 76, 78, 79, 80, 81, 85, 90, 91, 92, 93, 94, 97, 98, 99]","{7: [RollingMean(window_size=7)], 30: [RollingMean(window_size=30)], 60: [RollingMean(window_size=60)]}",lags_100_features_66,15.861768396526147,17.49175249614085,29.065292383052295,38.21871938515177,42.33873649867333,49.194213788758354,49.0296511950152,46.46591323868752,45.84944999016946,46.61959181213999,47.96508889065386
SGD_Lasso,LocalStandardScaler(stats_=[[47.42372721 38.3630083 ]]),"[1, 2, 3, 4, 5, 6, 7, 8, 9, 10, 11, 12, 13, 14, 15, 16, 17, 18, 19, 20, 21, 23, 25, 26, 27, 28, 30, 32, 33, 34, 35, 36, 37, 40, 41, 42, 44, 45, 47, 48, 54, 56, 60, 62, 63, 64, 69, 70, 72, 73, 74, 75, 76, 78, 79, 80, 81, 85, 90, 91, 92, 93, 94, 97, 98, 99]","{7: [RollingMean(window_size=7)], 30: [RollingMean(window_size=30)], 60: [RollingMean(window_size=60)]}",lags_100_features_66,126.53992948283148,110.64718748072349,108.90270965049274,97.49567925292759,82.10820799343055,72.55180156390072,65.17295779898913,58.96962025307371,75.92915129965932,102.81680964517155,102.29088837202723
SGD_Ridge,LocalStandardScaler(stats_=[[47.42372721 38.3630083 ]]),"[1, 2, 3, 4, 5, 6, 7, 8, 9, 10, 11, 12, 13, 14, 15, 16, 17, 18, 19, 20, 21, 23, 25, 26, 27, 28, 30, 32, 33, 34, 35, 36, 37, 40, 41, 42, 44, 45, 47, 48, 54, 56, 60, 62, 63, 64, 69, 70, 72, 73, 74, 75, 76, 78, 79, 80, 81, 85, 90, 91, 92, 93, 94, 97, 98, 99]","{7: [RollingMean(window_size=7)], 30: [RollingMean(window_size=30)], 60: [RollingMean(window_size=60)]}",lags_100_features_66,9.379024763592863,15.489044424677195,17.53113566888619,17.659180974722645,17.597698557411903,18.30717282050081,26.332837828295403,32.67133880454705,32.80984503228527,38.35665373412249,38.529623191354965
SGDRegressor,LocalStandardScaler(stats_=[[47.42372721 38.3630083 ]]),"[1, 2, 3, 4, 5, 6, 7, 8, 9, 10, 11, 12, 13, 14, 15, 16, 17, 18, 19, 20, 21, 23, 25, 26, 27, 28, 30, 32, 33, 34, 35, 36, 37, 40, 41, 42, 44, 45, 47, 48, 54, 56, 60, 62, 63, 64, 69, 70, 72, 73, 74, 75, 76, 78, 79, 80, 81, 85, 90, 91, 92, 93, 94, 97, 98, 99]","{7: [RollingMean(window_size=7)], 30: [RollingMean(window_size=30)], 60: [RollingMean(window_size=60)]}",lags_100_features_66,15.724432563169675,33.89448597291598,46.88126367510515,58.25239126039825,66.06640637877578,71.05360519821943,78.38540521369909,99.60029739255745,158.89751416389547,266.93562335614297,271.90025649192984
XGBRegressor,LocalStandardScaler(stats_=[[47.42372721 38.3630083 ]]),"[1, 2, 3, 4, 5, 6, 7, 8, 9, 10, 11, 12, 13, 14, 15, 16, 17, 18, 19, 20, 21, 23, 25, 26, 27, 28, 30, 32, 33, 34, 35, 36, 37, 40, 41, 42, 44, 45, 47, 48, 54, 56, 60, 62, 63, 64, 69, 70, 72, 73, 74, 75, 76, 78, 79, 80, 81, 85, 90, 91, 92, 93, 94, 97, 98, 99]","{7: [RollingMean(window_size=7)], 30: [RollingMean(window_size=30)], 60: [RollingMean(window_size=60)]}",lags_100_features_66,15.075018363063364,25.55469995441128,26.429721132657036,25.587608711851605,25.61456335267462,25.95286373017625,32.52106499237733,32.85970876589733,42.74138264205224,58.47517934106686,58.09200374860922
LGBMRegressor,LocalStandardScaler(stats_=[[47.42372721 38.3630083 ]]),"[1, 2, 3, 4, 5, 6, 7, 8, 9, 10, 11, 12, 13, 14, 15, 16, 17, 18, 19, 20, 21, 23, 25, 26, 27, 28, 30, 32, 33, 34, 35, 36, 37, 40, 41, 42, 44, 45, 47, 48, 54, 56, 60, 62, 63, 64, 69, 70, 72, 73, 74, 75, 76, 78, 79, 80, 81, 85, 90, 91, 92, 93, 94, 97, 98, 99]","{7: [RollingMean(window_size=7)], 30: [RollingMean(window_size=30)], 60: [RollingMean(window_size=60)]}",lags_100_features_66,13.819849013488467,22.420013932841794,24.941087976502434,27.010307103380114,27.229411639600215,26.53602994892855,31.299263911488545,43.442362717436176,52.57338961610994,48.51063215332439,47.87738275065497
SGD_EarlyStopping,LocalStandardScaler(stats_=[[47.42372721 38.3630083 ]]),"[1, 2, 3, 4, 5, 6, 7, 8, 9, 10, 11, 12, 13, 14, 15, 16, 17, 18, 19, 20, 21, 23, 25, 26, 27, 28, 30, 32, 33, 34, 35, 36, 37, 40, 41, 42, 44, 45, 47, 48, 54, 56, 60, 62, 63, 64, 69, 70, 72, 73, 74, 75, 76, 78, 79, 80, 81, 85, 90, 91, 92, 93, 94, 97, 98, 99]","{7: [RollingMean(window_size=7), RollingStd(window_size=7)], 30: [RollingMean(window_size=30)], 60: [ExpandingMean()], 14: [ExponentiallyWeightedMean(alpha=0.3)]}",lags_100_features_66,56.97790441217916,81.34648322330506,129.15421441761325,166.14966303036803,188.24932595824498,216.44228883610202,236.56295563714963,336.44636610597627,710.6531486414706,1620.614364587992,1691.0141785046858
SGD_ElasticNet,LocalStandardScaler(stats_=[[47.42372721 38.3630083 ]]),"[1, 2, 3, 4, 5, 6, 7, 8, 9, 10, 11, 12, 13, 14, 15, 16, 17, 18, 19, 20, 21, 23, 25, 26, 27, 28, 30, 32, 33, 34, 35, 36, 37, 40, 41, 42, 44, 45, 47, 48, 54, 56, 60, 62, 63, 64, 69, 70, 72, 73, 74, 75, 76, 78, 79, 80, 81, 85, 90, 91, 92, 93, 94, 97, 98, 99]","{7: [RollingMean(window_size=7), RollingStd(window_size=7)], 30: [RollingMean(window_size=30)], 60: [ExpandingMean()], 14: [ExponentiallyWeightedMean(alpha=0.3)]}",lags_100_features_66,14.762103351020592,21.064801944413777,25.743235373993212,30.93395168558699,36.420322636516225,39.71988740083565,48.396081576723645,65.64748092954115,102.45578123834281,172.17745216159426,175.7135664373529
SGD_Lasso,LocalStandardScaler(stats_=[[47.42372721 38.3630083 ]]),"[1, 2, 3, 4, 5, 6, 7, 8, 9, 10, 11, 12, 13, 14, 15, 16, 17, 18, 19, 20, 21, 23, 25, 26, 27, 28, 30, 32, 33, 34, 35, 36, 37, 40, 41, 42, 44, 45, 47, 48, 54, 56, 60, 62, 63, 64, 69, 70, 72, 73, 74, 75, 76, 78, 79, 80, 81, 85, 90, 91, 92, 93, 94, 97, 98, 99]","{7: [RollingMean(window_size=7), RollingStd(window_size=7)], 30: [RollingMean(window_size=30)], 60: [ExpandingMean()], 14: [ExponentiallyWeightedMean(alpha=0.3)]}",lags_100_features_66,125.63912219612085,109.80957566614882,108.07203453067456,96.7103627421869,81.42119062563306,71.95845325748625,64.77463274202154,58.62644750806244,75.47038283452581,102.19092794719444,101.66197989566001
SGD_Ridge,LocalStandardScaler(stats_=[[47.42372721 38.3630083 ]]),"[1, 2, 3, 4, 5, 6, 7, 8, 9, 10, 11, 12, 13, 14, 15, 16, 17, 18, 19, 20, 21, 23, 25, 26, 27, 28, 30, 32, 33, 34, 35, 36, 37, 40, 41, 42, 44, 45, 47, 48, 54, 56, 60, 62, 63, 64, 69, 70, 72, 73, 74, 75, 76, 78, 79, 80, 81, 85, 90, 91, 92, 93, 94, 97, 98, 99]","{7: [RollingMean(window_size=7), RollingStd(window_size=7)], 30: [RollingMean(window_size=30)], 60: [ExpandingMean()], 14: [ExponentiallyWeightedMean(alpha=0.3)]}",lags_100_features_66,74.46247740602571,103.83893353601097,154.46601490185006,187.06263279136883,198.8870233253474,211.35162361336577,197.89142951865938,201.79877294975213,250.94085710767274,330.7333174997196,334.54299162252073
SGDRegressor,LocalStandardScaler(stats_=[[47.42372721 38.3630083 ]]),"[1, 2, 3, 4, 5, 6, 7, 8, 9, 10, 11, 12, 13, 14, 15, 16, 17, 18, 19, 20, 21, 23, 25, 26, 27, 28, 30, 32, 33, 34, 35, 36, 37, 40, 41, 42, 44, 45, 47, 48, 54, 56, 60, 62, 63, 64, 69, 70, 72, 73, 74, 75, 76, 78, 79, 80, 81, 85, 90, 91, 92, 93, 94, 97, 98, 99]","{7: [RollingMean(window_size=7), RollingStd(window_size=7)], 30: [RollingMean(window_size=30)], 60: [ExpandingMean()], 14: [ExponentiallyWeightedMean(alpha=0.3)]}",lags_100_features_66,22.489640106676152,22.303162762780076,25.055839413354807,28.801216497654348,33.709356504500235,36.7056387705703,45.89413811942298,65.40177602897714,110.92772605283778,220.27502528778285,227.82372204482692
XGBRegressor,LocalStandardScaler(stats_=[[47.42372721 38.3630083 ]]),"[1, 2, 3, 4, 5, 6, 7, 8, 9, 10, 11, 12, 13, 14, 15, 16, 17, 18, 19, 20, 21, 23, 25, 26, 27, 28, 30, 32, 33, 34, 35, 36, 37, 40, 41, 42, 44, 45, 47, 48, 54, 56, 60, 62, 63, 64, 69, 70, 72, 73, 74, 75, 76, 78, 79, 80, 81, 85, 90, 91, 92, 93, 94, 97, 98, 99]","{7: [RollingMean(window_size=7), RollingStd(window_size=7)], 30: [RollingMean(window_size=30)], 60: [ExpandingMean()], 14: [ExponentiallyWeightedMean(alpha=0.3)]}",lags_100_features_66,18.822249558177248,24.830724330621614,26.18911721909295,25.50896334900366,26.089698246507037,27.513661248142412,32.946841082082116,32.697673666517105,48.7873631083814,73.78949546798152,73.51073600621896
LGBMRegressor,LocalStandardScaler(stats_=[[47.42372721 38.3630083 ]]),"[1, 2, 3, 4, 5, 6, 7, 8, 9, 10, 11, 12, 13, 14, 15, 16, 17, 18, 19, 20, 21, 23, 25, 26, 27, 28, 30, 32, 33, 34, 35, 36, 37, 40, 41, 42, 44, 45, 47, 48, 54, 56, 60, 62, 63, 64, 69, 70, 72, 73, 74, 75, 76, 78, 79, 80, 81, 85, 90, 91, 92, 93, 94, 97, 98, 99]","{7: [RollingMean(window_size=7), RollingStd(window_size=7)], 30: [RollingMean(window_size=30)], 60: [ExpandingMean()], 14: [ExponentiallyWeightedMean(alpha=0.3)]}",lags_100_features_66,12.225733216860384,19.066368431428113,21.847742707120222,23.705773926978082,25.21540506669616,25.457709864923128,29.57222159732668,41.55323481873534,46.63237907068704,44.14681279879639,43.30380680420775
SGD_EarlyStopping,LocalMinMaxScaler(stats_=[[  5.11211699 325.92896936]]),"[1, 2, 3, 4, 5, 6, 7, 8, 9, 10, 11, 12, 13, 14, 15, 16, 17, 18, 19, 20, 21, 23, 25, 26, 27, 28, 30, 32, 33, 34, 35, 36, 37, 40, 41, 42, 44, 45, 47, 48, 54, 56, 60, 62, 63, 64, 69, 70, 72, 73, 74, 75, 76, 78, 79, 80, 81, 85, 90, 91, 92, 93, 94, 97, 98, 99]","{1: [<function expanding_mean at 0x000002C58F7A04A0>], 7: [<function rolling_mean_14 at 0x000002C5930FAA20>], 30: [<function expanding_mean at 0x000002C58F7A04A0>]}",lags_100_features_66,14.264471920334525,16.235982959940674,27.462354434291957,35.59878256667977,37.989652413206976,41.989559676400084,40.85056537139754,38.720242276985815,37.21409331555959,45.98446533889396,48.061570969209185
SGD_ElasticNet,LocalMinMaxScaler(stats_=[[  5.11211699 325.92896936]]),"[1, 2, 3, 4, 5, 6, 7, 8, 9, 10, 11, 12, 13, 14, 15, 16, 17, 18, 19, 20, 21, 23, 25, 26, 27, 28, 30, 32, 33, 34, 35, 36, 37, 40, 41, 42, 44, 45, 47, 48, 54, 56, 60, 62, 63, 64, 69, 70, 72, 73, 74, 75, 76, 78, 79, 80, 81, 85, 90, 91, 92, 93, 94, 97, 98, 99]","{1: [<function expanding_mean at 0x000002C58F7A04A0>], 7: [<function rolling_mean_14 at 0x000002C5930FAA20>], 30: [<function expanding_mean at 0x000002C58F7A04A0>]}",lags_100_features_66,63.50857985103413,74.44690224038442,98.60407335124948,108.4944960543327,106.1905244972648,105.01910860847113,89.87015853528312,80.09424072662125,93.3273554394782,134.58623972591695,136.56682517238406
SGD_Lasso,LocalMinMaxScaler(stats_=[[  5.11211699 325.92896936]]),"[1, 2, 3, 4, 5, 6, 7, 8, 9, 10, 11, 12, 13, 14, 15, 16, 17, 18, 19, 20, 21, 23, 25, 26, 27, 28, 30, 32, 33, 34, 35, 36, 37, 40, 41, 42, 44, 45, 47, 48, 54, 56, 60, 62, 63, 64, 69, 70, 72, 73, 74, 75, 76, 78, 79, 80, 81, 85, 90, 91, 92, 93, 94, 97, 98, 99]","{1: [<function expanding_mean at 0x000002C58F7A04A0>], 7: [<function rolling_mean_14 at 0x000002C5930FAA20>], 30: [<function expanding_mean at 0x000002C58F7A04A0>]}",lags_100_features_66,125.56505614651596,109.74070566573562,108.00373487819874,96.64579255886555,81.36470278057071,71.90966705677027,64.74188171539964,58.598231207051064,75.43266203852755,102.13946679054855,101.61026987166846
SGD_Ridge,LocalMinMaxScaler(stats_=[[  5.11211699 325.92896936]]),"[1, 2, 3, 4, 5, 6, 7, 8, 9, 10, 11, 12, 13, 14, 15, 16, 17, 18, 19, 20, 21, 23, 25, 26, 27, 28, 30, 32, 33, 34, 35, 36, 37, 40, 41, 42, 44, 45, 47, 48, 54, 56, 60, 62, 63, 64, 69, 70, 72, 73, 74, 75, 76, 78, 79, 80, 81, 85, 90, 91, 92, 93, 94, 97, 98, 99]","{1: [<function expanding_mean at 0x000002C58F7A04A0>], 7: [<function rolling_mean_14 at 0x000002C5930FAA20>], 30: [<function expanding_mean at 0x000002C58F7A04A0>]}",lags_100_features_66,103.29800504283138,96.67765371942754,101.51132513631454,94.71732395920553,81.52802045079363,73.12437497523092,65.59442489323769,58.80777363114367,73.00220003851243,101.46649025180332,101.40782658470144
SGDRegressor,LocalMinMaxScaler(stats_=[[  5.11211699 325.92896936]]),"[1, 2, 3, 4, 5, 6, 7, 8, 9, 10, 11, 12, 13, 14, 15, 16, 17, 18, 19, 20, 21, 23, 25, 26, 27, 28, 30, 32, 33, 34, 35, 36, 37, 40, 41, 42, 44, 45, 47, 48, 54, 56, 60, 62, 63, 64, 69, 70, 72, 73, 74, 75, 76, 78, 79, 80, 81, 85, 90, 91, 92, 93, 94, 97, 98, 99]","{1: [<function expanding_mean at 0x000002C58F7A04A0>], 7: [<function rolling_mean_14 at 0x000002C5930FAA20>], 30: [<function expanding_mean at 0x000002C58F7A04A0>]}",lags_100_features_66,45.03927242330122,55.5906563759934,80.44787498160404,93.21991135853403,94.00734099087296,95.42754303970978,83.03316492452491,73.56562567358992,78.88838518467787,112.71498517901313,115.12624821774158
XGBRegressor,LocalMinMaxScaler(stats_=[[  5.11211699 325.92896936]]),"[1, 2, 3, 4, 5, 6, 7, 8, 9, 10, 11, 12, 13, 14, 15, 16, 17, 18, 19, 20, 21, 23, 25, 26, 27, 28, 30, 32, 33, 34, 35, 36, 37, 40, 41, 42, 44, 45, 47, 48, 54, 56, 60, 62, 63, 64, 69, 70, 72, 73, 74, 75, 76, 78, 79, 80, 81, 85, 90, 91, 92, 93, 94, 97, 98, 99]","{1: [<function expanding_mean at 0x000002C58F7A04A0>], 7: [<function rolling_mean_14 at 0x000002C5930FAA20>], 30: [<function expanding_mean at 0x000002C58F7A04A0>]}",lags_100_features_66,22.209732008851997,30.283669004224688,32.96643438222529,32.62474712176045,32.43121755306375,33.34950812899719,41.403761897811364,44.40542639255057,43.069432421071966,40.77021347658693,40.11882189343129
LGBMRegressor,LocalMinMaxScaler(stats_=[[  5.11211699 325.92896936]]),"[1, 2, 3, 4, 5, 6, 7, 8, 9, 10, 11, 12, 13, 14, 15, 16, 17, 18, 19, 20, 21, 23, 25, 26, 27, 28, 30, 32, 33, 34, 35, 36, 37, 40, 41, 42, 44, 45, 47, 48, 54, 56, 60, 62, 63, 64, 69, 70, 72, 73, 74, 75, 76, 78, 79, 80, 81, 85, 90, 91, 92, 93, 94, 97, 98, 99]","{1: [<function expanding_mean at 0x000002C58F7A04A0>], 7: [<function rolling_mean_14 at 0x000002C5930FAA20>], 30: [<function expanding_mean at 0x000002C58F7A04A0>]}",lags_100_features_66,14.745275731291008,22.229634537393412,23.77879786697797,24.28704073862516,24.18950520509743,25.13886249966656,27.741401962596235,42.25427946550436,51.04683202681818,46.632441461141894,45.84483678974165
SGD_EarlyStopping,LocalMinMaxScaler(stats_=[[  5.11211699 325.92896936]]),"[1, 2, 3, 4, 5, 6, 7, 8, 9, 10, 11, 12, 13, 14, 15, 16, 17, 18, 19, 20, 21, 23, 25, 26, 27, 28, 30, 32, 33, 34, 35, 36, 37, 40, 41, 42, 44, 45, 47, 48, 54, 56, 60, 62, 63, 64, 69, 70, 72, 73, 74, 75, 76, 78, 79, 80, 81, 85, 90, 91, 92, 93, 94, 97, 98, 99]","{1: [<function rolling_mean_14 at 0x000002C5930FAA20>], 7: [<function rolling_mean_30 at 0x000002C58DBF9260>], 30: [<function expanding_mean at 0x000002C58F7A04A0>]}",lags_100_features_66,14.115472707044372,16.16336401915398,27.37676442648769,35.64302341914099,38.20876526742265,42.401649525307356,41.28102682290431,39.11735692979008,37.524228794549515,45.747421433975134,47.84127229246327
SGD_ElasticNet,LocalMinMaxScaler(stats_=[[  5.11211699 325.92896936]]),"[1, 2, 3, 4, 5, 6, 7, 8, 9, 10, 11, 12, 13, 14, 15, 16, 17, 18, 19, 20, 21, 23, 25, 26, 27, 28, 30, 32, 33, 34, 35, 36, 37, 40, 41, 42, 44, 45, 47, 48, 54, 56, 60, 62, 63, 64, 69, 70, 72, 73, 74, 75, 76, 78, 79, 80, 81, 85, 90, 91, 92, 93, 94, 97, 98, 99]","{1: [<function rolling_mean_14 at 0x000002C5930FAA20>], 7: [<function rolling_mean_30 at 0x000002C58DBF9260>], 30: [<function expanding_mean at 0x000002C58F7A04A0>]}",lags_100_features_66,63.45285939213344,74.62900615244496,99.0992737563558,109.26611121552232,107.14296700605786,106.14138577557763,90.87099820561063,81.04104227643893,94.29371435331672,135.77387005163558,137.79316562811752
SGD_Lasso,LocalMinMaxScaler(stats_=[[  5.11211699 325.92896936]]),"[1, 2, 3, 4, 5, 6, 7, 8, 9, 10, 11, 12, 13, 14, 15, 16, 17, 18, 19, 20, 21, 23, 25, 26, 27, 28, 30, 32, 33, 34, 35, 36, 37, 40, 41, 42, 44, 45, 47, 48, 54, 56, 60, 62, 63, 64, 69, 70, 72, 73, 74, 75, 76, 78, 79, 80, 81, 85, 90, 91, 92, 93, 94, 97, 98, 99]","{1: [<function rolling_mean_14 at 0x000002C5930FAA20>], 7: [<function rolling_mean_30 at 0x000002C58DBF9260>], 30: [<function expanding_mean at 0x000002C58F7A04A0>]}",lags_100_features_66,125.56505614651596,109.74070566573562,108.00373487819874,96.64579255886555,81.36470278057071,71.90966705677027,64.74188171539964,58.598231207051064,75.43266203852755,102.13946679054855,101.61026987166846
SGD_Ridge,LocalMinMaxScaler(stats_=[[  5.11211699 325.92896936]]),"[1, 2, 3, 4, 5, 6, 7, 8, 9, 10, 11, 12, 13, 14, 15, 16, 17, 18, 19, 20, 21, 23, 25, 26, 27, 28, 30, 32, 33, 34, 35, 36, 37, 40, 41, 42, 44, 45, 47, 48, 54, 56, 60, 62, 63, 64, 69, 70, 72, 73, 74, 75, 76, 78, 79, 80, 81, 85, 90, 91, 92, 93, 94, 97, 98, 99]","{1: [<function rolling_mean_14 at 0x000002C5930FAA20>], 7: [<function rolling_mean_30 at 0x000002C58DBF9260>], 30: [<function expanding_mean at 0x000002C58F7A04A0>]}",lags_100_features_66,103.09004745599131,96.61579563996455,101.55066464484301,94.81809060022964,81.65327040741442,73.25131113139237,65.67883077316516,58.87348078730476,73.03981053964486,101.55713281215351,101.50637899065372
SGDRegressor,LocalMinMaxScaler(stats_=[[  5.11211699 325.92896936]]),"[1, 2, 3, 4, 5, 6, 7, 8, 9, 10, 11, 12, 13, 14, 15, 16, 17, 18, 19, 20, 21, 23, 25, 26, 27, 28, 30, 32, 33, 34, 35, 36, 37, 40, 41, 42, 44, 45, 47, 48, 54, 56, 60, 62, 63, 64, 69, 70, 72, 73, 74, 75, 76, 78, 79, 80, 81, 85, 90, 91, 92, 93, 94, 97, 98, 99]","{1: [<function rolling_mean_14 at 0x000002C5930FAA20>], 7: [<function rolling_mean_30 at 0x000002C58DBF9260>], 30: [<function expanding_mean at 0x000002C58F7A04A0>]}",lags_100_features_66,44.77872523192084,55.501831211131815,80.65013610219265,93.7460601239217,94.7866808356265,96.45337919392877,83.99936895314978,74.47738498681986,79.5813993823478,113.24679013679713,115.7080055674708
XGBRegressor,LocalMinMaxScaler(stats_=[[  5.11211699 325.92896936]]),"[1, 2, 3, 4, 5, 6, 7, 8, 9, 10, 11, 12, 13, 14, 15, 16, 17, 18, 19, 20, 21, 23, 25, 26, 27, 28, 30, 32, 33, 34, 35, 36, 37, 40, 41, 42, 44, 45, 47, 48, 54, 56, 60, 62, 63, 64, 69, 70, 72, 73, 74, 75, 76, 78, 79, 80, 81, 85, 90, 91, 92, 93, 94, 97, 98, 99]","{1: [<function rolling_mean_14 at 0x000002C5930FAA20>], 7: [<function rolling_mean_30 at 0x000002C58DBF9260>], 30: [<function expanding_mean at 0x000002C58F7A04A0>]}",lags_100_features_66,11.719383056672061,21.00755098041382,25.19441018406766,26.440057387315065,29.472246085539787,31.33975832219328,38.71501677165425,41.559810117985805,40.73062663044409,38.765244010502116,38.39843578805348
LGBMRegressor,LocalMinMaxScaler(stats_=[[  5.11211699 325.92896936]]),"[1, 2, 3, 4, 5, 6, 7, 8, 9, 10, 11, 12, 13, 14, 15, 16, 17, 18, 19, 20, 21, 23, 25, 26, 27, 28, 30, 32, 33, 34, 35, 36, 37, 40, 41, 42, 44, 45, 47, 48, 54, 56, 60, 62, 63, 64, 69, 70, 72, 73, 74, 75, 76, 78, 79, 80, 81, 85, 90, 91, 92, 93, 94, 97, 98, 99]","{1: [<function rolling_mean_14 at 0x000002C5930FAA20>], 7: [<function rolling_mean_30 at 0x000002C58DBF9260>], 30: [<function expanding_mean at 0x000002C58F7A04A0>]}",lags_100_features_66,12.453316905665988,18.756201333731827,21.13424446481233,21.667374865513843,22.952693908191378,24.307480202699665,29.477317144803727,30.09529673554281,49.21782614652365,79.29922336219352,79.16469487386557
SGD_EarlyStopping,LocalMinMaxScaler(stats_=[[  5.11211699 325.92896936]]),"[1, 2, 3, 4, 5, 6, 7, 8, 9, 10, 11, 12, 13, 14, 15, 16, 17, 18, 19, 20, 21, 23, 25, 26, 27, 28, 30, 32, 33, 34, 35, 36, 37, 40, 41, 42, 44, 45, 47, 48, 54, 56, 60, 62, 63, 64, 69, 70, 72, 73, 74, 75, 76, 78, 79, 80, 81, 85, 90, 91, 92, 93, 94, 97, 98, 99]","{7: [RollingMean(window_size=7)], 30: [RollingMean(window_size=30)], 60: [RollingMean(window_size=60)]}",lags_100_features_66,10.82872562580182,17.311500824747455,19.176372817312668,22.011572128562385,22.087475145982353,24.870147220536435,27.301367708460806,27.65866825274897,28.06229477378157,35.38427123785874,36.96075332233302
SGD_ElasticNet,LocalMinMaxScaler(stats_=[[  5.11211699 325.92896936]]),"[1, 2, 3, 4, 5, 6, 7, 8, 9, 10, 11, 12, 13, 14, 15, 16, 17, 18, 19, 20, 21, 23, 25, 26, 27, 28, 30, 32, 33, 34, 35, 36, 37, 40, 41, 42, 44, 45, 47, 48, 54, 56, 60, 62, 63, 64, 69, 70, 72, 73, 74, 75, 76, 78, 79, 80, 81, 85, 90, 91, 92, 93, 94, 97, 98, 99]","{7: [RollingMean(window_size=7)], 30: [RollingMean(window_size=30)], 60: [RollingMean(window_size=60)]}",lags_100_features_66,24.106451481941804,23.407530055540153,30.946147735288747,31.87590866332076,28.73711647701499,28.06770310110235,31.80276336215419,32.061250508776034,38.31859101424175,56.683658723214236,57.057262689654905
SGD_Lasso,LocalMinMaxScaler(stats_=[[  5.11211699 325.92896936]]),"[1, 2, 3, 4, 5, 6, 7, 8, 9, 10, 11, 12, 13, 14, 15, 16, 17, 18, 19, 20, 21, 23, 25, 26, 27, 28, 30, 32, 33, 34, 35, 36, 37, 40, 41, 42, 44, 45, 47, 48, 54, 56, 60, 62, 63, 64, 69, 70, 72, 73, 74, 75, 76, 78, 79, 80, 81, 85, 90, 91, 92, 93, 94, 97, 98, 99]","{7: [RollingMean(window_size=7)], 30: [RollingMean(window_size=30)], 60: [RollingMean(window_size=60)]}",lags_100_features_66,127.80983377302874,111.82800257018886,110.07374580215313,98.60277154765576,83.0767240297427,73.38826855413618,65.73449266465758,59.455672680400085,76.57778566716006,103.70055776432314,103.17886329051593
SGD_Ridge,LocalMinMaxScaler(stats_=[[  5.11211699 325.92896936]]),"[1, 2, 3, 4, 5, 6, 7, 8, 9, 10, 11, 12, 13, 14, 15, 16, 17, 18, 19, 20, 21, 23, 25, 26, 27, 28, 30, 32, 33, 34, 35, 36, 37, 40, 41, 42, 44, 45, 47, 48, 54, 56, 60, 62, 63, 64, 69, 70, 72, 73, 74, 75, 76, 78, 79, 80, 81, 85, 90, 91, 92, 93, 94, 97, 98, 99]","{7: [RollingMean(window_size=7)], 30: [RollingMean(window_size=30)], 60: [RollingMean(window_size=60)]}",lags_100_features_66,66.70486882767187,57.770342614624326,58.21113797644865,50.784080256501916,43.939691259492776,40.94386876356651,44.12511519124973,41.812891719458655,52.52112823544396,69.8230016542986,69.17016583487715
SGDRegressor,LocalMinMaxScaler(stats_=[[  5.11211699 325.92896936]]),"[1, 2, 3, 4, 5, 6, 7, 8, 9, 10, 11, 12, 13, 14, 15, 16, 17, 18, 19, 20, 21, 23, 25, 26, 27, 28, 30, 32, 33, 34, 35, 36, 37, 40, 41, 42, 44, 45, 47, 48, 54, 56, 60, 62, 63, 64, 69, 70, 72, 73, 74, 75, 76, 78, 79, 80, 81, 85, 90, 91, 92, 93, 94, 97, 98, 99]","{7: [RollingMean(window_size=7)], 30: [RollingMean(window_size=30)], 60: [RollingMean(window_size=60)]}",lags_100_features_66,9.953232032188696,14.424611439605947,17.611251124362106,18.502800583293887,17.79409179399843,18.604511077646592,25.268714646773315,27.348850930022024,31.155361287096916,44.45531810969078,44.810023143384406
XGBRegressor,LocalMinMaxScaler(stats_=[[  5.11211699 325.92896936]]),"[1, 2, 3, 4, 5, 6, 7, 8, 9, 10, 11, 12, 13, 14, 15, 16, 17, 18, 19, 20, 21, 23, 25, 26, 27, 28, 30, 32, 33, 34, 35, 36, 37, 40, 41, 42, 44, 45, 47, 48, 54, 56, 60, 62, 63, 64, 69, 70, 72, 73, 74, 75, 76, 78, 79, 80, 81, 85, 90, 91, 92, 93, 94, 97, 98, 99]","{7: [RollingMean(window_size=7)], 30: [RollingMean(window_size=30)], 60: [RollingMean(window_size=60)]}",lags_100_features_66,15.574817432942961,25.313738678366622,26.49118958521759,25.012847931490768,24.368124527146932,24.510441965747702,31.00292132368226,31.19063243338593,45.472510084878934,67.75104876977238,67.38074584537974
LGBMRegressor,LocalMinMaxScaler(stats_=[[  5.11211699 325.92896936]]),"[1, 2, 3, 4, 5, 6, 7, 8, 9, 10, 11, 12, 13, 14, 15, 16, 17, 18, 19, 20, 21, 23, 25, 26, 27, 28, 30, 32, 33, 34, 35, 36, 37, 40, 41, 42, 44, 45, 47, 48, 54, 56, 60, 62, 63, 64, 69, 70, 72, 73, 74, 75, 76, 78, 79, 80, 81, 85, 90, 91, 92, 93, 94, 97, 98, 99]","{7: [RollingMean(window_size=7)], 30: [RollingMean(window_size=30)], 60: [RollingMean(window_size=60)]}",lags_100_features_66,12.930513843891125,21.982818412731174,24.62809359433364,26.211757418344767,27.028148105646,26.83481238412424,29.633849502606374,39.633374106615,47.28572973982567,43.6846461282921,43.01748577376991
SGD_EarlyStopping,LocalMinMaxScaler(stats_=[[  5.11211699 325.92896936]]),"[1, 2, 3, 4, 5, 6, 7, 8, 9, 10, 11, 12, 13, 14, 15, 16, 17, 18, 19, 20, 21, 23, 25, 26, 27, 28, 30, 32, 33, 34, 35, 36, 37, 40, 41, 42, 44, 45, 47, 48, 54, 56, 60, 62, 63, 64, 69, 70, 72, 73, 74, 75, 76, 78, 79, 80, 81, 85, 90, 91, 92, 93, 94, 97, 98, 99]","{7: [RollingMean(window_size=7), RollingStd(window_size=7)], 30: [RollingMean(window_size=30)], 60: [ExpandingMean()], 14: [ExponentiallyWeightedMean(alpha=0.3)]}",lags_100_features_66,13.934048967766286,16.08774456703773,26.665541453473278,34.5506690807308,36.935665721759634,41.01443178088998,40.11741550948915,38.110027342478304,36.58983006427701,44.38029613078831,46.44163659740642
SGD_ElasticNet,LocalMinMaxScaler(stats_=[[  5.11211699 325.92896936]]),"[1, 2, 3, 4, 5, 6, 7, 8, 9, 10, 11, 12, 13, 14, 15, 16, 17, 18, 19, 20, 21, 23, 25, 26, 27, 28, 30, 32, 33, 34, 35, 36, 37, 40, 41, 42, 44, 45, 47, 48, 54, 56, 60, 62, 63, 64, 69, 70, 72, 73, 74, 75, 76, 78, 79, 80, 81, 85, 90, 91, 92, 93, 94, 97, 98, 99]","{7: [RollingMean(window_size=7), RollingStd(window_size=7)], 30: [RollingMean(window_size=30)], 60: [ExpandingMean()], 14: [ExponentiallyWeightedMean(alpha=0.3)]}",lags_100_features_66,62.48343935819746,73.40616108881314,97.60274708174454,107.66401639325349,105.55560298860442,104.57164547673403,89.59535561751008,79.78131542389978,92.47405890837742,133.2540824045932,135.26487621483
SGD_Lasso,LocalMinMaxScaler(stats_=[[  5.11211699 325.92896936]]),"[1, 2, 3, 4, 5, 6, 7, 8, 9, 10, 11, 12, 13, 14, 15, 16, 17, 18, 19, 20, 21, 23, 25, 26, 27, 28, 30, 32, 33, 34, 35, 36, 37, 40, 41, 42, 44, 45, 47, 48, 54, 56, 60, 62, 63, 64, 69, 70, 72, 73, 74, 75, 76, 78, 79, 80, 81, 85, 90, 91, 92, 93, 94, 97, 98, 99]","{7: [RollingMean(window_size=7), RollingStd(window_size=7)], 30: [RollingMean(window_size=30)], 60: [ExpandingMean()], 14: [ExponentiallyWeightedMean(alpha=0.3)]}",lags_100_features_66,125.56505614651596,109.74070566573562,108.00373487819874,96.64579255886555,81.36470278057071,71.90966705677027,64.74188171539964,58.598231207051064,75.43266203852755,102.13946679054855,101.61026987166846
SGD_Ridge,LocalMinMaxScaler(stats_=[[  5.11211699 325.92896936]]),"[1, 2, 3, 4, 5, 6, 7, 8, 9, 10, 11, 12, 13, 14, 15, 16, 17, 18, 19, 20, 21, 23, 25, 26, 27, 28, 30, 32, 33, 34, 35, 36, 37, 40, 41, 42, 44, 45, 47, 48, 54, 56, 60, 62, 63, 64, 69, 70, 72, 73, 74, 75, 76, 78, 79, 80, 81, 85, 90, 91, 92, 93, 94, 97, 98, 99]","{7: [RollingMean(window_size=7), RollingStd(window_size=7)], 30: [RollingMean(window_size=30)], 60: [ExpandingMean()], 14: [ExponentiallyWeightedMean(alpha=0.3)]}",lags_100_features_66,102.68441378233668,96.26708672638213,101.30071335992983,94.64902010399405,81.5390027185054,73.1710355296088,65.61853593525447,58.818068271948675,72.91348051866416,101.42925164037541,101.38657798695138
SGDRegressor,LocalMinMaxScaler(stats_=[[  5.11211699 325.92896936]]),"[1, 2, 3, 4, 5, 6, 7, 8, 9, 10, 11, 12, 13, 14, 15, 16, 17, 18, 19, 20, 21, 23, 25, 26, 27, 28, 30, 32, 33, 34, 35, 36, 37, 40, 41, 42, 44, 45, 47, 48, 54, 56, 60, 62, 63, 64, 69, 70, 72, 73, 74, 75, 76, 78, 79, 80, 81, 85, 90, 91, 92, 93, 94, 97, 98, 99]","{7: [RollingMean(window_size=7), RollingStd(window_size=7)], 30: [RollingMean(window_size=30)], 60: [ExpandingMean()], 14: [ExponentiallyWeightedMean(alpha=0.3)]}",lags_100_features_66,43.72287949097954,54.05066566257726,78.74950325543449,91.62215349875873,92.62738832245132,94.27682678847556,82.20541238115871,72.79073174559093,77.29449684064068,110.11388910522366,112.5591411024965
XGBRegressor,LocalMinMaxScaler(stats_=[[  5.11211699 325.92896936]]),"[1, 2, 3, 4, 5, 6, 7, 8, 9, 10, 11, 12, 13, 14, 15, 16, 17, 18, 19, 20, 21, 23, 25, 26, 27, 28, 30, 32, 33, 34, 35, 36, 37, 40, 41, 42, 44, 45, 47, 48, 54, 56, 60, 62, 63, 64, 69, 70, 72, 73, 74, 75, 76, 78, 79, 80, 81, 85, 90, 91, 92, 93, 94, 97, 98, 99]","{7: [RollingMean(window_size=7), RollingStd(window_size=7)], 30: [RollingMean(window_size=30)], 60: [ExpandingMean()], 14: [ExponentiallyWeightedMean(alpha=0.3)]}",lags_100_features_66,18.91081424381465,25.49872841387886,26.684625256911005,26.64566442483503,27.745440060327926,28.601619703331405,33.96775230524825,33.50667743424388,49.89184536478827,75.24296549666192,74.95505572595705
LGBMRegressor,LocalMinMaxScaler(stats_=[[  5.11211699 325.92896936]]),"[1, 2, 3, 4, 5, 6, 7, 8, 9, 10, 11, 12, 13, 14, 15, 16, 17, 18, 19, 20, 21, 23, 25, 26, 27, 28, 30, 32, 33, 34, 35, 36, 37, 40, 41, 42, 44, 45, 47, 48, 54, 56, 60, 62, 63, 64, 69, 70, 72, 73, 74, 75, 76, 78, 79, 80, 81, 85, 90, 91, 92, 93, 94, 97, 98, 99]","{7: [RollingMean(window_size=7), RollingStd(window_size=7)], 30: [RollingMean(window_size=30)], 60: [ExpandingMean()], 14: [ExponentiallyWeightedMean(alpha=0.3)]}",lags_100_features_66,10.768799440705642,17.09233508193996,19.101501960918046,18.794056245117925,19.569182171501893,20.003585395526162,24.583230523351883,38.10068336842093,51.39999380540492,47.854470719087,47.084819479807
XGBRegressor,"LocalBoxCox(lower=0.0, method=loglik, season_length=None, stats_=[[4.10226185e-05 0.00000000e+00]], upper=2.0)","[1, 2, 3, 4, 5, 6, 7, 8, 9, 10, 11, 12, 13, 14, 15, 16, 17, 18, 19, 20, 21, 23, 25, 26, 27, 28, 30, 32, 33, 34, 35, 36, 37, 40, 41, 42, 44, 45, 47, 48, 54, 56, 60, 62, 63, 64, 69, 70, 72, 73, 74, 75, 76, 78, 79, 80, 81, 85, 90, 91, 92, 93, 94, 97, 98, 99]","{1: [<function expanding_mean at 0x000002C58F7A04A0>], 7: [<function rolling_mean_14 at 0x000002C5930FAA20>], 30: [<function expanding_mean at 0x000002C58F7A04A0>]}",lags_100_features_66,23.39097151956154,32.35929574429876,34.41696305909361,35.214017851428814,37.34806251289629,38.5619366485332,44.252199109898335,45.01471663045655,42.60309754505173,39.04945327195695,39.09392535510067
LGBMRegressor,"LocalBoxCox(lower=0.0, method=loglik, season_length=None, stats_=[[4.10226185e-05 0.00000000e+00]], upper=2.0)","[1, 2, 3, 4, 5, 6, 7, 8, 9, 10, 11, 12, 13, 14, 15, 16, 17, 18, 19, 20, 21, 23, 25, 26, 27, 28, 30, 32, 33, 34, 35, 36, 37, 40, 41, 42, 44, 45, 47, 48, 54, 56, 60, 62, 63, 64, 69, 70, 72, 73, 74, 75, 76, 78, 79, 80, 81, 85, 90, 91, 92, 93, 94, 97, 98, 99]","{1: [<function expanding_mean at 0x000002C58F7A04A0>], 7: [<function rolling_mean_14 at 0x000002C5930FAA20>], 30: [<function expanding_mean at 0x000002C58F7A04A0>]}",lags_100_features_66,22.45287423510498,26.707045917400706,26.725448158112297,26.400202282285612,27.15834791757228,27.520779414737618,33.32012494686926,51.81144439304642,95.11257956176846,88.06958876702915,86.32392327319836
XGBRegressor,"LocalBoxCox(lower=0.0, method=loglik, season_length=None, stats_=[[4.10226185e-05 0.00000000e+00]], upper=2.0)","[1, 2, 3, 4, 5, 6, 7, 8, 9, 10, 11, 12, 13, 14, 15, 16, 17, 18, 19, 20, 21, 23, 25, 26, 27, 28, 30, 32, 33, 34, 35, 36, 37, 40, 41, 42, 44, 45, 47, 48, 54, 56, 60, 62, 63, 64, 69, 70, 72, 73, 74, 75, 76, 78, 79, 80, 81, 85, 90, 91, 92, 93, 94, 97, 98, 99]","{1: [<function rolling_mean_14 at 0x000002C5930FAA20>], 7: [<function rolling_mean_30 at 0x000002C58DBF9260>], 30: [<function expanding_mean at 0x000002C58F7A04A0>]}",lags_100_features_66,13.590067225272746,22.749675357225136,25.852637087911422,26.892665659326454,27.36453665111604,27.795658729232116,35.1065846123493,36.01915251415629,41.37773180737167,50.67964524808133,49.950411403509946
LGBMRegressor,"LocalBoxCox(lower=0.0, method=loglik, season_length=None, stats_=[[4.10226185e-05 0.00000000e+00]], upper=2.0)","[1, 2, 3, 4, 5, 6, 7, 8, 9, 10, 11, 12, 13, 14, 15, 16, 17, 18, 19, 20, 21, 23, 25, 26, 27, 28, 30, 32, 33, 34, 35, 36, 37, 40, 41, 42, 44, 45, 47, 48, 54, 56, 60, 62, 63, 64, 69, 70, 72, 73, 74, 75, 76, 78, 79, 80, 81, 85, 90, 91, 92, 93, 94, 97, 98, 99]","{1: [<function rolling_mean_14 at 0x000002C5930FAA20>], 7: [<function rolling_mean_30 at 0x000002C58DBF9260>], 30: [<function expanding_mean at 0x000002C58F7A04A0>]}",lags_100_features_66,15.20204385184437,22.507885064520348,24.084013310039342,24.422294690073848,25.481332379308586,26.38921823331876,31.308295522104185,49.06340426205731,75.61643828512773,69.5135819060367,68.05554665728043
XGBRegressor,"LocalBoxCox(lower=0.0, method=loglik, season_length=None, stats_=[[4.10226185e-05 0.00000000e+00]], upper=2.0)","[1, 2, 3, 4, 5, 6, 7, 8, 9, 10, 11, 12, 13, 14, 15, 16, 17, 18, 19, 20, 21, 23, 25, 26, 27, 28, 30, 32, 33, 34, 35, 36, 37, 40, 41, 42, 44, 45, 47, 48, 54, 56, 60, 62, 63, 64, 69, 70, 72, 73, 74, 75, 76, 78, 79, 80, 81, 85, 90, 91, 92, 93, 94, 97, 98, 99]","{7: [RollingMean(window_size=7)], 30: [RollingMean(window_size=30)], 60: [RollingMean(window_size=60)]}",lags_100_features_66,22.35116360758319,30.95801392641099,31.943358874501914,31.426313599858464,33.223256024489025,33.709449938381894,40.21819151598919,40.26839201366544,44.942628749277844,53.1414352308351,52.3191854475885
LGBMRegressor,"LocalBoxCox(lower=0.0, method=loglik, season_length=None, stats_=[[4.10226185e-05 0.00000000e+00]], upper=2.0)","[1, 2, 3, 4, 5, 6, 7, 8, 9, 10, 11, 12, 13, 14, 15, 16, 17, 18, 19, 20, 21, 23, 25, 26, 27, 28, 30, 32, 33, 34, 35, 36, 37, 40, 41, 42, 44, 45, 47, 48, 54, 56, 60, 62, 63, 64, 69, 70, 72, 73, 74, 75, 76, 78, 79, 80, 81, 85, 90, 91, 92, 93, 94, 97, 98, 99]","{7: [RollingMean(window_size=7)], 30: [RollingMean(window_size=30)], 60: [RollingMean(window_size=60)]}",lags_100_features_66,14.989012428015606,25.29045276747365,26.609053715335584,26.597995009056312,27.719153438436877,27.741286987876844,30.648768868557998,45.34131240573815,50.338449375486604,44.61774605012893,43.83194373363343
XGBRegressor,"LocalBoxCox(lower=0.0, method=loglik, season_length=None, stats_=[[4.10226185e-05 0.00000000e+00]], upper=2.0)","[1, 2, 3, 4, 5, 6, 7, 8, 9, 10, 11, 12, 13, 14, 15, 16, 17, 18, 19, 20, 21, 23, 25, 26, 27, 28, 30, 32, 33, 34, 35, 36, 37, 40, 41, 42, 44, 45, 47, 48, 54, 56, 60, 62, 63, 64, 69, 70, 72, 73, 74, 75, 76, 78, 79, 80, 81, 85, 90, 91, 92, 93, 94, 97, 98, 99]","{7: [RollingMean(window_size=7), RollingStd(window_size=7)], 30: [RollingMean(window_size=30)], 60: [ExpandingMean()], 14: [ExponentiallyWeightedMean(alpha=0.3)]}",lags_100_features_66,22.249398614357847,28.332220784324097,28.458679641516333,29.98653735969346,34.3631703384775,37.96832865365927,46.534251059408795,48.268065115918816,46.650842084543385,44.22229212181755,43.75554412583912
LGBMRegressor,"LocalBoxCox(lower=0.0, method=loglik, season_length=None, stats_=[[4.10226185e-05 0.00000000e+00]], upper=2.0)","[1, 2, 3, 4, 5, 6, 7, 8, 9, 10, 11, 12, 13, 14, 15, 16, 17, 18, 19, 20, 21, 23, 25, 26, 27, 28, 30, 32, 33, 34, 35, 36, 37, 40, 41, 42, 44, 45, 47, 48, 54, 56, 60, 62, 63, 64, 69, 70, 72, 73, 74, 75, 76, 78, 79, 80, 81, 85, 90, 91, 92, 93, 94, 97, 98, 99]","{7: [RollingMean(window_size=7), RollingStd(window_size=7)], 30: [RollingMean(window_size=30)], 60: [ExpandingMean()], 14: [ExponentiallyWeightedMean(alpha=0.3)]}",lags_100_features_66,15.50272431642114,24.025789550825035,25.406339770059454,26.370999597964474,29.95085217489094,32.08558424064446,38.959233329671264,39.0992384763515,41.17008390496114,41.792011490769475,41.21177258408343
SGD_EarlyStopping,AutoDifferences(max_diffs=380) | LocalStandardScaler(stats_=[[-2.09155811e-02  2.20585897e+01]]),"[1, 2, 3, 4, 5, 6, 7, 8, 9, 10, 11, 12, 13, 14, 15, 16, 17, 18, 19, 20, 21, 23, 25, 26, 27, 28, 30, 32, 33, 34, 35, 36, 37, 40, 41, 42, 44, 45, 47, 48, 54, 56, 60, 62, 63, 64, 69, 70, 72, 73, 74, 75, 76, 78, 79, 80, 81, 85, 90, 91, 92, 93, 94, 97, 98, 99]","{1: [<function expanding_mean at 0x000002C58F7A04A0>], 7: [<function rolling_mean_14 at 0x000002C5930FAA20>], 30: [<function expanding_mean at 0x000002C58F7A04A0>]}",lags_100_features_66,39.54646745298788,68.27718204235202,92.00409668776281,109.60413512590823,119.77172845809353,127.206708008302,132.62428966519934,159.25260643144915,251.68529536066524,436.963653730182,446.4538505592521
SGD_ElasticNet,AutoDifferences(max_diffs=380) | LocalStandardScaler(stats_=[[-2.09155811e-02  2.20585897e+01]]),"[1, 2, 3, 4, 5, 6, 7, 8, 9, 10, 11, 12, 13, 14, 15, 16, 17, 18, 19, 20, 21, 23, 25, 26, 27, 28, 30, 32, 33, 34, 35, 36, 37, 40, 41, 42, 44, 45, 47, 48, 54, 56, 60, 62, 63, 64, 69, 70, 72, 73, 74, 75, 76, 78, 79, 80, 81, 85, 90, 91, 92, 93, 94, 97, 98, 99]","{1: [<function expanding_mean at 0x000002C58F7A04A0>], 7: [<function rolling_mean_14 at 0x000002C5930FAA20>], 30: [<function expanding_mean at 0x000002C58F7A04A0>]}",lags_100_features_66,22.112464679246322,37.08465371087091,44.02844588430002,49.1375513640412,52.35979992086677,52.648804267916084,55.39380745437109,65.07248572750044,97.14829032436339,168.59940565154236,172.0564892741014
SGD_Lasso,AutoDifferences(max_diffs=380) | LocalStandardScaler(stats_=[[-2.09155811e-02  2.20585897e+01]]),"[1, 2, 3, 4, 5, 6, 7, 8, 9, 10, 11, 12, 13, 14, 15, 16, 17, 18, 19, 20, 21, 23, 25, 26, 27, 28, 30, 32, 33, 34, 35, 36, 37, 40, 41, 42, 44, 45, 47, 48, 54, 56, 60, 62, 63, 64, 69, 70, 72, 73, 74, 75, 76, 78, 79, 80, 81, 85, 90, 91, 92, 93, 94, 97, 98, 99]","{1: [<function expanding_mean at 0x000002C58F7A04A0>], 7: [<function rolling_mean_14 at 0x000002C5930FAA20>], 30: [<function expanding_mean at 0x000002C58F7A04A0>]}",lags_100_features_66,27.380721406631807,35.33841513910655,52.35850384438524,58.897483130250805,56.871719756335004,56.51323494682381,50.858559912404964,65.66377103796785,144.80817775343755,291.8819024642585,298.39711931252094
SGD_Ridge,AutoDifferences(max_diffs=380) | LocalStandardScaler(stats_=[[-2.09155811e-02  2.20585897e+01]]),"[1, 2, 3, 4, 5, 6, 7, 8, 9, 10, 11, 12, 13, 14, 15, 16, 17, 18, 19, 20, 21, 23, 25, 26, 27, 28, 30, 32, 33, 34, 35, 36, 37, 40, 41, 42, 44, 45, 47, 48, 54, 56, 60, 62, 63, 64, 69, 70, 72, 73, 74, 75, 76, 78, 79, 80, 81, 85, 90, 91, 92, 93, 94, 97, 98, 99]","{1: [<function expanding_mean at 0x000002C58F7A04A0>], 7: [<function rolling_mean_14 at 0x000002C5930FAA20>], 30: [<function expanding_mean at 0x000002C58F7A04A0>]}",lags_100_features_66,41.98856360958792,69.59747168238609,117.0584293962561,153.10650517037166,172.98652460816294,196.49995024546652,206.48815150985712,260.98568492543075,449.488721652007,786.6376174874905,804.3662918977809
SGDRegressor,AutoDifferences(max_diffs=380) | LocalStandardScaler(stats_=[[-2.09155811e-02  2.20585897e+01]]),"[1, 2, 3, 4, 5, 6, 7, 8, 9, 10, 11, 12, 13, 14, 15, 16, 17, 18, 19, 20, 21, 23, 25, 26, 27, 28, 30, 32, 33, 34, 35, 36, 37, 40, 41, 42, 44, 45, 47, 48, 54, 56, 60, 62, 63, 64, 69, 70, 72, 73, 74, 75, 76, 78, 79, 80, 81, 85, 90, 91, 92, 93, 94, 97, 98, 99]","{1: [<function expanding_mean at 0x000002C58F7A04A0>], 7: [<function rolling_mean_14 at 0x000002C5930FAA20>], 30: [<function expanding_mean at 0x000002C58F7A04A0>]}",lags_100_features_66,12.568231567470606,21.888673492172767,23.989384573964788,23.099342534003043,22.689288543829882,22.520522363160726,26.13040623944326,26.860940825124292,28.641360905443996,28.095044615253613,27.76693624721935
XGBRegressor,AutoDifferences(max_diffs=380) | LocalStandardScaler(stats_=[[-2.09155811e-02  2.20585897e+01]]),"[1, 2, 3, 4, 5, 6, 7, 8, 9, 10, 11, 12, 13, 14, 15, 16, 17, 18, 19, 20, 21, 23, 25, 26, 27, 28, 30, 32, 33, 34, 35, 36, 37, 40, 41, 42, 44, 45, 47, 48, 54, 56, 60, 62, 63, 64, 69, 70, 72, 73, 74, 75, 76, 78, 79, 80, 81, 85, 90, 91, 92, 93, 94, 97, 98, 99]","{1: [<function expanding_mean at 0x000002C58F7A04A0>], 7: [<function rolling_mean_14 at 0x000002C5930FAA20>], 30: [<function expanding_mean at 0x000002C58F7A04A0>]}",lags_100_features_66,34.76214673106952,29.19325001608335,29.868428438269344,27.02931038094484,25.816038922872114,26.686870065963962,29.819706492641203,29.993739535261106,37.54540414558088,49.001037271683714,48.36792822349179
LGBMRegressor,AutoDifferences(max_diffs=380) | LocalStandardScaler(stats_=[[-2.09155811e-02  2.20585897e+01]]),"[1, 2, 3, 4, 5, 6, 7, 8, 9, 10, 11, 12, 13, 14, 15, 16, 17, 18, 19, 20, 21, 23, 25, 26, 27, 28, 30, 32, 33, 34, 35, 36, 37, 40, 41, 42, 44, 45, 47, 48, 54, 56, 60, 62, 63, 64, 69, 70, 72, 73, 74, 75, 76, 78, 79, 80, 81, 85, 90, 91, 92, 93, 94, 97, 98, 99]","{1: [<function expanding_mean at 0x000002C58F7A04A0>], 7: [<function rolling_mean_14 at 0x000002C5930FAA20>], 30: [<function expanding_mean at 0x000002C58F7A04A0>]}",lags_100_features_66,31.724934247919624,27.298660201493252,26.431538244564496,24.209203619353012,23.96275041022335,25.089860466802755,31.391560195287553,35.51425622929272,39.60918049766603,51.307583127240285,50.6145653363844
SGD_EarlyStopping,AutoDifferences(max_diffs=380) | LocalStandardScaler(stats_=[[-2.09155811e-02  2.20585897e+01]]),"[1, 2, 3, 4, 5, 6, 7, 8, 9, 10, 11, 12, 13, 14, 15, 16, 17, 18, 19, 20, 21, 23, 25, 26, 27, 28, 30, 32, 33, 34, 35, 36, 37, 40, 41, 42, 44, 45, 47, 48, 54, 56, 60, 62, 63, 64, 69, 70, 72, 73, 74, 75, 76, 78, 79, 80, 81, 85, 90, 91, 92, 93, 94, 97, 98, 99]","{1: [<function rolling_mean_14 at 0x000002C5930FAA20>], 7: [<function rolling_mean_30 at 0x000002C58DBF9260>], 30: [<function expanding_mean at 0x000002C58F7A04A0>]}",lags_100_features_66,38.7380605333823,66.78371925614924,89.69513770247077,106.6803308887216,116.49752426771443,123.57501315655848,128.8426353342549,154.68660848621013,244.22452332816906,423.9199139882705,433.10892984882656
SGD_ElasticNet,AutoDifferences(max_diffs=380) | LocalStandardScaler(stats_=[[-2.09155811e-02  2.20585897e+01]]),"[1, 2, 3, 4, 5, 6, 7, 8, 9, 10, 11, 12, 13, 14, 15, 16, 17, 18, 19, 20, 21, 23, 25, 26, 27, 28, 30, 32, 33, 34, 35, 36, 37, 40, 41, 42, 44, 45, 47, 48, 54, 56, 60, 62, 63, 64, 69, 70, 72, 73, 74, 75, 76, 78, 79, 80, 81, 85, 90, 91, 92, 93, 94, 97, 98, 99]","{1: [<function rolling_mean_14 at 0x000002C5930FAA20>], 7: [<function rolling_mean_30 at 0x000002C58DBF9260>], 30: [<function expanding_mean at 0x000002C58F7A04A0>]}",lags_100_features_66,21.66103253222797,36.24755833435065,42.55201409866498,47.17400050473995,50.09560428930199,50.069953419069805,52.73596486748497,61.8993500526212,92.25048489256596,160.46523595113115,163.7378647459481
SGD_Lasso,AutoDifferences(max_diffs=380) | LocalStandardScaler(stats_=[[-2.09155811e-02  2.20585897e+01]]),"[1, 2, 3, 4, 5, 6, 7, 8, 9, 10, 11, 12, 13, 14, 15, 16, 17, 18, 19, 20, 21, 23, 25, 26, 27, 28, 30, 32, 33, 34, 35, 36, 37, 40, 41, 42, 44, 45, 47, 48, 54, 56, 60, 62, 63, 64, 69, 70, 72, 73, 74, 75, 76, 78, 79, 80, 81, 85, 90, 91, 92, 93, 94, 97, 98, 99]","{1: [<function rolling_mean_14 at 0x000002C5930FAA20>], 7: [<function rolling_mean_30 at 0x000002C58DBF9260>], 30: [<function expanding_mean at 0x000002C58F7A04A0>]}",lags_100_features_66,27.380721406631807,35.33841513910655,52.35850384438524,58.897483130250805,56.871719756335004,56.51323494682381,50.858559912404964,65.66377103796785,144.80817775343755,291.8819024642585,298.39711931252094
SGD_Ridge,AutoDifferences(max_diffs=380) | LocalStandardScaler(stats_=[[-2.09155811e-02  2.20585897e+01]]),"[1, 2, 3, 4, 5, 6, 7, 8, 9, 10, 11, 12, 13, 14, 15, 16, 17, 18, 19, 20, 21, 23, 25, 26, 27, 28, 30, 32, 33, 34, 35, 36, 37, 40, 41, 42, 44, 45, 47, 48, 54, 56, 60, 62, 63, 64, 69, 70, 72, 73, 74, 75, 76, 78, 79, 80, 81, 85, 90, 91, 92, 93, 94, 97, 98, 99]","{1: [<function rolling_mean_14 at 0x000002C5930FAA20>], 7: [<function rolling_mean_30 at 0x000002C58DBF9260>], 30: [<function expanding_mean at 0x000002C58F7A04A0>]}",lags_100_features_66,41.400574759249196,68.2132340833947,114.68795991748127,149.95135043919177,169.360020031058,192.39808012342002,202.04949959515739,255.0644904928614,438.82552197572596,767.3445465817574,784.6332830469086
SGDRegressor,AutoDifferences(max_diffs=380) | LocalStandardScaler(stats_=[[-2.09155811e-02  2.20585897e+01]]),"[1, 2, 3, 4, 5, 6, 7, 8, 9, 10, 11, 12, 13, 14, 15, 16, 17, 18, 19, 20, 21, 23, 25, 26, 27, 28, 30, 32, 33, 34, 35, 36, 37, 40, 41, 42, 44, 45, 47, 48, 54, 56, 60, 62, 63, 64, 69, 70, 72, 73, 74, 75, 76, 78, 79, 80, 81, 85, 90, 91, 92, 93, 94, 97, 98, 99]","{1: [<function rolling_mean_14 at 0x000002C5930FAA20>], 7: [<function rolling_mean_30 at 0x000002C58DBF9260>], 30: [<function expanding_mean at 0x000002C58F7A04A0>]}",lags_100_features_66,12.436354094167376,21.686260150627717,23.700640407575225,22.72649640884742,22.222023094379338,22.173185520268163,25.760274993711207,26.526634744810973,28.469864621354716,27.932664390639083,27.59910331582205
XGBRegressor,AutoDifferences(max_diffs=380) | LocalStandardScaler(stats_=[[-2.09155811e-02  2.20585897e+01]]),"[1, 2, 3, 4, 5, 6, 7, 8, 9, 10, 11, 12, 13, 14, 15, 16, 17, 18, 19, 20, 21, 23, 25, 26, 27, 28, 30, 32, 33, 34, 35, 36, 37, 40, 41, 42, 44, 45, 47, 48, 54, 56, 60, 62, 63, 64, 69, 70, 72, 73, 74, 75, 76, 78, 79, 80, 81, 85, 90, 91, 92, 93, 94, 97, 98, 99]","{1: [<function rolling_mean_14 at 0x000002C5930FAA20>], 7: [<function rolling_mean_30 at 0x000002C58DBF9260>], 30: [<function expanding_mean at 0x000002C58F7A04A0>]}",lags_100_features_66,20.578855182580686,20.39212627663371,21.065437904578463,20.20476723008317,19.179168247597104,19.60196479770181,25.42700685365237,96.26462242557135,314.49152183575967,597.2016041086081,604.2508721475838
LGBMRegressor,AutoDifferences(max_diffs=380) | LocalStandardScaler(stats_=[[-2.09155811e-02  2.20585897e+01]]),"[1, 2, 3, 4, 5, 6, 7, 8, 9, 10, 11, 12, 13, 14, 15, 16, 17, 18, 19, 20, 21, 23, 25, 26, 27, 28, 30, 32, 33, 34, 35, 36, 37, 40, 41, 42, 44, 45, 47, 48, 54, 56, 60, 62, 63, 64, 69, 70, 72, 73, 74, 75, 76, 78, 79, 80, 81, 85, 90, 91, 92, 93, 94, 97, 98, 99]","{1: [<function rolling_mean_14 at 0x000002C5930FAA20>], 7: [<function rolling_mean_30 at 0x000002C58DBF9260>], 30: [<function expanding_mean at 0x000002C58F7A04A0>]}",lags_100_features_66,15.674463413871312,26.124608695644785,25.838021104772963,24.14504187137044,22.592084926329512,23.61658271308256,38.49676860966888,110.36293359601024,353.53316442550124,781.8051958664336,799.7873901832471
SGD_EarlyStopping,AutoDifferences(max_diffs=380) | LocalStandardScaler(stats_=[[-2.09155811e-02  2.20585897e+01]]),"[1, 2, 3, 4, 5, 6, 7, 8, 9, 10, 11, 12, 13, 14, 15, 16, 17, 18, 19, 20, 21, 23, 25, 26, 27, 28, 30, 32, 33, 34, 35, 36, 37, 40, 41, 42, 44, 45, 47, 48, 54, 56, 60, 62, 63, 64, 69, 70, 72, 73, 74, 75, 76, 78, 79, 80, 81, 85, 90, 91, 92, 93, 94, 97, 98, 99]","{7: [RollingMean(window_size=7)], 30: [RollingMean(window_size=30)], 60: [RollingMean(window_size=60)]}",lags_100_features_66,90.99385774630278,154.31966703344372,217.07194224802362,260.03012367622995,280.88586329969064,297.9660468052416,301.7478226496695,372.29107640621436,637.9548143473789,1157.5220353963955,1183.5586315147139
SGD_ElasticNet,AutoDifferences(max_diffs=380) | LocalStandardScaler(stats_=[[-2.09155811e-02  2.20585897e+01]]),"[1, 2, 3, 4, 5, 6, 7, 8, 9, 10, 11, 12, 13, 14, 15, 16, 17, 18, 19, 20, 21, 23, 25, 26, 27, 28, 30, 32, 33, 34, 35, 36, 37, 40, 41, 42, 44, 45, 47, 48, 54, 56, 60, 62, 63, 64, 69, 70, 72, 73, 74, 75, 76, 78, 79, 80, 81, 85, 90, 91, 92, 93, 94, 97, 98, 99]","{7: [RollingMean(window_size=7)], 30: [RollingMean(window_size=30)], 60: [RollingMean(window_size=60)]}",lags_100_features_66,41.14847504277344,62.49706588283692,103.42168960939829,134.9550055866575,152.72729422367405,174.54780667316786,183.13852281705036,225.46631712511407,375.06295089421167,641.0743899930083,655.4576512087917
SGD_Lasso,AutoDifferences(max_diffs=380) | LocalStandardScaler(stats_=[[-2.09155811e-02  2.20585897e+01]]),"[1, 2, 3, 4, 5, 6, 7, 8, 9, 10, 11, 12, 13, 14, 15, 16, 17, 18, 19, 20, 21, 23, 25, 26, 27, 28, 30, 32, 33, 34, 35, 36, 37, 40, 41, 42, 44, 45, 47, 48, 54, 56, 60, 62, 63, 64, 69, 70, 72, 73, 74, 75, 76, 78, 79, 80, 81, 85, 90, 91, 92, 93, 94, 97, 98, 99]","{7: [RollingMean(window_size=7)], 30: [RollingMean(window_size=30)], 60: [RollingMean(window_size=60)]}",lags_100_features_66,13.075696180130361,15.768347901840224,18.04381812767775,17.81319068934911,19.373789675001106,21.34260728816345,29.899498949446674,30.487347599646554,48.02878370641531,82.5041006493404,83.10029224952672
SGD_Ridge,AutoDifferences(max_diffs=380) | LocalStandardScaler(stats_=[[-2.09155811e-02  2.20585897e+01]]),"[1, 2, 3, 4, 5, 6, 7, 8, 9, 10, 11, 12, 13, 14, 15, 16, 17, 18, 19, 20, 21, 23, 25, 26, 27, 28, 30, 32, 33, 34, 35, 36, 37, 40, 41, 42, 44, 45, 47, 48, 54, 56, 60, 62, 63, 64, 69, 70, 72, 73, 74, 75, 76, 78, 79, 80, 81, 85, 90, 91, 92, 93, 94, 97, 98, 99]","{7: [RollingMean(window_size=7)], 30: [RollingMean(window_size=30)], 60: [RollingMean(window_size=60)]}",lags_100_features_66,13.003552725293426,16.442569381628385,21.79057111304172,22.736729793493613,21.186740878400702,21.701246327422194,25.26823614038081,31.866763155662454,76.32019269175294,158.84407061240242,162.25472699960594
SGDRegressor,AutoDifferences(max_diffs=380) | LocalStandardScaler(stats_=[[-2.09155811e-02  2.20585897e+01]]),"[1, 2, 3, 4, 5, 6, 7, 8, 9, 10, 11, 12, 13, 14, 15, 16, 17, 18, 19, 20, 21, 23, 25, 26, 27, 28, 30, 32, 33, 34, 35, 36, 37, 40, 41, 42, 44, 45, 47, 48, 54, 56, 60, 62, 63, 64, 69, 70, 72, 73, 74, 75, 76, 78, 79, 80, 81, 85, 90, 91, 92, 93, 94, 97, 98, 99]","{7: [RollingMean(window_size=7)], 30: [RollingMean(window_size=30)], 60: [RollingMean(window_size=60)]}",lags_100_features_66,40.865254306427,61.73248368854467,101.9534910914465,132.84968992245018,150.1577008863816,171.46653920386618,179.6261594008041,221.4555594545769,369.80794328886134,633.6742721610642,647.9055248308091
XGBRegressor,AutoDifferences(max_diffs=380) | LocalStandardScaler(stats_=[[-2.09155811e-02  2.20585897e+01]]),"[1, 2, 3, 4, 5, 6, 7, 8, 9, 10, 11, 12, 13, 14, 15, 16, 17, 18, 19, 20, 21, 23, 25, 26, 27, 28, 30, 32, 33, 34, 35, 36, 37, 40, 41, 42, 44, 45, 47, 48, 54, 56, 60, 62, 63, 64, 69, 70, 72, 73, 74, 75, 76, 78, 79, 80, 81, 85, 90, 91, 92, 93, 94, 97, 98, 99]","{7: [RollingMean(window_size=7)], 30: [RollingMean(window_size=30)], 60: [RollingMean(window_size=60)]}",lags_100_features_66,41.461688497979786,47.853118503651686,80.54499569120962,113.78356966420715,146.7886033492351,218.2119942181505,329.4305901549317,633.5795999666002,1575.2968935283773,3362.569611883609,3456.7501580862313
LGBMRegressor,AutoDifferences(max_diffs=380) | LocalStandardScaler(stats_=[[-2.09155811e-02  2.20585897e+01]]),"[1, 2, 3, 4, 5, 6, 7, 8, 9, 10, 11, 12, 13, 14, 15, 16, 17, 18, 19, 20, 21, 23, 25, 26, 27, 28, 30, 32, 33, 34, 35, 36, 37, 40, 41, 42, 44, 45, 47, 48, 54, 56, 60, 62, 63, 64, 69, 70, 72, 73, 74, 75, 76, 78, 79, 80, 81, 85, 90, 91, 92, 93, 94, 97, 98, 99]","{7: [RollingMean(window_size=7)], 30: [RollingMean(window_size=30)], 60: [RollingMean(window_size=60)]}",lags_100_features_66,57.10715741454015,57.82560793566483,79.6461059504472,103.0904701840567,129.08474140309792,172.22546056498143,215.21437110257722,352.2819687513371,806.6989168594158,1664.3142919810853,1706.0582556746435
SGD_EarlyStopping,AutoDifferences(max_diffs=380) | LocalStandardScaler(stats_=[[-2.09155811e-02  2.20585897e+01]]),"[1, 2, 3, 4, 5, 6, 7, 8, 9, 10, 11, 12, 13, 14, 15, 16, 17, 18, 19, 20, 21, 23, 25, 26, 27, 28, 30, 32, 33, 34, 35, 36, 37, 40, 41, 42, 44, 45, 47, 48, 54, 56, 60, 62, 63, 64, 69, 70, 72, 73, 74, 75, 76, 78, 79, 80, 81, 85, 90, 91, 92, 93, 94, 97, 98, 99]","{7: [RollingMean(window_size=7), RollingStd(window_size=7)], 30: [RollingMean(window_size=30)], 60: [ExpandingMean()], 14: [ExponentiallyWeightedMean(alpha=0.3)]}",lags_100_features_66,37.4615238252156,64.54402426285358,86.50802675622033,102.9981220003185,112.73205053385307,119.81511365237625,125.4014731698105,149.9149385336764,233.8688475842538,402.52452078391264,411.19700022769257
SGD_ElasticNet,AutoDifferences(max_diffs=380) | LocalStandardScaler(stats_=[[-2.09155811e-02  2.20585897e+01]]),"[1, 2, 3, 4, 5, 6, 7, 8, 9, 10, 11, 12, 13, 14, 15, 16, 17, 18, 19, 20, 21, 23, 25, 26, 27, 28, 30, 32, 33, 34, 35, 36, 37, 40, 41, 42, 44, 45, 47, 48, 54, 56, 60, 62, 63, 64, 69, 70, 72, 73, 74, 75, 76, 78, 79, 80, 81, 85, 90, 91, 92, 93, 94, 97, 98, 99]","{7: [RollingMean(window_size=7), RollingStd(window_size=7)], 30: [RollingMean(window_size=30)], 60: [ExpandingMean()], 14: [ExponentiallyWeightedMean(alpha=0.3)]}",lags_100_features_66,20.203635285472473,34.241708489810094,40.11123525348267,44.803513970438736,48.16272986506348,48.75574189370495,52.2624243892203,60.71940061095068,86.78131347308174,146.1339209376383,149.06349944176668
SGD_Lasso,AutoDifferences(max_diffs=380) | LocalStandardScaler(stats_=[[-2.09155811e-02  2.20585897e+01]]),"[1, 2, 3, 4, 5, 6, 7, 8, 9, 10, 11, 12, 13, 14, 15, 16, 17, 18, 19, 20, 21, 23, 25, 26, 27, 28, 30, 32, 33, 34, 35, 36, 37, 40, 41, 42, 44, 45, 47, 48, 54, 56, 60, 62, 63, 64, 69, 70, 72, 73, 74, 75, 76, 78, 79, 80, 81, 85, 90, 91, 92, 93, 94, 97, 98, 99]","{7: [RollingMean(window_size=7), RollingStd(window_size=7)], 30: [RollingMean(window_size=30)], 60: [ExpandingMean()], 14: [ExponentiallyWeightedMean(alpha=0.3)]}",lags_100_features_66,27.380721406631807,35.33841513910655,52.35850384438524,58.897483130250805,56.871719756335004,56.51323494682381,50.858559912404964,65.66377103796785,144.80817775343755,291.8819024642585,298.39711931252094
SGD_Ridge,AutoDifferences(max_diffs=380) | LocalStandardScaler(stats_=[[-2.09155811e-02  2.20585897e+01]]),"[1, 2, 3, 4, 5, 6, 7, 8, 9, 10, 11, 12, 13, 14, 15, 16, 17, 18, 19, 20, 21, 23, 25, 26, 27, 28, 30, 32, 33, 34, 35, 36, 37, 40, 41, 42, 44, 45, 47, 48, 54, 56, 60, 62, 63, 64, 69, 70, 72, 73, 74, 75, 76, 78, 79, 80, 81, 85, 90, 91, 92, 93, 94, 97, 98, 99]","{7: [RollingMean(window_size=7), RollingStd(window_size=7)], 30: [RollingMean(window_size=30)], 60: [ExpandingMean()], 14: [ExponentiallyWeightedMean(alpha=0.3)]}",lags_100_features_66,36.13632900274938,57.07847531583976,96.01014766801931,125.24542512750085,140.96535455365265,160.21756020761572,167.5284014391991,211.99334206346575,366.8947412052821,641.1894184771476,655.5590246695621
SGDRegressor,AutoDifferences(max_diffs=380) | LocalStandardScaler(stats_=[[-2.09155811e-02  2.20585897e+01]]),"[1, 2, 3, 4, 5, 6, 7, 8, 9, 10, 11, 12, 13, 14, 15, 16, 17, 18, 19, 20, 21, 23, 25, 26, 27, 28, 30, 32, 33, 34, 35, 36, 37, 40, 41, 42, 44, 45, 47, 48, 54, 56, 60, 62, 63, 64, 69, 70, 72, 73, 74, 75, 76, 78, 79, 80, 81, 85, 90, 91, 92, 93, 94, 97, 98, 99]","{7: [RollingMean(window_size=7), RollingStd(window_size=7)], 30: [RollingMean(window_size=30)], 60: [ExpandingMean()], 14: [ExponentiallyWeightedMean(alpha=0.3)]}",lags_100_features_66,11.521735163441036,20.2799631586061,22.161783501254153,21.192818222469047,20.82212696748436,20.993603339365436,24.931897184905242,25.833219846115668,31.886873345449896,37.109848537479486,37.122798434930345
XGBRegressor,AutoDifferences(max_diffs=380) | LocalStandardScaler(stats_=[[-2.09155811e-02  2.20585897e+01]]),"[1, 2, 3, 4, 5, 6, 7, 8, 9, 10, 11, 12, 13, 14, 15, 16, 17, 18, 19, 20, 21, 23, 25, 26, 27, 28, 30, 32, 33, 34, 35, 36, 37, 40, 41, 42, 44, 45, 47, 48, 54, 56, 60, 62, 63, 64, 69, 70, 72, 73, 74, 75, 76, 78, 79, 80, 81, 85, 90, 91, 92, 93, 94, 97, 98, 99]","{7: [RollingMean(window_size=7), RollingStd(window_size=7)], 30: [RollingMean(window_size=30)], 60: [ExpandingMean()], 14: [ExponentiallyWeightedMean(alpha=0.3)]}",lags_100_features_66,43.946749293695646,55.93280026434092,91.39173362317221,129.82817161906695,160.4084414379539,196.9670550028701,228.93402817243006,354.88234793926904,773.9398655510394,1614.2761732134695,1660.047428015992
LGBMRegressor,AutoDifferences(max_diffs=380) | LocalStandardScaler(stats_=[[-2.09155811e-02  2.20585897e+01]]),"[1, 2, 3, 4, 5, 6, 7, 8, 9, 10, 11, 12, 13, 14, 15, 16, 17, 18, 19, 20, 21, 23, 25, 26, 27, 28, 30, 32, 33, 34, 35, 36, 37, 40, 41, 42, 44, 45, 47, 48, 54, 56, 60, 62, 63, 64, 69, 70, 72, 73, 74, 75, 76, 78, 79, 80, 81, 85, 90, 91, 92, 93, 94, 97, 98, 99]","{7: [RollingMean(window_size=7), RollingStd(window_size=7)], 30: [RollingMean(window_size=30)], 60: [ExpandingMean()], 14: [ExponentiallyWeightedMean(alpha=0.3)]}",lags_100_features_66,37.04472745419803,43.82646650896756,67.03781183104083,78.08322153605974,83.75728634506466,91.94546815361895,133.09823670124118,232.4831615384908,498.8881889371626,915.8270269171146,932.2463270771012
SGD_EarlyStopping,AutoDifferences(max_diffs=380) | LocalMinMaxScaler(stats_=[[-214.51499032  437.2315826 ]]),"[1, 2, 3, 4, 5, 6, 7, 8, 9, 10, 11, 12, 13, 14, 15, 16, 17, 18, 19, 20, 21, 23, 25, 26, 27, 28, 30, 32, 33, 34, 35, 36, 37, 40, 41, 42, 44, 45, 47, 48, 54, 56, 60, 62, 63, 64, 69, 70, 72, 73, 74, 75, 76, 78, 79, 80, 81, 85, 90, 91, 92, 93, 94, 97, 98, 99]","{1: [<function expanding_mean at 0x000002C58F7A04A0>], 7: [<function rolling_mean_14 at 0x000002C5930FAA20>], 30: [<function expanding_mean at 0x000002C58F7A04A0>]}",lags_100_features_66,137.82737831252484,303.39405716888115,568.7448917404362,830.0612538090013,1033.8721979101513,1274.7258462947348,1551.690996397485,2410.5883167859934,5134.237583129386,10602.412726433593,10931.417867565962
SGD_ElasticNet,AutoDifferences(max_diffs=380) | LocalMinMaxScaler(stats_=[[-214.51499032  437.2315826 ]]),"[1, 2, 3, 4, 5, 6, 7, 8, 9, 10, 11, 12, 13, 14, 15, 16, 17, 18, 19, 20, 21, 23, 25, 26, 27, 28, 30, 32, 33, 34, 35, 36, 37, 40, 41, 42, 44, 45, 47, 48, 54, 56, 60, 62, 63, 64, 69, 70, 72, 73, 74, 75, 76, 78, 79, 80, 81, 85, 90, 91, 92, 93, 94, 97, 98, 99]","{1: [<function expanding_mean at 0x000002C58F7A04A0>], 7: [<function rolling_mean_14 at 0x000002C5930FAA20>], 30: [<function expanding_mean at 0x000002C58F7A04A0>]}",lags_100_features_66,141.74290950309472,269.77465745960484,408.2564880372257,509.1040455716497,561.7842515129979,606.2849622355217,614.6469403257503,821.9256600595378,1711.262995278597,3880.1008430259053,4022.451184958617
SGD_Lasso,AutoDifferences(max_diffs=380) | LocalMinMaxScaler(stats_=[[-214.51499032  437.2315826 ]]),"[1, 2, 3, 4, 5, 6, 7, 8, 9, 10, 11, 12, 13, 14, 15, 16, 17, 18, 19, 20, 21, 23, 25, 26, 27, 28, 30, 32, 33, 34, 35, 36, 37, 40, 41, 42, 44, 45, 47, 48, 54, 56, 60, 62, 63, 64, 69, 70, 72, 73, 74, 75, 76, 78, 79, 80, 81, 85, 90, 91, 92, 93, 94, 97, 98, 99]","{1: [<function expanding_mean at 0x000002C58F7A04A0>], 7: [<function rolling_mean_14 at 0x000002C5930FAA20>], 30: [<function expanding_mean at 0x000002C58F7A04A0>]}",lags_100_features_66,10.351977907316828,15.36051258013979,18.33629028234625,19.75350868765365,23.964046583658384,27.56071252365907,37.37127885379869,38.980088263323665,42.16701325689778,49.2740226936346,48.525404306347625
SGD_Ridge,AutoDifferences(max_diffs=380) | LocalMinMaxScaler(stats_=[[-214.51499032  437.2315826 ]]),"[1, 2, 3, 4, 5, 6, 7, 8, 9, 10, 11, 12, 13, 14, 15, 16, 17, 18, 19, 20, 21, 23, 25, 26, 27, 28, 30, 32, 33, 34, 35, 36, 37, 40, 41, 42, 44, 45, 47, 48, 54, 56, 60, 62, 63, 64, 69, 70, 72, 73, 74, 75, 76, 78, 79, 80, 81, 85, 90, 91, 92, 93, 94, 97, 98, 99]","{1: [<function expanding_mean at 0x000002C58F7A04A0>], 7: [<function rolling_mean_14 at 0x000002C5930FAA20>], 30: [<function expanding_mean at 0x000002C58F7A04A0>]}",lags_100_features_66,546.7273980606228,911.179314938428,1210.120801237592,1287.864921119155,1199.3754495055098,1041.5599261712696,899.6285239902818,991.1589112998226,2601.66346433661,6893.45155995006,7120.415346806592
SGDRegressor,AutoDifferences(max_diffs=380) | LocalMinMaxScaler(stats_=[[-214.51499032  437.2315826 ]]),"[1, 2, 3, 4, 5, 6, 7, 8, 9, 10, 11, 12, 13, 14, 15, 16, 17, 18, 19, 20, 21, 23, 25, 26, 27, 28, 30, 32, 33, 34, 35, 36, 37, 40, 41, 42, 44, 45, 47, 48, 54, 56, 60, 62, 63, 64, 69, 70, 72, 73, 74, 75, 76, 78, 79, 80, 81, 85, 90, 91, 92, 93, 94, 97, 98, 99]","{1: [<function expanding_mean at 0x000002C58F7A04A0>], 7: [<function rolling_mean_14 at 0x000002C5930FAA20>], 30: [<function expanding_mean at 0x000002C58F7A04A0>]}",lags_100_features_66,205.16734038077442,403.6340349199037,638.4966670463418,825.763489048676,939.5156666149824,1051.6371619480374,1126.9960358589353,1590.3945107985585,3363.64418906667,7461.057771043549,7726.91788803768
XGBRegressor,AutoDifferences(max_diffs=380) | LocalMinMaxScaler(stats_=[[-214.51499032  437.2315826 ]]),"[1, 2, 3, 4, 5, 6, 7, 8, 9, 10, 11, 12, 13, 14, 15, 16, 17, 18, 19, 20, 21, 23, 25, 26, 27, 28, 30, 32, 33, 34, 35, 36, 37, 40, 41, 42, 44, 45, 47, 48, 54, 56, 60, 62, 63, 64, 69, 70, 72, 73, 74, 75, 76, 78, 79, 80, 81, 85, 90, 91, 92, 93, 94, 97, 98, 99]","{1: [<function expanding_mean at 0x000002C58F7A04A0>], 7: [<function rolling_mean_14 at 0x000002C5930FAA20>], 30: [<function expanding_mean at 0x000002C58F7A04A0>]}",lags_100_features_66,36.19463267319,29.1310097980601,28.219866488702337,27.253755543831087,29.676556203778897,30.650374457469926,31.993734091722853,31.831750218724018,31.859341304439333,31.036226514132025,31.058309686539538
LGBMRegressor,AutoDifferences(max_diffs=380) | LocalMinMaxScaler(stats_=[[-214.51499032  437.2315826 ]]),"[1, 2, 3, 4, 5, 6, 7, 8, 9, 10, 11, 12, 13, 14, 15, 16, 17, 18, 19, 20, 21, 23, 25, 26, 27, 28, 30, 32, 33, 34, 35, 36, 37, 40, 41, 42, 44, 45, 47, 48, 54, 56, 60, 62, 63, 64, 69, 70, 72, 73, 74, 75, 76, 78, 79, 80, 81, 85, 90, 91, 92, 93, 94, 97, 98, 99]","{1: [<function expanding_mean at 0x000002C58F7A04A0>], 7: [<function rolling_mean_14 at 0x000002C5930FAA20>], 30: [<function expanding_mean at 0x000002C58F7A04A0>]}",lags_100_features_66,33.159523003234405,26.673584903657378,25.81056264715807,23.960641539085085,24.066825152730644,25.341820023229584,28.598690981938596,34.241658393655506,36.238825540360956,38.10411672903579,37.51860192318559
SGD_EarlyStopping,AutoDifferences(max_diffs=380) | LocalMinMaxScaler(stats_=[[-214.51499032  437.2315826 ]]),"[1, 2, 3, 4, 5, 6, 7, 8, 9, 10, 11, 12, 13, 14, 15, 16, 17, 18, 19, 20, 21, 23, 25, 26, 27, 28, 30, 32, 33, 34, 35, 36, 37, 40, 41, 42, 44, 45, 47, 48, 54, 56, 60, 62, 63, 64, 69, 70, 72, 73, 74, 75, 76, 78, 79, 80, 81, 85, 90, 91, 92, 93, 94, 97, 98, 99]","{1: [<function rolling_mean_14 at 0x000002C5930FAA20>], 7: [<function rolling_mean_30 at 0x000002C58DBF9260>], 30: [<function expanding_mean at 0x000002C58F7A04A0>]}",lags_100_features_66,139.19751914214194,307.390514227048,577.459332708811,844.240224168454,1053.0234615564332,1300.153292472669,1586.5048469718442,2477.4173357369446,5312.099957148173,11042.882763577172,11390.32020600765
SGD_ElasticNet,AutoDifferences(max_diffs=380) | LocalMinMaxScaler(stats_=[[-214.51499032  437.2315826 ]]),"[1, 2, 3, 4, 5, 6, 7, 8, 9, 10, 11, 12, 13, 14, 15, 16, 17, 18, 19, 20, 21, 23, 25, 26, 27, 28, 30, 32, 33, 34, 35, 36, 37, 40, 41, 42, 44, 45, 47, 48, 54, 56, 60, 62, 63, 64, 69, 70, 72, 73, 74, 75, 76, 78, 79, 80, 81, 85, 90, 91, 92, 93, 94, 97, 98, 99]","{1: [<function rolling_mean_14 at 0x000002C5930FAA20>], 7: [<function rolling_mean_30 at 0x000002C58DBF9260>], 30: [<function expanding_mean at 0x000002C58F7A04A0>]}",lags_100_features_66,142.67199292772224,272.25397551671944,413.119837313966,516.235193734432,570.5901900240453,616.8947920285983,626.9575812862793,841.1766055072956,1757.9400614207973,4001.77417202126,4150.073187851641
SGD_Lasso,AutoDifferences(max_diffs=380) | LocalMinMaxScaler(stats_=[[-214.51499032  437.2315826 ]]),"[1, 2, 3, 4, 5, 6, 7, 8, 9, 10, 11, 12, 13, 14, 15, 16, 17, 18, 19, 20, 21, 23, 25, 26, 27, 28, 30, 32, 33, 34, 35, 36, 37, 40, 41, 42, 44, 45, 47, 48, 54, 56, 60, 62, 63, 64, 69, 70, 72, 73, 74, 75, 76, 78, 79, 80, 81, 85, 90, 91, 92, 93, 94, 97, 98, 99]","{1: [<function rolling_mean_14 at 0x000002C5930FAA20>], 7: [<function rolling_mean_30 at 0x000002C58DBF9260>], 30: [<function expanding_mean at 0x000002C58F7A04A0>]}",lags_100_features_66,10.351977907316828,15.36051258013979,18.33629028234625,19.75350868765365,23.964046583658384,27.56071252365907,37.37127885379869,38.980088263323665,42.16701325689778,49.2740226936346,48.525404306347625
SGD_Ridge,AutoDifferences(max_diffs=380) | LocalMinMaxScaler(stats_=[[-214.51499032  437.2315826 ]]),"[1, 2, 3, 4, 5, 6, 7, 8, 9, 10, 11, 12, 13, 14, 15, 16, 17, 18, 19, 20, 21, 23, 25, 26, 27, 28, 30, 32, 33, 34, 35, 36, 37, 40, 41, 42, 44, 45, 47, 48, 54, 56, 60, 62, 63, 64, 69, 70, 72, 73, 74, 75, 76, 78, 79, 80, 81, 85, 90, 91, 92, 93, 94, 97, 98, 99]","{1: [<function rolling_mean_14 at 0x000002C5930FAA20>], 7: [<function rolling_mean_30 at 0x000002C58DBF9260>], 30: [<function expanding_mean at 0x000002C58F7A04A0>]}",lags_100_features_66,548.5394342922438,915.6504816982308,1217.67266883787,1297.104851459917,1208.8577409911343,1050.317134523431,906.66049041432,997.2375721883006,2618.566009475996,6953.631019340219,7183.666857907669
SGDRegressor,AutoDifferences(max_diffs=380) | LocalMinMaxScaler(stats_=[[-214.51499032  437.2315826 ]]),"[1, 2, 3, 4, 5, 6, 7, 8, 9, 10, 11, 12, 13, 14, 15, 16, 17, 18, 19, 20, 21, 23, 25, 26, 27, 28, 30, 32, 33, 34, 35, 36, 37, 40, 41, 42, 44, 45, 47, 48, 54, 56, 60, 62, 63, 64, 69, 70, 72, 73, 74, 75, 76, 78, 79, 80, 81, 85, 90, 91, 92, 93, 94, 97, 98, 99]","{1: [<function rolling_mean_14 at 0x000002C5930FAA20>], 7: [<function rolling_mean_30 at 0x000002C58DBF9260>], 30: [<function expanding_mean at 0x000002C58F7A04A0>]}",lags_100_features_66,206.46859060849695,407.30685897975053,646.0083799178237,837.1650110434682,954.0120365319764,1069.6701126922587,1149.1521932241858,1628.3038818873922,3461.3935085902044,7717.7210434503495,7995.97548936343
XGBRegressor,AutoDifferences(max_diffs=380) | LocalMinMaxScaler(stats_=[[-214.51499032  437.2315826 ]]),"[1, 2, 3, 4, 5, 6, 7, 8, 9, 10, 11, 12, 13, 14, 15, 16, 17, 18, 19, 20, 21, 23, 25, 26, 27, 28, 30, 32, 33, 34, 35, 36, 37, 40, 41, 42, 44, 45, 47, 48, 54, 56, 60, 62, 63, 64, 69, 70, 72, 73, 74, 75, 76, 78, 79, 80, 81, 85, 90, 91, 92, 93, 94, 97, 98, 99]","{1: [<function rolling_mean_14 at 0x000002C5930FAA20>], 7: [<function rolling_mean_30 at 0x000002C58DBF9260>], 30: [<function expanding_mean at 0x000002C58F7A04A0>]}",lags_100_features_66,16.712644838269807,21.70147851731797,21.313167643849347,19.77457726176059,19.746124484793835,20.390433742752123,27.58198936241696,87.05521834853802,272.15094876618656,515.6916879223006,523.5760245420764
LGBMRegressor,AutoDifferences(max_diffs=380) | LocalMinMaxScaler(stats_=[[-214.51499032  437.2315826 ]]),"[1, 2, 3, 4, 5, 6, 7, 8, 9, 10, 11, 12, 13, 14, 15, 16, 17, 18, 19, 20, 21, 23, 25, 26, 27, 28, 30, 32, 33, 34, 35, 36, 37, 40, 41, 42, 44, 45, 47, 48, 54, 56, 60, 62, 63, 64, 69, 70, 72, 73, 74, 75, 76, 78, 79, 80, 81, 85, 90, 91, 92, 93, 94, 97, 98, 99]","{1: [<function rolling_mean_14 at 0x000002C5930FAA20>], 7: [<function rolling_mean_30 at 0x000002C58DBF9260>], 30: [<function expanding_mean at 0x000002C58F7A04A0>]}",lags_100_features_66,29.826198204584596,29.34832465977549,38.76554241002204,41.34955227666643,36.118772607458354,34.05491678991767,43.36555049620777,120.28146347175299,391.5435202271782,831.2335221781897,847.7852575746242
SGD_EarlyStopping,AutoDifferences(max_diffs=380) | LocalMinMaxScaler(stats_=[[-214.51499032  437.2315826 ]]),"[1, 2, 3, 4, 5, 6, 7, 8, 9, 10, 11, 12, 13, 14, 15, 16, 17, 18, 19, 20, 21, 23, 25, 26, 27, 28, 30, 32, 33, 34, 35, 36, 37, 40, 41, 42, 44, 45, 47, 48, 54, 56, 60, 62, 63, 64, 69, 70, 72, 73, 74, 75, 76, 78, 79, 80, 81, 85, 90, 91, 92, 93, 94, 97, 98, 99]","{7: [RollingMean(window_size=7)], 30: [RollingMean(window_size=30)], 60: [RollingMean(window_size=60)]}",lags_100_features_66,406.68035963582616,819.5511454511118,1356.8598794088225,1823.8533733488011,2142.541762252983,2486.8241228852953,2808.7726442480016,4140.738878613349,8824.923336736785,19113.84305830074,19769.09750514424
SGD_ElasticNet,AutoDifferences(max_diffs=380) | LocalMinMaxScaler(stats_=[[-214.51499032  437.2315826 ]]),"[1, 2, 3, 4, 5, 6, 7, 8, 9, 10, 11, 12, 13, 14, 15, 16, 17, 18, 19, 20, 21, 23, 25, 26, 27, 28, 30, 32, 33, 34, 35, 36, 37, 40, 41, 42, 44, 45, 47, 48, 54, 56, 60, 62, 63, 64, 69, 70, 72, 73, 74, 75, 76, 78, 79, 80, 81, 85, 90, 91, 92, 93, 94, 97, 98, 99]","{7: [RollingMean(window_size=7)], 30: [RollingMean(window_size=30)], 60: [RollingMean(window_size=60)]}",lags_100_features_66,92.72869408940228,181.56083333288618,283.35521854178717,369.60447024208094,427.2087564673467,486.28433719692435,539.0762609079801,751.6034159233541,1493.8826685956376,3101.2158950966464,3201.417537225234
SGD_Lasso,AutoDifferences(max_diffs=380) | LocalMinMaxScaler(stats_=[[-214.51499032  437.2315826 ]]),"[1, 2, 3, 4, 5, 6, 7, 8, 9, 10, 11, 12, 13, 14, 15, 16, 17, 18, 19, 20, 21, 23, 25, 26, 27, 28, 30, 32, 33, 34, 35, 36, 37, 40, 41, 42, 44, 45, 47, 48, 54, 56, 60, 62, 63, 64, 69, 70, 72, 73, 74, 75, 76, 78, 79, 80, 81, 85, 90, 91, 92, 93, 94, 97, 98, 99]","{7: [RollingMean(window_size=7)], 30: [RollingMean(window_size=30)], 60: [RollingMean(window_size=60)]}",lags_100_features_66,12.243610066732632,15.490033923363333,17.757585429475064,17.647591064981103,20.104140633242846,22.552758796395892,31.622112469464675,32.134465196401116,45.31284745278636,71.5920310805062,71.73645711621982
SGD_Ridge,AutoDifferences(max_diffs=380) | LocalMinMaxScaler(stats_=[[-214.51499032  437.2315826 ]]),"[1, 2, 3, 4, 5, 6, 7, 8, 9, 10, 11, 12, 13, 14, 15, 16, 17, 18, 19, 20, 21, 23, 25, 26, 27, 28, 30, 32, 33, 34, 35, 36, 37, 40, 41, 42, 44, 45, 47, 48, 54, 56, 60, 62, 63, 64, 69, 70, 72, 73, 74, 75, 76, 78, 79, 80, 81, 85, 90, 91, 92, 93, 94, 97, 98, 99]","{7: [RollingMean(window_size=7)], 30: [RollingMean(window_size=30)], 60: [RollingMean(window_size=60)]}",lags_100_features_66,662.1971214808402,1147.9343208241248,1622.4274795285035,1862.662373128051,1892.1087578395386,1858.3179056114463,1604.6176661953155,2050.0045660690957,4580.942839341353,10466.259060039118,10780.996628871724
SGDRegressor,AutoDifferences(max_diffs=380) | LocalMinMaxScaler(stats_=[[-214.51499032  437.2315826 ]]),"[1, 2, 3, 4, 5, 6, 7, 8, 9, 10, 11, 12, 13, 14, 15, 16, 17, 18, 19, 20, 21, 23, 25, 26, 27, 28, 30, 32, 33, 34, 35, 36, 37, 40, 41, 42, 44, 45, 47, 48, 54, 56, 60, 62, 63, 64, 69, 70, 72, 73, 74, 75, 76, 78, 79, 80, 81, 85, 90, 91, 92, 93, 94, 97, 98, 99]","{7: [RollingMean(window_size=7)], 30: [RollingMean(window_size=30)], 60: [RollingMean(window_size=60)]}",lags_100_features_66,223.13460617226642,462.66508992681077,808.5617818718384,1120.479796639637,1341.9616217854286,1591.650502942947,1843.6534569067262,2834.4017736911537,6276.111167169919,13837.81665532615,14324.860457079856
XGBRegressor,AutoDifferences(max_diffs=380) | LocalMinMaxScaler(stats_=[[-214.51499032  437.2315826 ]]),"[1, 2, 3, 4, 5, 6, 7, 8, 9, 10, 11, 12, 13, 14, 15, 16, 17, 18, 19, 20, 21, 23, 25, 26, 27, 28, 30, 32, 33, 34, 35, 36, 37, 40, 41, 42, 44, 45, 47, 48, 54, 56, 60, 62, 63, 64, 69, 70, 72, 73, 74, 75, 76, 78, 79, 80, 81, 85, 90, 91, 92, 93, 94, 97, 98, 99]","{7: [RollingMean(window_size=7)], 30: [RollingMean(window_size=30)], 60: [RollingMean(window_size=60)]}",lags_100_features_66,37.71790214765669,29.762865929584898,36.76305618627295,47.126307821194594,59.97813005702647,74.99931889388098,97.68870878352635,251.2480523632297,817.5149608302169,2001.7314564808776,2070.89439926854
LGBMRegressor,AutoDifferences(max_diffs=380) | LocalMinMaxScaler(stats_=[[-214.51499032  437.2315826 ]]),"[1, 2, 3, 4, 5, 6, 7, 8, 9, 10, 11, 12, 13, 14, 15, 16, 17, 18, 19, 20, 21, 23, 25, 26, 27, 28, 30, 32, 33, 34, 35, 36, 37, 40, 41, 42, 44, 45, 47, 48, 54, 56, 60, 62, 63, 64, 69, 70, 72, 73, 74, 75, 76, 78, 79, 80, 81, 85, 90, 91, 92, 93, 94, 97, 98, 99]","{7: [RollingMean(window_size=7)], 30: [RollingMean(window_size=30)], 60: [RollingMean(window_size=60)]}",lags_100_features_66,21.83181217014906,21.661495930682456,25.170489237579837,30.067319107552404,34.309476481704365,47.34015897650105,111.68832813304633,249.0528519069505,641.4694356950002,1455.4596323817013,1500.9531314655922
SGD_EarlyStopping,AutoDifferences(max_diffs=380) | LocalMinMaxScaler(stats_=[[-214.51499032  437.2315826 ]]),"[1, 2, 3, 4, 5, 6, 7, 8, 9, 10, 11, 12, 13, 14, 15, 16, 17, 18, 19, 20, 21, 23, 25, 26, 27, 28, 30, 32, 33, 34, 35, 36, 37, 40, 41, 42, 44, 45, 47, 48, 54, 56, 60, 62, 63, 64, 69, 70, 72, 73, 74, 75, 76, 78, 79, 80, 81, 85, 90, 91, 92, 93, 94, 97, 98, 99]","{7: [RollingMean(window_size=7), RollingStd(window_size=7)], 30: [RollingMean(window_size=30)], 60: [ExpandingMean()], 14: [ExponentiallyWeightedMean(alpha=0.3)]}",lags_100_features_66,135.39548663191627,299.4138449231029,564.2532753296005,826.7995164246776,1032.8878315321508,1277.2258431516811,1561.5393084386137,2442.1104765151663,5237.933249827058,10881.215255014418,11223.057959086647
SGD_ElasticNet,AutoDifferences(max_diffs=380) | LocalMinMaxScaler(stats_=[[-214.51499032  437.2315826 ]]),"[1, 2, 3, 4, 5, 6, 7, 8, 9, 10, 11, 12, 13, 14, 15, 16, 17, 18, 19, 20, 21, 23, 25, 26, 27, 28, 30, 32, 33, 34, 35, 36, 37, 40, 41, 42, 44, 45, 47, 48, 54, 56, 60, 62, 63, 64, 69, 70, 72, 73, 74, 75, 76, 78, 79, 80, 81, 85, 90, 91, 92, 93, 94, 97, 98, 99]","{7: [RollingMean(window_size=7), RollingStd(window_size=7)], 30: [RollingMean(window_size=30)], 60: [ExpandingMean()], 14: [ExponentiallyWeightedMean(alpha=0.3)]}",lags_100_features_66,142.5230041895343,272.3856884260488,414.02931422023056,518.0081821490678,573.0522095538279,620.1379215815392,631.1038615230863,847.7300324347309,1772.6436770552843,4034.9274284136527,4184.491238895519
SGD_Lasso,AutoDifferences(max_diffs=380) | LocalMinMaxScaler(stats_=[[-214.51499032  437.2315826 ]]),"[1, 2, 3, 4, 5, 6, 7, 8, 9, 10, 11, 12, 13, 14, 15, 16, 17, 18, 19, 20, 21, 23, 25, 26, 27, 28, 30, 32, 33, 34, 35, 36, 37, 40, 41, 42, 44, 45, 47, 48, 54, 56, 60, 62, 63, 64, 69, 70, 72, 73, 74, 75, 76, 78, 79, 80, 81, 85, 90, 91, 92, 93, 94, 97, 98, 99]","{7: [RollingMean(window_size=7), RollingStd(window_size=7)], 30: [RollingMean(window_size=30)], 60: [ExpandingMean()], 14: [ExponentiallyWeightedMean(alpha=0.3)]}",lags_100_features_66,10.351977907316828,15.36051258013979,18.33629028234625,19.75350868765365,23.964046583658384,27.56071252365907,37.37127885379869,38.980088263323665,42.16701325689778,49.2740226936346,48.525404306347625
SGD_Ridge,AutoDifferences(max_diffs=380) | LocalMinMaxScaler(stats_=[[-214.51499032  437.2315826 ]]),"[1, 2, 3, 4, 5, 6, 7, 8, 9, 10, 11, 12, 13, 14, 15, 16, 17, 18, 19, 20, 21, 23, 25, 26, 27, 28, 30, 32, 33, 34, 35, 36, 37, 40, 41, 42, 44, 45, 47, 48, 54, 56, 60, 62, 63, 64, 69, 70, 72, 73, 74, 75, 76, 78, 79, 80, 81, 85, 90, 91, 92, 93, 94, 97, 98, 99]","{7: [RollingMean(window_size=7), RollingStd(window_size=7)], 30: [RollingMean(window_size=30)], 60: [ExpandingMean()], 14: [ExponentiallyWeightedMean(alpha=0.3)]}",lags_100_features_66,546.5725866520457,913.8431431500377,1217.7926494912429,1299.8562908279246,1213.906828067863,1056.4705139869245,907.0174617768673,1000.3951775944699,2627.6093121180543,6980.289022370161,7212.037658177195
SGDRegressor,AutoDifferences(max_diffs=380) | LocalMinMaxScaler(stats_=[[-214.51499032  437.2315826 ]]),"[1, 2, 3, 4, 5, 6, 7, 8, 9, 10, 11, 12, 13, 14, 15, 16, 17, 18, 19, 20, 21, 23, 25, 26, 27, 28, 30, 32, 33, 34, 35, 36, 37, 40, 41, 42, 44, 45, 47, 48, 54, 56, 60, 62, 63, 64, 69, 70, 72, 73, 74, 75, 76, 78, 79, 80, 81, 85, 90, 91, 92, 93, 94, 97, 98, 99]","{7: [RollingMean(window_size=7), RollingStd(window_size=7)], 30: [RollingMean(window_size=30)], 60: [ExpandingMean()], 14: [ExponentiallyWeightedMean(alpha=0.3)]}",lags_100_features_66,207.23516602504532,409.4642316791165,650.3649817429605,843.474279417671,961.5824910394381,1078.5141088968878,1159.0157605618492,1643.4495098452167,3497.4281625574604,7805.637756176489,8087.533725677734
XGBRegressor,AutoDifferences(max_diffs=380) | LocalMinMaxScaler(stats_=[[-214.51499032  437.2315826 ]]),"[1, 2, 3, 4, 5, 6, 7, 8, 9, 10, 11, 12, 13, 14, 15, 16, 17, 18, 19, 20, 21, 23, 25, 26, 27, 28, 30, 32, 33, 34, 35, 36, 37, 40, 41, 42, 44, 45, 47, 48, 54, 56, 60, 62, 63, 64, 69, 70, 72, 73, 74, 75, 76, 78, 79, 80, 81, 85, 90, 91, 92, 93, 94, 97, 98, 99]","{7: [RollingMean(window_size=7), RollingStd(window_size=7)], 30: [RollingMean(window_size=30)], 60: [ExpandingMean()], 14: [ExponentiallyWeightedMean(alpha=0.3)]}",lags_100_features_66,35.66030624278756,46.528879903901405,89.23971824979135,139.83639231385808,179.60883254832575,223.47951359291915,255.45296026558213,392.63808774408875,858.7405047008789,1764.8172970412836,1813.2998800982523
LGBMRegressor,AutoDifferences(max_diffs=380) | LocalMinMaxScaler(stats_=[[-214.51499032  437.2315826 ]]),"[1, 2, 3, 4, 5, 6, 7, 8, 9, 10, 11, 12, 13, 14, 15, 16, 17, 18, 19, 20, 21, 23, 25, 26, 27, 28, 30, 32, 33, 34, 35, 36, 37, 40, 41, 42, 44, 45, 47, 48, 54, 56, 60, 62, 63, 64, 69, 70, 72, 73, 74, 75, 76, 78, 79, 80, 81, 85, 90, 91, 92, 93, 94, 97, 98, 99]","{7: [RollingMean(window_size=7), RollingStd(window_size=7)], 30: [RollingMean(window_size=30)], 60: [ExpandingMean()], 14: [ExponentiallyWeightedMean(alpha=0.3)]}",lags_100_features_66,26.97356775505897,23.423025953424304,31.544223877665882,39.040052493218376,44.88483803080411,60.359580253787236,106.23097348479607,168.5206507338502,361.1855310253538,705.5522988268335,723.1542560106722
SGD_EarlyStopping,"AutoSeasonalDifferences(max_diffs=380, n_seasons=10, season_length=267) | LocalStandardScaler(stats_=[[47.42372721 38.3630083 ]])","[1, 2, 3, 4, 5, 6, 7, 8, 9, 10, 11, 12, 13, 14, 15, 16, 17, 18, 19, 20, 21, 23, 25, 26, 27, 28, 30, 32, 33, 34, 35, 36, 37, 40, 41, 42, 44, 45, 47, 48, 54, 56, 60, 62, 63, 64, 69, 70, 72, 73, 74, 75, 76, 78, 79, 80, 81, 85, 90, 91, 92, 93, 94, 97, 98, 99]","{1: [<function expanding_mean at 0x000002C58F7A04A0>], 7: [<function rolling_mean_14 at 0x000002C5930FAA20>], 30: [<function expanding_mean at 0x000002C58F7A04A0>]}",lags_100_features_66,59.509820994050266,85.06731240091348,134.03544931497416,170.92941715838356,191.9474498946841,218.22635676261945,233.51193139766994,317.40802094082443,628.9493599842623,1335.9372583610414,1386.2504452710566
SGD_ElasticNet,"AutoSeasonalDifferences(max_diffs=380, n_seasons=10, season_length=267) | LocalStandardScaler(stats_=[[47.42372721 38.3630083 ]])","[1, 2, 3, 4, 5, 6, 7, 8, 9, 10, 11, 12, 13, 14, 15, 16, 17, 18, 19, 20, 21, 23, 25, 26, 27, 28, 30, 32, 33, 34, 35, 36, 37, 40, 41, 42, 44, 45, 47, 48, 54, 56, 60, 62, 63, 64, 69, 70, 72, 73, 74, 75, 76, 78, 79, 80, 81, 85, 90, 91, 92, 93, 94, 97, 98, 99]","{1: [<function expanding_mean at 0x000002C58F7A04A0>], 7: [<function rolling_mean_14 at 0x000002C5930FAA20>], 30: [<function expanding_mean at 0x000002C58F7A04A0>]}",lags_100_features_66,14.9642214726692,20.740840930685145,25.027673140517372,29.617326727372205,34.68857443468459,37.656254768449024,46.23551773991386,62.70589751657635,96.87231598568788,160.52193400421905,163.67490567779504
SGD_Lasso,"AutoSeasonalDifferences(max_diffs=380, n_seasons=10, season_length=267) | LocalStandardScaler(stats_=[[47.42372721 38.3630083 ]])","[1, 2, 3, 4, 5, 6, 7, 8, 9, 10, 11, 12, 13, 14, 15, 16, 17, 18, 19, 20, 21, 23, 25, 26, 27, 28, 30, 32, 33, 34, 35, 36, 37, 40, 41, 42, 44, 45, 47, 48, 54, 56, 60, 62, 63, 64, 69, 70, 72, 73, 74, 75, 76, 78, 79, 80, 81, 85, 90, 91, 92, 93, 94, 97, 98, 99]","{1: [<function expanding_mean at 0x000002C58F7A04A0>], 7: [<function rolling_mean_14 at 0x000002C5930FAA20>], 30: [<function expanding_mean at 0x000002C58F7A04A0>]}",lags_100_features_66,125.639121318977,109.80957485054037,108.07203372182055,96.71036197749996,81.42118995666304,71.9584526797247,64.77463235416013,58.62644717390454,75.47038238780878,102.19092733775412,101.66197928327243
SGD_Ridge,"AutoSeasonalDifferences(max_diffs=380, n_seasons=10, season_length=267) | LocalStandardScaler(stats_=[[47.42372721 38.3630083 ]])","[1, 2, 3, 4, 5, 6, 7, 8, 9, 10, 11, 12, 13, 14, 15, 16, 17, 18, 19, 20, 21, 23, 25, 26, 27, 28, 30, 32, 33, 34, 35, 36, 37, 40, 41, 42, 44, 45, 47, 48, 54, 56, 60, 62, 63, 64, 69, 70, 72, 73, 74, 75, 76, 78, 79, 80, 81, 85, 90, 91, 92, 93, 94, 97, 98, 99]","{1: [<function expanding_mean at 0x000002C58F7A04A0>], 7: [<function rolling_mean_14 at 0x000002C5930FAA20>], 30: [<function expanding_mean at 0x000002C58F7A04A0>]}",lags_100_features_66,75.35499599149792,104.86527129163605,155.51914106502295,187.83739715551226,199.24807420314585,211.19168981612674,196.88971921948226,199.28748187621423,245.43849723901755,322.8174371590511,326.64143219920504
SGDRegressor,"AutoSeasonalDifferences(max_diffs=380, n_seasons=10, season_length=267) | LocalStandardScaler(stats_=[[47.42372721 38.3630083 ]])","[1, 2, 3, 4, 5, 6, 7, 8, 9, 10, 11, 12, 13, 14, 15, 16, 17, 18, 19, 20, 21, 23, 25, 26, 27, 28, 30, 32, 33, 34, 35, 36, 37, 40, 41, 42, 44, 45, 47, 48, 54, 56, 60, 62, 63, 64, 69, 70, 72, 73, 74, 75, 76, 78, 79, 80, 81, 85, 90, 91, 92, 93, 94, 97, 98, 99]","{1: [<function expanding_mean at 0x000002C58F7A04A0>], 7: [<function rolling_mean_14 at 0x000002C5930FAA20>], 30: [<function expanding_mean at 0x000002C58F7A04A0>]}",lags_100_features_66,22.919884679518063,22.223896992675424,24.42663118742427,27.25894189706916,31.503160183558226,33.96427439722192,42.89959572873745,60.746954795353545,99.84490914493595,191.13951786408487,197.2052440727262
XGBRegressor,"AutoSeasonalDifferences(max_diffs=380, n_seasons=10, season_length=267) | LocalStandardScaler(stats_=[[47.42372721 38.3630083 ]])","[1, 2, 3, 4, 5, 6, 7, 8, 9, 10, 11, 12, 13, 14, 15, 16, 17, 18, 19, 20, 21, 23, 25, 26, 27, 28, 30, 32, 33, 34, 35, 36, 37, 40, 41, 42, 44, 45, 47, 48, 54, 56, 60, 62, 63, 64, 69, 70, 72, 73, 74, 75, 76, 78, 79, 80, 81, 85, 90, 91, 92, 93, 94, 97, 98, 99]","{1: [<function expanding_mean at 0x000002C58F7A04A0>], 7: [<function rolling_mean_14 at 0x000002C5930FAA20>], 30: [<function expanding_mean at 0x000002C58F7A04A0>]}",lags_100_features_66,18.45616410203031,27.611906814109293,28.78638443420995,28.832235707419873,30.068133715888866,31.18097244653854,39.113324793740325,41.61073883217771,40.65494631348501,39.19938360817619,38.53718532141215
LGBMRegressor,"AutoSeasonalDifferences(max_diffs=380, n_seasons=10, season_length=267) | LocalStandardScaler(stats_=[[47.42372721 38.3630083 ]])","[1, 2, 3, 4, 5, 6, 7, 8, 9, 10, 11, 12, 13, 14, 15, 16, 17, 18, 19, 20, 21, 23, 25, 26, 27, 28, 30, 32, 33, 34, 35, 36, 37, 40, 41, 42, 44, 45, 47, 48, 54, 56, 60, 62, 63, 64, 69, 70, 72, 73, 74, 75, 76, 78, 79, 80, 81, 85, 90, 91, 92, 93, 94, 97, 98, 99]","{1: [<function expanding_mean at 0x000002C58F7A04A0>], 7: [<function rolling_mean_14 at 0x000002C5930FAA20>], 30: [<function expanding_mean at 0x000002C58F7A04A0>]}",lags_100_features_66,12.496777751403561,20.62980382588377,22.70337445573226,23.539287008178487,23.812507587665532,25.146942216231892,29.734636090346573,42.39288462000055,79.57371602016148,72.57243269313743,71.07450650743972
SGD_EarlyStopping,"AutoSeasonalDifferences(max_diffs=380, n_seasons=10, season_length=267) | LocalStandardScaler(stats_=[[47.42372721 38.3630083 ]])","[1, 2, 3, 4, 5, 6, 7, 8, 9, 10, 11, 12, 13, 14, 15, 16, 17, 18, 19, 20, 21, 23, 25, 26, 27, 28, 30, 32, 33, 34, 35, 36, 37, 40, 41, 42, 44, 45, 47, 48, 54, 56, 60, 62, 63, 64, 69, 70, 72, 73, 74, 75, 76, 78, 79, 80, 81, 85, 90, 91, 92, 93, 94, 97, 98, 99]","{1: [<function rolling_mean_14 at 0x000002C5930FAA20>], 7: [<function rolling_mean_30 at 0x000002C58DBF9260>], 30: [<function expanding_mean at 0x000002C58F7A04A0>]}",lags_100_features_66,57.321995846748955,81.63824426980143,129.1460937563954,165.37256474564919,186.50440219068292,213.27680177897977,230.58621190061226,320.45818215028896,654.9123609652565,1436.1029537026147,1493.7109805838516
SGD_ElasticNet,"AutoSeasonalDifferences(max_diffs=380, n_seasons=10, season_length=267) | LocalStandardScaler(stats_=[[47.42372721 38.3630083 ]])","[1, 2, 3, 4, 5, 6, 7, 8, 9, 10, 11, 12, 13, 14, 15, 16, 17, 18, 19, 20, 21, 23, 25, 26, 27, 28, 30, 32, 33, 34, 35, 36, 37, 40, 41, 42, 44, 45, 47, 48, 54, 56, 60, 62, 63, 64, 69, 70, 72, 73, 74, 75, 76, 78, 79, 80, 81, 85, 90, 91, 92, 93, 94, 97, 98, 99]","{1: [<function rolling_mean_14 at 0x000002C5930FAA20>], 7: [<function rolling_mean_30 at 0x000002C58DBF9260>], 30: [<function expanding_mean at 0x000002C58F7A04A0>]}",lags_100_features_66,14.597785411263839,21.22597385637602,25.977522105305635,31.29289789067001,36.848967647634474,40.21347398367973,48.9081782667308,66.04785575832378,102.4278335770723,170.50857809376402,173.89485956403323
SGD_Lasso,"AutoSeasonalDifferences(max_diffs=380, n_seasons=10, season_length=267) | LocalStandardScaler(stats_=[[47.42372721 38.3630083 ]])","[1, 2, 3, 4, 5, 6, 7, 8, 9, 10, 11, 12, 13, 14, 15, 16, 17, 18, 19, 20, 21, 23, 25, 26, 27, 28, 30, 32, 33, 34, 35, 36, 37, 40, 41, 42, 44, 45, 47, 48, 54, 56, 60, 62, 63, 64, 69, 70, 72, 73, 74, 75, 76, 78, 79, 80, 81, 85, 90, 91, 92, 93, 94, 97, 98, 99]","{1: [<function rolling_mean_14 at 0x000002C5930FAA20>], 7: [<function rolling_mean_30 at 0x000002C58DBF9260>], 30: [<function expanding_mean at 0x000002C58F7A04A0>]}",lags_100_features_66,125.63912174569644,109.80957524732355,108.0720341153178,96.71036234951049,81.42119028210851,71.95845296079841,64.7746325428498,58.626447336468146,75.470382605131,102.19092763423913,101.66197958119125
SGD_Ridge,"AutoSeasonalDifferences(max_diffs=380, n_seasons=10, season_length=267) | LocalStandardScaler(stats_=[[47.42372721 38.3630083 ]])","[1, 2, 3, 4, 5, 6, 7, 8, 9, 10, 11, 12, 13, 14, 15, 16, 17, 18, 19, 20, 21, 23, 25, 26, 27, 28, 30, 32, 33, 34, 35, 36, 37, 40, 41, 42, 44, 45, 47, 48, 54, 56, 60, 62, 63, 64, 69, 70, 72, 73, 74, 75, 76, 78, 79, 80, 81, 85, 90, 91, 92, 93, 94, 97, 98, 99]","{1: [<function rolling_mean_14 at 0x000002C5930FAA20>], 7: [<function rolling_mean_30 at 0x000002C58DBF9260>], 30: [<function expanding_mean at 0x000002C58F7A04A0>]}",lags_100_features_66,14.719988677097758,17.711983514782233,19.5919172896504,19.329300051948454,20.74067172617471,21.987786473743082,31.066444044487053,38.42786603133537,38.39537638608541,35.578724975425956,35.11137609335474
SGDRegressor,"AutoSeasonalDifferences(max_diffs=380, n_seasons=10, season_length=267) | LocalStandardScaler(stats_=[[47.42372721 38.3630083 ]])","[1, 2, 3, 4, 5, 6, 7, 8, 9, 10, 11, 12, 13, 14, 15, 16, 17, 18, 19, 20, 21, 23, 25, 26, 27, 28, 30, 32, 33, 34, 35, 36, 37, 40, 41, 42, 44, 45, 47, 48, 54, 56, 60, 62, 63, 64, 69, 70, 72, 73, 74, 75, 76, 78, 79, 80, 81, 85, 90, 91, 92, 93, 94, 97, 98, 99]","{1: [<function rolling_mean_14 at 0x000002C5930FAA20>], 7: [<function rolling_mean_30 at 0x000002C58DBF9260>], 30: [<function expanding_mean at 0x000002C58F7A04A0>]}",lags_100_features_66,22.105323442371976,22.250579453220077,25.123528008744934,29.022441904338574,34.01580536758419,37.102242460333,46.348413967478166,65.49078295326295,108.9706090103113,209.86175994800277,216.54192563808516
XGBRegressor,"AutoSeasonalDifferences(max_diffs=380, n_seasons=10, season_length=267) | LocalStandardScaler(stats_=[[47.42372721 38.3630083 ]])","[1, 2, 3, 4, 5, 6, 7, 8, 9, 10, 11, 12, 13, 14, 15, 16, 17, 18, 19, 20, 21, 23, 25, 26, 27, 28, 30, 32, 33, 34, 35, 36, 37, 40, 41, 42, 44, 45, 47, 48, 54, 56, 60, 62, 63, 64, 69, 70, 72, 73, 74, 75, 76, 78, 79, 80, 81, 85, 90, 91, 92, 93, 94, 97, 98, 99]","{1: [<function rolling_mean_14 at 0x000002C5930FAA20>], 7: [<function rolling_mean_30 at 0x000002C58DBF9260>], 30: [<function expanding_mean at 0x000002C58F7A04A0>]}",lags_100_features_66,11.429782049053903,19.655294884629573,24.278948053298,25.769993924781577,28.908681862667123,30.241321543596904,38.078441483302896,39.35303950662507,39.09401711211061,38.367161275072284,37.838094832878475
LGBMRegressor,"AutoSeasonalDifferences(max_diffs=380, n_seasons=10, season_length=267) | LocalStandardScaler(stats_=[[47.42372721 38.3630083 ]])","[1, 2, 3, 4, 5, 6, 7, 8, 9, 10, 11, 12, 13, 14, 15, 16, 17, 18, 19, 20, 21, 23, 25, 26, 27, 28, 30, 32, 33, 34, 35, 36, 37, 40, 41, 42, 44, 45, 47, 48, 54, 56, 60, 62, 63, 64, 69, 70, 72, 73, 74, 75, 76, 78, 79, 80, 81, 85, 90, 91, 92, 93, 94, 97, 98, 99]","{1: [<function rolling_mean_14 at 0x000002C5930FAA20>], 7: [<function rolling_mean_30 at 0x000002C58DBF9260>], 30: [<function expanding_mean at 0x000002C58F7A04A0>]}",lags_100_features_66,10.980562990121529,18.18739925775055,19.947600770910466,20.334175220998308,20.861757111975393,21.755650744072724,26.389005956823013,41.821546319336896,72.49640950474408,66.45179503180844,65.05424091104402
SGD_EarlyStopping,"AutoSeasonalDifferences(max_diffs=380, n_seasons=10, season_length=267) | LocalStandardScaler(stats_=[[47.42372721 38.3630083 ]])","[1, 2, 3, 4, 5, 6, 7, 8, 9, 10, 11, 12, 13, 14, 15, 16, 17, 18, 19, 20, 21, 23, 25, 26, 27, 28, 30, 32, 33, 34, 35, 36, 37, 40, 41, 42, 44, 45, 47, 48, 54, 56, 60, 62, 63, 64, 69, 70, 72, 73, 74, 75, 76, 78, 79, 80, 81, 85, 90, 91, 92, 93, 94, 97, 98, 99]","{7: [RollingMean(window_size=7)], 30: [RollingMean(window_size=30)], 60: [RollingMean(window_size=60)]}",lags_100_features_66,27.869415402384877,37.05323708066023,75.98758384837143,131.20072490860468,200.17365747025798,326.1163743048815,705.6703931943842,3531.978595566092,28164.82301519051,384717.67354022,484035.9414963881
SGD_ElasticNet,"AutoSeasonalDifferences(max_diffs=380, n_seasons=10, season_length=267) | LocalStandardScaler(stats_=[[47.42372721 38.3630083 ]])","[1, 2, 3, 4, 5, 6, 7, 8, 9, 10, 11, 12, 13, 14, 15, 16, 17, 18, 19, 20, 21, 23, 25, 26, 27, 28, 30, 32, 33, 34, 35, 36, 37, 40, 41, 42, 44, 45, 47, 48, 54, 56, 60, 62, 63, 64, 69, 70, 72, 73, 74, 75, 76, 78, 79, 80, 81, 85, 90, 91, 92, 93, 94, 97, 98, 99]","{7: [RollingMean(window_size=7)], 30: [RollingMean(window_size=30)], 60: [RollingMean(window_size=60)]}",lags_100_features_66,15.861768396526147,17.49175249614085,29.065292383052295,38.21871938515177,42.33873649867333,49.194213788758354,49.0296511950152,46.46591323868752,45.84944999016946,46.61959181213999,47.96508889065386
SGD_Lasso,"AutoSeasonalDifferences(max_diffs=380, n_seasons=10, season_length=267) | LocalStandardScaler(stats_=[[47.42372721 38.3630083 ]])","[1, 2, 3, 4, 5, 6, 7, 8, 9, 10, 11, 12, 13, 14, 15, 16, 17, 18, 19, 20, 21, 23, 25, 26, 27, 28, 30, 32, 33, 34, 35, 36, 37, 40, 41, 42, 44, 45, 47, 48, 54, 56, 60, 62, 63, 64, 69, 70, 72, 73, 74, 75, 76, 78, 79, 80, 81, 85, 90, 91, 92, 93, 94, 97, 98, 99]","{7: [RollingMean(window_size=7)], 30: [RollingMean(window_size=30)], 60: [RollingMean(window_size=60)]}",lags_100_features_66,126.53992948283148,110.64718748072349,108.90270965049274,97.49567925292759,82.10820799343055,72.55180156390072,65.17295779898913,58.96962025307371,75.92915129965932,102.81680964517155,102.29088837202723
SGD_Ridge,"AutoSeasonalDifferences(max_diffs=380, n_seasons=10, season_length=267) | LocalStandardScaler(stats_=[[47.42372721 38.3630083 ]])","[1, 2, 3, 4, 5, 6, 7, 8, 9, 10, 11, 12, 13, 14, 15, 16, 17, 18, 19, 20, 21, 23, 25, 26, 27, 28, 30, 32, 33, 34, 35, 36, 37, 40, 41, 42, 44, 45, 47, 48, 54, 56, 60, 62, 63, 64, 69, 70, 72, 73, 74, 75, 76, 78, 79, 80, 81, 85, 90, 91, 92, 93, 94, 97, 98, 99]","{7: [RollingMean(window_size=7)], 30: [RollingMean(window_size=30)], 60: [RollingMean(window_size=60)]}",lags_100_features_66,9.379024763592863,15.489044424677195,17.53113566888619,17.659180974722645,17.597698557411903,18.30717282050081,26.332837828295403,32.67133880454705,32.80984503228527,38.35665373412249,38.529623191354965
SGDRegressor,"AutoSeasonalDifferences(max_diffs=380, n_seasons=10, season_length=267) | LocalStandardScaler(stats_=[[47.42372721 38.3630083 ]])","[1, 2, 3, 4, 5, 6, 7, 8, 9, 10, 11, 12, 13, 14, 15, 16, 17, 18, 19, 20, 21, 23, 25, 26, 27, 28, 30, 32, 33, 34, 35, 36, 37, 40, 41, 42, 44, 45, 47, 48, 54, 56, 60, 62, 63, 64, 69, 70, 72, 73, 74, 75, 76, 78, 79, 80, 81, 85, 90, 91, 92, 93, 94, 97, 98, 99]","{7: [RollingMean(window_size=7)], 30: [RollingMean(window_size=30)], 60: [RollingMean(window_size=60)]}",lags_100_features_66,15.724432563169675,33.89448597291598,46.88126367510515,58.25239126039825,66.06640637877578,71.05360519821943,78.38540521369909,99.60029739255745,158.89751416389547,266.93562335614297,271.90025649192984
XGBRegressor,"AutoSeasonalDifferences(max_diffs=380, n_seasons=10, season_length=267) | LocalStandardScaler(stats_=[[47.42372721 38.3630083 ]])","[1, 2, 3, 4, 5, 6, 7, 8, 9, 10, 11, 12, 13, 14, 15, 16, 17, 18, 19, 20, 21, 23, 25, 26, 27, 28, 30, 32, 33, 34, 35, 36, 37, 40, 41, 42, 44, 45, 47, 48, 54, 56, 60, 62, 63, 64, 69, 70, 72, 73, 74, 75, 76, 78, 79, 80, 81, 85, 90, 91, 92, 93, 94, 97, 98, 99]","{7: [RollingMean(window_size=7)], 30: [RollingMean(window_size=30)], 60: [RollingMean(window_size=60)]}",lags_100_features_66,15.075018363063364,25.55469995441128,26.429721132657036,25.587608711851605,25.61456335267462,25.95286373017625,32.52106499237733,32.85970876589733,42.74138264205224,58.47517934106686,58.09200374860922
LGBMRegressor,"AutoSeasonalDifferences(max_diffs=380, n_seasons=10, season_length=267) | LocalStandardScaler(stats_=[[47.42372721 38.3630083 ]])","[1, 2, 3, 4, 5, 6, 7, 8, 9, 10, 11, 12, 13, 14, 15, 16, 17, 18, 19, 20, 21, 23, 25, 26, 27, 28, 30, 32, 33, 34, 35, 36, 37, 40, 41, 42, 44, 45, 47, 48, 54, 56, 60, 62, 63, 64, 69, 70, 72, 73, 74, 75, 76, 78, 79, 80, 81, 85, 90, 91, 92, 93, 94, 97, 98, 99]","{7: [RollingMean(window_size=7)], 30: [RollingMean(window_size=30)], 60: [RollingMean(window_size=60)]}",lags_100_features_66,13.819849013488467,22.420013932841794,24.941087976502434,27.010307103380114,27.229411639600215,26.53602994892855,31.299263911488545,43.442362717436176,52.57338961610994,48.51063215332439,47.87738275065497
SGD_EarlyStopping,"AutoSeasonalDifferences(max_diffs=380, n_seasons=10, season_length=267) | LocalStandardScaler(stats_=[[47.42372721 38.3630083 ]])","[1, 2, 3, 4, 5, 6, 7, 8, 9, 10, 11, 12, 13, 14, 15, 16, 17, 18, 19, 20, 21, 23, 25, 26, 27, 28, 30, 32, 33, 34, 35, 36, 37, 40, 41, 42, 44, 45, 47, 48, 54, 56, 60, 62, 63, 64, 69, 70, 72, 73, 74, 75, 76, 78, 79, 80, 81, 85, 90, 91, 92, 93, 94, 97, 98, 99]","{7: [RollingMean(window_size=7), RollingStd(window_size=7)], 30: [RollingMean(window_size=30)], 60: [ExpandingMean()], 14: [ExponentiallyWeightedMean(alpha=0.3)]}",lags_100_features_66,56.97790441217916,81.34648322330506,129.15421441761325,166.14966303036803,188.24932595824498,216.44228883610202,236.56295563714963,336.44636610597627,710.6531486414706,1620.614364587992,1691.0141785046858
SGD_ElasticNet,"AutoSeasonalDifferences(max_diffs=380, n_seasons=10, season_length=267) | LocalStandardScaler(stats_=[[47.42372721 38.3630083 ]])","[1, 2, 3, 4, 5, 6, 7, 8, 9, 10, 11, 12, 13, 14, 15, 16, 17, 18, 19, 20, 21, 23, 25, 26, 27, 28, 30, 32, 33, 34, 35, 36, 37, 40, 41, 42, 44, 45, 47, 48, 54, 56, 60, 62, 63, 64, 69, 70, 72, 73, 74, 75, 76, 78, 79, 80, 81, 85, 90, 91, 92, 93, 94, 97, 98, 99]","{7: [RollingMean(window_size=7), RollingStd(window_size=7)], 30: [RollingMean(window_size=30)], 60: [ExpandingMean()], 14: [ExponentiallyWeightedMean(alpha=0.3)]}",lags_100_features_66,14.762103351020592,21.064801944413777,25.743235373993212,30.93395168558699,36.420322636516225,39.71988740083565,48.396081576723645,65.64748092954115,102.45578123834281,172.17745216159426,175.7135664373529
SGD_Lasso,"AutoSeasonalDifferences(max_diffs=380, n_seasons=10, season_length=267) | LocalStandardScaler(stats_=[[47.42372721 38.3630083 ]])","[1, 2, 3, 4, 5, 6, 7, 8, 9, 10, 11, 12, 13, 14, 15, 16, 17, 18, 19, 20, 21, 23, 25, 26, 27, 28, 30, 32, 33, 34, 35, 36, 37, 40, 41, 42, 44, 45, 47, 48, 54, 56, 60, 62, 63, 64, 69, 70, 72, 73, 74, 75, 76, 78, 79, 80, 81, 85, 90, 91, 92, 93, 94, 97, 98, 99]","{7: [RollingMean(window_size=7), RollingStd(window_size=7)], 30: [RollingMean(window_size=30)], 60: [ExpandingMean()], 14: [ExponentiallyWeightedMean(alpha=0.3)]}",lags_100_features_66,125.63912219612085,109.80957566614882,108.07203453067456,96.7103627421869,81.42119062563306,71.95845325748625,64.77463274202154,58.62644750806244,75.47038283452581,102.19092794719444,101.66197989566001
SGD_Ridge,"AutoSeasonalDifferences(max_diffs=380, n_seasons=10, season_length=267) | LocalStandardScaler(stats_=[[47.42372721 38.3630083 ]])","[1, 2, 3, 4, 5, 6, 7, 8, 9, 10, 11, 12, 13, 14, 15, 16, 17, 18, 19, 20, 21, 23, 25, 26, 27, 28, 30, 32, 33, 34, 35, 36, 37, 40, 41, 42, 44, 45, 47, 48, 54, 56, 60, 62, 63, 64, 69, 70, 72, 73, 74, 75, 76, 78, 79, 80, 81, 85, 90, 91, 92, 93, 94, 97, 98, 99]","{7: [RollingMean(window_size=7), RollingStd(window_size=7)], 30: [RollingMean(window_size=30)], 60: [ExpandingMean()], 14: [ExponentiallyWeightedMean(alpha=0.3)]}",lags_100_features_66,74.46247740602571,103.83893353601097,154.46601490185006,187.06263279136883,198.8870233253474,211.35162361336577,197.89142951865938,201.79877294975213,250.94085710767274,330.7333174997196,334.54299162252073
SGDRegressor,"AutoSeasonalDifferences(max_diffs=380, n_seasons=10, season_length=267) | LocalStandardScaler(stats_=[[47.42372721 38.3630083 ]])","[1, 2, 3, 4, 5, 6, 7, 8, 9, 10, 11, 12, 13, 14, 15, 16, 17, 18, 19, 20, 21, 23, 25, 26, 27, 28, 30, 32, 33, 34, 35, 36, 37, 40, 41, 42, 44, 45, 47, 48, 54, 56, 60, 62, 63, 64, 69, 70, 72, 73, 74, 75, 76, 78, 79, 80, 81, 85, 90, 91, 92, 93, 94, 97, 98, 99]","{7: [RollingMean(window_size=7), RollingStd(window_size=7)], 30: [RollingMean(window_size=30)], 60: [ExpandingMean()], 14: [ExponentiallyWeightedMean(alpha=0.3)]}",lags_100_features_66,22.489640106676152,22.303162762780076,25.055839413354807,28.801216497654348,33.709356504500235,36.7056387705703,45.89413811942298,65.40177602897714,110.92772605283778,220.27502528778285,227.82372204482692
XGBRegressor,"AutoSeasonalDifferences(max_diffs=380, n_seasons=10, season_length=267) | LocalStandardScaler(stats_=[[47.42372721 38.3630083 ]])","[1, 2, 3, 4, 5, 6, 7, 8, 9, 10, 11, 12, 13, 14, 15, 16, 17, 18, 19, 20, 21, 23, 25, 26, 27, 28, 30, 32, 33, 34, 35, 36, 37, 40, 41, 42, 44, 45, 47, 48, 54, 56, 60, 62, 63, 64, 69, 70, 72, 73, 74, 75, 76, 78, 79, 80, 81, 85, 90, 91, 92, 93, 94, 97, 98, 99]","{7: [RollingMean(window_size=7), RollingStd(window_size=7)], 30: [RollingMean(window_size=30)], 60: [ExpandingMean()], 14: [ExponentiallyWeightedMean(alpha=0.3)]}",lags_100_features_66,18.822249558177248,24.830724330621614,26.18911721909295,25.50896334900366,26.089698246507037,27.513661248142412,32.946841082082116,32.697673666517105,48.7873631083814,73.78949546798152,73.51073600621896
LGBMRegressor,"AutoSeasonalDifferences(max_diffs=380, n_seasons=10, season_length=267) | LocalStandardScaler(stats_=[[47.42372721 38.3630083 ]])","[1, 2, 3, 4, 5, 6, 7, 8, 9, 10, 11, 12, 13, 14, 15, 16, 17, 18, 19, 20, 21, 23, 25, 26, 27, 28, 30, 32, 33, 34, 35, 36, 37, 40, 41, 42, 44, 45, 47, 48, 54, 56, 60, 62, 63, 64, 69, 70, 72, 73, 74, 75, 76, 78, 79, 80, 81, 85, 90, 91, 92, 93, 94, 97, 98, 99]","{7: [RollingMean(window_size=7), RollingStd(window_size=7)], 30: [RollingMean(window_size=30)], 60: [ExpandingMean()], 14: [ExponentiallyWeightedMean(alpha=0.3)]}",lags_100_features_66,12.225733216860384,19.066368431428113,21.847742707120222,23.705773926978082,25.21540506669616,25.457709864923128,29.57222159732668,41.55323481873534,46.63237907068704,44.14681279879639,43.30380680420775
SGD_EarlyStopping,"AutoSeasonalDifferences(max_diffs=380, n_seasons=10, season_length=267) | LocalMinMaxScaler(stats_=[[  5.11211699 325.92896936]])","[1, 2, 3, 4, 5, 6, 7, 8, 9, 10, 11, 12, 13, 14, 15, 16, 17, 18, 19, 20, 21, 23, 25, 26, 27, 28, 30, 32, 33, 34, 35, 36, 37, 40, 41, 42, 44, 45, 47, 48, 54, 56, 60, 62, 63, 64, 69, 70, 72, 73, 74, 75, 76, 78, 79, 80, 81, 85, 90, 91, 92, 93, 94, 97, 98, 99]","{1: [<function expanding_mean at 0x000002C58F7A04A0>], 7: [<function rolling_mean_14 at 0x000002C5930FAA20>], 30: [<function expanding_mean at 0x000002C58F7A04A0>]}",lags_100_features_66,14.264471920334525,16.235982959940674,27.462354434291957,35.59878256667977,37.989652413206976,41.989559676400084,40.85056537139754,38.720242276985815,37.21409331555959,45.98446533889396,48.061570969209185
SGD_ElasticNet,"AutoSeasonalDifferences(max_diffs=380, n_seasons=10, season_length=267) | LocalMinMaxScaler(stats_=[[  5.11211699 325.92896936]])","[1, 2, 3, 4, 5, 6, 7, 8, 9, 10, 11, 12, 13, 14, 15, 16, 17, 18, 19, 20, 21, 23, 25, 26, 27, 28, 30, 32, 33, 34, 35, 36, 37, 40, 41, 42, 44, 45, 47, 48, 54, 56, 60, 62, 63, 64, 69, 70, 72, 73, 74, 75, 76, 78, 79, 80, 81, 85, 90, 91, 92, 93, 94, 97, 98, 99]","{1: [<function expanding_mean at 0x000002C58F7A04A0>], 7: [<function rolling_mean_14 at 0x000002C5930FAA20>], 30: [<function expanding_mean at 0x000002C58F7A04A0>]}",lags_100_features_66,63.50857985103413,74.44690224038442,98.60407335124948,108.4944960543327,106.1905244972648,105.01910860847113,89.87015853528312,80.09424072662125,93.3273554394782,134.58623972591695,136.56682517238406
SGD_Lasso,"AutoSeasonalDifferences(max_diffs=380, n_seasons=10, season_length=267) | LocalMinMaxScaler(stats_=[[  5.11211699 325.92896936]])","[1, 2, 3, 4, 5, 6, 7, 8, 9, 10, 11, 12, 13, 14, 15, 16, 17, 18, 19, 20, 21, 23, 25, 26, 27, 28, 30, 32, 33, 34, 35, 36, 37, 40, 41, 42, 44, 45, 47, 48, 54, 56, 60, 62, 63, 64, 69, 70, 72, 73, 74, 75, 76, 78, 79, 80, 81, 85, 90, 91, 92, 93, 94, 97, 98, 99]","{1: [<function expanding_mean at 0x000002C58F7A04A0>], 7: [<function rolling_mean_14 at 0x000002C5930FAA20>], 30: [<function expanding_mean at 0x000002C58F7A04A0>]}",lags_100_features_66,125.56505614651596,109.74070566573562,108.00373487819874,96.64579255886555,81.36470278057071,71.90966705677027,64.74188171539964,58.598231207051064,75.43266203852755,102.13946679054855,101.61026987166846
SGD_Ridge,"AutoSeasonalDifferences(max_diffs=380, n_seasons=10, season_length=267) | LocalMinMaxScaler(stats_=[[  5.11211699 325.92896936]])","[1, 2, 3, 4, 5, 6, 7, 8, 9, 10, 11, 12, 13, 14, 15, 16, 17, 18, 19, 20, 21, 23, 25, 26, 27, 28, 30, 32, 33, 34, 35, 36, 37, 40, 41, 42, 44, 45, 47, 48, 54, 56, 60, 62, 63, 64, 69, 70, 72, 73, 74, 75, 76, 78, 79, 80, 81, 85, 90, 91, 92, 93, 94, 97, 98, 99]","{1: [<function expanding_mean at 0x000002C58F7A04A0>], 7: [<function rolling_mean_14 at 0x000002C5930FAA20>], 30: [<function expanding_mean at 0x000002C58F7A04A0>]}",lags_100_features_66,103.29800504283138,96.67765371942754,101.51132513631454,94.71732395920553,81.52802045079363,73.12437497523092,65.59442489323769,58.80777363114367,73.00220003851243,101.46649025180332,101.40782658470144
SGDRegressor,"AutoSeasonalDifferences(max_diffs=380, n_seasons=10, season_length=267) | LocalMinMaxScaler(stats_=[[  5.11211699 325.92896936]])","[1, 2, 3, 4, 5, 6, 7, 8, 9, 10, 11, 12, 13, 14, 15, 16, 17, 18, 19, 20, 21, 23, 25, 26, 27, 28, 30, 32, 33, 34, 35, 36, 37, 40, 41, 42, 44, 45, 47, 48, 54, 56, 60, 62, 63, 64, 69, 70, 72, 73, 74, 75, 76, 78, 79, 80, 81, 85, 90, 91, 92, 93, 94, 97, 98, 99]","{1: [<function expanding_mean at 0x000002C58F7A04A0>], 7: [<function rolling_mean_14 at 0x000002C5930FAA20>], 30: [<function expanding_mean at 0x000002C58F7A04A0>]}",lags_100_features_66,45.03927242330122,55.5906563759934,80.44787498160404,93.21991135853403,94.00734099087296,95.42754303970978,83.03316492452491,73.56562567358992,78.88838518467787,112.71498517901313,115.12624821774158
XGBRegressor,"AutoSeasonalDifferences(max_diffs=380, n_seasons=10, season_length=267) | LocalMinMaxScaler(stats_=[[  5.11211699 325.92896936]])","[1, 2, 3, 4, 5, 6, 7, 8, 9, 10, 11, 12, 13, 14, 15, 16, 17, 18, 19, 20, 21, 23, 25, 26, 27, 28, 30, 32, 33, 34, 35, 36, 37, 40, 41, 42, 44, 45, 47, 48, 54, 56, 60, 62, 63, 64, 69, 70, 72, 73, 74, 75, 76, 78, 79, 80, 81, 85, 90, 91, 92, 93, 94, 97, 98, 99]","{1: [<function expanding_mean at 0x000002C58F7A04A0>], 7: [<function rolling_mean_14 at 0x000002C5930FAA20>], 30: [<function expanding_mean at 0x000002C58F7A04A0>]}",lags_100_features_66,22.209732008851997,30.283669004224688,32.96643438222529,32.62474712176045,32.43121755306375,33.34950812899719,41.403761897811364,44.40542639255057,43.069432421071966,40.77021347658693,40.11882189343129
LGBMRegressor,"AutoSeasonalDifferences(max_diffs=380, n_seasons=10, season_length=267) | LocalMinMaxScaler(stats_=[[  5.11211699 325.92896936]])","[1, 2, 3, 4, 5, 6, 7, 8, 9, 10, 11, 12, 13, 14, 15, 16, 17, 18, 19, 20, 21, 23, 25, 26, 27, 28, 30, 32, 33, 34, 35, 36, 37, 40, 41, 42, 44, 45, 47, 48, 54, 56, 60, 62, 63, 64, 69, 70, 72, 73, 74, 75, 76, 78, 79, 80, 81, 85, 90, 91, 92, 93, 94, 97, 98, 99]","{1: [<function expanding_mean at 0x000002C58F7A04A0>], 7: [<function rolling_mean_14 at 0x000002C5930FAA20>], 30: [<function expanding_mean at 0x000002C58F7A04A0>]}",lags_100_features_66,14.745275731291008,22.229634537393412,23.77879786697797,24.28704073862516,24.18950520509743,25.13886249966656,27.741401962596235,42.25427946550436,51.04683202681818,46.632441461141894,45.84483678974165
SGD_EarlyStopping,"AutoSeasonalDifferences(max_diffs=380, n_seasons=10, season_length=267) | LocalMinMaxScaler(stats_=[[  5.11211699 325.92896936]])","[1, 2, 3, 4, 5, 6, 7, 8, 9, 10, 11, 12, 13, 14, 15, 16, 17, 18, 19, 20, 21, 23, 25, 26, 27, 28, 30, 32, 33, 34, 35, 36, 37, 40, 41, 42, 44, 45, 47, 48, 54, 56, 60, 62, 63, 64, 69, 70, 72, 73, 74, 75, 76, 78, 79, 80, 81, 85, 90, 91, 92, 93, 94, 97, 98, 99]","{1: [<function rolling_mean_14 at 0x000002C5930FAA20>], 7: [<function rolling_mean_30 at 0x000002C58DBF9260>], 30: [<function expanding_mean at 0x000002C58F7A04A0>]}",lags_100_features_66,14.115472707044372,16.16336401915398,27.37676442648769,35.64302341914099,38.20876526742265,42.401649525307356,41.28102682290431,39.11735692979008,37.524228794549515,45.747421433975134,47.84127229246327
SGD_ElasticNet,"AutoSeasonalDifferences(max_diffs=380, n_seasons=10, season_length=267) | LocalMinMaxScaler(stats_=[[  5.11211699 325.92896936]])","[1, 2, 3, 4, 5, 6, 7, 8, 9, 10, 11, 12, 13, 14, 15, 16, 17, 18, 19, 20, 21, 23, 25, 26, 27, 28, 30, 32, 33, 34, 35, 36, 37, 40, 41, 42, 44, 45, 47, 48, 54, 56, 60, 62, 63, 64, 69, 70, 72, 73, 74, 75, 76, 78, 79, 80, 81, 85, 90, 91, 92, 93, 94, 97, 98, 99]","{1: [<function rolling_mean_14 at 0x000002C5930FAA20>], 7: [<function rolling_mean_30 at 0x000002C58DBF9260>], 30: [<function expanding_mean at 0x000002C58F7A04A0>]}",lags_100_features_66,63.45285939213344,74.62900615244496,99.0992737563558,109.26611121552232,107.14296700605786,106.14138577557763,90.87099820561063,81.04104227643893,94.29371435331672,135.77387005163558,137.79316562811752
SGD_Lasso,"AutoSeasonalDifferences(max_diffs=380, n_seasons=10, season_length=267) | LocalMinMaxScaler(stats_=[[  5.11211699 325.92896936]])","[1, 2, 3, 4, 5, 6, 7, 8, 9, 10, 11, 12, 13, 14, 15, 16, 17, 18, 19, 20, 21, 23, 25, 26, 27, 28, 30, 32, 33, 34, 35, 36, 37, 40, 41, 42, 44, 45, 47, 48, 54, 56, 60, 62, 63, 64, 69, 70, 72, 73, 74, 75, 76, 78, 79, 80, 81, 85, 90, 91, 92, 93, 94, 97, 98, 99]","{1: [<function rolling_mean_14 at 0x000002C5930FAA20>], 7: [<function rolling_mean_30 at 0x000002C58DBF9260>], 30: [<function expanding_mean at 0x000002C58F7A04A0>]}",lags_100_features_66,125.56505614651596,109.74070566573562,108.00373487819874,96.64579255886555,81.36470278057071,71.90966705677027,64.74188171539964,58.598231207051064,75.43266203852755,102.13946679054855,101.61026987166846
SGD_Ridge,"AutoSeasonalDifferences(max_diffs=380, n_seasons=10, season_length=267) | LocalMinMaxScaler(stats_=[[  5.11211699 325.92896936]])","[1, 2, 3, 4, 5, 6, 7, 8, 9, 10, 11, 12, 13, 14, 15, 16, 17, 18, 19, 20, 21, 23, 25, 26, 27, 28, 30, 32, 33, 34, 35, 36, 37, 40, 41, 42, 44, 45, 47, 48, 54, 56, 60, 62, 63, 64, 69, 70, 72, 73, 74, 75, 76, 78, 79, 80, 81, 85, 90, 91, 92, 93, 94, 97, 98, 99]","{1: [<function rolling_mean_14 at 0x000002C5930FAA20>], 7: [<function rolling_mean_30 at 0x000002C58DBF9260>], 30: [<function expanding_mean at 0x000002C58F7A04A0>]}",lags_100_features_66,103.09004745599131,96.61579563996455,101.55066464484301,94.81809060022964,81.65327040741442,73.25131113139237,65.67883077316516,58.87348078730476,73.03981053964486,101.55713281215351,101.50637899065372
SGDRegressor,"AutoSeasonalDifferences(max_diffs=380, n_seasons=10, season_length=267) | LocalMinMaxScaler(stats_=[[  5.11211699 325.92896936]])","[1, 2, 3, 4, 5, 6, 7, 8, 9, 10, 11, 12, 13, 14, 15, 16, 17, 18, 19, 20, 21, 23, 25, 26, 27, 28, 30, 32, 33, 34, 35, 36, 37, 40, 41, 42, 44, 45, 47, 48, 54, 56, 60, 62, 63, 64, 69, 70, 72, 73, 74, 75, 76, 78, 79, 80, 81, 85, 90, 91, 92, 93, 94, 97, 98, 99]","{1: [<function rolling_mean_14 at 0x000002C5930FAA20>], 7: [<function rolling_mean_30 at 0x000002C58DBF9260>], 30: [<function expanding_mean at 0x000002C58F7A04A0>]}",lags_100_features_66,44.77872523192084,55.501831211131815,80.65013610219265,93.7460601239217,94.7866808356265,96.45337919392877,83.99936895314978,74.47738498681986,79.5813993823478,113.24679013679713,115.7080055674708
XGBRegressor,"AutoSeasonalDifferences(max_diffs=380, n_seasons=10, season_length=267) | LocalMinMaxScaler(stats_=[[  5.11211699 325.92896936]])","[1, 2, 3, 4, 5, 6, 7, 8, 9, 10, 11, 12, 13, 14, 15, 16, 17, 18, 19, 20, 21, 23, 25, 26, 27, 28, 30, 32, 33, 34, 35, 36, 37, 40, 41, 42, 44, 45, 47, 48, 54, 56, 60, 62, 63, 64, 69, 70, 72, 73, 74, 75, 76, 78, 79, 80, 81, 85, 90, 91, 92, 93, 94, 97, 98, 99]","{1: [<function rolling_mean_14 at 0x000002C5930FAA20>], 7: [<function rolling_mean_30 at 0x000002C58DBF9260>], 30: [<function expanding_mean at 0x000002C58F7A04A0>]}",lags_100_features_66,11.719383056672061,21.00755098041382,25.19441018406766,26.440057387315065,29.472246085539787,31.33975832219328,38.71501677165425,41.559810117985805,40.73062663044409,38.765244010502116,38.39843578805348
LGBMRegressor,"AutoSeasonalDifferences(max_diffs=380, n_seasons=10, season_length=267) | LocalMinMaxScaler(stats_=[[  5.11211699 325.92896936]])","[1, 2, 3, 4, 5, 6, 7, 8, 9, 10, 11, 12, 13, 14, 15, 16, 17, 18, 19, 20, 21, 23, 25, 26, 27, 28, 30, 32, 33, 34, 35, 36, 37, 40, 41, 42, 44, 45, 47, 48, 54, 56, 60, 62, 63, 64, 69, 70, 72, 73, 74, 75, 76, 78, 79, 80, 81, 85, 90, 91, 92, 93, 94, 97, 98, 99]","{1: [<function rolling_mean_14 at 0x000002C5930FAA20>], 7: [<function rolling_mean_30 at 0x000002C58DBF9260>], 30: [<function expanding_mean at 0x000002C58F7A04A0>]}",lags_100_features_66,12.453316905665988,18.756201333731827,21.13424446481233,21.667374865513843,22.952693908191378,24.307480202699665,29.477317144803727,30.09529673554281,49.21782614652365,79.29922336219352,79.16469487386557
SGD_EarlyStopping,"AutoSeasonalDifferences(max_diffs=380, n_seasons=10, season_length=267) | LocalMinMaxScaler(stats_=[[  5.11211699 325.92896936]])","[1, 2, 3, 4, 5, 6, 7, 8, 9, 10, 11, 12, 13, 14, 15, 16, 17, 18, 19, 20, 21, 23, 25, 26, 27, 28, 30, 32, 33, 34, 35, 36, 37, 40, 41, 42, 44, 45, 47, 48, 54, 56, 60, 62, 63, 64, 69, 70, 72, 73, 74, 75, 76, 78, 79, 80, 81, 85, 90, 91, 92, 93, 94, 97, 98, 99]","{7: [RollingMean(window_size=7)], 30: [RollingMean(window_size=30)], 60: [RollingMean(window_size=60)]}",lags_100_features_66,10.82872562580182,17.311500824747455,19.176372817312668,22.011572128562385,22.087475145982353,24.870147220536435,27.301367708460806,27.65866825274897,28.06229477378157,35.38427123785874,36.96075332233302
SGD_ElasticNet,"AutoSeasonalDifferences(max_diffs=380, n_seasons=10, season_length=267) | LocalMinMaxScaler(stats_=[[  5.11211699 325.92896936]])","[1, 2, 3, 4, 5, 6, 7, 8, 9, 10, 11, 12, 13, 14, 15, 16, 17, 18, 19, 20, 21, 23, 25, 26, 27, 28, 30, 32, 33, 34, 35, 36, 37, 40, 41, 42, 44, 45, 47, 48, 54, 56, 60, 62, 63, 64, 69, 70, 72, 73, 74, 75, 76, 78, 79, 80, 81, 85, 90, 91, 92, 93, 94, 97, 98, 99]","{7: [RollingMean(window_size=7)], 30: [RollingMean(window_size=30)], 60: [RollingMean(window_size=60)]}",lags_100_features_66,24.106451481941804,23.407530055540153,30.946147735288747,31.87590866332076,28.73711647701499,28.06770310110235,31.80276336215419,32.061250508776034,38.31859101424175,56.683658723214236,57.057262689654905
SGD_Lasso,"AutoSeasonalDifferences(max_diffs=380, n_seasons=10, season_length=267) | LocalMinMaxScaler(stats_=[[  5.11211699 325.92896936]])","[1, 2, 3, 4, 5, 6, 7, 8, 9, 10, 11, 12, 13, 14, 15, 16, 17, 18, 19, 20, 21, 23, 25, 26, 27, 28, 30, 32, 33, 34, 35, 36, 37, 40, 41, 42, 44, 45, 47, 48, 54, 56, 60, 62, 63, 64, 69, 70, 72, 73, 74, 75, 76, 78, 79, 80, 81, 85, 90, 91, 92, 93, 94, 97, 98, 99]","{7: [RollingMean(window_size=7)], 30: [RollingMean(window_size=30)], 60: [RollingMean(window_size=60)]}",lags_100_features_66,127.80983377302874,111.82800257018886,110.07374580215313,98.60277154765576,83.0767240297427,73.38826855413618,65.73449266465758,59.455672680400085,76.57778566716006,103.70055776432314,103.17886329051593
SGD_Ridge,"AutoSeasonalDifferences(max_diffs=380, n_seasons=10, season_length=267) | LocalMinMaxScaler(stats_=[[  5.11211699 325.92896936]])","[1, 2, 3, 4, 5, 6, 7, 8, 9, 10, 11, 12, 13, 14, 15, 16, 17, 18, 19, 20, 21, 23, 25, 26, 27, 28, 30, 32, 33, 34, 35, 36, 37, 40, 41, 42, 44, 45, 47, 48, 54, 56, 60, 62, 63, 64, 69, 70, 72, 73, 74, 75, 76, 78, 79, 80, 81, 85, 90, 91, 92, 93, 94, 97, 98, 99]","{7: [RollingMean(window_size=7)], 30: [RollingMean(window_size=30)], 60: [RollingMean(window_size=60)]}",lags_100_features_66,66.70486882767187,57.770342614624326,58.21113797644865,50.784080256501916,43.939691259492776,40.94386876356651,44.12511519124973,41.812891719458655,52.52112823544396,69.8230016542986,69.17016583487715
SGDRegressor,"AutoSeasonalDifferences(max_diffs=380, n_seasons=10, season_length=267) | LocalMinMaxScaler(stats_=[[  5.11211699 325.92896936]])","[1, 2, 3, 4, 5, 6, 7, 8, 9, 10, 11, 12, 13, 14, 15, 16, 17, 18, 19, 20, 21, 23, 25, 26, 27, 28, 30, 32, 33, 34, 35, 36, 37, 40, 41, 42, 44, 45, 47, 48, 54, 56, 60, 62, 63, 64, 69, 70, 72, 73, 74, 75, 76, 78, 79, 80, 81, 85, 90, 91, 92, 93, 94, 97, 98, 99]","{7: [RollingMean(window_size=7)], 30: [RollingMean(window_size=30)], 60: [RollingMean(window_size=60)]}",lags_100_features_66,9.953232032188696,14.424611439605947,17.611251124362106,18.502800583293887,17.79409179399843,18.604511077646592,25.268714646773315,27.348850930022024,31.155361287096916,44.45531810969078,44.810023143384406
XGBRegressor,"AutoSeasonalDifferences(max_diffs=380, n_seasons=10, season_length=267) | LocalMinMaxScaler(stats_=[[  5.11211699 325.92896936]])","[1, 2, 3, 4, 5, 6, 7, 8, 9, 10, 11, 12, 13, 14, 15, 16, 17, 18, 19, 20, 21, 23, 25, 26, 27, 28, 30, 32, 33, 34, 35, 36, 37, 40, 41, 42, 44, 45, 47, 48, 54, 56, 60, 62, 63, 64, 69, 70, 72, 73, 74, 75, 76, 78, 79, 80, 81, 85, 90, 91, 92, 93, 94, 97, 98, 99]","{7: [RollingMean(window_size=7)], 30: [RollingMean(window_size=30)], 60: [RollingMean(window_size=60)]}",lags_100_features_66,15.574817432942961,25.313738678366622,26.49118958521759,25.012847931490768,24.368124527146932,24.510441965747702,31.00292132368226,31.19063243338593,45.472510084878934,67.75104876977238,67.38074584537974
LGBMRegressor,"AutoSeasonalDifferences(max_diffs=380, n_seasons=10, season_length=267) | LocalMinMaxScaler(stats_=[[  5.11211699 325.92896936]])","[1, 2, 3, 4, 5, 6, 7, 8, 9, 10, 11, 12, 13, 14, 15, 16, 17, 18, 19, 20, 21, 23, 25, 26, 27, 28, 30, 32, 33, 34, 35, 36, 37, 40, 41, 42, 44, 45, 47, 48, 54, 56, 60, 62, 63, 64, 69, 70, 72, 73, 74, 75, 76, 78, 79, 80, 81, 85, 90, 91, 92, 93, 94, 97, 98, 99]","{7: [RollingMean(window_size=7)], 30: [RollingMean(window_size=30)], 60: [RollingMean(window_size=60)]}",lags_100_features_66,12.930513843891125,21.982818412731174,24.62809359433364,26.211757418344767,27.028148105646,26.83481238412424,29.633849502606374,39.633374106615,47.28572973982567,43.6846461282921,43.01748577376991
SGD_EarlyStopping,"AutoSeasonalDifferences(max_diffs=380, n_seasons=10, season_length=267) | LocalMinMaxScaler(stats_=[[  5.11211699 325.92896936]])","[1, 2, 3, 4, 5, 6, 7, 8, 9, 10, 11, 12, 13, 14, 15, 16, 17, 18, 19, 20, 21, 23, 25, 26, 27, 28, 30, 32, 33, 34, 35, 36, 37, 40, 41, 42, 44, 45, 47, 48, 54, 56, 60, 62, 63, 64, 69, 70, 72, 73, 74, 75, 76, 78, 79, 80, 81, 85, 90, 91, 92, 93, 94, 97, 98, 99]","{7: [RollingMean(window_size=7), RollingStd(window_size=7)], 30: [RollingMean(window_size=30)], 60: [ExpandingMean()], 14: [ExponentiallyWeightedMean(alpha=0.3)]}",lags_100_features_66,13.934048967766286,16.08774456703773,26.665541453473278,34.5506690807308,36.935665721759634,41.01443178088998,40.11741550948915,38.110027342478304,36.58983006427701,44.38029613078831,46.44163659740642
SGD_ElasticNet,"AutoSeasonalDifferences(max_diffs=380, n_seasons=10, season_length=267) | LocalMinMaxScaler(stats_=[[  5.11211699 325.92896936]])","[1, 2, 3, 4, 5, 6, 7, 8, 9, 10, 11, 12, 13, 14, 15, 16, 17, 18, 19, 20, 21, 23, 25, 26, 27, 28, 30, 32, 33, 34, 35, 36, 37, 40, 41, 42, 44, 45, 47, 48, 54, 56, 60, 62, 63, 64, 69, 70, 72, 73, 74, 75, 76, 78, 79, 80, 81, 85, 90, 91, 92, 93, 94, 97, 98, 99]","{7: [RollingMean(window_size=7), RollingStd(window_size=7)], 30: [RollingMean(window_size=30)], 60: [ExpandingMean()], 14: [ExponentiallyWeightedMean(alpha=0.3)]}",lags_100_features_66,62.48343935819746,73.40616108881314,97.60274708174454,107.66401639325349,105.55560298860442,104.57164547673403,89.59535561751008,79.78131542389978,92.47405890837742,133.2540824045932,135.26487621483
SGD_Lasso,"AutoSeasonalDifferences(max_diffs=380, n_seasons=10, season_length=267) | LocalMinMaxScaler(stats_=[[  5.11211699 325.92896936]])","[1, 2, 3, 4, 5, 6, 7, 8, 9, 10, 11, 12, 13, 14, 15, 16, 17, 18, 19, 20, 21, 23, 25, 26, 27, 28, 30, 32, 33, 34, 35, 36, 37, 40, 41, 42, 44, 45, 47, 48, 54, 56, 60, 62, 63, 64, 69, 70, 72, 73, 74, 75, 76, 78, 79, 80, 81, 85, 90, 91, 92, 93, 94, 97, 98, 99]","{7: [RollingMean(window_size=7), RollingStd(window_size=7)], 30: [RollingMean(window_size=30)], 60: [ExpandingMean()], 14: [ExponentiallyWeightedMean(alpha=0.3)]}",lags_100_features_66,125.56505614651596,109.74070566573562,108.00373487819874,96.64579255886555,81.36470278057071,71.90966705677027,64.74188171539964,58.598231207051064,75.43266203852755,102.13946679054855,101.61026987166846
SGD_Ridge,"AutoSeasonalDifferences(max_diffs=380, n_seasons=10, season_length=267) | LocalMinMaxScaler(stats_=[[  5.11211699 325.92896936]])","[1, 2, 3, 4, 5, 6, 7, 8, 9, 10, 11, 12, 13, 14, 15, 16, 17, 18, 19, 20, 21, 23, 25, 26, 27, 28, 30, 32, 33, 34, 35, 36, 37, 40, 41, 42, 44, 45, 47, 48, 54, 56, 60, 62, 63, 64, 69, 70, 72, 73, 74, 75, 76, 78, 79, 80, 81, 85, 90, 91, 92, 93, 94, 97, 98, 99]","{7: [RollingMean(window_size=7), RollingStd(window_size=7)], 30: [RollingMean(window_size=30)], 60: [ExpandingMean()], 14: [ExponentiallyWeightedMean(alpha=0.3)]}",lags_100_features_66,102.68441378233668,96.26708672638213,101.30071335992983,94.64902010399405,81.5390027185054,73.1710355296088,65.61853593525447,58.818068271948675,72.91348051866416,101.42925164037541,101.38657798695138
SGDRegressor,"AutoSeasonalDifferences(max_diffs=380, n_seasons=10, season_length=267) | LocalMinMaxScaler(stats_=[[  5.11211699 325.92896936]])","[1, 2, 3, 4, 5, 6, 7, 8, 9, 10, 11, 12, 13, 14, 15, 16, 17, 18, 19, 20, 21, 23, 25, 26, 27, 28, 30, 32, 33, 34, 35, 36, 37, 40, 41, 42, 44, 45, 47, 48, 54, 56, 60, 62, 63, 64, 69, 70, 72, 73, 74, 75, 76, 78, 79, 80, 81, 85, 90, 91, 92, 93, 94, 97, 98, 99]","{7: [RollingMean(window_size=7), RollingStd(window_size=7)], 30: [RollingMean(window_size=30)], 60: [ExpandingMean()], 14: [ExponentiallyWeightedMean(alpha=0.3)]}",lags_100_features_66,43.72287949097954,54.05066566257726,78.74950325543449,91.62215349875873,92.62738832245132,94.27682678847556,82.20541238115871,72.79073174559093,77.29449684064068,110.11388910522366,112.5591411024965
XGBRegressor,"AutoSeasonalDifferences(max_diffs=380, n_seasons=10, season_length=267) | LocalMinMaxScaler(stats_=[[  5.11211699 325.92896936]])","[1, 2, 3, 4, 5, 6, 7, 8, 9, 10, 11, 12, 13, 14, 15, 16, 17, 18, 19, 20, 21, 23, 25, 26, 27, 28, 30, 32, 33, 34, 35, 36, 37, 40, 41, 42, 44, 45, 47, 48, 54, 56, 60, 62, 63, 64, 69, 70, 72, 73, 74, 75, 76, 78, 79, 80, 81, 85, 90, 91, 92, 93, 94, 97, 98, 99]","{7: [RollingMean(window_size=7), RollingStd(window_size=7)], 30: [RollingMean(window_size=30)], 60: [ExpandingMean()], 14: [ExponentiallyWeightedMean(alpha=0.3)]}",lags_100_features_66,18.91081424381465,25.49872841387886,26.684625256911005,26.64566442483503,27.745440060327926,28.601619703331405,33.96775230524825,33.50667743424388,49.89184536478827,75.24296549666192,74.95505572595705
LGBMRegressor,"AutoSeasonalDifferences(max_diffs=380, n_seasons=10, season_length=267) | LocalMinMaxScaler(stats_=[[  5.11211699 325.92896936]])","[1, 2, 3, 4, 5, 6, 7, 8, 9, 10, 11, 12, 13, 14, 15, 16, 17, 18, 19, 20, 21, 23, 25, 26, 27, 28, 30, 32, 33, 34, 35, 36, 37, 40, 41, 42, 44, 45, 47, 48, 54, 56, 60, 62, 63, 64, 69, 70, 72, 73, 74, 75, 76, 78, 79, 80, 81, 85, 90, 91, 92, 93, 94, 97, 98, 99]","{7: [RollingMean(window_size=7), RollingStd(window_size=7)], 30: [RollingMean(window_size=30)], 60: [ExpandingMean()], 14: [ExponentiallyWeightedMean(alpha=0.3)]}",lags_100_features_66,10.768799440705642,17.09233508193996,19.101501960918046,18.794056245117925,19.569182171501893,20.003585395526162,24.583230523351883,38.10068336842093,51.39999380540492,47.854470719087,47.084819479807
XGBRegressor,"AutoSeasonalDifferences(max_diffs=380, n_seasons=10, season_length=267) | LocalBoxCox(lower=0.0, method=loglik, season_length=None, stats_=[[4.10226185e-05 0.00000000e+00]], upper=2.0)","[1, 2, 3, 4, 5, 6, 7, 8, 9, 10, 11, 12, 13, 14, 15, 16, 17, 18, 19, 20, 21, 23, 25, 26, 27, 28, 30, 32, 33, 34, 35, 36, 37, 40, 41, 42, 44, 45, 47, 48, 54, 56, 60, 62, 63, 64, 69, 70, 72, 73, 74, 75, 76, 78, 79, 80, 81, 85, 90, 91, 92, 93, 94, 97, 98, 99]","{1: [<function expanding_mean at 0x000002C58F7A04A0>], 7: [<function rolling_mean_14 at 0x000002C5930FAA20>], 30: [<function expanding_mean at 0x000002C58F7A04A0>]}",lags_100_features_66,23.39097151956154,32.35929574429876,34.41696305909361,35.214017851428814,37.34806251289629,38.5619366485332,44.252199109898335,45.01471663045655,42.60309754505173,39.04945327195695,39.09392535510067
LGBMRegressor,"AutoSeasonalDifferences(max_diffs=380, n_seasons=10, season_length=267) | LocalBoxCox(lower=0.0, method=loglik, season_length=None, stats_=[[4.10226185e-05 0.00000000e+00]], upper=2.0)","[1, 2, 3, 4, 5, 6, 7, 8, 9, 10, 11, 12, 13, 14, 15, 16, 17, 18, 19, 20, 21, 23, 25, 26, 27, 28, 30, 32, 33, 34, 35, 36, 37, 40, 41, 42, 44, 45, 47, 48, 54, 56, 60, 62, 63, 64, 69, 70, 72, 73, 74, 75, 76, 78, 79, 80, 81, 85, 90, 91, 92, 93, 94, 97, 98, 99]","{1: [<function expanding_mean at 0x000002C58F7A04A0>], 7: [<function rolling_mean_14 at 0x000002C5930FAA20>], 30: [<function expanding_mean at 0x000002C58F7A04A0>]}",lags_100_features_66,22.45287423510498,26.707045917400706,26.725448158112297,26.400202282285612,27.15834791757228,27.520779414737618,33.32012494686926,51.81144439304642,95.11257956176846,88.06958876702915,86.32392327319836
XGBRegressor,"AutoSeasonalDifferences(max_diffs=380, n_seasons=10, season_length=267) | LocalBoxCox(lower=0.0, method=loglik, season_length=None, stats_=[[4.10226185e-05 0.00000000e+00]], upper=2.0)","[1, 2, 3, 4, 5, 6, 7, 8, 9, 10, 11, 12, 13, 14, 15, 16, 17, 18, 19, 20, 21, 23, 25, 26, 27, 28, 30, 32, 33, 34, 35, 36, 37, 40, 41, 42, 44, 45, 47, 48, 54, 56, 60, 62, 63, 64, 69, 70, 72, 73, 74, 75, 76, 78, 79, 80, 81, 85, 90, 91, 92, 93, 94, 97, 98, 99]","{1: [<function rolling_mean_14 at 0x000002C5930FAA20>], 7: [<function rolling_mean_30 at 0x000002C58DBF9260>], 30: [<function expanding_mean at 0x000002C58F7A04A0>]}",lags_100_features_66,13.590067225272746,22.749675357225136,25.852637087911422,26.892665659326454,27.36453665111604,27.795658729232116,35.1065846123493,36.01915251415629,41.37773180737167,50.67964524808133,49.950411403509946
LGBMRegressor,"AutoSeasonalDifferences(max_diffs=380, n_seasons=10, season_length=267) | LocalBoxCox(lower=0.0, method=loglik, season_length=None, stats_=[[4.10226185e-05 0.00000000e+00]], upper=2.0)","[1, 2, 3, 4, 5, 6, 7, 8, 9, 10, 11, 12, 13, 14, 15, 16, 17, 18, 19, 20, 21, 23, 25, 26, 27, 28, 30, 32, 33, 34, 35, 36, 37, 40, 41, 42, 44, 45, 47, 48, 54, 56, 60, 62, 63, 64, 69, 70, 72, 73, 74, 75, 76, 78, 79, 80, 81, 85, 90, 91, 92, 93, 94, 97, 98, 99]","{1: [<function rolling_mean_14 at 0x000002C5930FAA20>], 7: [<function rolling_mean_30 at 0x000002C58DBF9260>], 30: [<function expanding_mean at 0x000002C58F7A04A0>]}",lags_100_features_66,15.20204385184437,22.507885064520348,24.084013310039342,24.422294690073848,25.481332379308586,26.38921823331876,31.308295522104185,49.06340426205731,75.61643828512773,69.5135819060367,68.05554665728043
XGBRegressor,"AutoSeasonalDifferences(max_diffs=380, n_seasons=10, season_length=267) | LocalBoxCox(lower=0.0, method=loglik, season_length=None, stats_=[[4.10226185e-05 0.00000000e+00]], upper=2.0)","[1, 2, 3, 4, 5, 6, 7, 8, 9, 10, 11, 12, 13, 14, 15, 16, 17, 18, 19, 20, 21, 23, 25, 26, 27, 28, 30, 32, 33, 34, 35, 36, 37, 40, 41, 42, 44, 45, 47, 48, 54, 56, 60, 62, 63, 64, 69, 70, 72, 73, 74, 75, 76, 78, 79, 80, 81, 85, 90, 91, 92, 93, 94, 97, 98, 99]","{7: [RollingMean(window_size=7)], 30: [RollingMean(window_size=30)], 60: [RollingMean(window_size=60)]}",lags_100_features_66,22.35116360758319,30.95801392641099,31.943358874501914,31.426313599858464,33.223256024489025,33.709449938381894,40.21819151598919,40.26839201366544,44.942628749277844,53.1414352308351,52.3191854475885
LGBMRegressor,"AutoSeasonalDifferences(max_diffs=380, n_seasons=10, season_length=267) | LocalBoxCox(lower=0.0, method=loglik, season_length=None, stats_=[[4.10226185e-05 0.00000000e+00]], upper=2.0)","[1, 2, 3, 4, 5, 6, 7, 8, 9, 10, 11, 12, 13, 14, 15, 16, 17, 18, 19, 20, 21, 23, 25, 26, 27, 28, 30, 32, 33, 34, 35, 36, 37, 40, 41, 42, 44, 45, 47, 48, 54, 56, 60, 62, 63, 64, 69, 70, 72, 73, 74, 75, 76, 78, 79, 80, 81, 85, 90, 91, 92, 93, 94, 97, 98, 99]","{7: [RollingMean(window_size=7)], 30: [RollingMean(window_size=30)], 60: [RollingMean(window_size=60)]}",lags_100_features_66,14.989012428015606,25.29045276747365,26.609053715335584,26.597995009056312,27.719153438436877,27.741286987876844,30.648768868557998,45.34131240573815,50.338449375486604,44.61774605012893,43.83194373363343
XGBRegressor,"AutoSeasonalDifferences(max_diffs=380, n_seasons=10, season_length=267) | LocalBoxCox(lower=0.0, method=loglik, season_length=None, stats_=[[4.10226185e-05 0.00000000e+00]], upper=2.0)","[1, 2, 3, 4, 5, 6, 7, 8, 9, 10, 11, 12, 13, 14, 15, 16, 17, 18, 19, 20, 21, 23, 25, 26, 27, 28, 30, 32, 33, 34, 35, 36, 37, 40, 41, 42, 44, 45, 47, 48, 54, 56, 60, 62, 63, 64, 69, 70, 72, 73, 74, 75, 76, 78, 79, 80, 81, 85, 90, 91, 92, 93, 94, 97, 98, 99]","{7: [RollingMean(window_size=7), RollingStd(window_size=7)], 30: [RollingMean(window_size=30)], 60: [ExpandingMean()], 14: [ExponentiallyWeightedMean(alpha=0.3)]}",lags_100_features_66,22.249398614357847,28.332220784324097,28.458679641516333,29.98653735969346,34.3631703384775,37.96832865365927,46.534251059408795,48.268065115918816,46.650842084543385,44.22229212181755,43.75554412583912
LGBMRegressor,"AutoSeasonalDifferences(max_diffs=380, n_seasons=10, season_length=267) | LocalBoxCox(lower=0.0, method=loglik, season_length=None, stats_=[[4.10226185e-05 0.00000000e+00]], upper=2.0)","[1, 2, 3, 4, 5, 6, 7, 8, 9, 10, 11, 12, 13, 14, 15, 16, 17, 18, 19, 20, 21, 23, 25, 26, 27, 28, 30, 32, 33, 34, 35, 36, 37, 40, 41, 42, 44, 45, 47, 48, 54, 56, 60, 62, 63, 64, 69, 70, 72, 73, 74, 75, 76, 78, 79, 80, 81, 85, 90, 91, 92, 93, 94, 97, 98, 99]","{7: [RollingMean(window_size=7), RollingStd(window_size=7)], 30: [RollingMean(window_size=30)], 60: [ExpandingMean()], 14: [ExponentiallyWeightedMean(alpha=0.3)]}",lags_100_features_66,15.50272431642114,24.025789550825035,25.406339770059454,26.370999597964474,29.95085217489094,32.08558424064446,38.959233329671264,39.0992384763515,41.17008390496114,41.792011490769475,41.21177258408343
SGD_EarlyStopping,"AutoSeasonalityAndDifferences(max_diffs=380, max_season_length=267, n_seasons=10) | LocalStandardScaler(stats_=[[47.42372721 38.3630083 ]])","[1, 2, 3, 4, 5, 6, 7, 8, 9, 10, 11, 12, 13, 14, 15, 16, 17, 18, 19, 20, 21, 23, 25, 26, 27, 28, 30, 32, 33, 34, 35, 36, 37, 40, 41, 42, 44, 45, 47, 48, 54, 56, 60, 62, 63, 64, 69, 70, 72, 73, 74, 75, 76, 78, 79, 80, 81, 85, 90, 91, 92, 93, 94, 97, 98, 99]","{1: [<function expanding_mean at 0x000002C58F7A04A0>], 7: [<function rolling_mean_14 at 0x000002C5930FAA20>], 30: [<function expanding_mean at 0x000002C58F7A04A0>]}",lags_100_features_66,59.509820994050266,85.06731240091348,134.03544931497416,170.92941715838356,191.9474498946841,218.22635676261945,233.51193139766994,317.40802094082443,628.9493599842623,1335.9372583610414,1386.2504452710566
SGD_ElasticNet,"AutoSeasonalityAndDifferences(max_diffs=380, max_season_length=267, n_seasons=10) | LocalStandardScaler(stats_=[[47.42372721 38.3630083 ]])","[1, 2, 3, 4, 5, 6, 7, 8, 9, 10, 11, 12, 13, 14, 15, 16, 17, 18, 19, 20, 21, 23, 25, 26, 27, 28, 30, 32, 33, 34, 35, 36, 37, 40, 41, 42, 44, 45, 47, 48, 54, 56, 60, 62, 63, 64, 69, 70, 72, 73, 74, 75, 76, 78, 79, 80, 81, 85, 90, 91, 92, 93, 94, 97, 98, 99]","{1: [<function expanding_mean at 0x000002C58F7A04A0>], 7: [<function rolling_mean_14 at 0x000002C5930FAA20>], 30: [<function expanding_mean at 0x000002C58F7A04A0>]}",lags_100_features_66,14.9642214726692,20.740840930685145,25.027673140517372,29.617326727372205,34.68857443468459,37.656254768449024,46.23551773991386,62.70589751657635,96.87231598568788,160.52193400421905,163.67490567779504
SGD_Lasso,"AutoSeasonalityAndDifferences(max_diffs=380, max_season_length=267, n_seasons=10) | LocalStandardScaler(stats_=[[47.42372721 38.3630083 ]])","[1, 2, 3, 4, 5, 6, 7, 8, 9, 10, 11, 12, 13, 14, 15, 16, 17, 18, 19, 20, 21, 23, 25, 26, 27, 28, 30, 32, 33, 34, 35, 36, 37, 40, 41, 42, 44, 45, 47, 48, 54, 56, 60, 62, 63, 64, 69, 70, 72, 73, 74, 75, 76, 78, 79, 80, 81, 85, 90, 91, 92, 93, 94, 97, 98, 99]","{1: [<function expanding_mean at 0x000002C58F7A04A0>], 7: [<function rolling_mean_14 at 0x000002C5930FAA20>], 30: [<function expanding_mean at 0x000002C58F7A04A0>]}",lags_100_features_66,125.639121318977,109.80957485054037,108.07203372182055,96.71036197749996,81.42118995666304,71.9584526797247,64.77463235416013,58.62644717390454,75.47038238780878,102.19092733775412,101.66197928327243
SGD_Ridge,"AutoSeasonalityAndDifferences(max_diffs=380, max_season_length=267, n_seasons=10) | LocalStandardScaler(stats_=[[47.42372721 38.3630083 ]])","[1, 2, 3, 4, 5, 6, 7, 8, 9, 10, 11, 12, 13, 14, 15, 16, 17, 18, 19, 20, 21, 23, 25, 26, 27, 28, 30, 32, 33, 34, 35, 36, 37, 40, 41, 42, 44, 45, 47, 48, 54, 56, 60, 62, 63, 64, 69, 70, 72, 73, 74, 75, 76, 78, 79, 80, 81, 85, 90, 91, 92, 93, 94, 97, 98, 99]","{1: [<function expanding_mean at 0x000002C58F7A04A0>], 7: [<function rolling_mean_14 at 0x000002C5930FAA20>], 30: [<function expanding_mean at 0x000002C58F7A04A0>]}",lags_100_features_66,75.35499599149792,104.86527129163605,155.51914106502295,187.83739715551226,199.24807420314585,211.19168981612674,196.88971921948226,199.28748187621423,245.43849723901755,322.8174371590511,326.64143219920504
SGDRegressor,"AutoSeasonalityAndDifferences(max_diffs=380, max_season_length=267, n_seasons=10) | LocalStandardScaler(stats_=[[47.42372721 38.3630083 ]])","[1, 2, 3, 4, 5, 6, 7, 8, 9, 10, 11, 12, 13, 14, 15, 16, 17, 18, 19, 20, 21, 23, 25, 26, 27, 28, 30, 32, 33, 34, 35, 36, 37, 40, 41, 42, 44, 45, 47, 48, 54, 56, 60, 62, 63, 64, 69, 70, 72, 73, 74, 75, 76, 78, 79, 80, 81, 85, 90, 91, 92, 93, 94, 97, 98, 99]","{1: [<function expanding_mean at 0x000002C58F7A04A0>], 7: [<function rolling_mean_14 at 0x000002C5930FAA20>], 30: [<function expanding_mean at 0x000002C58F7A04A0>]}",lags_100_features_66,22.919884679518063,22.223896992675424,24.42663118742427,27.25894189706916,31.503160183558226,33.96427439722192,42.89959572873745,60.746954795353545,99.84490914493595,191.13951786408487,197.2052440727262
XGBRegressor,"AutoSeasonalityAndDifferences(max_diffs=380, max_season_length=267, n_seasons=10) | LocalStandardScaler(stats_=[[47.42372721 38.3630083 ]])","[1, 2, 3, 4, 5, 6, 7, 8, 9, 10, 11, 12, 13, 14, 15, 16, 17, 18, 19, 20, 21, 23, 25, 26, 27, 28, 30, 32, 33, 34, 35, 36, 37, 40, 41, 42, 44, 45, 47, 48, 54, 56, 60, 62, 63, 64, 69, 70, 72, 73, 74, 75, 76, 78, 79, 80, 81, 85, 90, 91, 92, 93, 94, 97, 98, 99]","{1: [<function expanding_mean at 0x000002C58F7A04A0>], 7: [<function rolling_mean_14 at 0x000002C5930FAA20>], 30: [<function expanding_mean at 0x000002C58F7A04A0>]}",lags_100_features_66,18.45616410203031,27.611906814109293,28.78638443420995,28.832235707419873,30.068133715888866,31.18097244653854,39.113324793740325,41.61073883217771,40.65494631348501,39.19938360817619,38.53718532141215
LGBMRegressor,"AutoSeasonalityAndDifferences(max_diffs=380, max_season_length=267, n_seasons=10) | LocalStandardScaler(stats_=[[47.42372721 38.3630083 ]])","[1, 2, 3, 4, 5, 6, 7, 8, 9, 10, 11, 12, 13, 14, 15, 16, 17, 18, 19, 20, 21, 23, 25, 26, 27, 28, 30, 32, 33, 34, 35, 36, 37, 40, 41, 42, 44, 45, 47, 48, 54, 56, 60, 62, 63, 64, 69, 70, 72, 73, 74, 75, 76, 78, 79, 80, 81, 85, 90, 91, 92, 93, 94, 97, 98, 99]","{1: [<function expanding_mean at 0x000002C58F7A04A0>], 7: [<function rolling_mean_14 at 0x000002C5930FAA20>], 30: [<function expanding_mean at 0x000002C58F7A04A0>]}",lags_100_features_66,12.496777751403561,20.62980382588377,22.70337445573226,23.539287008178487,23.812507587665532,25.146942216231892,29.734636090346573,42.39288462000055,79.57371602016148,72.57243269313743,71.07450650743972
SGD_EarlyStopping,"AutoSeasonalityAndDifferences(max_diffs=380, max_season_length=267, n_seasons=10) | LocalStandardScaler(stats_=[[47.42372721 38.3630083 ]])","[1, 2, 3, 4, 5, 6, 7, 8, 9, 10, 11, 12, 13, 14, 15, 16, 17, 18, 19, 20, 21, 23, 25, 26, 27, 28, 30, 32, 33, 34, 35, 36, 37, 40, 41, 42, 44, 45, 47, 48, 54, 56, 60, 62, 63, 64, 69, 70, 72, 73, 74, 75, 76, 78, 79, 80, 81, 85, 90, 91, 92, 93, 94, 97, 98, 99]","{1: [<function rolling_mean_14 at 0x000002C5930FAA20>], 7: [<function rolling_mean_30 at 0x000002C58DBF9260>], 30: [<function expanding_mean at 0x000002C58F7A04A0>]}",lags_100_features_66,57.321995846748955,81.63824426980143,129.1460937563954,165.37256474564919,186.50440219068292,213.27680177897977,230.58621190061226,320.45818215028896,654.9123609652565,1436.1029537026147,1493.7109805838516
SGD_ElasticNet,"AutoSeasonalityAndDifferences(max_diffs=380, max_season_length=267, n_seasons=10) | LocalStandardScaler(stats_=[[47.42372721 38.3630083 ]])","[1, 2, 3, 4, 5, 6, 7, 8, 9, 10, 11, 12, 13, 14, 15, 16, 17, 18, 19, 20, 21, 23, 25, 26, 27, 28, 30, 32, 33, 34, 35, 36, 37, 40, 41, 42, 44, 45, 47, 48, 54, 56, 60, 62, 63, 64, 69, 70, 72, 73, 74, 75, 76, 78, 79, 80, 81, 85, 90, 91, 92, 93, 94, 97, 98, 99]","{1: [<function rolling_mean_14 at 0x000002C5930FAA20>], 7: [<function rolling_mean_30 at 0x000002C58DBF9260>], 30: [<function expanding_mean at 0x000002C58F7A04A0>]}",lags_100_features_66,14.597785411263839,21.22597385637602,25.977522105305635,31.29289789067001,36.848967647634474,40.21347398367973,48.9081782667308,66.04785575832378,102.4278335770723,170.50857809376402,173.89485956403323
SGD_Lasso,"AutoSeasonalityAndDifferences(max_diffs=380, max_season_length=267, n_seasons=10) | LocalStandardScaler(stats_=[[47.42372721 38.3630083 ]])","[1, 2, 3, 4, 5, 6, 7, 8, 9, 10, 11, 12, 13, 14, 15, 16, 17, 18, 19, 20, 21, 23, 25, 26, 27, 28, 30, 32, 33, 34, 35, 36, 37, 40, 41, 42, 44, 45, 47, 48, 54, 56, 60, 62, 63, 64, 69, 70, 72, 73, 74, 75, 76, 78, 79, 80, 81, 85, 90, 91, 92, 93, 94, 97, 98, 99]","{1: [<function rolling_mean_14 at 0x000002C5930FAA20>], 7: [<function rolling_mean_30 at 0x000002C58DBF9260>], 30: [<function expanding_mean at 0x000002C58F7A04A0>]}",lags_100_features_66,125.63912174569644,109.80957524732355,108.0720341153178,96.71036234951049,81.42119028210851,71.95845296079841,64.7746325428498,58.626447336468146,75.470382605131,102.19092763423913,101.66197958119125
SGD_Ridge,"AutoSeasonalityAndDifferences(max_diffs=380, max_season_length=267, n_seasons=10) | LocalStandardScaler(stats_=[[47.42372721 38.3630083 ]])","[1, 2, 3, 4, 5, 6, 7, 8, 9, 10, 11, 12, 13, 14, 15, 16, 17, 18, 19, 20, 21, 23, 25, 26, 27, 28, 30, 32, 33, 34, 35, 36, 37, 40, 41, 42, 44, 45, 47, 48, 54, 56, 60, 62, 63, 64, 69, 70, 72, 73, 74, 75, 76, 78, 79, 80, 81, 85, 90, 91, 92, 93, 94, 97, 98, 99]","{1: [<function rolling_mean_14 at 0x000002C5930FAA20>], 7: [<function rolling_mean_30 at 0x000002C58DBF9260>], 30: [<function expanding_mean at 0x000002C58F7A04A0>]}",lags_100_features_66,14.719988677097758,17.711983514782233,19.5919172896504,19.329300051948454,20.74067172617471,21.987786473743082,31.066444044487053,38.42786603133537,38.39537638608541,35.578724975425956,35.11137609335474
SGDRegressor,"AutoSeasonalityAndDifferences(max_diffs=380, max_season_length=267, n_seasons=10) | LocalStandardScaler(stats_=[[47.42372721 38.3630083 ]])","[1, 2, 3, 4, 5, 6, 7, 8, 9, 10, 11, 12, 13, 14, 15, 16, 17, 18, 19, 20, 21, 23, 25, 26, 27, 28, 30, 32, 33, 34, 35, 36, 37, 40, 41, 42, 44, 45, 47, 48, 54, 56, 60, 62, 63, 64, 69, 70, 72, 73, 74, 75, 76, 78, 79, 80, 81, 85, 90, 91, 92, 93, 94, 97, 98, 99]","{1: [<function rolling_mean_14 at 0x000002C5930FAA20>], 7: [<function rolling_mean_30 at 0x000002C58DBF9260>], 30: [<function expanding_mean at 0x000002C58F7A04A0>]}",lags_100_features_66,22.105323442371976,22.250579453220077,25.123528008744934,29.022441904338574,34.01580536758419,37.102242460333,46.348413967478166,65.49078295326295,108.9706090103113,209.86175994800277,216.54192563808516
XGBRegressor,"AutoSeasonalityAndDifferences(max_diffs=380, max_season_length=267, n_seasons=10) | LocalStandardScaler(stats_=[[47.42372721 38.3630083 ]])","[1, 2, 3, 4, 5, 6, 7, 8, 9, 10, 11, 12, 13, 14, 15, 16, 17, 18, 19, 20, 21, 23, 25, 26, 27, 28, 30, 32, 33, 34, 35, 36, 37, 40, 41, 42, 44, 45, 47, 48, 54, 56, 60, 62, 63, 64, 69, 70, 72, 73, 74, 75, 76, 78, 79, 80, 81, 85, 90, 91, 92, 93, 94, 97, 98, 99]","{1: [<function rolling_mean_14 at 0x000002C5930FAA20>], 7: [<function rolling_mean_30 at 0x000002C58DBF9260>], 30: [<function expanding_mean at 0x000002C58F7A04A0>]}",lags_100_features_66,11.429782049053903,19.655294884629573,24.278948053298,25.769993924781577,28.908681862667123,30.241321543596904,38.078441483302896,39.35303950662507,39.09401711211061,38.367161275072284,37.838094832878475
LGBMRegressor,"AutoSeasonalityAndDifferences(max_diffs=380, max_season_length=267, n_seasons=10) | LocalStandardScaler(stats_=[[47.42372721 38.3630083 ]])","[1, 2, 3, 4, 5, 6, 7, 8, 9, 10, 11, 12, 13, 14, 15, 16, 17, 18, 19, 20, 21, 23, 25, 26, 27, 28, 30, 32, 33, 34, 35, 36, 37, 40, 41, 42, 44, 45, 47, 48, 54, 56, 60, 62, 63, 64, 69, 70, 72, 73, 74, 75, 76, 78, 79, 80, 81, 85, 90, 91, 92, 93, 94, 97, 98, 99]","{1: [<function rolling_mean_14 at 0x000002C5930FAA20>], 7: [<function rolling_mean_30 at 0x000002C58DBF9260>], 30: [<function expanding_mean at 0x000002C58F7A04A0>]}",lags_100_features_66,10.980562990121529,18.18739925775055,19.947600770910466,20.334175220998308,20.861757111975393,21.755650744072724,26.389005956823013,41.821546319336896,72.49640950474408,66.45179503180844,65.05424091104402
SGD_EarlyStopping,"AutoSeasonalityAndDifferences(max_diffs=380, max_season_length=267, n_seasons=10) | LocalStandardScaler(stats_=[[47.42372721 38.3630083 ]])","[1, 2, 3, 4, 5, 6, 7, 8, 9, 10, 11, 12, 13, 14, 15, 16, 17, 18, 19, 20, 21, 23, 25, 26, 27, 28, 30, 32, 33, 34, 35, 36, 37, 40, 41, 42, 44, 45, 47, 48, 54, 56, 60, 62, 63, 64, 69, 70, 72, 73, 74, 75, 76, 78, 79, 80, 81, 85, 90, 91, 92, 93, 94, 97, 98, 99]","{7: [RollingMean(window_size=7)], 30: [RollingMean(window_size=30)], 60: [RollingMean(window_size=60)]}",lags_100_features_66,27.869415402384877,37.05323708066023,75.98758384837143,131.20072490860468,200.17365747025798,326.1163743048815,705.6703931943842,3531.978595566092,28164.82301519051,384717.67354022,484035.9414963881
SGD_ElasticNet,"AutoSeasonalityAndDifferences(max_diffs=380, max_season_length=267, n_seasons=10) | LocalStandardScaler(stats_=[[47.42372721 38.3630083 ]])","[1, 2, 3, 4, 5, 6, 7, 8, 9, 10, 11, 12, 13, 14, 15, 16, 17, 18, 19, 20, 21, 23, 25, 26, 27, 28, 30, 32, 33, 34, 35, 36, 37, 40, 41, 42, 44, 45, 47, 48, 54, 56, 60, 62, 63, 64, 69, 70, 72, 73, 74, 75, 76, 78, 79, 80, 81, 85, 90, 91, 92, 93, 94, 97, 98, 99]","{7: [RollingMean(window_size=7)], 30: [RollingMean(window_size=30)], 60: [RollingMean(window_size=60)]}",lags_100_features_66,15.861768396526147,17.49175249614085,29.065292383052295,38.21871938515177,42.33873649867333,49.194213788758354,49.0296511950152,46.46591323868752,45.84944999016946,46.61959181213999,47.96508889065386
SGD_Lasso,"AutoSeasonalityAndDifferences(max_diffs=380, max_season_length=267, n_seasons=10) | LocalStandardScaler(stats_=[[47.42372721 38.3630083 ]])","[1, 2, 3, 4, 5, 6, 7, 8, 9, 10, 11, 12, 13, 14, 15, 16, 17, 18, 19, 20, 21, 23, 25, 26, 27, 28, 30, 32, 33, 34, 35, 36, 37, 40, 41, 42, 44, 45, 47, 48, 54, 56, 60, 62, 63, 64, 69, 70, 72, 73, 74, 75, 76, 78, 79, 80, 81, 85, 90, 91, 92, 93, 94, 97, 98, 99]","{7: [RollingMean(window_size=7)], 30: [RollingMean(window_size=30)], 60: [RollingMean(window_size=60)]}",lags_100_features_66,126.53992948283148,110.64718748072349,108.90270965049274,97.49567925292759,82.10820799343055,72.55180156390072,65.17295779898913,58.96962025307371,75.92915129965932,102.81680964517155,102.29088837202723
SGD_Ridge,"AutoSeasonalityAndDifferences(max_diffs=380, max_season_length=267, n_seasons=10) | LocalStandardScaler(stats_=[[47.42372721 38.3630083 ]])","[1, 2, 3, 4, 5, 6, 7, 8, 9, 10, 11, 12, 13, 14, 15, 16, 17, 18, 19, 20, 21, 23, 25, 26, 27, 28, 30, 32, 33, 34, 35, 36, 37, 40, 41, 42, 44, 45, 47, 48, 54, 56, 60, 62, 63, 64, 69, 70, 72, 73, 74, 75, 76, 78, 79, 80, 81, 85, 90, 91, 92, 93, 94, 97, 98, 99]","{7: [RollingMean(window_size=7)], 30: [RollingMean(window_size=30)], 60: [RollingMean(window_size=60)]}",lags_100_features_66,9.379024763592863,15.489044424677195,17.53113566888619,17.659180974722645,17.597698557411903,18.30717282050081,26.332837828295403,32.67133880454705,32.80984503228527,38.35665373412249,38.529623191354965
SGDRegressor,"AutoSeasonalityAndDifferences(max_diffs=380, max_season_length=267, n_seasons=10) | LocalStandardScaler(stats_=[[47.42372721 38.3630083 ]])","[1, 2, 3, 4, 5, 6, 7, 8, 9, 10, 11, 12, 13, 14, 15, 16, 17, 18, 19, 20, 21, 23, 25, 26, 27, 28, 30, 32, 33, 34, 35, 36, 37, 40, 41, 42, 44, 45, 47, 48, 54, 56, 60, 62, 63, 64, 69, 70, 72, 73, 74, 75, 76, 78, 79, 80, 81, 85, 90, 91, 92, 93, 94, 97, 98, 99]","{7: [RollingMean(window_size=7)], 30: [RollingMean(window_size=30)], 60: [RollingMean(window_size=60)]}",lags_100_features_66,15.724432563169675,33.89448597291598,46.88126367510515,58.25239126039825,66.06640637877578,71.05360519821943,78.38540521369909,99.60029739255745,158.89751416389547,266.93562335614297,271.90025649192984
XGBRegressor,"AutoSeasonalityAndDifferences(max_diffs=380, max_season_length=267, n_seasons=10) | LocalStandardScaler(stats_=[[47.42372721 38.3630083 ]])","[1, 2, 3, 4, 5, 6, 7, 8, 9, 10, 11, 12, 13, 14, 15, 16, 17, 18, 19, 20, 21, 23, 25, 26, 27, 28, 30, 32, 33, 34, 35, 36, 37, 40, 41, 42, 44, 45, 47, 48, 54, 56, 60, 62, 63, 64, 69, 70, 72, 73, 74, 75, 76, 78, 79, 80, 81, 85, 90, 91, 92, 93, 94, 97, 98, 99]","{7: [RollingMean(window_size=7)], 30: [RollingMean(window_size=30)], 60: [RollingMean(window_size=60)]}",lags_100_features_66,15.075018363063364,25.55469995441128,26.429721132657036,25.587608711851605,25.61456335267462,25.95286373017625,32.52106499237733,32.85970876589733,42.74138264205224,58.47517934106686,58.09200374860922
LGBMRegressor,"AutoSeasonalityAndDifferences(max_diffs=380, max_season_length=267, n_seasons=10) | LocalStandardScaler(stats_=[[47.42372721 38.3630083 ]])","[1, 2, 3, 4, 5, 6, 7, 8, 9, 10, 11, 12, 13, 14, 15, 16, 17, 18, 19, 20, 21, 23, 25, 26, 27, 28, 30, 32, 33, 34, 35, 36, 37, 40, 41, 42, 44, 45, 47, 48, 54, 56, 60, 62, 63, 64, 69, 70, 72, 73, 74, 75, 76, 78, 79, 80, 81, 85, 90, 91, 92, 93, 94, 97, 98, 99]","{7: [RollingMean(window_size=7)], 30: [RollingMean(window_size=30)], 60: [RollingMean(window_size=60)]}",lags_100_features_66,13.819849013488467,22.420013932841794,24.941087976502434,27.010307103380114,27.229411639600215,26.53602994892855,31.299263911488545,43.442362717436176,52.57338961610994,48.51063215332439,47.87738275065497
SGD_EarlyStopping,"AutoSeasonalityAndDifferences(max_diffs=380, max_season_length=267, n_seasons=10) | LocalStandardScaler(stats_=[[47.42372721 38.3630083 ]])","[1, 2, 3, 4, 5, 6, 7, 8, 9, 10, 11, 12, 13, 14, 15, 16, 17, 18, 19, 20, 21, 23, 25, 26, 27, 28, 30, 32, 33, 34, 35, 36, 37, 40, 41, 42, 44, 45, 47, 48, 54, 56, 60, 62, 63, 64, 69, 70, 72, 73, 74, 75, 76, 78, 79, 80, 81, 85, 90, 91, 92, 93, 94, 97, 98, 99]","{7: [RollingMean(window_size=7), RollingStd(window_size=7)], 30: [RollingMean(window_size=30)], 60: [ExpandingMean()], 14: [ExponentiallyWeightedMean(alpha=0.3)]}",lags_100_features_66,56.97790441217916,81.34648322330506,129.15421441761325,166.14966303036803,188.24932595824498,216.44228883610202,236.56295563714963,336.44636610597627,710.6531486414706,1620.614364587992,1691.0141785046858
SGD_ElasticNet,"AutoSeasonalityAndDifferences(max_diffs=380, max_season_length=267, n_seasons=10) | LocalStandardScaler(stats_=[[47.42372721 38.3630083 ]])","[1, 2, 3, 4, 5, 6, 7, 8, 9, 10, 11, 12, 13, 14, 15, 16, 17, 18, 19, 20, 21, 23, 25, 26, 27, 28, 30, 32, 33, 34, 35, 36, 37, 40, 41, 42, 44, 45, 47, 48, 54, 56, 60, 62, 63, 64, 69, 70, 72, 73, 74, 75, 76, 78, 79, 80, 81, 85, 90, 91, 92, 93, 94, 97, 98, 99]","{7: [RollingMean(window_size=7), RollingStd(window_size=7)], 30: [RollingMean(window_size=30)], 60: [ExpandingMean()], 14: [ExponentiallyWeightedMean(alpha=0.3)]}",lags_100_features_66,14.762103351020592,21.064801944413777,25.743235373993212,30.93395168558699,36.420322636516225,39.71988740083565,48.396081576723645,65.64748092954115,102.45578123834281,172.17745216159426,175.7135664373529
SGD_Lasso,"AutoSeasonalityAndDifferences(max_diffs=380, max_season_length=267, n_seasons=10) | LocalStandardScaler(stats_=[[47.42372721 38.3630083 ]])","[1, 2, 3, 4, 5, 6, 7, 8, 9, 10, 11, 12, 13, 14, 15, 16, 17, 18, 19, 20, 21, 23, 25, 26, 27, 28, 30, 32, 33, 34, 35, 36, 37, 40, 41, 42, 44, 45, 47, 48, 54, 56, 60, 62, 63, 64, 69, 70, 72, 73, 74, 75, 76, 78, 79, 80, 81, 85, 90, 91, 92, 93, 94, 97, 98, 99]","{7: [RollingMean(window_size=7), RollingStd(window_size=7)], 30: [RollingMean(window_size=30)], 60: [ExpandingMean()], 14: [ExponentiallyWeightedMean(alpha=0.3)]}",lags_100_features_66,125.63912219612085,109.80957566614882,108.07203453067456,96.7103627421869,81.42119062563306,71.95845325748625,64.77463274202154,58.62644750806244,75.47038283452581,102.19092794719444,101.66197989566001
SGD_Ridge,"AutoSeasonalityAndDifferences(max_diffs=380, max_season_length=267, n_seasons=10) | LocalStandardScaler(stats_=[[47.42372721 38.3630083 ]])","[1, 2, 3, 4, 5, 6, 7, 8, 9, 10, 11, 12, 13, 14, 15, 16, 17, 18, 19, 20, 21, 23, 25, 26, 27, 28, 30, 32, 33, 34, 35, 36, 37, 40, 41, 42, 44, 45, 47, 48, 54, 56, 60, 62, 63, 64, 69, 70, 72, 73, 74, 75, 76, 78, 79, 80, 81, 85, 90, 91, 92, 93, 94, 97, 98, 99]","{7: [RollingMean(window_size=7), RollingStd(window_size=7)], 30: [RollingMean(window_size=30)], 60: [ExpandingMean()], 14: [ExponentiallyWeightedMean(alpha=0.3)]}",lags_100_features_66,74.46247740602571,103.83893353601097,154.46601490185006,187.06263279136883,198.8870233253474,211.35162361336577,197.89142951865938,201.79877294975213,250.94085710767274,330.7333174997196,334.54299162252073
SGDRegressor,"AutoSeasonalityAndDifferences(max_diffs=380, max_season_length=267, n_seasons=10) | LocalStandardScaler(stats_=[[47.42372721 38.3630083 ]])","[1, 2, 3, 4, 5, 6, 7, 8, 9, 10, 11, 12, 13, 14, 15, 16, 17, 18, 19, 20, 21, 23, 25, 26, 27, 28, 30, 32, 33, 34, 35, 36, 37, 40, 41, 42, 44, 45, 47, 48, 54, 56, 60, 62, 63, 64, 69, 70, 72, 73, 74, 75, 76, 78, 79, 80, 81, 85, 90, 91, 92, 93, 94, 97, 98, 99]","{7: [RollingMean(window_size=7), RollingStd(window_size=7)], 30: [RollingMean(window_size=30)], 60: [ExpandingMean()], 14: [ExponentiallyWeightedMean(alpha=0.3)]}",lags_100_features_66,22.489640106676152,22.303162762780076,25.055839413354807,28.801216497654348,33.709356504500235,36.7056387705703,45.89413811942298,65.40177602897714,110.92772605283778,220.27502528778285,227.82372204482692
XGBRegressor,"AutoSeasonalityAndDifferences(max_diffs=380, max_season_length=267, n_seasons=10) | LocalStandardScaler(stats_=[[47.42372721 38.3630083 ]])","[1, 2, 3, 4, 5, 6, 7, 8, 9, 10, 11, 12, 13, 14, 15, 16, 17, 18, 19, 20, 21, 23, 25, 26, 27, 28, 30, 32, 33, 34, 35, 36, 37, 40, 41, 42, 44, 45, 47, 48, 54, 56, 60, 62, 63, 64, 69, 70, 72, 73, 74, 75, 76, 78, 79, 80, 81, 85, 90, 91, 92, 93, 94, 97, 98, 99]","{7: [RollingMean(window_size=7), RollingStd(window_size=7)], 30: [RollingMean(window_size=30)], 60: [ExpandingMean()], 14: [ExponentiallyWeightedMean(alpha=0.3)]}",lags_100_features_66,18.822249558177248,24.830724330621614,26.18911721909295,25.50896334900366,26.089698246507037,27.513661248142412,32.946841082082116,32.697673666517105,48.7873631083814,73.78949546798152,73.51073600621896
LGBMRegressor,"AutoSeasonalityAndDifferences(max_diffs=380, max_season_length=267, n_seasons=10) | LocalStandardScaler(stats_=[[47.42372721 38.3630083 ]])","[1, 2, 3, 4, 5, 6, 7, 8, 9, 10, 11, 12, 13, 14, 15, 16, 17, 18, 19, 20, 21, 23, 25, 26, 27, 28, 30, 32, 33, 34, 35, 36, 37, 40, 41, 42, 44, 45, 47, 48, 54, 56, 60, 62, 63, 64, 69, 70, 72, 73, 74, 75, 76, 78, 79, 80, 81, 85, 90, 91, 92, 93, 94, 97, 98, 99]","{7: [RollingMean(window_size=7), RollingStd(window_size=7)], 30: [RollingMean(window_size=30)], 60: [ExpandingMean()], 14: [ExponentiallyWeightedMean(alpha=0.3)]}",lags_100_features_66,12.225733216860384,19.066368431428113,21.847742707120222,23.705773926978082,25.21540506669616,25.457709864923128,29.57222159732668,41.55323481873534,46.63237907068704,44.14681279879639,43.30380680420775
SGD_EarlyStopping,"AutoSeasonalityAndDifferences(max_diffs=380, max_season_length=267, n_seasons=10) | LocalMinMaxScaler(stats_=[[  5.11211699 325.92896936]])","[1, 2, 3, 4, 5, 6, 7, 8, 9, 10, 11, 12, 13, 14, 15, 16, 17, 18, 19, 20, 21, 23, 25, 26, 27, 28, 30, 32, 33, 34, 35, 36, 37, 40, 41, 42, 44, 45, 47, 48, 54, 56, 60, 62, 63, 64, 69, 70, 72, 73, 74, 75, 76, 78, 79, 80, 81, 85, 90, 91, 92, 93, 94, 97, 98, 99]","{1: [<function expanding_mean at 0x000002C58F7A04A0>], 7: [<function rolling_mean_14 at 0x000002C5930FAA20>], 30: [<function expanding_mean at 0x000002C58F7A04A0>]}",lags_100_features_66,14.264471920334525,16.235982959940674,27.462354434291957,35.59878256667977,37.989652413206976,41.989559676400084,40.85056537139754,38.720242276985815,37.21409331555959,45.98446533889396,48.061570969209185
SGD_ElasticNet,"AutoSeasonalityAndDifferences(max_diffs=380, max_season_length=267, n_seasons=10) | LocalMinMaxScaler(stats_=[[  5.11211699 325.92896936]])","[1, 2, 3, 4, 5, 6, 7, 8, 9, 10, 11, 12, 13, 14, 15, 16, 17, 18, 19, 20, 21, 23, 25, 26, 27, 28, 30, 32, 33, 34, 35, 36, 37, 40, 41, 42, 44, 45, 47, 48, 54, 56, 60, 62, 63, 64, 69, 70, 72, 73, 74, 75, 76, 78, 79, 80, 81, 85, 90, 91, 92, 93, 94, 97, 98, 99]","{1: [<function expanding_mean at 0x000002C58F7A04A0>], 7: [<function rolling_mean_14 at 0x000002C5930FAA20>], 30: [<function expanding_mean at 0x000002C58F7A04A0>]}",lags_100_features_66,63.50857985103413,74.44690224038442,98.60407335124948,108.4944960543327,106.1905244972648,105.01910860847113,89.87015853528312,80.09424072662125,93.3273554394782,134.58623972591695,136.56682517238406
SGD_Lasso,"AutoSeasonalityAndDifferences(max_diffs=380, max_season_length=267, n_seasons=10) | LocalMinMaxScaler(stats_=[[  5.11211699 325.92896936]])","[1, 2, 3, 4, 5, 6, 7, 8, 9, 10, 11, 12, 13, 14, 15, 16, 17, 18, 19, 20, 21, 23, 25, 26, 27, 28, 30, 32, 33, 34, 35, 36, 37, 40, 41, 42, 44, 45, 47, 48, 54, 56, 60, 62, 63, 64, 69, 70, 72, 73, 74, 75, 76, 78, 79, 80, 81, 85, 90, 91, 92, 93, 94, 97, 98, 99]","{1: [<function expanding_mean at 0x000002C58F7A04A0>], 7: [<function rolling_mean_14 at 0x000002C5930FAA20>], 30: [<function expanding_mean at 0x000002C58F7A04A0>]}",lags_100_features_66,125.56505614651596,109.74070566573562,108.00373487819874,96.64579255886555,81.36470278057071,71.90966705677027,64.74188171539964,58.598231207051064,75.43266203852755,102.13946679054855,101.61026987166846
SGD_Ridge,"AutoSeasonalityAndDifferences(max_diffs=380, max_season_length=267, n_seasons=10) | LocalMinMaxScaler(stats_=[[  5.11211699 325.92896936]])","[1, 2, 3, 4, 5, 6, 7, 8, 9, 10, 11, 12, 13, 14, 15, 16, 17, 18, 19, 20, 21, 23, 25, 26, 27, 28, 30, 32, 33, 34, 35, 36, 37, 40, 41, 42, 44, 45, 47, 48, 54, 56, 60, 62, 63, 64, 69, 70, 72, 73, 74, 75, 76, 78, 79, 80, 81, 85, 90, 91, 92, 93, 94, 97, 98, 99]","{1: [<function expanding_mean at 0x000002C58F7A04A0>], 7: [<function rolling_mean_14 at 0x000002C5930FAA20>], 30: [<function expanding_mean at 0x000002C58F7A04A0>]}",lags_100_features_66,103.29800504283138,96.67765371942754,101.51132513631454,94.71732395920553,81.52802045079363,73.12437497523092,65.59442489323769,58.80777363114367,73.00220003851243,101.46649025180332,101.40782658470144
SGDRegressor,"AutoSeasonalityAndDifferences(max_diffs=380, max_season_length=267, n_seasons=10) | LocalMinMaxScaler(stats_=[[  5.11211699 325.92896936]])","[1, 2, 3, 4, 5, 6, 7, 8, 9, 10, 11, 12, 13, 14, 15, 16, 17, 18, 19, 20, 21, 23, 25, 26, 27, 28, 30, 32, 33, 34, 35, 36, 37, 40, 41, 42, 44, 45, 47, 48, 54, 56, 60, 62, 63, 64, 69, 70, 72, 73, 74, 75, 76, 78, 79, 80, 81, 85, 90, 91, 92, 93, 94, 97, 98, 99]","{1: [<function expanding_mean at 0x000002C58F7A04A0>], 7: [<function rolling_mean_14 at 0x000002C5930FAA20>], 30: [<function expanding_mean at 0x000002C58F7A04A0>]}",lags_100_features_66,45.03927242330122,55.5906563759934,80.44787498160404,93.21991135853403,94.00734099087296,95.42754303970978,83.03316492452491,73.56562567358992,78.88838518467787,112.71498517901313,115.12624821774158
XGBRegressor,"AutoSeasonalityAndDifferences(max_diffs=380, max_season_length=267, n_seasons=10) | LocalMinMaxScaler(stats_=[[  5.11211699 325.92896936]])","[1, 2, 3, 4, 5, 6, 7, 8, 9, 10, 11, 12, 13, 14, 15, 16, 17, 18, 19, 20, 21, 23, 25, 26, 27, 28, 30, 32, 33, 34, 35, 36, 37, 40, 41, 42, 44, 45, 47, 48, 54, 56, 60, 62, 63, 64, 69, 70, 72, 73, 74, 75, 76, 78, 79, 80, 81, 85, 90, 91, 92, 93, 94, 97, 98, 99]","{1: [<function expanding_mean at 0x000002C58F7A04A0>], 7: [<function rolling_mean_14 at 0x000002C5930FAA20>], 30: [<function expanding_mean at 0x000002C58F7A04A0>]}",lags_100_features_66,22.209732008851997,30.283669004224688,32.96643438222529,32.62474712176045,32.43121755306375,33.34950812899719,41.403761897811364,44.40542639255057,43.069432421071966,40.77021347658693,40.11882189343129
LGBMRegressor,"AutoSeasonalityAndDifferences(max_diffs=380, max_season_length=267, n_seasons=10) | LocalMinMaxScaler(stats_=[[  5.11211699 325.92896936]])","[1, 2, 3, 4, 5, 6, 7, 8, 9, 10, 11, 12, 13, 14, 15, 16, 17, 18, 19, 20, 21, 23, 25, 26, 27, 28, 30, 32, 33, 34, 35, 36, 37, 40, 41, 42, 44, 45, 47, 48, 54, 56, 60, 62, 63, 64, 69, 70, 72, 73, 74, 75, 76, 78, 79, 80, 81, 85, 90, 91, 92, 93, 94, 97, 98, 99]","{1: [<function expanding_mean at 0x000002C58F7A04A0>], 7: [<function rolling_mean_14 at 0x000002C5930FAA20>], 30: [<function expanding_mean at 0x000002C58F7A04A0>]}",lags_100_features_66,14.745275731291008,22.229634537393412,23.77879786697797,24.28704073862516,24.18950520509743,25.13886249966656,27.741401962596235,42.25427946550436,51.04683202681818,46.632441461141894,45.84483678974165
SGD_EarlyStopping,"AutoSeasonalityAndDifferences(max_diffs=380, max_season_length=267, n_seasons=10) | LocalMinMaxScaler(stats_=[[  5.11211699 325.92896936]])","[1, 2, 3, 4, 5, 6, 7, 8, 9, 10, 11, 12, 13, 14, 15, 16, 17, 18, 19, 20, 21, 23, 25, 26, 27, 28, 30, 32, 33, 34, 35, 36, 37, 40, 41, 42, 44, 45, 47, 48, 54, 56, 60, 62, 63, 64, 69, 70, 72, 73, 74, 75, 76, 78, 79, 80, 81, 85, 90, 91, 92, 93, 94, 97, 98, 99]","{1: [<function rolling_mean_14 at 0x000002C5930FAA20>], 7: [<function rolling_mean_30 at 0x000002C58DBF9260>], 30: [<function expanding_mean at 0x000002C58F7A04A0>]}",lags_100_features_66,14.115472707044372,16.16336401915398,27.37676442648769,35.64302341914099,38.20876526742265,42.401649525307356,41.28102682290431,39.11735692979008,37.524228794549515,45.747421433975134,47.84127229246327
SGD_ElasticNet,"AutoSeasonalityAndDifferences(max_diffs=380, max_season_length=267, n_seasons=10) | LocalMinMaxScaler(stats_=[[  5.11211699 325.92896936]])","[1, 2, 3, 4, 5, 6, 7, 8, 9, 10, 11, 12, 13, 14, 15, 16, 17, 18, 19, 20, 21, 23, 25, 26, 27, 28, 30, 32, 33, 34, 35, 36, 37, 40, 41, 42, 44, 45, 47, 48, 54, 56, 60, 62, 63, 64, 69, 70, 72, 73, 74, 75, 76, 78, 79, 80, 81, 85, 90, 91, 92, 93, 94, 97, 98, 99]","{1: [<function rolling_mean_14 at 0x000002C5930FAA20>], 7: [<function rolling_mean_30 at 0x000002C58DBF9260>], 30: [<function expanding_mean at 0x000002C58F7A04A0>]}",lags_100_features_66,63.45285939213344,74.62900615244496,99.0992737563558,109.26611121552232,107.14296700605786,106.14138577557763,90.87099820561063,81.04104227643893,94.29371435331672,135.77387005163558,137.79316562811752
SGD_Lasso,"AutoSeasonalityAndDifferences(max_diffs=380, max_season_length=267, n_seasons=10) | LocalMinMaxScaler(stats_=[[  5.11211699 325.92896936]])","[1, 2, 3, 4, 5, 6, 7, 8, 9, 10, 11, 12, 13, 14, 15, 16, 17, 18, 19, 20, 21, 23, 25, 26, 27, 28, 30, 32, 33, 34, 35, 36, 37, 40, 41, 42, 44, 45, 47, 48, 54, 56, 60, 62, 63, 64, 69, 70, 72, 73, 74, 75, 76, 78, 79, 80, 81, 85, 90, 91, 92, 93, 94, 97, 98, 99]","{1: [<function rolling_mean_14 at 0x000002C5930FAA20>], 7: [<function rolling_mean_30 at 0x000002C58DBF9260>], 30: [<function expanding_mean at 0x000002C58F7A04A0>]}",lags_100_features_66,125.56505614651596,109.74070566573562,108.00373487819874,96.64579255886555,81.36470278057071,71.90966705677027,64.74188171539964,58.598231207051064,75.43266203852755,102.13946679054855,101.61026987166846
SGD_Ridge,"AutoSeasonalityAndDifferences(max_diffs=380, max_season_length=267, n_seasons=10) | LocalMinMaxScaler(stats_=[[  5.11211699 325.92896936]])","[1, 2, 3, 4, 5, 6, 7, 8, 9, 10, 11, 12, 13, 14, 15, 16, 17, 18, 19, 20, 21, 23, 25, 26, 27, 28, 30, 32, 33, 34, 35, 36, 37, 40, 41, 42, 44, 45, 47, 48, 54, 56, 60, 62, 63, 64, 69, 70, 72, 73, 74, 75, 76, 78, 79, 80, 81, 85, 90, 91, 92, 93, 94, 97, 98, 99]","{1: [<function rolling_mean_14 at 0x000002C5930FAA20>], 7: [<function rolling_mean_30 at 0x000002C58DBF9260>], 30: [<function expanding_mean at 0x000002C58F7A04A0>]}",lags_100_features_66,103.09004745599131,96.61579563996455,101.55066464484301,94.81809060022964,81.65327040741442,73.25131113139237,65.67883077316516,58.87348078730476,73.03981053964486,101.55713281215351,101.50637899065372
SGDRegressor,"AutoSeasonalityAndDifferences(max_diffs=380, max_season_length=267, n_seasons=10) | LocalMinMaxScaler(stats_=[[  5.11211699 325.92896936]])","[1, 2, 3, 4, 5, 6, 7, 8, 9, 10, 11, 12, 13, 14, 15, 16, 17, 18, 19, 20, 21, 23, 25, 26, 27, 28, 30, 32, 33, 34, 35, 36, 37, 40, 41, 42, 44, 45, 47, 48, 54, 56, 60, 62, 63, 64, 69, 70, 72, 73, 74, 75, 76, 78, 79, 80, 81, 85, 90, 91, 92, 93, 94, 97, 98, 99]","{1: [<function rolling_mean_14 at 0x000002C5930FAA20>], 7: [<function rolling_mean_30 at 0x000002C58DBF9260>], 30: [<function expanding_mean at 0x000002C58F7A04A0>]}",lags_100_features_66,44.77872523192084,55.501831211131815,80.65013610219265,93.7460601239217,94.7866808356265,96.45337919392877,83.99936895314978,74.47738498681986,79.5813993823478,113.24679013679713,115.7080055674708
XGBRegressor,"AutoSeasonalityAndDifferences(max_diffs=380, max_season_length=267, n_seasons=10) | LocalMinMaxScaler(stats_=[[  5.11211699 325.92896936]])","[1, 2, 3, 4, 5, 6, 7, 8, 9, 10, 11, 12, 13, 14, 15, 16, 17, 18, 19, 20, 21, 23, 25, 26, 27, 28, 30, 32, 33, 34, 35, 36, 37, 40, 41, 42, 44, 45, 47, 48, 54, 56, 60, 62, 63, 64, 69, 70, 72, 73, 74, 75, 76, 78, 79, 80, 81, 85, 90, 91, 92, 93, 94, 97, 98, 99]","{1: [<function rolling_mean_14 at 0x000002C5930FAA20>], 7: [<function rolling_mean_30 at 0x000002C58DBF9260>], 30: [<function expanding_mean at 0x000002C58F7A04A0>]}",lags_100_features_66,11.719383056672061,21.00755098041382,25.19441018406766,26.440057387315065,29.472246085539787,31.33975832219328,38.71501677165425,41.559810117985805,40.73062663044409,38.765244010502116,38.39843578805348
LGBMRegressor,"AutoSeasonalityAndDifferences(max_diffs=380, max_season_length=267, n_seasons=10) | LocalMinMaxScaler(stats_=[[  5.11211699 325.92896936]])","[1, 2, 3, 4, 5, 6, 7, 8, 9, 10, 11, 12, 13, 14, 15, 16, 17, 18, 19, 20, 21, 23, 25, 26, 27, 28, 30, 32, 33, 34, 35, 36, 37, 40, 41, 42, 44, 45, 47, 48, 54, 56, 60, 62, 63, 64, 69, 70, 72, 73, 74, 75, 76, 78, 79, 80, 81, 85, 90, 91, 92, 93, 94, 97, 98, 99]","{1: [<function rolling_mean_14 at 0x000002C5930FAA20>], 7: [<function rolling_mean_30 at 0x000002C58DBF9260>], 30: [<function expanding_mean at 0x000002C58F7A04A0>]}",lags_100_features_66,12.453316905665988,18.756201333731827,21.13424446481233,21.667374865513843,22.952693908191378,24.307480202699665,29.477317144803727,30.09529673554281,49.21782614652365,79.29922336219352,79.16469487386557
SGD_EarlyStopping,"AutoSeasonalityAndDifferences(max_diffs=380, max_season_length=267, n_seasons=10) | LocalMinMaxScaler(stats_=[[  5.11211699 325.92896936]])","[1, 2, 3, 4, 5, 6, 7, 8, 9, 10, 11, 12, 13, 14, 15, 16, 17, 18, 19, 20, 21, 23, 25, 26, 27, 28, 30, 32, 33, 34, 35, 36, 37, 40, 41, 42, 44, 45, 47, 48, 54, 56, 60, 62, 63, 64, 69, 70, 72, 73, 74, 75, 76, 78, 79, 80, 81, 85, 90, 91, 92, 93, 94, 97, 98, 99]","{7: [RollingMean(window_size=7)], 30: [RollingMean(window_size=30)], 60: [RollingMean(window_size=60)]}",lags_100_features_66,10.82872562580182,17.311500824747455,19.176372817312668,22.011572128562385,22.087475145982353,24.870147220536435,27.301367708460806,27.65866825274897,28.06229477378157,35.38427123785874,36.96075332233302
SGD_ElasticNet,"AutoSeasonalityAndDifferences(max_diffs=380, max_season_length=267, n_seasons=10) | LocalMinMaxScaler(stats_=[[  5.11211699 325.92896936]])","[1, 2, 3, 4, 5, 6, 7, 8, 9, 10, 11, 12, 13, 14, 15, 16, 17, 18, 19, 20, 21, 23, 25, 26, 27, 28, 30, 32, 33, 34, 35, 36, 37, 40, 41, 42, 44, 45, 47, 48, 54, 56, 60, 62, 63, 64, 69, 70, 72, 73, 74, 75, 76, 78, 79, 80, 81, 85, 90, 91, 92, 93, 94, 97, 98, 99]","{7: [RollingMean(window_size=7)], 30: [RollingMean(window_size=30)], 60: [RollingMean(window_size=60)]}",lags_100_features_66,24.106451481941804,23.407530055540153,30.946147735288747,31.87590866332076,28.73711647701499,28.06770310110235,31.80276336215419,32.061250508776034,38.31859101424175,56.683658723214236,57.057262689654905
SGD_Lasso,"AutoSeasonalityAndDifferences(max_diffs=380, max_season_length=267, n_seasons=10) | LocalMinMaxScaler(stats_=[[  5.11211699 325.92896936]])","[1, 2, 3, 4, 5, 6, 7, 8, 9, 10, 11, 12, 13, 14, 15, 16, 17, 18, 19, 20, 21, 23, 25, 26, 27, 28, 30, 32, 33, 34, 35, 36, 37, 40, 41, 42, 44, 45, 47, 48, 54, 56, 60, 62, 63, 64, 69, 70, 72, 73, 74, 75, 76, 78, 79, 80, 81, 85, 90, 91, 92, 93, 94, 97, 98, 99]","{7: [RollingMean(window_size=7)], 30: [RollingMean(window_size=30)], 60: [RollingMean(window_size=60)]}",lags_100_features_66,127.80983377302874,111.82800257018886,110.07374580215313,98.60277154765576,83.0767240297427,73.38826855413618,65.73449266465758,59.455672680400085,76.57778566716006,103.70055776432314,103.17886329051593
SGD_Ridge,"AutoSeasonalityAndDifferences(max_diffs=380, max_season_length=267, n_seasons=10) | LocalMinMaxScaler(stats_=[[  5.11211699 325.92896936]])","[1, 2, 3, 4, 5, 6, 7, 8, 9, 10, 11, 12, 13, 14, 15, 16, 17, 18, 19, 20, 21, 23, 25, 26, 27, 28, 30, 32, 33, 34, 35, 36, 37, 40, 41, 42, 44, 45, 47, 48, 54, 56, 60, 62, 63, 64, 69, 70, 72, 73, 74, 75, 76, 78, 79, 80, 81, 85, 90, 91, 92, 93, 94, 97, 98, 99]","{7: [RollingMean(window_size=7)], 30: [RollingMean(window_size=30)], 60: [RollingMean(window_size=60)]}",lags_100_features_66,66.70486882767187,57.770342614624326,58.21113797644865,50.784080256501916,43.939691259492776,40.94386876356651,44.12511519124973,41.812891719458655,52.52112823544396,69.8230016542986,69.17016583487715
SGDRegressor,"AutoSeasonalityAndDifferences(max_diffs=380, max_season_length=267, n_seasons=10) | LocalMinMaxScaler(stats_=[[  5.11211699 325.92896936]])","[1, 2, 3, 4, 5, 6, 7, 8, 9, 10, 11, 12, 13, 14, 15, 16, 17, 18, 19, 20, 21, 23, 25, 26, 27, 28, 30, 32, 33, 34, 35, 36, 37, 40, 41, 42, 44, 45, 47, 48, 54, 56, 60, 62, 63, 64, 69, 70, 72, 73, 74, 75, 76, 78, 79, 80, 81, 85, 90, 91, 92, 93, 94, 97, 98, 99]","{7: [RollingMean(window_size=7)], 30: [RollingMean(window_size=30)], 60: [RollingMean(window_size=60)]}",lags_100_features_66,9.953232032188696,14.424611439605947,17.611251124362106,18.502800583293887,17.79409179399843,18.604511077646592,25.268714646773315,27.348850930022024,31.155361287096916,44.45531810969078,44.810023143384406
XGBRegressor,"AutoSeasonalityAndDifferences(max_diffs=380, max_season_length=267, n_seasons=10) | LocalMinMaxScaler(stats_=[[  5.11211699 325.92896936]])","[1, 2, 3, 4, 5, 6, 7, 8, 9, 10, 11, 12, 13, 14, 15, 16, 17, 18, 19, 20, 21, 23, 25, 26, 27, 28, 30, 32, 33, 34, 35, 36, 37, 40, 41, 42, 44, 45, 47, 48, 54, 56, 60, 62, 63, 64, 69, 70, 72, 73, 74, 75, 76, 78, 79, 80, 81, 85, 90, 91, 92, 93, 94, 97, 98, 99]","{7: [RollingMean(window_size=7)], 30: [RollingMean(window_size=30)], 60: [RollingMean(window_size=60)]}",lags_100_features_66,15.574817432942961,25.313738678366622,26.49118958521759,25.012847931490768,24.368124527146932,24.510441965747702,31.00292132368226,31.19063243338593,45.472510084878934,67.75104876977238,67.38074584537974
LGBMRegressor,"AutoSeasonalityAndDifferences(max_diffs=380, max_season_length=267, n_seasons=10) | LocalMinMaxScaler(stats_=[[  5.11211699 325.92896936]])","[1, 2, 3, 4, 5, 6, 7, 8, 9, 10, 11, 12, 13, 14, 15, 16, 17, 18, 19, 20, 21, 23, 25, 26, 27, 28, 30, 32, 33, 34, 35, 36, 37, 40, 41, 42, 44, 45, 47, 48, 54, 56, 60, 62, 63, 64, 69, 70, 72, 73, 74, 75, 76, 78, 79, 80, 81, 85, 90, 91, 92, 93, 94, 97, 98, 99]","{7: [RollingMean(window_size=7)], 30: [RollingMean(window_size=30)], 60: [RollingMean(window_size=60)]}",lags_100_features_66,12.930513843891125,21.982818412731174,24.62809359433364,26.211757418344767,27.028148105646,26.83481238412424,29.633849502606374,39.633374106615,47.28572973982567,43.6846461282921,43.01748577376991
SGD_EarlyStopping,"AutoSeasonalityAndDifferences(max_diffs=380, max_season_length=267, n_seasons=10) | LocalMinMaxScaler(stats_=[[  5.11211699 325.92896936]])","[1, 2, 3, 4, 5, 6, 7, 8, 9, 10, 11, 12, 13, 14, 15, 16, 17, 18, 19, 20, 21, 23, 25, 26, 27, 28, 30, 32, 33, 34, 35, 36, 37, 40, 41, 42, 44, 45, 47, 48, 54, 56, 60, 62, 63, 64, 69, 70, 72, 73, 74, 75, 76, 78, 79, 80, 81, 85, 90, 91, 92, 93, 94, 97, 98, 99]","{7: [RollingMean(window_size=7), RollingStd(window_size=7)], 30: [RollingMean(window_size=30)], 60: [ExpandingMean()], 14: [ExponentiallyWeightedMean(alpha=0.3)]}",lags_100_features_66,13.934048967766286,16.08774456703773,26.665541453473278,34.5506690807308,36.935665721759634,41.01443178088998,40.11741550948915,38.110027342478304,36.58983006427701,44.38029613078831,46.44163659740642
SGD_ElasticNet,"AutoSeasonalityAndDifferences(max_diffs=380, max_season_length=267, n_seasons=10) | LocalMinMaxScaler(stats_=[[  5.11211699 325.92896936]])","[1, 2, 3, 4, 5, 6, 7, 8, 9, 10, 11, 12, 13, 14, 15, 16, 17, 18, 19, 20, 21, 23, 25, 26, 27, 28, 30, 32, 33, 34, 35, 36, 37, 40, 41, 42, 44, 45, 47, 48, 54, 56, 60, 62, 63, 64, 69, 70, 72, 73, 74, 75, 76, 78, 79, 80, 81, 85, 90, 91, 92, 93, 94, 97, 98, 99]","{7: [RollingMean(window_size=7), RollingStd(window_size=7)], 30: [RollingMean(window_size=30)], 60: [ExpandingMean()], 14: [ExponentiallyWeightedMean(alpha=0.3)]}",lags_100_features_66,62.48343935819746,73.40616108881314,97.60274708174454,107.66401639325349,105.55560298860442,104.57164547673403,89.59535561751008,79.78131542389978,92.47405890837742,133.2540824045932,135.26487621483
SGD_Lasso,"AutoSeasonalityAndDifferences(max_diffs=380, max_season_length=267, n_seasons=10) | LocalMinMaxScaler(stats_=[[  5.11211699 325.92896936]])","[1, 2, 3, 4, 5, 6, 7, 8, 9, 10, 11, 12, 13, 14, 15, 16, 17, 18, 19, 20, 21, 23, 25, 26, 27, 28, 30, 32, 33, 34, 35, 36, 37, 40, 41, 42, 44, 45, 47, 48, 54, 56, 60, 62, 63, 64, 69, 70, 72, 73, 74, 75, 76, 78, 79, 80, 81, 85, 90, 91, 92, 93, 94, 97, 98, 99]","{7: [RollingMean(window_size=7), RollingStd(window_size=7)], 30: [RollingMean(window_size=30)], 60: [ExpandingMean()], 14: [ExponentiallyWeightedMean(alpha=0.3)]}",lags_100_features_66,125.56505614651596,109.74070566573562,108.00373487819874,96.64579255886555,81.36470278057071,71.90966705677027,64.74188171539964,58.598231207051064,75.43266203852755,102.13946679054855,101.61026987166846
SGD_Ridge,"AutoSeasonalityAndDifferences(max_diffs=380, max_season_length=267, n_seasons=10) | LocalMinMaxScaler(stats_=[[  5.11211699 325.92896936]])","[1, 2, 3, 4, 5, 6, 7, 8, 9, 10, 11, 12, 13, 14, 15, 16, 17, 18, 19, 20, 21, 23, 25, 26, 27, 28, 30, 32, 33, 34, 35, 36, 37, 40, 41, 42, 44, 45, 47, 48, 54, 56, 60, 62, 63, 64, 69, 70, 72, 73, 74, 75, 76, 78, 79, 80, 81, 85, 90, 91, 92, 93, 94, 97, 98, 99]","{7: [RollingMean(window_size=7), RollingStd(window_size=7)], 30: [RollingMean(window_size=30)], 60: [ExpandingMean()], 14: [ExponentiallyWeightedMean(alpha=0.3)]}",lags_100_features_66,102.68441378233668,96.26708672638213,101.30071335992983,94.64902010399405,81.5390027185054,73.1710355296088,65.61853593525447,58.818068271948675,72.91348051866416,101.42925164037541,101.38657798695138
SGDRegressor,"AutoSeasonalityAndDifferences(max_diffs=380, max_season_length=267, n_seasons=10) | LocalMinMaxScaler(stats_=[[  5.11211699 325.92896936]])","[1, 2, 3, 4, 5, 6, 7, 8, 9, 10, 11, 12, 13, 14, 15, 16, 17, 18, 19, 20, 21, 23, 25, 26, 27, 28, 30, 32, 33, 34, 35, 36, 37, 40, 41, 42, 44, 45, 47, 48, 54, 56, 60, 62, 63, 64, 69, 70, 72, 73, 74, 75, 76, 78, 79, 80, 81, 85, 90, 91, 92, 93, 94, 97, 98, 99]","{7: [RollingMean(window_size=7), RollingStd(window_size=7)], 30: [RollingMean(window_size=30)], 60: [ExpandingMean()], 14: [ExponentiallyWeightedMean(alpha=0.3)]}",lags_100_features_66,43.72287949097954,54.05066566257726,78.74950325543449,91.62215349875873,92.62738832245132,94.27682678847556,82.20541238115871,72.79073174559093,77.29449684064068,110.11388910522366,112.5591411024965
XGBRegressor,"AutoSeasonalityAndDifferences(max_diffs=380, max_season_length=267, n_seasons=10) | LocalMinMaxScaler(stats_=[[  5.11211699 325.92896936]])","[1, 2, 3, 4, 5, 6, 7, 8, 9, 10, 11, 12, 13, 14, 15, 16, 17, 18, 19, 20, 21, 23, 25, 26, 27, 28, 30, 32, 33, 34, 35, 36, 37, 40, 41, 42, 44, 45, 47, 48, 54, 56, 60, 62, 63, 64, 69, 70, 72, 73, 74, 75, 76, 78, 79, 80, 81, 85, 90, 91, 92, 93, 94, 97, 98, 99]","{7: [RollingMean(window_size=7), RollingStd(window_size=7)], 30: [RollingMean(window_size=30)], 60: [ExpandingMean()], 14: [ExponentiallyWeightedMean(alpha=0.3)]}",lags_100_features_66,18.91081424381465,25.49872841387886,26.684625256911005,26.64566442483503,27.745440060327926,28.601619703331405,33.96775230524825,33.50667743424388,49.89184536478827,75.24296549666192,74.95505572595705
LGBMRegressor,"AutoSeasonalityAndDifferences(max_diffs=380, max_season_length=267, n_seasons=10) | LocalMinMaxScaler(stats_=[[  5.11211699 325.92896936]])","[1, 2, 3, 4, 5, 6, 7, 8, 9, 10, 11, 12, 13, 14, 15, 16, 17, 18, 19, 20, 21, 23, 25, 26, 27, 28, 30, 32, 33, 34, 35, 36, 37, 40, 41, 42, 44, 45, 47, 48, 54, 56, 60, 62, 63, 64, 69, 70, 72, 73, 74, 75, 76, 78, 79, 80, 81, 85, 90, 91, 92, 93, 94, 97, 98, 99]","{7: [RollingMean(window_size=7), RollingStd(window_size=7)], 30: [RollingMean(window_size=30)], 60: [ExpandingMean()], 14: [ExponentiallyWeightedMean(alpha=0.3)]}",lags_100_features_66,10.768799440705642,17.09233508193996,19.101501960918046,18.794056245117925,19.569182171501893,20.003585395526162,24.583230523351883,38.10068336842093,51.39999380540492,47.854470719087,47.084819479807
XGBRegressor,"AutoSeasonalityAndDifferences(max_diffs=380, max_season_length=267, n_seasons=10) | LocalBoxCox(lower=0.0, method=loglik, season_length=None, stats_=[[4.10226185e-05 0.00000000e+00]], upper=2.0)","[1, 2, 3, 4, 5, 6, 7, 8, 9, 10, 11, 12, 13, 14, 15, 16, 17, 18, 19, 20, 21, 23, 25, 26, 27, 28, 30, 32, 33, 34, 35, 36, 37, 40, 41, 42, 44, 45, 47, 48, 54, 56, 60, 62, 63, 64, 69, 70, 72, 73, 74, 75, 76, 78, 79, 80, 81, 85, 90, 91, 92, 93, 94, 97, 98, 99]","{1: [<function expanding_mean at 0x000002C58F7A04A0>], 7: [<function rolling_mean_14 at 0x000002C5930FAA20>], 30: [<function expanding_mean at 0x000002C58F7A04A0>]}",lags_100_features_66,23.39097151956154,32.35929574429876,34.41696305909361,35.214017851428814,37.34806251289629,38.5619366485332,44.252199109898335,45.01471663045655,42.60309754505173,39.04945327195695,39.09392535510067
LGBMRegressor,"AutoSeasonalityAndDifferences(max_diffs=380, max_season_length=267, n_seasons=10) | LocalBoxCox(lower=0.0, method=loglik, season_length=None, stats_=[[4.10226185e-05 0.00000000e+00]], upper=2.0)","[1, 2, 3, 4, 5, 6, 7, 8, 9, 10, 11, 12, 13, 14, 15, 16, 17, 18, 19, 20, 21, 23, 25, 26, 27, 28, 30, 32, 33, 34, 35, 36, 37, 40, 41, 42, 44, 45, 47, 48, 54, 56, 60, 62, 63, 64, 69, 70, 72, 73, 74, 75, 76, 78, 79, 80, 81, 85, 90, 91, 92, 93, 94, 97, 98, 99]","{1: [<function expanding_mean at 0x000002C58F7A04A0>], 7: [<function rolling_mean_14 at 0x000002C5930FAA20>], 30: [<function expanding_mean at 0x000002C58F7A04A0>]}",lags_100_features_66,22.45287423510498,26.707045917400706,26.725448158112297,26.400202282285612,27.15834791757228,27.520779414737618,33.32012494686926,51.81144439304642,95.11257956176846,88.06958876702915,86.32392327319836
XGBRegressor,"AutoSeasonalityAndDifferences(max_diffs=380, max_season_length=267, n_seasons=10) | LocalBoxCox(lower=0.0, method=loglik, season_length=None, stats_=[[4.10226185e-05 0.00000000e+00]], upper=2.0)","[1, 2, 3, 4, 5, 6, 7, 8, 9, 10, 11, 12, 13, 14, 15, 16, 17, 18, 19, 20, 21, 23, 25, 26, 27, 28, 30, 32, 33, 34, 35, 36, 37, 40, 41, 42, 44, 45, 47, 48, 54, 56, 60, 62, 63, 64, 69, 70, 72, 73, 74, 75, 76, 78, 79, 80, 81, 85, 90, 91, 92, 93, 94, 97, 98, 99]","{1: [<function rolling_mean_14 at 0x000002C5930FAA20>], 7: [<function rolling_mean_30 at 0x000002C58DBF9260>], 30: [<function expanding_mean at 0x000002C58F7A04A0>]}",lags_100_features_66,13.590067225272746,22.749675357225136,25.852637087911422,26.892665659326454,27.36453665111604,27.795658729232116,35.1065846123493,36.01915251415629,41.37773180737167,50.67964524808133,49.950411403509946
LGBMRegressor,"AutoSeasonalityAndDifferences(max_diffs=380, max_season_length=267, n_seasons=10) | LocalBoxCox(lower=0.0, method=loglik, season_length=None, stats_=[[4.10226185e-05 0.00000000e+00]], upper=2.0)","[1, 2, 3, 4, 5, 6, 7, 8, 9, 10, 11, 12, 13, 14, 15, 16, 17, 18, 19, 20, 21, 23, 25, 26, 27, 28, 30, 32, 33, 34, 35, 36, 37, 40, 41, 42, 44, 45, 47, 48, 54, 56, 60, 62, 63, 64, 69, 70, 72, 73, 74, 75, 76, 78, 79, 80, 81, 85, 90, 91, 92, 93, 94, 97, 98, 99]","{1: [<function rolling_mean_14 at 0x000002C5930FAA20>], 7: [<function rolling_mean_30 at 0x000002C58DBF9260>], 30: [<function expanding_mean at 0x000002C58F7A04A0>]}",lags_100_features_66,15.20204385184437,22.507885064520348,24.084013310039342,24.422294690073848,25.481332379308586,26.38921823331876,31.308295522104185,49.06340426205731,75.61643828512773,69.5135819060367,68.05554665728043
XGBRegressor,"AutoSeasonalityAndDifferences(max_diffs=380, max_season_length=267, n_seasons=10) | LocalBoxCox(lower=0.0, method=loglik, season_length=None, stats_=[[4.10226185e-05 0.00000000e+00]], upper=2.0)","[1, 2, 3, 4, 5, 6, 7, 8, 9, 10, 11, 12, 13, 14, 15, 16, 17, 18, 19, 20, 21, 23, 25, 26, 27, 28, 30, 32, 33, 34, 35, 36, 37, 40, 41, 42, 44, 45, 47, 48, 54, 56, 60, 62, 63, 64, 69, 70, 72, 73, 74, 75, 76, 78, 79, 80, 81, 85, 90, 91, 92, 93, 94, 97, 98, 99]","{7: [RollingMean(window_size=7)], 30: [RollingMean(window_size=30)], 60: [RollingMean(window_size=60)]}",lags_100_features_66,22.35116360758319,30.95801392641099,31.943358874501914,31.426313599858464,33.223256024489025,33.709449938381894,40.21819151598919,40.26839201366544,44.942628749277844,53.1414352308351,52.3191854475885
LGBMRegressor,"AutoSeasonalityAndDifferences(max_diffs=380, max_season_length=267, n_seasons=10) | LocalBoxCox(lower=0.0, method=loglik, season_length=None, stats_=[[4.10226185e-05 0.00000000e+00]], upper=2.0)","[1, 2, 3, 4, 5, 6, 7, 8, 9, 10, 11, 12, 13, 14, 15, 16, 17, 18, 19, 20, 21, 23, 25, 26, 27, 28, 30, 32, 33, 34, 35, 36, 37, 40, 41, 42, 44, 45, 47, 48, 54, 56, 60, 62, 63, 64, 69, 70, 72, 73, 74, 75, 76, 78, 79, 80, 81, 85, 90, 91, 92, 93, 94, 97, 98, 99]","{7: [RollingMean(window_size=7)], 30: [RollingMean(window_size=30)], 60: [RollingMean(window_size=60)]}",lags_100_features_66,14.989012428015606,25.29045276747365,26.609053715335584,26.597995009056312,27.719153438436877,27.741286987876844,30.648768868557998,45.34131240573815,50.338449375486604,44.61774605012893,43.83194373363343
XGBRegressor,"AutoSeasonalityAndDifferences(max_diffs=380, max_season_length=267, n_seasons=10) | LocalBoxCox(lower=0.0, method=loglik, season_length=None, stats_=[[4.10226185e-05 0.00000000e+00]], upper=2.0)","[1, 2, 3, 4, 5, 6, 7, 8, 9, 10, 11, 12, 13, 14, 15, 16, 17, 18, 19, 20, 21, 23, 25, 26, 27, 28, 30, 32, 33, 34, 35, 36, 37, 40, 41, 42, 44, 45, 47, 48, 54, 56, 60, 62, 63, 64, 69, 70, 72, 73, 74, 75, 76, 78, 79, 80, 81, 85, 90, 91, 92, 93, 94, 97, 98, 99]","{7: [RollingMean(window_size=7), RollingStd(window_size=7)], 30: [RollingMean(window_size=30)], 60: [ExpandingMean()], 14: [ExponentiallyWeightedMean(alpha=0.3)]}",lags_100_features_66,22.249398614357847,28.332220784324097,28.458679641516333,29.98653735969346,34.3631703384775,37.96832865365927,46.534251059408795,48.268065115918816,46.650842084543385,44.22229212181755,43.75554412583912
LGBMRegressor,"AutoSeasonalityAndDifferences(max_diffs=380, max_season_length=267, n_seasons=10) | LocalBoxCox(lower=0.0, method=loglik, season_length=None, stats_=[[4.10226185e-05 0.00000000e+00]], upper=2.0)","[1, 2, 3, 4, 5, 6, 7, 8, 9, 10, 11, 12, 13, 14, 15, 16, 17, 18, 19, 20, 21, 23, 25, 26, 27, 28, 30, 32, 33, 34, 35, 36, 37, 40, 41, 42, 44, 45, 47, 48, 54, 56, 60, 62, 63, 64, 69, 70, 72, 73, 74, 75, 76, 78, 79, 80, 81, 85, 90, 91, 92, 93, 94, 97, 98, 99]","{7: [RollingMean(window_size=7), RollingStd(window_size=7)], 30: [RollingMean(window_size=30)], 60: [ExpandingMean()], 14: [ExponentiallyWeightedMean(alpha=0.3)]}",lags_100_features_66,15.50272431642114,24.025789550825035,25.406339770059454,26.370999597964474,29.95085217489094,32.08558424064446,38.959233329671264,39.0992384763515,41.17008390496114,41.792011490769475,41.21177258408343
XGBRegressor,,"[1, 2, 3, 4, 5, 6, 7, 8, 9, 10, 11, 12, 13, 14, 15, 16, 17, 18, 19, 20, 21, 22, 23, 24, 25, 26, 27, 28, 29, 30, 31, 32, 33, 34, 35, 36, 37, 38, 39, 40, 41, 42, 43, 44, 45, 46, 47, 48, 49, 50, 51, 52, 53, 54, 55, 56, 57, 58, 59, 60, 61, 62, 63, 64, 65, 66, 67, 68, 69, 70, 71, 72, 73, 74, 75, 76, 77, 78, 79, 80, 81, 82, 83, 84, 85, 86, 87, 88, 89, 90, 91, 92, 93, 94, 95, 96, 97, 98, 99, 100]","{1: [<function expanding_mean at 0x000002C58F7A04A0>], 7: [<function rolling_mean_14 at 0x000002C5930FAA20>], 30: [<function expanding_mean at 0x000002C58F7A04A0>]}",lags_100_features_100,21.209914317615223,24.44967929050951,25.281185587612853,24.861876914074276,27.166263761019195,29.013381343370494,36.961295491051416,38.381158017768335,40.499308096420286,43.947743519970004,43.154077030690175
LGBMRegressor,,"[1, 2, 3, 4, 5, 6, 7, 8, 9, 10, 11, 12, 13, 14, 15, 16, 17, 18, 19, 20, 21, 22, 23, 24, 25, 26, 27, 28, 29, 30, 31, 32, 33, 34, 35, 36, 37, 38, 39, 40, 41, 42, 43, 44, 45, 46, 47, 48, 49, 50, 51, 52, 53, 54, 55, 56, 57, 58, 59, 60, 61, 62, 63, 64, 65, 66, 67, 68, 69, 70, 71, 72, 73, 74, 75, 76, 77, 78, 79, 80, 81, 82, 83, 84, 85, 86, 87, 88, 89, 90, 91, 92, 93, 94, 95, 96, 97, 98, 99, 100]","{1: [<function expanding_mean at 0x000002C58F7A04A0>], 7: [<function rolling_mean_14 at 0x000002C5930FAA20>], 30: [<function expanding_mean at 0x000002C58F7A04A0>]}",lags_100_features_100,12.140141847231844,21.177758668159168,23.096423739799093,22.98983687062664,22.96644341012094,23.519249329182728,29.45772832753969,35.81797269455706,43.856381658951655,41.82539688794083,41.208781006766195
XGBRegressor,,"[1, 2, 3, 4, 5, 6, 7, 8, 9, 10, 11, 12, 13, 14, 15, 16, 17, 18, 19, 20, 21, 22, 23, 24, 25, 26, 27, 28, 29, 30, 31, 32, 33, 34, 35, 36, 37, 38, 39, 40, 41, 42, 43, 44, 45, 46, 47, 48, 49, 50, 51, 52, 53, 54, 55, 56, 57, 58, 59, 60, 61, 62, 63, 64, 65, 66, 67, 68, 69, 70, 71, 72, 73, 74, 75, 76, 77, 78, 79, 80, 81, 82, 83, 84, 85, 86, 87, 88, 89, 90, 91, 92, 93, 94, 95, 96, 97, 98, 99, 100]","{1: [<function rolling_mean_14 at 0x000002C5930FAA20>], 7: [<function rolling_mean_30 at 0x000002C58DBF9260>], 30: [<function expanding_mean at 0x000002C58F7A04A0>]}",lags_100_features_100,20.748455199067276,27.992425471818382,27.652232829189366,27.985985591474176,28.077961923405258,28.094602585435744,36.36363745096888,37.8353809310463,41.41777780622197,48.05750778615226,47.363944636470464
LGBMRegressor,,"[1, 2, 3, 4, 5, 6, 7, 8, 9, 10, 11, 12, 13, 14, 15, 16, 17, 18, 19, 20, 21, 22, 23, 24, 25, 26, 27, 28, 29, 30, 31, 32, 33, 34, 35, 36, 37, 38, 39, 40, 41, 42, 43, 44, 45, 46, 47, 48, 49, 50, 51, 52, 53, 54, 55, 56, 57, 58, 59, 60, 61, 62, 63, 64, 65, 66, 67, 68, 69, 70, 71, 72, 73, 74, 75, 76, 77, 78, 79, 80, 81, 82, 83, 84, 85, 86, 87, 88, 89, 90, 91, 92, 93, 94, 95, 96, 97, 98, 99, 100]","{1: [<function rolling_mean_14 at 0x000002C5930FAA20>], 7: [<function rolling_mean_30 at 0x000002C58DBF9260>], 30: [<function expanding_mean at 0x000002C58F7A04A0>]}",lags_100_features_100,15.653658044236696,25.11723346461038,25.792715458774495,26.106689855385422,26.408490870570837,27.17584004445627,30.000877128237647,46.13257039664418,65.94870768213548,58.59429495280987,57.47707692700965
XGBRegressor,,"[1, 2, 3, 4, 5, 6, 7, 8, 9, 10, 11, 12, 13, 14, 15, 16, 17, 18, 19, 20, 21, 22, 23, 24, 25, 26, 27, 28, 29, 30, 31, 32, 33, 34, 35, 36, 37, 38, 39, 40, 41, 42, 43, 44, 45, 46, 47, 48, 49, 50, 51, 52, 53, 54, 55, 56, 57, 58, 59, 60, 61, 62, 63, 64, 65, 66, 67, 68, 69, 70, 71, 72, 73, 74, 75, 76, 77, 78, 79, 80, 81, 82, 83, 84, 85, 86, 87, 88, 89, 90, 91, 92, 93, 94, 95, 96, 97, 98, 99, 100]","{7: [RollingMean(window_size=7)], 30: [RollingMean(window_size=30)], 60: [RollingMean(window_size=60)]}",lags_100_features_100,16.71435496905106,25.697657014560356,26.028614155715964,27.42882485159091,26.829483409514744,26.849971182632505,34.80488959497384,40.0313172299937,39.85133661591773,39.22831803813583,38.69166462738157
LGBMRegressor,,"[1, 2, 3, 4, 5, 6, 7, 8, 9, 10, 11, 12, 13, 14, 15, 16, 17, 18, 19, 20, 21, 22, 23, 24, 25, 26, 27, 28, 29, 30, 31, 32, 33, 34, 35, 36, 37, 38, 39, 40, 41, 42, 43, 44, 45, 46, 47, 48, 49, 50, 51, 52, 53, 54, 55, 56, 57, 58, 59, 60, 61, 62, 63, 64, 65, 66, 67, 68, 69, 70, 71, 72, 73, 74, 75, 76, 77, 78, 79, 80, 81, 82, 83, 84, 85, 86, 87, 88, 89, 90, 91, 92, 93, 94, 95, 96, 97, 98, 99, 100]","{7: [RollingMean(window_size=7)], 30: [RollingMean(window_size=30)], 60: [RollingMean(window_size=60)]}",lags_100_features_100,13.198056016953736,23.036539943511052,24.661868597044307,25.270106085477213,25.62676597575774,25.07139849028588,30.012437272682153,38.97966937867789,46.25607179403267,42.88122582487967,42.20628382536884
XGBRegressor,,"[1, 2, 3, 4, 5, 6, 7, 8, 9, 10, 11, 12, 13, 14, 15, 16, 17, 18, 19, 20, 21, 22, 23, 24, 25, 26, 27, 28, 29, 30, 31, 32, 33, 34, 35, 36, 37, 38, 39, 40, 41, 42, 43, 44, 45, 46, 47, 48, 49, 50, 51, 52, 53, 54, 55, 56, 57, 58, 59, 60, 61, 62, 63, 64, 65, 66, 67, 68, 69, 70, 71, 72, 73, 74, 75, 76, 77, 78, 79, 80, 81, 82, 83, 84, 85, 86, 87, 88, 89, 90, 91, 92, 93, 94, 95, 96, 97, 98, 99, 100]","{7: [RollingMean(window_size=7), RollingStd(window_size=7)], 30: [RollingMean(window_size=30)], 60: [ExpandingMean()], 14: [ExponentiallyWeightedMean(alpha=0.3)]}",lags_100_features_100,29.31002115545113,35.53584643301766,38.24063791728432,37.279911569120685,39.19823803022154,41.25012302733085,46.39778269845774,45.294758206207405,44.297125009621034,42.342279199272895,42.14418347447081
LGBMRegressor,,"[1, 2, 3, 4, 5, 6, 7, 8, 9, 10, 11, 12, 13, 14, 15, 16, 17, 18, 19, 20, 21, 22, 23, 24, 25, 26, 27, 28, 29, 30, 31, 32, 33, 34, 35, 36, 37, 38, 39, 40, 41, 42, 43, 44, 45, 46, 47, 48, 49, 50, 51, 52, 53, 54, 55, 56, 57, 58, 59, 60, 61, 62, 63, 64, 65, 66, 67, 68, 69, 70, 71, 72, 73, 74, 75, 76, 77, 78, 79, 80, 81, 82, 83, 84, 85, 86, 87, 88, 89, 90, 91, 92, 93, 94, 95, 96, 97, 98, 99, 100]","{7: [RollingMean(window_size=7), RollingStd(window_size=7)], 30: [RollingMean(window_size=30)], 60: [ExpandingMean()], 14: [ExponentiallyWeightedMean(alpha=0.3)]}",lags_100_features_100,13.441574603536308,23.591738448947392,24.57277772374056,25.426559489689964,26.652715655521757,26.25054703195429,29.924214886496664,39.19358104534222,47.18401727024591,44.151242910942365,43.432868304837804
XGBRegressor,AutoDifferences(max_diffs=380),"[1, 2, 3, 4, 5, 6, 7, 8, 9, 10, 11, 12, 13, 14, 15, 16, 17, 18, 19, 20, 21, 22, 23, 24, 25, 26, 27, 28, 29, 30, 31, 32, 33, 34, 35, 36, 37, 38, 39, 40, 41, 42, 43, 44, 45, 46, 47, 48, 49, 50, 51, 52, 53, 54, 55, 56, 57, 58, 59, 60, 61, 62, 63, 64, 65, 66, 67, 68, 69, 70, 71, 72, 73, 74, 75, 76, 77, 78, 79, 80, 81, 82, 83, 84, 85, 86, 87, 88, 89, 90, 91, 92, 93, 94, 95, 96, 97, 98, 99, 100]","{1: [<function expanding_mean at 0x000002C58F7A04A0>], 7: [<function rolling_mean_14 at 0x000002C5930FAA20>], 30: [<function expanding_mean at 0x000002C58F7A04A0>]}",lags_100_features_100,14.79062399584034,41.062979622289596,34.91292505927053,31.52907116063411,28.275866123507388,27.232251100768778,42.29554903376771,88.93652199263114,218.97227646082743,420.1373602773862,429.0264331076759
LGBMRegressor,AutoDifferences(max_diffs=380),"[1, 2, 3, 4, 5, 6, 7, 8, 9, 10, 11, 12, 13, 14, 15, 16, 17, 18, 19, 20, 21, 22, 23, 24, 25, 26, 27, 28, 29, 30, 31, 32, 33, 34, 35, 36, 37, 38, 39, 40, 41, 42, 43, 44, 45, 46, 47, 48, 49, 50, 51, 52, 53, 54, 55, 56, 57, 58, 59, 60, 61, 62, 63, 64, 65, 66, 67, 68, 69, 70, 71, 72, 73, 74, 75, 76, 77, 78, 79, 80, 81, 82, 83, 84, 85, 86, 87, 88, 89, 90, 91, 92, 93, 94, 95, 96, 97, 98, 99, 100]","{1: [<function expanding_mean at 0x000002C58F7A04A0>], 7: [<function rolling_mean_14 at 0x000002C5930FAA20>], 30: [<function expanding_mean at 0x000002C58F7A04A0>]}",lags_100_features_100,29.323434748434764,28.987622109386695,30.060380468393515,32.01968133787141,33.61497860366073,34.689131149282034,36.567002342908836,39.991799861427666,39.48798119388577,39.81793434211288,40.35937568332716
XGBRegressor,AutoDifferences(max_diffs=380),"[1, 2, 3, 4, 5, 6, 7, 8, 9, 10, 11, 12, 13, 14, 15, 16, 17, 18, 19, 20, 21, 22, 23, 24, 25, 26, 27, 28, 29, 30, 31, 32, 33, 34, 35, 36, 37, 38, 39, 40, 41, 42, 43, 44, 45, 46, 47, 48, 49, 50, 51, 52, 53, 54, 55, 56, 57, 58, 59, 60, 61, 62, 63, 64, 65, 66, 67, 68, 69, 70, 71, 72, 73, 74, 75, 76, 77, 78, 79, 80, 81, 82, 83, 84, 85, 86, 87, 88, 89, 90, 91, 92, 93, 94, 95, 96, 97, 98, 99, 100]","{1: [<function rolling_mean_14 at 0x000002C5930FAA20>], 7: [<function rolling_mean_30 at 0x000002C58DBF9260>], 30: [<function expanding_mean at 0x000002C58F7A04A0>]}",lags_100_features_100,17.898089847776795,19.096913227380593,20.29429613128517,22.724255415411925,22.522959459231107,25.186554315799984,27.143092260011404,37.64593387604347,100.22725485662687,225.08143304944988,231.22333576909756
LGBMRegressor,AutoDifferences(max_diffs=380),"[1, 2, 3, 4, 5, 6, 7, 8, 9, 10, 11, 12, 13, 14, 15, 16, 17, 18, 19, 20, 21, 22, 23, 24, 25, 26, 27, 28, 29, 30, 31, 32, 33, 34, 35, 36, 37, 38, 39, 40, 41, 42, 43, 44, 45, 46, 47, 48, 49, 50, 51, 52, 53, 54, 55, 56, 57, 58, 59, 60, 61, 62, 63, 64, 65, 66, 67, 68, 69, 70, 71, 72, 73, 74, 75, 76, 77, 78, 79, 80, 81, 82, 83, 84, 85, 86, 87, 88, 89, 90, 91, 92, 93, 94, 95, 96, 97, 98, 99, 100]","{1: [<function rolling_mean_14 at 0x000002C5930FAA20>], 7: [<function rolling_mean_30 at 0x000002C58DBF9260>], 30: [<function expanding_mean at 0x000002C58F7A04A0>]}",lags_100_features_100,16.300127611238473,16.76350699082116,24.713106182385683,29.69396231333174,30.18234807423477,32.2087839505271,46.83851282718543,138.3036844940235,432.3036437965148,998.0320866487704,1031.569399376029
XGBRegressor,AutoDifferences(max_diffs=380),"[1, 2, 3, 4, 5, 6, 7, 8, 9, 10, 11, 12, 13, 14, 15, 16, 17, 18, 19, 20, 21, 22, 23, 24, 25, 26, 27, 28, 29, 30, 31, 32, 33, 34, 35, 36, 37, 38, 39, 40, 41, 42, 43, 44, 45, 46, 47, 48, 49, 50, 51, 52, 53, 54, 55, 56, 57, 58, 59, 60, 61, 62, 63, 64, 65, 66, 67, 68, 69, 70, 71, 72, 73, 74, 75, 76, 77, 78, 79, 80, 81, 82, 83, 84, 85, 86, 87, 88, 89, 90, 91, 92, 93, 94, 95, 96, 97, 98, 99, 100]","{7: [RollingMean(window_size=7)], 30: [RollingMean(window_size=30)], 60: [RollingMean(window_size=60)]}",lags_100_features_100,74.895685502929,91.25401475836335,144.84357014232765,192.1731237072288,220.15948168841146,250.42568878972946,274.0170044541038,427.97228966885143,931.72549956984,1865.7085758484623,1910.4057528616527
LGBMRegressor,AutoDifferences(max_diffs=380),"[1, 2, 3, 4, 5, 6, 7, 8, 9, 10, 11, 12, 13, 14, 15, 16, 17, 18, 19, 20, 21, 22, 23, 24, 25, 26, 27, 28, 29, 30, 31, 32, 33, 34, 35, 36, 37, 38, 39, 40, 41, 42, 43, 44, 45, 46, 47, 48, 49, 50, 51, 52, 53, 54, 55, 56, 57, 58, 59, 60, 61, 62, 63, 64, 65, 66, 67, 68, 69, 70, 71, 72, 73, 74, 75, 76, 77, 78, 79, 80, 81, 82, 83, 84, 85, 86, 87, 88, 89, 90, 91, 92, 93, 94, 95, 96, 97, 98, 99, 100]","{7: [RollingMean(window_size=7)], 30: [RollingMean(window_size=30)], 60: [RollingMean(window_size=60)]}",lags_100_features_100,31.774926484709308,27.801427757415098,26.115432395698786,32.478417331494654,41.15628007594094,61.79371093709861,121.8097281488835,260.33980540619706,621.7832563846481,1194.350211104078,1216.7011608088617
XGBRegressor,AutoDifferences(max_diffs=380),"[1, 2, 3, 4, 5, 6, 7, 8, 9, 10, 11, 12, 13, 14, 15, 16, 17, 18, 19, 20, 21, 22, 23, 24, 25, 26, 27, 28, 29, 30, 31, 32, 33, 34, 35, 36, 37, 38, 39, 40, 41, 42, 43, 44, 45, 46, 47, 48, 49, 50, 51, 52, 53, 54, 55, 56, 57, 58, 59, 60, 61, 62, 63, 64, 65, 66, 67, 68, 69, 70, 71, 72, 73, 74, 75, 76, 77, 78, 79, 80, 81, 82, 83, 84, 85, 86, 87, 88, 89, 90, 91, 92, 93, 94, 95, 96, 97, 98, 99, 100]","{7: [RollingMean(window_size=7), RollingStd(window_size=7)], 30: [RollingMean(window_size=30)], 60: [ExpandingMean()], 14: [ExponentiallyWeightedMean(alpha=0.3)]}",lags_100_features_100,47.29505896822775,69.00645956869641,130.32643354818205,196.1728764255798,238.46930330239448,277.1048573178248,303.53294790579315,449.4110660928938,936.2038933224098,1888.3683985662963,1938.8023063323255
LGBMRegressor,AutoDifferences(max_diffs=380),"[1, 2, 3, 4, 5, 6, 7, 8, 9, 10, 11, 12, 13, 14, 15, 16, 17, 18, 19, 20, 21, 22, 23, 24, 25, 26, 27, 28, 29, 30, 31, 32, 33, 34, 35, 36, 37, 38, 39, 40, 41, 42, 43, 44, 45, 46, 47, 48, 49, 50, 51, 52, 53, 54, 55, 56, 57, 58, 59, 60, 61, 62, 63, 64, 65, 66, 67, 68, 69, 70, 71, 72, 73, 74, 75, 76, 77, 78, 79, 80, 81, 82, 83, 84, 85, 86, 87, 88, 89, 90, 91, 92, 93, 94, 95, 96, 97, 98, 99, 100]","{7: [RollingMean(window_size=7), RollingStd(window_size=7)], 30: [RollingMean(window_size=30)], 60: [ExpandingMean()], 14: [ExponentiallyWeightedMean(alpha=0.3)]}",lags_100_features_100,24.69969553940926,26.340930945201336,36.25374952742967,47.133821525658455,55.25020389564344,73.47891041366647,115.00986543113929,176.3578234063855,384.98267244824444,845.2277059780494,870.5538879916197
XGBRegressor,"AutoSeasonalDifferences(max_diffs=380, n_seasons=10, season_length=267)","[1, 2, 3, 4, 5, 6, 7, 8, 9, 10, 11, 12, 13, 14, 15, 16, 17, 18, 19, 20, 21, 22, 23, 24, 25, 26, 27, 28, 29, 30, 31, 32, 33, 34, 35, 36, 37, 38, 39, 40, 41, 42, 43, 44, 45, 46, 47, 48, 49, 50, 51, 52, 53, 54, 55, 56, 57, 58, 59, 60, 61, 62, 63, 64, 65, 66, 67, 68, 69, 70, 71, 72, 73, 74, 75, 76, 77, 78, 79, 80, 81, 82, 83, 84, 85, 86, 87, 88, 89, 90, 91, 92, 93, 94, 95, 96, 97, 98, 99, 100]","{1: [<function expanding_mean at 0x000002C58F7A04A0>], 7: [<function rolling_mean_14 at 0x000002C5930FAA20>], 30: [<function expanding_mean at 0x000002C58F7A04A0>]}",lags_100_features_100,21.209914317615223,24.44967929050951,25.281185587612853,24.861876914074276,27.166263761019195,29.013381343370494,36.961295491051416,38.381158017768335,40.499308096420286,43.947743519970004,43.154077030690175
LGBMRegressor,"AutoSeasonalDifferences(max_diffs=380, n_seasons=10, season_length=267)","[1, 2, 3, 4, 5, 6, 7, 8, 9, 10, 11, 12, 13, 14, 15, 16, 17, 18, 19, 20, 21, 22, 23, 24, 25, 26, 27, 28, 29, 30, 31, 32, 33, 34, 35, 36, 37, 38, 39, 40, 41, 42, 43, 44, 45, 46, 47, 48, 49, 50, 51, 52, 53, 54, 55, 56, 57, 58, 59, 60, 61, 62, 63, 64, 65, 66, 67, 68, 69, 70, 71, 72, 73, 74, 75, 76, 77, 78, 79, 80, 81, 82, 83, 84, 85, 86, 87, 88, 89, 90, 91, 92, 93, 94, 95, 96, 97, 98, 99, 100]","{1: [<function expanding_mean at 0x000002C58F7A04A0>], 7: [<function rolling_mean_14 at 0x000002C5930FAA20>], 30: [<function expanding_mean at 0x000002C58F7A04A0>]}",lags_100_features_100,12.140141847231844,21.177758668159168,23.096423739799093,22.98983687062664,22.96644341012094,23.519249329182728,29.45772832753969,35.81797269455706,43.856381658951655,41.82539688794083,41.208781006766195
XGBRegressor,"AutoSeasonalDifferences(max_diffs=380, n_seasons=10, season_length=267)","[1, 2, 3, 4, 5, 6, 7, 8, 9, 10, 11, 12, 13, 14, 15, 16, 17, 18, 19, 20, 21, 22, 23, 24, 25, 26, 27, 28, 29, 30, 31, 32, 33, 34, 35, 36, 37, 38, 39, 40, 41, 42, 43, 44, 45, 46, 47, 48, 49, 50, 51, 52, 53, 54, 55, 56, 57, 58, 59, 60, 61, 62, 63, 64, 65, 66, 67, 68, 69, 70, 71, 72, 73, 74, 75, 76, 77, 78, 79, 80, 81, 82, 83, 84, 85, 86, 87, 88, 89, 90, 91, 92, 93, 94, 95, 96, 97, 98, 99, 100]","{1: [<function rolling_mean_14 at 0x000002C5930FAA20>], 7: [<function rolling_mean_30 at 0x000002C58DBF9260>], 30: [<function expanding_mean at 0x000002C58F7A04A0>]}",lags_100_features_100,20.748455199067276,27.992425471818382,27.652232829189366,27.985985591474176,28.077961923405258,28.094602585435744,36.36363745096888,37.8353809310463,41.41777780622197,48.05750778615226,47.363944636470464
LGBMRegressor,"AutoSeasonalDifferences(max_diffs=380, n_seasons=10, season_length=267)","[1, 2, 3, 4, 5, 6, 7, 8, 9, 10, 11, 12, 13, 14, 15, 16, 17, 18, 19, 20, 21, 22, 23, 24, 25, 26, 27, 28, 29, 30, 31, 32, 33, 34, 35, 36, 37, 38, 39, 40, 41, 42, 43, 44, 45, 46, 47, 48, 49, 50, 51, 52, 53, 54, 55, 56, 57, 58, 59, 60, 61, 62, 63, 64, 65, 66, 67, 68, 69, 70, 71, 72, 73, 74, 75, 76, 77, 78, 79, 80, 81, 82, 83, 84, 85, 86, 87, 88, 89, 90, 91, 92, 93, 94, 95, 96, 97, 98, 99, 100]","{1: [<function rolling_mean_14 at 0x000002C5930FAA20>], 7: [<function rolling_mean_30 at 0x000002C58DBF9260>], 30: [<function expanding_mean at 0x000002C58F7A04A0>]}",lags_100_features_100,15.653658044236696,25.11723346461038,25.792715458774495,26.106689855385422,26.408490870570837,27.17584004445627,30.000877128237647,46.13257039664418,65.94870768213548,58.59429495280987,57.47707692700965
XGBRegressor,"AutoSeasonalDifferences(max_diffs=380, n_seasons=10, season_length=267)","[1, 2, 3, 4, 5, 6, 7, 8, 9, 10, 11, 12, 13, 14, 15, 16, 17, 18, 19, 20, 21, 22, 23, 24, 25, 26, 27, 28, 29, 30, 31, 32, 33, 34, 35, 36, 37, 38, 39, 40, 41, 42, 43, 44, 45, 46, 47, 48, 49, 50, 51, 52, 53, 54, 55, 56, 57, 58, 59, 60, 61, 62, 63, 64, 65, 66, 67, 68, 69, 70, 71, 72, 73, 74, 75, 76, 77, 78, 79, 80, 81, 82, 83, 84, 85, 86, 87, 88, 89, 90, 91, 92, 93, 94, 95, 96, 97, 98, 99, 100]","{7: [RollingMean(window_size=7)], 30: [RollingMean(window_size=30)], 60: [RollingMean(window_size=60)]}",lags_100_features_100,16.71435496905106,25.697657014560356,26.028614155715964,27.42882485159091,26.829483409514744,26.849971182632505,34.80488959497384,40.0313172299937,39.85133661591773,39.22831803813583,38.69166462738157
LGBMRegressor,"AutoSeasonalDifferences(max_diffs=380, n_seasons=10, season_length=267)","[1, 2, 3, 4, 5, 6, 7, 8, 9, 10, 11, 12, 13, 14, 15, 16, 17, 18, 19, 20, 21, 22, 23, 24, 25, 26, 27, 28, 29, 30, 31, 32, 33, 34, 35, 36, 37, 38, 39, 40, 41, 42, 43, 44, 45, 46, 47, 48, 49, 50, 51, 52, 53, 54, 55, 56, 57, 58, 59, 60, 61, 62, 63, 64, 65, 66, 67, 68, 69, 70, 71, 72, 73, 74, 75, 76, 77, 78, 79, 80, 81, 82, 83, 84, 85, 86, 87, 88, 89, 90, 91, 92, 93, 94, 95, 96, 97, 98, 99, 100]","{7: [RollingMean(window_size=7)], 30: [RollingMean(window_size=30)], 60: [RollingMean(window_size=60)]}",lags_100_features_100,13.198056016953736,23.036539943511052,24.661868597044307,25.270106085477213,25.62676597575774,25.07139849028588,30.012437272682153,38.97966937867789,46.25607179403267,42.88122582487967,42.20628382536884
XGBRegressor,"AutoSeasonalDifferences(max_diffs=380, n_seasons=10, season_length=267)","[1, 2, 3, 4, 5, 6, 7, 8, 9, 10, 11, 12, 13, 14, 15, 16, 17, 18, 19, 20, 21, 22, 23, 24, 25, 26, 27, 28, 29, 30, 31, 32, 33, 34, 35, 36, 37, 38, 39, 40, 41, 42, 43, 44, 45, 46, 47, 48, 49, 50, 51, 52, 53, 54, 55, 56, 57, 58, 59, 60, 61, 62, 63, 64, 65, 66, 67, 68, 69, 70, 71, 72, 73, 74, 75, 76, 77, 78, 79, 80, 81, 82, 83, 84, 85, 86, 87, 88, 89, 90, 91, 92, 93, 94, 95, 96, 97, 98, 99, 100]","{7: [RollingMean(window_size=7), RollingStd(window_size=7)], 30: [RollingMean(window_size=30)], 60: [ExpandingMean()], 14: [ExponentiallyWeightedMean(alpha=0.3)]}",lags_100_features_100,29.31002115545113,35.53584643301766,38.24063791728432,37.279911569120685,39.19823803022154,41.25012302733085,46.39778269845774,45.294758206207405,44.297125009621034,42.342279199272895,42.14418347447081
LGBMRegressor,"AutoSeasonalDifferences(max_diffs=380, n_seasons=10, season_length=267)","[1, 2, 3, 4, 5, 6, 7, 8, 9, 10, 11, 12, 13, 14, 15, 16, 17, 18, 19, 20, 21, 22, 23, 24, 25, 26, 27, 28, 29, 30, 31, 32, 33, 34, 35, 36, 37, 38, 39, 40, 41, 42, 43, 44, 45, 46, 47, 48, 49, 50, 51, 52, 53, 54, 55, 56, 57, 58, 59, 60, 61, 62, 63, 64, 65, 66, 67, 68, 69, 70, 71, 72, 73, 74, 75, 76, 77, 78, 79, 80, 81, 82, 83, 84, 85, 86, 87, 88, 89, 90, 91, 92, 93, 94, 95, 96, 97, 98, 99, 100]","{7: [RollingMean(window_size=7), RollingStd(window_size=7)], 30: [RollingMean(window_size=30)], 60: [ExpandingMean()], 14: [ExponentiallyWeightedMean(alpha=0.3)]}",lags_100_features_100,13.441574603536308,23.591738448947392,24.57277772374056,25.426559489689964,26.652715655521757,26.25054703195429,29.924214886496664,39.19358104534222,47.18401727024591,44.151242910942365,43.432868304837804
XGBRegressor,"AutoSeasonalityAndDifferences(max_diffs=380, max_season_length=267, n_seasons=10)","[1, 2, 3, 4, 5, 6, 7, 8, 9, 10, 11, 12, 13, 14, 15, 16, 17, 18, 19, 20, 21, 22, 23, 24, 25, 26, 27, 28, 29, 30, 31, 32, 33, 34, 35, 36, 37, 38, 39, 40, 41, 42, 43, 44, 45, 46, 47, 48, 49, 50, 51, 52, 53, 54, 55, 56, 57, 58, 59, 60, 61, 62, 63, 64, 65, 66, 67, 68, 69, 70, 71, 72, 73, 74, 75, 76, 77, 78, 79, 80, 81, 82, 83, 84, 85, 86, 87, 88, 89, 90, 91, 92, 93, 94, 95, 96, 97, 98, 99, 100]","{1: [<function expanding_mean at 0x000002C58F7A04A0>], 7: [<function rolling_mean_14 at 0x000002C5930FAA20>], 30: [<function expanding_mean at 0x000002C58F7A04A0>]}",lags_100_features_100,21.209914317615223,24.44967929050951,25.281185587612853,24.861876914074276,27.166263761019195,29.013381343370494,36.961295491051416,38.381158017768335,40.499308096420286,43.947743519970004,43.154077030690175
LGBMRegressor,"AutoSeasonalityAndDifferences(max_diffs=380, max_season_length=267, n_seasons=10)","[1, 2, 3, 4, 5, 6, 7, 8, 9, 10, 11, 12, 13, 14, 15, 16, 17, 18, 19, 20, 21, 22, 23, 24, 25, 26, 27, 28, 29, 30, 31, 32, 33, 34, 35, 36, 37, 38, 39, 40, 41, 42, 43, 44, 45, 46, 47, 48, 49, 50, 51, 52, 53, 54, 55, 56, 57, 58, 59, 60, 61, 62, 63, 64, 65, 66, 67, 68, 69, 70, 71, 72, 73, 74, 75, 76, 77, 78, 79, 80, 81, 82, 83, 84, 85, 86, 87, 88, 89, 90, 91, 92, 93, 94, 95, 96, 97, 98, 99, 100]","{1: [<function expanding_mean at 0x000002C58F7A04A0>], 7: [<function rolling_mean_14 at 0x000002C5930FAA20>], 30: [<function expanding_mean at 0x000002C58F7A04A0>]}",lags_100_features_100,12.140141847231844,21.177758668159168,23.096423739799093,22.98983687062664,22.96644341012094,23.519249329182728,29.45772832753969,35.81797269455706,43.856381658951655,41.82539688794083,41.208781006766195
XGBRegressor,"AutoSeasonalityAndDifferences(max_diffs=380, max_season_length=267, n_seasons=10)","[1, 2, 3, 4, 5, 6, 7, 8, 9, 10, 11, 12, 13, 14, 15, 16, 17, 18, 19, 20, 21, 22, 23, 24, 25, 26, 27, 28, 29, 30, 31, 32, 33, 34, 35, 36, 37, 38, 39, 40, 41, 42, 43, 44, 45, 46, 47, 48, 49, 50, 51, 52, 53, 54, 55, 56, 57, 58, 59, 60, 61, 62, 63, 64, 65, 66, 67, 68, 69, 70, 71, 72, 73, 74, 75, 76, 77, 78, 79, 80, 81, 82, 83, 84, 85, 86, 87, 88, 89, 90, 91, 92, 93, 94, 95, 96, 97, 98, 99, 100]","{1: [<function rolling_mean_14 at 0x000002C5930FAA20>], 7: [<function rolling_mean_30 at 0x000002C58DBF9260>], 30: [<function expanding_mean at 0x000002C58F7A04A0>]}",lags_100_features_100,20.748455199067276,27.992425471818382,27.652232829189366,27.985985591474176,28.077961923405258,28.094602585435744,36.36363745096888,37.8353809310463,41.41777780622197,48.05750778615226,47.363944636470464
LGBMRegressor,"AutoSeasonalityAndDifferences(max_diffs=380, max_season_length=267, n_seasons=10)","[1, 2, 3, 4, 5, 6, 7, 8, 9, 10, 11, 12, 13, 14, 15, 16, 17, 18, 19, 20, 21, 22, 23, 24, 25, 26, 27, 28, 29, 30, 31, 32, 33, 34, 35, 36, 37, 38, 39, 40, 41, 42, 43, 44, 45, 46, 47, 48, 49, 50, 51, 52, 53, 54, 55, 56, 57, 58, 59, 60, 61, 62, 63, 64, 65, 66, 67, 68, 69, 70, 71, 72, 73, 74, 75, 76, 77, 78, 79, 80, 81, 82, 83, 84, 85, 86, 87, 88, 89, 90, 91, 92, 93, 94, 95, 96, 97, 98, 99, 100]","{1: [<function rolling_mean_14 at 0x000002C5930FAA20>], 7: [<function rolling_mean_30 at 0x000002C58DBF9260>], 30: [<function expanding_mean at 0x000002C58F7A04A0>]}",lags_100_features_100,15.653658044236696,25.11723346461038,25.792715458774495,26.106689855385422,26.408490870570837,27.17584004445627,30.000877128237647,46.13257039664418,65.94870768213548,58.59429495280987,57.47707692700965
XGBRegressor,"AutoSeasonalityAndDifferences(max_diffs=380, max_season_length=267, n_seasons=10)","[1, 2, 3, 4, 5, 6, 7, 8, 9, 10, 11, 12, 13, 14, 15, 16, 17, 18, 19, 20, 21, 22, 23, 24, 25, 26, 27, 28, 29, 30, 31, 32, 33, 34, 35, 36, 37, 38, 39, 40, 41, 42, 43, 44, 45, 46, 47, 48, 49, 50, 51, 52, 53, 54, 55, 56, 57, 58, 59, 60, 61, 62, 63, 64, 65, 66, 67, 68, 69, 70, 71, 72, 73, 74, 75, 76, 77, 78, 79, 80, 81, 82, 83, 84, 85, 86, 87, 88, 89, 90, 91, 92, 93, 94, 95, 96, 97, 98, 99, 100]","{7: [RollingMean(window_size=7)], 30: [RollingMean(window_size=30)], 60: [RollingMean(window_size=60)]}",lags_100_features_100,16.71435496905106,25.697657014560356,26.028614155715964,27.42882485159091,26.829483409514744,26.849971182632505,34.80488959497384,40.0313172299937,39.85133661591773,39.22831803813583,38.69166462738157
LGBMRegressor,"AutoSeasonalityAndDifferences(max_diffs=380, max_season_length=267, n_seasons=10)","[1, 2, 3, 4, 5, 6, 7, 8, 9, 10, 11, 12, 13, 14, 15, 16, 17, 18, 19, 20, 21, 22, 23, 24, 25, 26, 27, 28, 29, 30, 31, 32, 33, 34, 35, 36, 37, 38, 39, 40, 41, 42, 43, 44, 45, 46, 47, 48, 49, 50, 51, 52, 53, 54, 55, 56, 57, 58, 59, 60, 61, 62, 63, 64, 65, 66, 67, 68, 69, 70, 71, 72, 73, 74, 75, 76, 77, 78, 79, 80, 81, 82, 83, 84, 85, 86, 87, 88, 89, 90, 91, 92, 93, 94, 95, 96, 97, 98, 99, 100]","{7: [RollingMean(window_size=7)], 30: [RollingMean(window_size=30)], 60: [RollingMean(window_size=60)]}",lags_100_features_100,13.198056016953736,23.036539943511052,24.661868597044307,25.270106085477213,25.62676597575774,25.07139849028588,30.012437272682153,38.97966937867789,46.25607179403267,42.88122582487967,42.20628382536884
XGBRegressor,"AutoSeasonalityAndDifferences(max_diffs=380, max_season_length=267, n_seasons=10)","[1, 2, 3, 4, 5, 6, 7, 8, 9, 10, 11, 12, 13, 14, 15, 16, 17, 18, 19, 20, 21, 22, 23, 24, 25, 26, 27, 28, 29, 30, 31, 32, 33, 34, 35, 36, 37, 38, 39, 40, 41, 42, 43, 44, 45, 46, 47, 48, 49, 50, 51, 52, 53, 54, 55, 56, 57, 58, 59, 60, 61, 62, 63, 64, 65, 66, 67, 68, 69, 70, 71, 72, 73, 74, 75, 76, 77, 78, 79, 80, 81, 82, 83, 84, 85, 86, 87, 88, 89, 90, 91, 92, 93, 94, 95, 96, 97, 98, 99, 100]","{7: [RollingMean(window_size=7), RollingStd(window_size=7)], 30: [RollingMean(window_size=30)], 60: [ExpandingMean()], 14: [ExponentiallyWeightedMean(alpha=0.3)]}",lags_100_features_100,29.31002115545113,35.53584643301766,38.24063791728432,37.279911569120685,39.19823803022154,41.25012302733085,46.39778269845774,45.294758206207405,44.297125009621034,42.342279199272895,42.14418347447081
LGBMRegressor,"AutoSeasonalityAndDifferences(max_diffs=380, max_season_length=267, n_seasons=10)","[1, 2, 3, 4, 5, 6, 7, 8, 9, 10, 11, 12, 13, 14, 15, 16, 17, 18, 19, 20, 21, 22, 23, 24, 25, 26, 27, 28, 29, 30, 31, 32, 33, 34, 35, 36, 37, 38, 39, 40, 41, 42, 43, 44, 45, 46, 47, 48, 49, 50, 51, 52, 53, 54, 55, 56, 57, 58, 59, 60, 61, 62, 63, 64, 65, 66, 67, 68, 69, 70, 71, 72, 73, 74, 75, 76, 77, 78, 79, 80, 81, 82, 83, 84, 85, 86, 87, 88, 89, 90, 91, 92, 93, 94, 95, 96, 97, 98, 99, 100]","{7: [RollingMean(window_size=7), RollingStd(window_size=7)], 30: [RollingMean(window_size=30)], 60: [ExpandingMean()], 14: [ExponentiallyWeightedMean(alpha=0.3)]}",lags_100_features_100,13.441574603536308,23.591738448947392,24.57277772374056,25.426559489689964,26.652715655521757,26.25054703195429,29.924214886496664,39.19358104534222,47.18401727024591,44.151242910942365,43.432868304837804
SGD_EarlyStopping,LocalStandardScaler(stats_=[[47.42372721 38.3630083 ]]),"[1, 2, 3, 4, 5, 6, 7, 8, 9, 10, 11, 12, 13, 14, 15, 16, 17, 18, 19, 20, 21, 22, 23, 24, 25, 26, 27, 28, 29, 30, 31, 32, 33, 34, 35, 36, 37, 38, 39, 40, 41, 42, 43, 44, 45, 46, 47, 48, 49, 50, 51, 52, 53, 54, 55, 56, 57, 58, 59, 60, 61, 62, 63, 64, 65, 66, 67, 68, 69, 70, 71, 72, 73, 74, 75, 76, 77, 78, 79, 80, 81, 82, 83, 84, 85, 86, 87, 88, 89, 90, 91, 92, 93, 94, 95, 96, 97, 98, 99, 100]","{1: [<function expanding_mean at 0x000002C58F7A04A0>], 7: [<function rolling_mean_14 at 0x000002C5930FAA20>], 30: [<function expanding_mean at 0x000002C58F7A04A0>]}",lags_100_features_100,20.53386532955941,20.851476059764078,34.84078239434323,44.68206684950384,48.68356003271593,55.28709405333968,54.27677883194371,51.60024946692901,48.054504364510564,51.83145721178762,53.81743687073395
SGD_ElasticNet,LocalStandardScaler(stats_=[[47.42372721 38.3630083 ]]),"[1, 2, 3, 4, 5, 6, 7, 8, 9, 10, 11, 12, 13, 14, 15, 16, 17, 18, 19, 20, 21, 22, 23, 24, 25, 26, 27, 28, 29, 30, 31, 32, 33, 34, 35, 36, 37, 38, 39, 40, 41, 42, 43, 44, 45, 46, 47, 48, 49, 50, 51, 52, 53, 54, 55, 56, 57, 58, 59, 60, 61, 62, 63, 64, 65, 66, 67, 68, 69, 70, 71, 72, 73, 74, 75, 76, 77, 78, 79, 80, 81, 82, 83, 84, 85, 86, 87, 88, 89, 90, 91, 92, 93, 94, 95, 96, 97, 98, 99, 100]","{1: [<function expanding_mean at 0x000002C58F7A04A0>], 7: [<function rolling_mean_14 at 0x000002C5930FAA20>], 30: [<function expanding_mean at 0x000002C58F7A04A0>]}",lags_100_features_100,78.53156907052833,104.85534619715082,140.92371108758076,149.1394984813156,139.4846443565308,130.53033030996522,108.50182038537051,99.45135672117483,101.86551630908451,148.85308731983363,149.7895999165604
SGD_Lasso,LocalStandardScaler(stats_=[[47.42372721 38.3630083 ]]),"[1, 2, 3, 4, 5, 6, 7, 8, 9, 10, 11, 12, 13, 14, 15, 16, 17, 18, 19, 20, 21, 22, 23, 24, 25, 26, 27, 28, 29, 30, 31, 32, 33, 34, 35, 36, 37, 38, 39, 40, 41, 42, 43, 44, 45, 46, 47, 48, 49, 50, 51, 52, 53, 54, 55, 56, 57, 58, 59, 60, 61, 62, 63, 64, 65, 66, 67, 68, 69, 70, 71, 72, 73, 74, 75, 76, 77, 78, 79, 80, 81, 82, 83, 84, 85, 86, 87, 88, 89, 90, 91, 92, 93, 94, 95, 96, 97, 98, 99, 100]","{1: [<function expanding_mean at 0x000002C58F7A04A0>], 7: [<function rolling_mean_14 at 0x000002C5930FAA20>], 30: [<function expanding_mean at 0x000002C58F7A04A0>]}",lags_100_features_100,126.27022389831983,110.39640289296923,108.65400193904877,97.26055210455668,81.90251203216886,72.37415052337143,65.05369755997908,58.86687285399381,75.79179404370709,102.62941796697535,102.1025904633343
SGD_Ridge,LocalStandardScaler(stats_=[[47.42372721 38.3630083 ]]),"[1, 2, 3, 4, 5, 6, 7, 8, 9, 10, 11, 12, 13, 14, 15, 16, 17, 18, 19, 20, 21, 22, 23, 24, 25, 26, 27, 28, 29, 30, 31, 32, 33, 34, 35, 36, 37, 38, 39, 40, 41, 42, 43, 44, 45, 46, 47, 48, 49, 50, 51, 52, 53, 54, 55, 56, 57, 58, 59, 60, 61, 62, 63, 64, 65, 66, 67, 68, 69, 70, 71, 72, 73, 74, 75, 76, 77, 78, 79, 80, 81, 82, 83, 84, 85, 86, 87, 88, 89, 90, 91, 92, 93, 94, 95, 96, 97, 98, 99, 100]","{1: [<function expanding_mean at 0x000002C58F7A04A0>], 7: [<function rolling_mean_14 at 0x000002C5930FAA20>], 30: [<function expanding_mean at 0x000002C58F7A04A0>]}",lags_100_features_100,35.89232146031706,38.02493976088621,51.39252681835267,55.53130326361715,52.47406099567008,51.74282254266285,47.58739339193769,43.86086056602218,49.401978814355616,71.46382513258683,72.62265703631576
SGDRegressor,LocalStandardScaler(stats_=[[47.42372721 38.3630083 ]]),"[1, 2, 3, 4, 5, 6, 7, 8, 9, 10, 11, 12, 13, 14, 15, 16, 17, 18, 19, 20, 21, 22, 23, 24, 25, 26, 27, 28, 29, 30, 31, 32, 33, 34, 35, 36, 37, 38, 39, 40, 41, 42, 43, 44, 45, 46, 47, 48, 49, 50, 51, 52, 53, 54, 55, 56, 57, 58, 59, 60, 61, 62, 63, 64, 65, 66, 67, 68, 69, 70, 71, 72, 73, 74, 75, 76, 77, 78, 79, 80, 81, 82, 83, 84, 85, 86, 87, 88, 89, 90, 91, 92, 93, 94, 95, 96, 97, 98, 99, 100]","{1: [<function expanding_mean at 0x000002C58F7A04A0>], 7: [<function rolling_mean_14 at 0x000002C5930FAA20>], 30: [<function expanding_mean at 0x000002C58F7A04A0>]}",lags_100_features_100,77.13365445876745,104.09394594459162,141.49762045364375,150.2932620526356,140.37297973639306,130.77173251691585,108.70823352659977,101.70117777082885,104.1985097078499,152.79640187183463,153.32206049669543
XGBRegressor,LocalStandardScaler(stats_=[[47.42372721 38.3630083 ]]),"[1, 2, 3, 4, 5, 6, 7, 8, 9, 10, 11, 12, 13, 14, 15, 16, 17, 18, 19, 20, 21, 22, 23, 24, 25, 26, 27, 28, 29, 30, 31, 32, 33, 34, 35, 36, 37, 38, 39, 40, 41, 42, 43, 44, 45, 46, 47, 48, 49, 50, 51, 52, 53, 54, 55, 56, 57, 58, 59, 60, 61, 62, 63, 64, 65, 66, 67, 68, 69, 70, 71, 72, 73, 74, 75, 76, 77, 78, 79, 80, 81, 82, 83, 84, 85, 86, 87, 88, 89, 90, 91, 92, 93, 94, 95, 96, 97, 98, 99, 100]","{1: [<function expanding_mean at 0x000002C58F7A04A0>], 7: [<function rolling_mean_14 at 0x000002C5930FAA20>], 30: [<function expanding_mean at 0x000002C58F7A04A0>]}",lags_100_features_100,21.124275896637414,24.564568080477606,25.114374687082357,24.522082560635265,27.147901833500153,29.260655148562208,37.38334584472258,38.4282861184897,40.57477736314728,44.10255931605847,43.32339834410862
LGBMRegressor,LocalStandardScaler(stats_=[[47.42372721 38.3630083 ]]),"[1, 2, 3, 4, 5, 6, 7, 8, 9, 10, 11, 12, 13, 14, 15, 16, 17, 18, 19, 20, 21, 22, 23, 24, 25, 26, 27, 28, 29, 30, 31, 32, 33, 34, 35, 36, 37, 38, 39, 40, 41, 42, 43, 44, 45, 46, 47, 48, 49, 50, 51, 52, 53, 54, 55, 56, 57, 58, 59, 60, 61, 62, 63, 64, 65, 66, 67, 68, 69, 70, 71, 72, 73, 74, 75, 76, 77, 78, 79, 80, 81, 82, 83, 84, 85, 86, 87, 88, 89, 90, 91, 92, 93, 94, 95, 96, 97, 98, 99, 100]","{1: [<function expanding_mean at 0x000002C58F7A04A0>], 7: [<function rolling_mean_14 at 0x000002C5930FAA20>], 30: [<function expanding_mean at 0x000002C58F7A04A0>]}",lags_100_features_100,12.177558338143452,20.612879725078344,22.8153505670083,23.20690179889053,23.86143683354738,23.824971047290262,28.950290018259032,36.51632526533729,45.57028229343017,48.969512405517165,48.18910577203473
SGD_EarlyStopping,LocalStandardScaler(stats_=[[47.42372721 38.3630083 ]]),"[1, 2, 3, 4, 5, 6, 7, 8, 9, 10, 11, 12, 13, 14, 15, 16, 17, 18, 19, 20, 21, 22, 23, 24, 25, 26, 27, 28, 29, 30, 31, 32, 33, 34, 35, 36, 37, 38, 39, 40, 41, 42, 43, 44, 45, 46, 47, 48, 49, 50, 51, 52, 53, 54, 55, 56, 57, 58, 59, 60, 61, 62, 63, 64, 65, 66, 67, 68, 69, 70, 71, 72, 73, 74, 75, 76, 77, 78, 79, 80, 81, 82, 83, 84, 85, 86, 87, 88, 89, 90, 91, 92, 93, 94, 95, 96, 97, 98, 99, 100]","{1: [<function rolling_mean_14 at 0x000002C5930FAA20>], 7: [<function rolling_mean_30 at 0x000002C58DBF9260>], 30: [<function expanding_mean at 0x000002C58F7A04A0>]}",lags_100_features_100,19.928913206175647,19.79845038010541,32.12303419844242,40.62914727757867,43.859326842775566,49.76856905733636,49.08672663666029,46.51002345887014,44.35718720299977,45.150070894164074,46.611123024027336
SGD_ElasticNet,LocalStandardScaler(stats_=[[47.42372721 38.3630083 ]]),"[1, 2, 3, 4, 5, 6, 7, 8, 9, 10, 11, 12, 13, 14, 15, 16, 17, 18, 19, 20, 21, 22, 23, 24, 25, 26, 27, 28, 29, 30, 31, 32, 33, 34, 35, 36, 37, 38, 39, 40, 41, 42, 43, 44, 45, 46, 47, 48, 49, 50, 51, 52, 53, 54, 55, 56, 57, 58, 59, 60, 61, 62, 63, 64, 65, 66, 67, 68, 69, 70, 71, 72, 73, 74, 75, 76, 77, 78, 79, 80, 81, 82, 83, 84, 85, 86, 87, 88, 89, 90, 91, 92, 93, 94, 95, 96, 97, 98, 99, 100]","{1: [<function rolling_mean_14 at 0x000002C5930FAA20>], 7: [<function rolling_mean_30 at 0x000002C58DBF9260>], 30: [<function expanding_mean at 0x000002C58F7A04A0>]}",lags_100_features_100,78.0489915389465,103.7784172534976,139.1568439682548,147.06079271679272,137.44447547352684,128.619804602313,107.03178462092792,98.2349362149313,100.64094904921761,146.6377984633428,147.59198795068514
SGD_Lasso,LocalStandardScaler(stats_=[[47.42372721 38.3630083 ]]),"[1, 2, 3, 4, 5, 6, 7, 8, 9, 10, 11, 12, 13, 14, 15, 16, 17, 18, 19, 20, 21, 22, 23, 24, 25, 26, 27, 28, 29, 30, 31, 32, 33, 34, 35, 36, 37, 38, 39, 40, 41, 42, 43, 44, 45, 46, 47, 48, 49, 50, 51, 52, 53, 54, 55, 56, 57, 58, 59, 60, 61, 62, 63, 64, 65, 66, 67, 68, 69, 70, 71, 72, 73, 74, 75, 76, 77, 78, 79, 80, 81, 82, 83, 84, 85, 86, 87, 88, 89, 90, 91, 92, 93, 94, 95, 96, 97, 98, 99, 100]","{1: [<function rolling_mean_14 at 0x000002C5930FAA20>], 7: [<function rolling_mean_30 at 0x000002C58DBF9260>], 30: [<function expanding_mean at 0x000002C58F7A04A0>]}",lags_100_features_100,126.27022270716756,110.39640178538144,108.65400084063346,97.26055106611979,81.90251112371452,72.37414973877722,65.05369703326733,58.86687240021086,75.79179343707003,102.6294171393617,102.1025896317183
SGD_Ridge,LocalStandardScaler(stats_=[[47.42372721 38.3630083 ]]),"[1, 2, 3, 4, 5, 6, 7, 8, 9, 10, 11, 12, 13, 14, 15, 16, 17, 18, 19, 20, 21, 22, 23, 24, 25, 26, 27, 28, 29, 30, 31, 32, 33, 34, 35, 36, 37, 38, 39, 40, 41, 42, 43, 44, 45, 46, 47, 48, 49, 50, 51, 52, 53, 54, 55, 56, 57, 58, 59, 60, 61, 62, 63, 64, 65, 66, 67, 68, 69, 70, 71, 72, 73, 74, 75, 76, 77, 78, 79, 80, 81, 82, 83, 84, 85, 86, 87, 88, 89, 90, 91, 92, 93, 94, 95, 96, 97, 98, 99, 100]","{1: [<function rolling_mean_14 at 0x000002C5930FAA20>], 7: [<function rolling_mean_30 at 0x000002C58DBF9260>], 30: [<function expanding_mean at 0x000002C58F7A04A0>]}",lags_100_features_100,35.63383700644313,37.675264755558764,50.927254556232725,55.02127343937031,51.982344812789826,51.29545415557295,47.25392635536003,43.59748509498428,48.96469218375197,70.62381338680483,71.772564925453
SGDRegressor,LocalStandardScaler(stats_=[[47.42372721 38.3630083 ]]),"[1, 2, 3, 4, 5, 6, 7, 8, 9, 10, 11, 12, 13, 14, 15, 16, 17, 18, 19, 20, 21, 22, 23, 24, 25, 26, 27, 28, 29, 30, 31, 32, 33, 34, 35, 36, 37, 38, 39, 40, 41, 42, 43, 44, 45, 46, 47, 48, 49, 50, 51, 52, 53, 54, 55, 56, 57, 58, 59, 60, 61, 62, 63, 64, 65, 66, 67, 68, 69, 70, 71, 72, 73, 74, 75, 76, 77, 78, 79, 80, 81, 82, 83, 84, 85, 86, 87, 88, 89, 90, 91, 92, 93, 94, 95, 96, 97, 98, 99, 100]","{1: [<function rolling_mean_14 at 0x000002C5930FAA20>], 7: [<function rolling_mean_30 at 0x000002C58DBF9260>], 30: [<function expanding_mean at 0x000002C58F7A04A0>]}",lags_100_features_100,76.12271157466019,102.47487799910961,139.34131805371743,148.10692922913356,138.44036777806502,129.1156918364438,107.45756186648043,100.73347227700833,102.85166337542702,150.63779743354812,151.21338482231317
XGBRegressor,LocalStandardScaler(stats_=[[47.42372721 38.3630083 ]]),"[1, 2, 3, 4, 5, 6, 7, 8, 9, 10, 11, 12, 13, 14, 15, 16, 17, 18, 19, 20, 21, 22, 23, 24, 25, 26, 27, 28, 29, 30, 31, 32, 33, 34, 35, 36, 37, 38, 39, 40, 41, 42, 43, 44, 45, 46, 47, 48, 49, 50, 51, 52, 53, 54, 55, 56, 57, 58, 59, 60, 61, 62, 63, 64, 65, 66, 67, 68, 69, 70, 71, 72, 73, 74, 75, 76, 77, 78, 79, 80, 81, 82, 83, 84, 85, 86, 87, 88, 89, 90, 91, 92, 93, 94, 95, 96, 97, 98, 99, 100]","{1: [<function rolling_mean_14 at 0x000002C5930FAA20>], 7: [<function rolling_mean_30 at 0x000002C58DBF9260>], 30: [<function expanding_mean at 0x000002C58F7A04A0>]}",lags_100_features_100,20.13414598306956,27.118592248155604,27.097363646864697,27.141350262660946,27.20891158438368,27.63404489411897,36.21674772561558,37.782022668507274,41.113879159746716,47.48705888998714,46.799401704437024
LGBMRegressor,LocalStandardScaler(stats_=[[47.42372721 38.3630083 ]]),"[1, 2, 3, 4, 5, 6, 7, 8, 9, 10, 11, 12, 13, 14, 15, 16, 17, 18, 19, 20, 21, 22, 23, 24, 25, 26, 27, 28, 29, 30, 31, 32, 33, 34, 35, 36, 37, 38, 39, 40, 41, 42, 43, 44, 45, 46, 47, 48, 49, 50, 51, 52, 53, 54, 55, 56, 57, 58, 59, 60, 61, 62, 63, 64, 65, 66, 67, 68, 69, 70, 71, 72, 73, 74, 75, 76, 77, 78, 79, 80, 81, 82, 83, 84, 85, 86, 87, 88, 89, 90, 91, 92, 93, 94, 95, 96, 97, 98, 99, 100]","{1: [<function rolling_mean_14 at 0x000002C5930FAA20>], 7: [<function rolling_mean_30 at 0x000002C58DBF9260>], 30: [<function expanding_mean at 0x000002C58F7A04A0>]}",lags_100_features_100,15.703455074293998,23.59949286788017,24.36983633115386,25.000208909564957,25.001251288173155,25.823483586626793,34.31162872316229,36.169950672090515,36.34289128210412,36.321965824529315,35.83987639951424
SGD_EarlyStopping,LocalStandardScaler(stats_=[[47.42372721 38.3630083 ]]),"[1, 2, 3, 4, 5, 6, 7, 8, 9, 10, 11, 12, 13, 14, 15, 16, 17, 18, 19, 20, 21, 22, 23, 24, 25, 26, 27, 28, 29, 30, 31, 32, 33, 34, 35, 36, 37, 38, 39, 40, 41, 42, 43, 44, 45, 46, 47, 48, 49, 50, 51, 52, 53, 54, 55, 56, 57, 58, 59, 60, 61, 62, 63, 64, 65, 66, 67, 68, 69, 70, 71, 72, 73, 74, 75, 76, 77, 78, 79, 80, 81, 82, 83, 84, 85, 86, 87, 88, 89, 90, 91, 92, 93, 94, 95, 96, 97, 98, 99, 100]","{7: [RollingMean(window_size=7)], 30: [RollingMean(window_size=30)], 60: [RollingMean(window_size=60)]}",lags_100_features_100,36.48299020027104,49.69022816687347,73.45626313168934,80.43945501891021,74.03931089230275,68.1486466807952,61.53763785487221,59.126717519748,63.44656294414239,97.34953818915277,97.45399185831928
SGD_ElasticNet,LocalStandardScaler(stats_=[[47.42372721 38.3630083 ]]),"[1, 2, 3, 4, 5, 6, 7, 8, 9, 10, 11, 12, 13, 14, 15, 16, 17, 18, 19, 20, 21, 22, 23, 24, 25, 26, 27, 28, 29, 30, 31, 32, 33, 34, 35, 36, 37, 38, 39, 40, 41, 42, 43, 44, 45, 46, 47, 48, 49, 50, 51, 52, 53, 54, 55, 56, 57, 58, 59, 60, 61, 62, 63, 64, 65, 66, 67, 68, 69, 70, 71, 72, 73, 74, 75, 76, 77, 78, 79, 80, 81, 82, 83, 84, 85, 86, 87, 88, 89, 90, 91, 92, 93, 94, 95, 96, 97, 98, 99, 100]","{7: [RollingMean(window_size=7)], 30: [RollingMean(window_size=30)], 60: [RollingMean(window_size=60)]}",lags_100_features_100,14.250945282681588,29.099423440477707,41.12700572700239,54.181309895797945,64.08932631602787,71.3021974717286,81.91683258759093,113.80636592831608,214.654908364741,454.8531056629874,471.8695520073842
SGD_Lasso,LocalStandardScaler(stats_=[[47.42372721 38.3630083 ]]),"[1, 2, 3, 4, 5, 6, 7, 8, 9, 10, 11, 12, 13, 14, 15, 16, 17, 18, 19, 20, 21, 22, 23, 24, 25, 26, 27, 28, 29, 30, 31, 32, 33, 34, 35, 36, 37, 38, 39, 40, 41, 42, 43, 44, 45, 46, 47, 48, 49, 50, 51, 52, 53, 54, 55, 56, 57, 58, 59, 60, 61, 62, 63, 64, 65, 66, 67, 68, 69, 70, 71, 72, 73, 74, 75, 76, 77, 78, 79, 80, 81, 82, 83, 84, 85, 86, 87, 88, 89, 90, 91, 92, 93, 94, 95, 96, 97, 98, 99, 100]","{7: [RollingMean(window_size=7)], 30: [RollingMean(window_size=30)], 60: [RollingMean(window_size=60)]}",lags_100_features_100,126.54000229935059,110.64725518885328,108.90277679789666,97.49574273378028,82.10826352829802,72.55184952705436,65.17298999748989,58.969647993351906,75.92918838408704,102.81686023815331,102.2909392096778
SGD_Ridge,LocalStandardScaler(stats_=[[47.42372721 38.3630083 ]]),"[1, 2, 3, 4, 5, 6, 7, 8, 9, 10, 11, 12, 13, 14, 15, 16, 17, 18, 19, 20, 21, 22, 23, 24, 25, 26, 27, 28, 29, 30, 31, 32, 33, 34, 35, 36, 37, 38, 39, 40, 41, 42, 43, 44, 45, 46, 47, 48, 49, 50, 51, 52, 53, 54, 55, 56, 57, 58, 59, 60, 61, 62, 63, 64, 65, 66, 67, 68, 69, 70, 71, 72, 73, 74, 75, 76, 77, 78, 79, 80, 81, 82, 83, 84, 85, 86, 87, 88, 89, 90, 91, 92, 93, 94, 95, 96, 97, 98, 99, 100]","{7: [RollingMean(window_size=7)], 30: [RollingMean(window_size=30)], 60: [RollingMean(window_size=60)]}",lags_100_features_100,11.931635679098676,15.42086206824008,18.510188322577584,19.173799110177132,18.562663415208984,19.11264010300255,26.970652961232634,33.46354438767437,33.71438125891558,42.05513650982839,42.193989352180864
SGDRegressor,LocalStandardScaler(stats_=[[47.42372721 38.3630083 ]]),"[1, 2, 3, 4, 5, 6, 7, 8, 9, 10, 11, 12, 13, 14, 15, 16, 17, 18, 19, 20, 21, 22, 23, 24, 25, 26, 27, 28, 29, 30, 31, 32, 33, 34, 35, 36, 37, 38, 39, 40, 41, 42, 43, 44, 45, 46, 47, 48, 49, 50, 51, 52, 53, 54, 55, 56, 57, 58, 59, 60, 61, 62, 63, 64, 65, 66, 67, 68, 69, 70, 71, 72, 73, 74, 75, 76, 77, 78, 79, 80, 81, 82, 83, 84, 85, 86, 87, 88, 89, 90, 91, 92, 93, 94, 95, 96, 97, 98, 99, 100]","{7: [RollingMean(window_size=7)], 30: [RollingMean(window_size=30)], 60: [RollingMean(window_size=60)]}",lags_100_features_100,14.79021597752096,30.859562180428142,44.745556836141205,59.152734468834964,69.79585060108765,77.72862004010436,88.87826723962037,123.27018833871246,232.03905214176865,488.0442020264212,505.97302686665734
XGBRegressor,LocalStandardScaler(stats_=[[47.42372721 38.3630083 ]]),"[1, 2, 3, 4, 5, 6, 7, 8, 9, 10, 11, 12, 13, 14, 15, 16, 17, 18, 19, 20, 21, 22, 23, 24, 25, 26, 27, 28, 29, 30, 31, 32, 33, 34, 35, 36, 37, 38, 39, 40, 41, 42, 43, 44, 45, 46, 47, 48, 49, 50, 51, 52, 53, 54, 55, 56, 57, 58, 59, 60, 61, 62, 63, 64, 65, 66, 67, 68, 69, 70, 71, 72, 73, 74, 75, 76, 77, 78, 79, 80, 81, 82, 83, 84, 85, 86, 87, 88, 89, 90, 91, 92, 93, 94, 95, 96, 97, 98, 99, 100]","{7: [RollingMean(window_size=7)], 30: [RollingMean(window_size=30)], 60: [RollingMean(window_size=60)]}",lags_100_features_100,14.581018567974228,23.40451617304427,24.436159048604683,26.50376357858819,26.545689691647134,26.740295205157256,35.4355907252279,40.48058199651544,40.06717629001841,38.12123993067898,37.569622082402134
LGBMRegressor,LocalStandardScaler(stats_=[[47.42372721 38.3630083 ]]),"[1, 2, 3, 4, 5, 6, 7, 8, 9, 10, 11, 12, 13, 14, 15, 16, 17, 18, 19, 20, 21, 22, 23, 24, 25, 26, 27, 28, 29, 30, 31, 32, 33, 34, 35, 36, 37, 38, 39, 40, 41, 42, 43, 44, 45, 46, 47, 48, 49, 50, 51, 52, 53, 54, 55, 56, 57, 58, 59, 60, 61, 62, 63, 64, 65, 66, 67, 68, 69, 70, 71, 72, 73, 74, 75, 76, 77, 78, 79, 80, 81, 82, 83, 84, 85, 86, 87, 88, 89, 90, 91, 92, 93, 94, 95, 96, 97, 98, 99, 100]","{7: [RollingMean(window_size=7)], 30: [RollingMean(window_size=30)], 60: [RollingMean(window_size=60)]}",lags_100_features_100,12.501808904263061,23.663771277956638,24.951441354344873,26.462710021684583,27.25456748721566,26.46052988860682,30.93944491320132,41.72423347662488,49.664783133661466,45.3464228772488,44.66619847730028
SGD_EarlyStopping,LocalStandardScaler(stats_=[[47.42372721 38.3630083 ]]),"[1, 2, 3, 4, 5, 6, 7, 8, 9, 10, 11, 12, 13, 14, 15, 16, 17, 18, 19, 20, 21, 22, 23, 24, 25, 26, 27, 28, 29, 30, 31, 32, 33, 34, 35, 36, 37, 38, 39, 40, 41, 42, 43, 44, 45, 46, 47, 48, 49, 50, 51, 52, 53, 54, 55, 56, 57, 58, 59, 60, 61, 62, 63, 64, 65, 66, 67, 68, 69, 70, 71, 72, 73, 74, 75, 76, 77, 78, 79, 80, 81, 82, 83, 84, 85, 86, 87, 88, 89, 90, 91, 92, 93, 94, 95, 96, 97, 98, 99, 100]","{7: [RollingMean(window_size=7), RollingStd(window_size=7)], 30: [RollingMean(window_size=30)], 60: [ExpandingMean()], 14: [ExponentiallyWeightedMean(alpha=0.3)]}",lags_100_features_100,19.950697041455307,19.841234121363243,32.33305542202801,41.074315664149374,44.53664123992996,50.73593250769724,50.17919842162903,47.80144783808994,44.86196559370134,45.96388428991096,47.52970329280897
SGD_ElasticNet,LocalStandardScaler(stats_=[[47.42372721 38.3630083 ]]),"[1, 2, 3, 4, 5, 6, 7, 8, 9, 10, 11, 12, 13, 14, 15, 16, 17, 18, 19, 20, 21, 22, 23, 24, 25, 26, 27, 28, 29, 30, 31, 32, 33, 34, 35, 36, 37, 38, 39, 40, 41, 42, 43, 44, 45, 46, 47, 48, 49, 50, 51, 52, 53, 54, 55, 56, 57, 58, 59, 60, 61, 62, 63, 64, 65, 66, 67, 68, 69, 70, 71, 72, 73, 74, 75, 76, 77, 78, 79, 80, 81, 82, 83, 84, 85, 86, 87, 88, 89, 90, 91, 92, 93, 94, 95, 96, 97, 98, 99, 100]","{7: [RollingMean(window_size=7), RollingStd(window_size=7)], 30: [RollingMean(window_size=30)], 60: [ExpandingMean()], 14: [ExponentiallyWeightedMean(alpha=0.3)]}",lags_100_features_100,77.88724014347994,103.77958365211495,139.36005278666158,147.36108609561987,137.75299941095227,128.9202812832725,107.27533756173793,98.64138167836562,100.90348620862974,146.9257650079296,147.86559891502412
SGD_Lasso,LocalStandardScaler(stats_=[[47.42372721 38.3630083 ]]),"[1, 2, 3, 4, 5, 6, 7, 8, 9, 10, 11, 12, 13, 14, 15, 16, 17, 18, 19, 20, 21, 22, 23, 24, 25, 26, 27, 28, 29, 30, 31, 32, 33, 34, 35, 36, 37, 38, 39, 40, 41, 42, 43, 44, 45, 46, 47, 48, 49, 50, 51, 52, 53, 54, 55, 56, 57, 58, 59, 60, 61, 62, 63, 64, 65, 66, 67, 68, 69, 70, 71, 72, 73, 74, 75, 76, 77, 78, 79, 80, 81, 82, 83, 84, 85, 86, 87, 88, 89, 90, 91, 92, 93, 94, 95, 96, 97, 98, 99, 100]","{7: [RollingMean(window_size=7), RollingStd(window_size=7)], 30: [RollingMean(window_size=30)], 60: [ExpandingMean()], 14: [ExponentiallyWeightedMean(alpha=0.3)]}",lags_100_features_100,126.27022059608635,110.39639982240152,108.65399889391001,97.26054922569624,81.90250951365931,72.37414834823954,65.05369609977517,58.86687159597054,75.79179236192608,102.62941567258063,102.10258815784383
SGD_Ridge,LocalStandardScaler(stats_=[[47.42372721 38.3630083 ]]),"[1, 2, 3, 4, 5, 6, 7, 8, 9, 10, 11, 12, 13, 14, 15, 16, 17, 18, 19, 20, 21, 22, 23, 24, 25, 26, 27, 28, 29, 30, 31, 32, 33, 34, 35, 36, 37, 38, 39, 40, 41, 42, 43, 44, 45, 46, 47, 48, 49, 50, 51, 52, 53, 54, 55, 56, 57, 58, 59, 60, 61, 62, 63, 64, 65, 66, 67, 68, 69, 70, 71, 72, 73, 74, 75, 76, 77, 78, 79, 80, 81, 82, 83, 84, 85, 86, 87, 88, 89, 90, 91, 92, 93, 94, 95, 96, 97, 98, 99, 100]","{7: [RollingMean(window_size=7), RollingStd(window_size=7)], 30: [RollingMean(window_size=30)], 60: [ExpandingMean()], 14: [ExponentiallyWeightedMean(alpha=0.3)]}",lags_100_features_100,35.45612112286881,36.8458830662744,49.027648789700606,52.22865330143074,48.65362172128886,47.679039741645276,44.64341370023035,41.67630255564481,46.26968399964363,66.136253544129,67.13793476871186
SGDRegressor,LocalStandardScaler(stats_=[[47.42372721 38.3630083 ]]),"[1, 2, 3, 4, 5, 6, 7, 8, 9, 10, 11, 12, 13, 14, 15, 16, 17, 18, 19, 20, 21, 22, 23, 24, 25, 26, 27, 28, 29, 30, 31, 32, 33, 34, 35, 36, 37, 38, 39, 40, 41, 42, 43, 44, 45, 46, 47, 48, 49, 50, 51, 52, 53, 54, 55, 56, 57, 58, 59, 60, 61, 62, 63, 64, 65, 66, 67, 68, 69, 70, 71, 72, 73, 74, 75, 76, 77, 78, 79, 80, 81, 82, 83, 84, 85, 86, 87, 88, 89, 90, 91, 92, 93, 94, 95, 96, 97, 98, 99, 100]","{7: [RollingMean(window_size=7), RollingStd(window_size=7)], 30: [RollingMean(window_size=30)], 60: [ExpandingMean()], 14: [ExponentiallyWeightedMean(alpha=0.3)]}",lags_100_features_100,76.12532926033315,102.48906668633633,139.40489986568525,148.21437798839133,138.58115499731696,129.29643935408254,107.61842727762388,101.0012632148773,102.98402469927663,150.70639573277768,151.28591877335018
XGBRegressor,LocalStandardScaler(stats_=[[47.42372721 38.3630083 ]]),"[1, 2, 3, 4, 5, 6, 7, 8, 9, 10, 11, 12, 13, 14, 15, 16, 17, 18, 19, 20, 21, 22, 23, 24, 25, 26, 27, 28, 29, 30, 31, 32, 33, 34, 35, 36, 37, 38, 39, 40, 41, 42, 43, 44, 45, 46, 47, 48, 49, 50, 51, 52, 53, 54, 55, 56, 57, 58, 59, 60, 61, 62, 63, 64, 65, 66, 67, 68, 69, 70, 71, 72, 73, 74, 75, 76, 77, 78, 79, 80, 81, 82, 83, 84, 85, 86, 87, 88, 89, 90, 91, 92, 93, 94, 95, 96, 97, 98, 99, 100]","{7: [RollingMean(window_size=7), RollingStd(window_size=7)], 30: [RollingMean(window_size=30)], 60: [ExpandingMean()], 14: [ExponentiallyWeightedMean(alpha=0.3)]}",lags_100_features_100,26.365966618668203,32.26740157129126,35.58649495789041,35.331148157955575,37.52309027221769,39.87946121518632,45.28875917294194,44.3293649064475,44.39331948203875,42.340508699974,42.20538279296653
LGBMRegressor,LocalStandardScaler(stats_=[[47.42372721 38.3630083 ]]),"[1, 2, 3, 4, 5, 6, 7, 8, 9, 10, 11, 12, 13, 14, 15, 16, 17, 18, 19, 20, 21, 22, 23, 24, 25, 26, 27, 28, 29, 30, 31, 32, 33, 34, 35, 36, 37, 38, 39, 40, 41, 42, 43, 44, 45, 46, 47, 48, 49, 50, 51, 52, 53, 54, 55, 56, 57, 58, 59, 60, 61, 62, 63, 64, 65, 66, 67, 68, 69, 70, 71, 72, 73, 74, 75, 76, 77, 78, 79, 80, 81, 82, 83, 84, 85, 86, 87, 88, 89, 90, 91, 92, 93, 94, 95, 96, 97, 98, 99, 100]","{7: [RollingMean(window_size=7), RollingStd(window_size=7)], 30: [RollingMean(window_size=30)], 60: [ExpandingMean()], 14: [ExponentiallyWeightedMean(alpha=0.3)]}",lags_100_features_100,12.437609462992825,20.871987095987514,22.188461622031898,22.33012023179034,23.018835588232076,23.15955247327189,26.33628640286263,35.457745317720985,39.55002032562307,37.43737919341271,36.858596458171306
SGD_EarlyStopping,LocalMinMaxScaler(stats_=[[  5.11211699 325.92896936]]),"[1, 2, 3, 4, 5, 6, 7, 8, 9, 10, 11, 12, 13, 14, 15, 16, 17, 18, 19, 20, 21, 22, 23, 24, 25, 26, 27, 28, 29, 30, 31, 32, 33, 34, 35, 36, 37, 38, 39, 40, 41, 42, 43, 44, 45, 46, 47, 48, 49, 50, 51, 52, 53, 54, 55, 56, 57, 58, 59, 60, 61, 62, 63, 64, 65, 66, 67, 68, 69, 70, 71, 72, 73, 74, 75, 76, 77, 78, 79, 80, 81, 82, 83, 84, 85, 86, 87, 88, 89, 90, 91, 92, 93, 94, 95, 96, 97, 98, 99, 100]","{1: [<function expanding_mean at 0x000002C58F7A04A0>], 7: [<function rolling_mean_14 at 0x000002C5930FAA20>], 30: [<function expanding_mean at 0x000002C58F7A04A0>]}",lags_100_features_100,14.4953942651547,22.573688065013428,22.0641681159149,20.891744496628814,20.034565392575303,22.043440952417505,25.088489232729984,25.852523362622314,26.366401885024022,27.88477576817467,28.750652473123147
SGD_ElasticNet,LocalMinMaxScaler(stats_=[[  5.11211699 325.92896936]]),"[1, 2, 3, 4, 5, 6, 7, 8, 9, 10, 11, 12, 13, 14, 15, 16, 17, 18, 19, 20, 21, 22, 23, 24, 25, 26, 27, 28, 29, 30, 31, 32, 33, 34, 35, 36, 37, 38, 39, 40, 41, 42, 43, 44, 45, 46, 47, 48, 49, 50, 51, 52, 53, 54, 55, 56, 57, 58, 59, 60, 61, 62, 63, 64, 65, 66, 67, 68, 69, 70, 71, 72, 73, 74, 75, 76, 77, 78, 79, 80, 81, 82, 83, 84, 85, 86, 87, 88, 89, 90, 91, 92, 93, 94, 95, 96, 97, 98, 99, 100]","{1: [<function expanding_mean at 0x000002C58F7A04A0>], 7: [<function rolling_mean_14 at 0x000002C5930FAA20>], 30: [<function expanding_mean at 0x000002C58F7A04A0>]}",lags_100_features_100,10.47515536510585,14.710390951019253,17.297402010638898,17.71865823677422,17.472199499500128,18.24353895561035,25.70749391816048,28.60904050066274,30.808803927843403,40.766544247728916,40.97328234532172
SGD_Lasso,LocalMinMaxScaler(stats_=[[  5.11211699 325.92896936]]),"[1, 2, 3, 4, 5, 6, 7, 8, 9, 10, 11, 12, 13, 14, 15, 16, 17, 18, 19, 20, 21, 22, 23, 24, 25, 26, 27, 28, 29, 30, 31, 32, 33, 34, 35, 36, 37, 38, 39, 40, 41, 42, 43, 44, 45, 46, 47, 48, 49, 50, 51, 52, 53, 54, 55, 56, 57, 58, 59, 60, 61, 62, 63, 64, 65, 66, 67, 68, 69, 70, 71, 72, 73, 74, 75, 76, 77, 78, 79, 80, 81, 82, 83, 84, 85, 86, 87, 88, 89, 90, 91, 92, 93, 94, 95, 96, 97, 98, 99, 100]","{1: [<function expanding_mean at 0x000002C58F7A04A0>], 7: [<function rolling_mean_14 at 0x000002C5930FAA20>], 30: [<function expanding_mean at 0x000002C58F7A04A0>]}",lags_100_features_100,126.19622156040455,110.32759213459902,108.58576103800202,97.19603746457139,81.84607277800711,72.32540628859388,65.02097470582294,58.83868082467267,75.75410569517513,102.57800107726767,102.0509249203569
SGD_Ridge,LocalMinMaxScaler(stats_=[[  5.11211699 325.92896936]]),"[1, 2, 3, 4, 5, 6, 7, 8, 9, 10, 11, 12, 13, 14, 15, 16, 17, 18, 19, 20, 21, 22, 23, 24, 25, 26, 27, 28, 29, 30, 31, 32, 33, 34, 35, 36, 37, 38, 39, 40, 41, 42, 43, 44, 45, 46, 47, 48, 49, 50, 51, 52, 53, 54, 55, 56, 57, 58, 59, 60, 61, 62, 63, 64, 65, 66, 67, 68, 69, 70, 71, 72, 73, 74, 75, 76, 77, 78, 79, 80, 81, 82, 83, 84, 85, 86, 87, 88, 89, 90, 91, 92, 93, 94, 95, 96, 97, 98, 99, 100]","{1: [<function expanding_mean at 0x000002C58F7A04A0>], 7: [<function rolling_mean_14 at 0x000002C5930FAA20>], 30: [<function expanding_mean at 0x000002C58F7A04A0>]}",lags_100_features_100,52.11933351153778,43.0453702683621,42.02248752927055,36.04633474403284,33.5939404152299,33.77890310899318,39.99444911595864,38.70180336799361,48.1870442520959,61.174679599927416,60.25275916750854
SGDRegressor,LocalMinMaxScaler(stats_=[[  5.11211699 325.92896936]]),"[1, 2, 3, 4, 5, 6, 7, 8, 9, 10, 11, 12, 13, 14, 15, 16, 17, 18, 19, 20, 21, 22, 23, 24, 25, 26, 27, 28, 29, 30, 31, 32, 33, 34, 35, 36, 37, 38, 39, 40, 41, 42, 43, 44, 45, 46, 47, 48, 49, 50, 51, 52, 53, 54, 55, 56, 57, 58, 59, 60, 61, 62, 63, 64, 65, 66, 67, 68, 69, 70, 71, 72, 73, 74, 75, 76, 77, 78, 79, 80, 81, 82, 83, 84, 85, 86, 87, 88, 89, 90, 91, 92, 93, 94, 95, 96, 97, 98, 99, 100]","{1: [<function expanding_mean at 0x000002C58F7A04A0>], 7: [<function rolling_mean_14 at 0x000002C5930FAA20>], 30: [<function expanding_mean at 0x000002C58F7A04A0>]}",lags_100_features_100,17.779789503624226,25.706501522292758,26.48884914213593,24.8389136197106,23.936013212248568,23.531409224392597,29.402292993174456,33.004450599362436,33.14481879880124,33.97595789019985,34.26135935074744
XGBRegressor,LocalMinMaxScaler(stats_=[[  5.11211699 325.92896936]]),"[1, 2, 3, 4, 5, 6, 7, 8, 9, 10, 11, 12, 13, 14, 15, 16, 17, 18, 19, 20, 21, 22, 23, 24, 25, 26, 27, 28, 29, 30, 31, 32, 33, 34, 35, 36, 37, 38, 39, 40, 41, 42, 43, 44, 45, 46, 47, 48, 49, 50, 51, 52, 53, 54, 55, 56, 57, 58, 59, 60, 61, 62, 63, 64, 65, 66, 67, 68, 69, 70, 71, 72, 73, 74, 75, 76, 77, 78, 79, 80, 81, 82, 83, 84, 85, 86, 87, 88, 89, 90, 91, 92, 93, 94, 95, 96, 97, 98, 99, 100]","{1: [<function expanding_mean at 0x000002C58F7A04A0>], 7: [<function rolling_mean_14 at 0x000002C5930FAA20>], 30: [<function expanding_mean at 0x000002C58F7A04A0>]}",lags_100_features_100,20.40800785341165,23.497705570718274,24.393115617948553,24.499918456251883,27.036558029295854,29.251415469792036,37.753594873237404,38.93298188203088,40.1905927826136,42.83757032375959,42.07754777674755
LGBMRegressor,LocalMinMaxScaler(stats_=[[  5.11211699 325.92896936]]),"[1, 2, 3, 4, 5, 6, 7, 8, 9, 10, 11, 12, 13, 14, 15, 16, 17, 18, 19, 20, 21, 22, 23, 24, 25, 26, 27, 28, 29, 30, 31, 32, 33, 34, 35, 36, 37, 38, 39, 40, 41, 42, 43, 44, 45, 46, 47, 48, 49, 50, 51, 52, 53, 54, 55, 56, 57, 58, 59, 60, 61, 62, 63, 64, 65, 66, 67, 68, 69, 70, 71, 72, 73, 74, 75, 76, 77, 78, 79, 80, 81, 82, 83, 84, 85, 86, 87, 88, 89, 90, 91, 92, 93, 94, 95, 96, 97, 98, 99, 100]","{1: [<function expanding_mean at 0x000002C58F7A04A0>], 7: [<function rolling_mean_14 at 0x000002C5930FAA20>], 30: [<function expanding_mean at 0x000002C58F7A04A0>]}",lags_100_features_100,11.616052194657673,20.533944895579424,22.651692502838202,21.90545810868404,22.344237338393043,22.70530085981933,29.44855877180192,35.11501921404699,39.82586654947893,38.07041329910524,37.82604719586371
SGD_EarlyStopping,LocalMinMaxScaler(stats_=[[  5.11211699 325.92896936]]),"[1, 2, 3, 4, 5, 6, 7, 8, 9, 10, 11, 12, 13, 14, 15, 16, 17, 18, 19, 20, 21, 22, 23, 24, 25, 26, 27, 28, 29, 30, 31, 32, 33, 34, 35, 36, 37, 38, 39, 40, 41, 42, 43, 44, 45, 46, 47, 48, 49, 50, 51, 52, 53, 54, 55, 56, 57, 58, 59, 60, 61, 62, 63, 64, 65, 66, 67, 68, 69, 70, 71, 72, 73, 74, 75, 76, 77, 78, 79, 80, 81, 82, 83, 84, 85, 86, 87, 88, 89, 90, 91, 92, 93, 94, 95, 96, 97, 98, 99, 100]","{1: [<function rolling_mean_14 at 0x000002C5930FAA20>], 7: [<function rolling_mean_30 at 0x000002C58DBF9260>], 30: [<function expanding_mean at 0x000002C58F7A04A0>]}",lags_100_features_100,14.747282603710152,22.922670590183863,22.448330919011582,21.04622432456729,20.106430639442248,21.98728049481297,25.062856745011526,25.835375527554937,26.336739597232935,27.764740783030216,28.575221204347027
SGD_ElasticNet,LocalMinMaxScaler(stats_=[[  5.11211699 325.92896936]]),"[1, 2, 3, 4, 5, 6, 7, 8, 9, 10, 11, 12, 13, 14, 15, 16, 17, 18, 19, 20, 21, 22, 23, 24, 25, 26, 27, 28, 29, 30, 31, 32, 33, 34, 35, 36, 37, 38, 39, 40, 41, 42, 43, 44, 45, 46, 47, 48, 49, 50, 51, 52, 53, 54, 55, 56, 57, 58, 59, 60, 61, 62, 63, 64, 65, 66, 67, 68, 69, 70, 71, 72, 73, 74, 75, 76, 77, 78, 79, 80, 81, 82, 83, 84, 85, 86, 87, 88, 89, 90, 91, 92, 93, 94, 95, 96, 97, 98, 99, 100]","{1: [<function rolling_mean_14 at 0x000002C5930FAA20>], 7: [<function rolling_mean_30 at 0x000002C58DBF9260>], 30: [<function expanding_mean at 0x000002C58F7A04A0>]}",lags_100_features_100,10.357242967939289,14.667828195254156,17.25845605926623,17.696147346290143,17.43793099938693,18.21448539689034,25.624490205149602,28.531458804975895,30.672849304098193,40.53362101558414,40.75578977151415
SGD_Lasso,LocalMinMaxScaler(stats_=[[  5.11211699 325.92896936]]),"[1, 2, 3, 4, 5, 6, 7, 8, 9, 10, 11, 12, 13, 14, 15, 16, 17, 18, 19, 20, 21, 22, 23, 24, 25, 26, 27, 28, 29, 30, 31, 32, 33, 34, 35, 36, 37, 38, 39, 40, 41, 42, 43, 44, 45, 46, 47, 48, 49, 50, 51, 52, 53, 54, 55, 56, 57, 58, 59, 60, 61, 62, 63, 64, 65, 66, 67, 68, 69, 70, 71, 72, 73, 74, 75, 76, 77, 78, 79, 80, 81, 82, 83, 84, 85, 86, 87, 88, 89, 90, 91, 92, 93, 94, 95, 96, 97, 98, 99, 100]","{1: [<function rolling_mean_14 at 0x000002C5930FAA20>], 7: [<function rolling_mean_30 at 0x000002C58DBF9260>], 30: [<function expanding_mean at 0x000002C58F7A04A0>]}",lags_100_features_100,126.19622156040455,110.32759213459902,108.58576103800202,97.19603746457139,81.84607277800711,72.32540628859388,65.02097470582294,58.83868082467267,75.75410569517513,102.57800107726767,102.0509249203569
SGD_Ridge,LocalMinMaxScaler(stats_=[[  5.11211699 325.92896936]]),"[1, 2, 3, 4, 5, 6, 7, 8, 9, 10, 11, 12, 13, 14, 15, 16, 17, 18, 19, 20, 21, 22, 23, 24, 25, 26, 27, 28, 29, 30, 31, 32, 33, 34, 35, 36, 37, 38, 39, 40, 41, 42, 43, 44, 45, 46, 47, 48, 49, 50, 51, 52, 53, 54, 55, 56, 57, 58, 59, 60, 61, 62, 63, 64, 65, 66, 67, 68, 69, 70, 71, 72, 73, 74, 75, 76, 77, 78, 79, 80, 81, 82, 83, 84, 85, 86, 87, 88, 89, 90, 91, 92, 93, 94, 95, 96, 97, 98, 99, 100]","{1: [<function rolling_mean_14 at 0x000002C5930FAA20>], 7: [<function rolling_mean_30 at 0x000002C58DBF9260>], 30: [<function expanding_mean at 0x000002C58F7A04A0>]}",lags_100_features_100,51.87101898730315,42.86715264830207,41.88432460937342,35.94586419966701,33.505087911860564,33.69428619563596,39.93287746436893,38.659676009059694,48.10784947032219,61.090171869056206,60.17193518811368
SGDRegressor,LocalMinMaxScaler(stats_=[[  5.11211699 325.92896936]]),"[1, 2, 3, 4, 5, 6, 7, 8, 9, 10, 11, 12, 13, 14, 15, 16, 17, 18, 19, 20, 21, 22, 23, 24, 25, 26, 27, 28, 29, 30, 31, 32, 33, 34, 35, 36, 37, 38, 39, 40, 41, 42, 43, 44, 45, 46, 47, 48, 49, 50, 51, 52, 53, 54, 55, 56, 57, 58, 59, 60, 61, 62, 63, 64, 65, 66, 67, 68, 69, 70, 71, 72, 73, 74, 75, 76, 77, 78, 79, 80, 81, 82, 83, 84, 85, 86, 87, 88, 89, 90, 91, 92, 93, 94, 95, 96, 97, 98, 99, 100]","{1: [<function rolling_mean_14 at 0x000002C5930FAA20>], 7: [<function rolling_mean_30 at 0x000002C58DBF9260>], 30: [<function expanding_mean at 0x000002C58F7A04A0>]}",lags_100_features_100,18.091300707735876,26.067734189001023,26.825170878039845,25.141500587181003,24.177159102905073,23.724382222908957,29.476864497757404,33.06420837274762,33.33720332527803,33.9723250059402,34.26316326155509
XGBRegressor,LocalMinMaxScaler(stats_=[[  5.11211699 325.92896936]]),"[1, 2, 3, 4, 5, 6, 7, 8, 9, 10, 11, 12, 13, 14, 15, 16, 17, 18, 19, 20, 21, 22, 23, 24, 25, 26, 27, 28, 29, 30, 31, 32, 33, 34, 35, 36, 37, 38, 39, 40, 41, 42, 43, 44, 45, 46, 47, 48, 49, 50, 51, 52, 53, 54, 55, 56, 57, 58, 59, 60, 61, 62, 63, 64, 65, 66, 67, 68, 69, 70, 71, 72, 73, 74, 75, 76, 77, 78, 79, 80, 81, 82, 83, 84, 85, 86, 87, 88, 89, 90, 91, 92, 93, 94, 95, 96, 97, 98, 99, 100]","{1: [<function rolling_mean_14 at 0x000002C5930FAA20>], 7: [<function rolling_mean_30 at 0x000002C58DBF9260>], 30: [<function expanding_mean at 0x000002C58F7A04A0>]}",lags_100_features_100,19.73718144008255,26.706738151080323,26.983530120910444,26.278023367805943,26.898747922466253,27.969361626277035,36.17788448547208,37.563969852656854,41.02397334632252,47.0912606628916,46.37817481030428
LGBMRegressor,LocalMinMaxScaler(stats_=[[  5.11211699 325.92896936]]),"[1, 2, 3, 4, 5, 6, 7, 8, 9, 10, 11, 12, 13, 14, 15, 16, 17, 18, 19, 20, 21, 22, 23, 24, 25, 26, 27, 28, 29, 30, 31, 32, 33, 34, 35, 36, 37, 38, 39, 40, 41, 42, 43, 44, 45, 46, 47, 48, 49, 50, 51, 52, 53, 54, 55, 56, 57, 58, 59, 60, 61, 62, 63, 64, 65, 66, 67, 68, 69, 70, 71, 72, 73, 74, 75, 76, 77, 78, 79, 80, 81, 82, 83, 84, 85, 86, 87, 88, 89, 90, 91, 92, 93, 94, 95, 96, 97, 98, 99, 100]","{1: [<function rolling_mean_14 at 0x000002C5930FAA20>], 7: [<function rolling_mean_30 at 0x000002C58DBF9260>], 30: [<function expanding_mean at 0x000002C58F7A04A0>]}",lags_100_features_100,12.271578009710796,23.068493021867145,23.81865832102512,24.70192530780365,26.129604220129515,26.841324535810834,29.51738922545128,41.07482211770654,48.997807201266866,44.6442122581728,43.84072472207828
SGD_EarlyStopping,LocalMinMaxScaler(stats_=[[  5.11211699 325.92896936]]),"[1, 2, 3, 4, 5, 6, 7, 8, 9, 10, 11, 12, 13, 14, 15, 16, 17, 18, 19, 20, 21, 22, 23, 24, 25, 26, 27, 28, 29, 30, 31, 32, 33, 34, 35, 36, 37, 38, 39, 40, 41, 42, 43, 44, 45, 46, 47, 48, 49, 50, 51, 52, 53, 54, 55, 56, 57, 58, 59, 60, 61, 62, 63, 64, 65, 66, 67, 68, 69, 70, 71, 72, 73, 74, 75, 76, 77, 78, 79, 80, 81, 82, 83, 84, 85, 86, 87, 88, 89, 90, 91, 92, 93, 94, 95, 96, 97, 98, 99, 100]","{7: [RollingMean(window_size=7)], 30: [RollingMean(window_size=30)], 60: [RollingMean(window_size=60)]}",lags_100_features_100,22.630979323106256,30.66095179036793,30.031077345299057,27.129157866850807,24.983892778239085,24.92484778484775,28.115966343589676,29.461633506573083,32.66775234567935,34.72163432479688,35.56375053411359
SGD_ElasticNet,LocalMinMaxScaler(stats_=[[  5.11211699 325.92896936]]),"[1, 2, 3, 4, 5, 6, 7, 8, 9, 10, 11, 12, 13, 14, 15, 16, 17, 18, 19, 20, 21, 22, 23, 24, 25, 26, 27, 28, 29, 30, 31, 32, 33, 34, 35, 36, 37, 38, 39, 40, 41, 42, 43, 44, 45, 46, 47, 48, 49, 50, 51, 52, 53, 54, 55, 56, 57, 58, 59, 60, 61, 62, 63, 64, 65, 66, 67, 68, 69, 70, 71, 72, 73, 74, 75, 76, 77, 78, 79, 80, 81, 82, 83, 84, 85, 86, 87, 88, 89, 90, 91, 92, 93, 94, 95, 96, 97, 98, 99, 100]","{7: [RollingMean(window_size=7)], 30: [RollingMean(window_size=30)], 60: [RollingMean(window_size=60)]}",lags_100_features_100,15.062242762005448,16.857372413839986,23.431339483003807,25.286842204058097,23.476004467389224,23.803601674260413,28.45670662085631,29.806994062283803,33.34498771179372,49.05915808355667,49.646083030723986
SGD_Lasso,LocalMinMaxScaler(stats_=[[  5.11211699 325.92896936]]),"[1, 2, 3, 4, 5, 6, 7, 8, 9, 10, 11, 12, 13, 14, 15, 16, 17, 18, 19, 20, 21, 22, 23, 24, 25, 26, 27, 28, 29, 30, 31, 32, 33, 34, 35, 36, 37, 38, 39, 40, 41, 42, 43, 44, 45, 46, 47, 48, 49, 50, 51, 52, 53, 54, 55, 56, 57, 58, 59, 60, 61, 62, 63, 64, 65, 66, 67, 68, 69, 70, 71, 72, 73, 74, 75, 76, 77, 78, 79, 80, 81, 82, 83, 84, 85, 86, 87, 88, 89, 90, 91, 92, 93, 94, 95, 96, 97, 98, 99, 100]","{7: [RollingMean(window_size=7)], 30: [RollingMean(window_size=30)], 60: [RollingMean(window_size=60)]}",lags_100_features_100,127.80983377302874,111.82800257018886,110.07374580215313,98.60277154765576,83.0767240297427,73.38826855413618,65.73449266465758,59.455672680400085,76.57778566716006,103.70055776432314,103.17886329051593
SGD_Ridge,LocalMinMaxScaler(stats_=[[  5.11211699 325.92896936]]),"[1, 2, 3, 4, 5, 6, 7, 8, 9, 10, 11, 12, 13, 14, 15, 16, 17, 18, 19, 20, 21, 22, 23, 24, 25, 26, 27, 28, 29, 30, 31, 32, 33, 34, 35, 36, 37, 38, 39, 40, 41, 42, 43, 44, 45, 46, 47, 48, 49, 50, 51, 52, 53, 54, 55, 56, 57, 58, 59, 60, 61, 62, 63, 64, 65, 66, 67, 68, 69, 70, 71, 72, 73, 74, 75, 76, 77, 78, 79, 80, 81, 82, 83, 84, 85, 86, 87, 88, 89, 90, 91, 92, 93, 94, 95, 96, 97, 98, 99, 100]","{7: [RollingMean(window_size=7)], 30: [RollingMean(window_size=30)], 60: [RollingMean(window_size=60)]}",lags_100_features_100,63.11391548534401,54.83933895042238,56.40768503142457,49.84253430664756,43.04281963345918,40.01559670363051,43.301958151892414,41.288333385027975,51.32635169313252,68.89313038205161,68.35084919485628
SGDRegressor,LocalMinMaxScaler(stats_=[[  5.11211699 325.92896936]]),"[1, 2, 3, 4, 5, 6, 7, 8, 9, 10, 11, 12, 13, 14, 15, 16, 17, 18, 19, 20, 21, 22, 23, 24, 25, 26, 27, 28, 29, 30, 31, 32, 33, 34, 35, 36, 37, 38, 39, 40, 41, 42, 43, 44, 45, 46, 47, 48, 49, 50, 51, 52, 53, 54, 55, 56, 57, 58, 59, 60, 61, 62, 63, 64, 65, 66, 67, 68, 69, 70, 71, 72, 73, 74, 75, 76, 77, 78, 79, 80, 81, 82, 83, 84, 85, 86, 87, 88, 89, 90, 91, 92, 93, 94, 95, 96, 97, 98, 99, 100]","{7: [RollingMean(window_size=7)], 30: [RollingMean(window_size=30)], 60: [RollingMean(window_size=60)]}",lags_100_features_100,11.154032516646836,18.262201417130484,19.067386568325766,18.58306066728617,17.948644749468944,18.77435833026637,24.998433483160593,27.239281300152278,28.87667633324364,38.45905342270214,39.027627924659036
XGBRegressor,LocalMinMaxScaler(stats_=[[  5.11211699 325.92896936]]),"[1, 2, 3, 4, 5, 6, 7, 8, 9, 10, 11, 12, 13, 14, 15, 16, 17, 18, 19, 20, 21, 22, 23, 24, 25, 26, 27, 28, 29, 30, 31, 32, 33, 34, 35, 36, 37, 38, 39, 40, 41, 42, 43, 44, 45, 46, 47, 48, 49, 50, 51, 52, 53, 54, 55, 56, 57, 58, 59, 60, 61, 62, 63, 64, 65, 66, 67, 68, 69, 70, 71, 72, 73, 74, 75, 76, 77, 78, 79, 80, 81, 82, 83, 84, 85, 86, 87, 88, 89, 90, 91, 92, 93, 94, 95, 96, 97, 98, 99, 100]","{7: [RollingMean(window_size=7)], 30: [RollingMean(window_size=30)], 60: [RollingMean(window_size=60)]}",lags_100_features_100,17.880756721941207,26.266897035434667,27.338733943381982,28.86206544556231,28.019539887878338,27.450778926555902,35.5863660213431,40.63846661855883,40.29653952627595,38.370414466114845,37.86450870315644
LGBMRegressor,LocalMinMaxScaler(stats_=[[  5.11211699 325.92896936]]),"[1, 2, 3, 4, 5, 6, 7, 8, 9, 10, 11, 12, 13, 14, 15, 16, 17, 18, 19, 20, 21, 22, 23, 24, 25, 26, 27, 28, 29, 30, 31, 32, 33, 34, 35, 36, 37, 38, 39, 40, 41, 42, 43, 44, 45, 46, 47, 48, 49, 50, 51, 52, 53, 54, 55, 56, 57, 58, 59, 60, 61, 62, 63, 64, 65, 66, 67, 68, 69, 70, 71, 72, 73, 74, 75, 76, 77, 78, 79, 80, 81, 82, 83, 84, 85, 86, 87, 88, 89, 90, 91, 92, 93, 94, 95, 96, 97, 98, 99, 100]","{7: [RollingMean(window_size=7)], 30: [RollingMean(window_size=30)], 60: [RollingMean(window_size=60)]}",lags_100_features_100,13.198055618343135,23.036539689138596,24.661868293212056,25.270105811899047,25.626765749143516,25.071398293188828,30.012437173894995,38.97966909633483,46.25607140001485,42.88122563192349,42.20628364516624
SGD_EarlyStopping,LocalMinMaxScaler(stats_=[[  5.11211699 325.92896936]]),"[1, 2, 3, 4, 5, 6, 7, 8, 9, 10, 11, 12, 13, 14, 15, 16, 17, 18, 19, 20, 21, 22, 23, 24, 25, 26, 27, 28, 29, 30, 31, 32, 33, 34, 35, 36, 37, 38, 39, 40, 41, 42, 43, 44, 45, 46, 47, 48, 49, 50, 51, 52, 53, 54, 55, 56, 57, 58, 59, 60, 61, 62, 63, 64, 65, 66, 67, 68, 69, 70, 71, 72, 73, 74, 75, 76, 77, 78, 79, 80, 81, 82, 83, 84, 85, 86, 87, 88, 89, 90, 91, 92, 93, 94, 95, 96, 97, 98, 99, 100]","{7: [RollingMean(window_size=7), RollingStd(window_size=7)], 30: [RollingMean(window_size=30)], 60: [ExpandingMean()], 14: [ExponentiallyWeightedMean(alpha=0.3)]}",lags_100_features_100,14.869145405134343,23.086624906886975,22.654613316987696,21.135760104020864,20.111915079276805,21.814979781054518,25.029793301884013,25.84795973953593,26.399344706875173,27.924813731955222,28.71274336747805
SGD_ElasticNet,LocalMinMaxScaler(stats_=[[  5.11211699 325.92896936]]),"[1, 2, 3, 4, 5, 6, 7, 8, 9, 10, 11, 12, 13, 14, 15, 16, 17, 18, 19, 20, 21, 22, 23, 24, 25, 26, 27, 28, 29, 30, 31, 32, 33, 34, 35, 36, 37, 38, 39, 40, 41, 42, 43, 44, 45, 46, 47, 48, 49, 50, 51, 52, 53, 54, 55, 56, 57, 58, 59, 60, 61, 62, 63, 64, 65, 66, 67, 68, 69, 70, 71, 72, 73, 74, 75, 76, 77, 78, 79, 80, 81, 82, 83, 84, 85, 86, 87, 88, 89, 90, 91, 92, 93, 94, 95, 96, 97, 98, 99, 100]","{7: [RollingMean(window_size=7), RollingStd(window_size=7)], 30: [RollingMean(window_size=30)], 60: [ExpandingMean()], 14: [ExponentiallyWeightedMean(alpha=0.3)]}",lags_100_features_100,10.169031530290816,14.653038892058914,17.170225781891997,17.546799150833085,17.358574726770826,18.146953306791282,25.643257369946,28.67716970802704,30.62230450627041,40.03755553690825,40.246848186501964
SGD_Lasso,LocalMinMaxScaler(stats_=[[  5.11211699 325.92896936]]),"[1, 2, 3, 4, 5, 6, 7, 8, 9, 10, 11, 12, 13, 14, 15, 16, 17, 18, 19, 20, 21, 22, 23, 24, 25, 26, 27, 28, 29, 30, 31, 32, 33, 34, 35, 36, 37, 38, 39, 40, 41, 42, 43, 44, 45, 46, 47, 48, 49, 50, 51, 52, 53, 54, 55, 56, 57, 58, 59, 60, 61, 62, 63, 64, 65, 66, 67, 68, 69, 70, 71, 72, 73, 74, 75, 76, 77, 78, 79, 80, 81, 82, 83, 84, 85, 86, 87, 88, 89, 90, 91, 92, 93, 94, 95, 96, 97, 98, 99, 100]","{7: [RollingMean(window_size=7), RollingStd(window_size=7)], 30: [RollingMean(window_size=30)], 60: [ExpandingMean()], 14: [ExponentiallyWeightedMean(alpha=0.3)]}",lags_100_features_100,126.19622156040455,110.32759213459902,108.58576103800202,97.19603746457139,81.84607277800711,72.32540628859388,65.02097470582294,58.83868082467267,75.75410569517513,102.57800107726767,102.0509249203569
SGD_Ridge,LocalMinMaxScaler(stats_=[[  5.11211699 325.92896936]]),"[1, 2, 3, 4, 5, 6, 7, 8, 9, 10, 11, 12, 13, 14, 15, 16, 17, 18, 19, 20, 21, 22, 23, 24, 25, 26, 27, 28, 29, 30, 31, 32, 33, 34, 35, 36, 37, 38, 39, 40, 41, 42, 43, 44, 45, 46, 47, 48, 49, 50, 51, 52, 53, 54, 55, 56, 57, 58, 59, 60, 61, 62, 63, 64, 65, 66, 67, 68, 69, 70, 71, 72, 73, 74, 75, 76, 77, 78, 79, 80, 81, 82, 83, 84, 85, 86, 87, 88, 89, 90, 91, 92, 93, 94, 95, 96, 97, 98, 99, 100]","{7: [RollingMean(window_size=7), RollingStd(window_size=7)], 30: [RollingMean(window_size=30)], 60: [ExpandingMean()], 14: [ExponentiallyWeightedMean(alpha=0.3)]}",lags_100_features_100,51.54553502601749,42.58207806412375,41.63100174338529,35.74967293698209,33.34919285081716,33.55917483372144,39.842142176486185,38.601578375489794,47.9719473130902,60.90540341419363,59.99149954022012
SGDRegressor,LocalMinMaxScaler(stats_=[[  5.11211699 325.92896936]]),"[1, 2, 3, 4, 5, 6, 7, 8, 9, 10, 11, 12, 13, 14, 15, 16, 17, 18, 19, 20, 21, 22, 23, 24, 25, 26, 27, 28, 29, 30, 31, 32, 33, 34, 35, 36, 37, 38, 39, 40, 41, 42, 43, 44, 45, 46, 47, 48, 49, 50, 51, 52, 53, 54, 55, 56, 57, 58, 59, 60, 61, 62, 63, 64, 65, 66, 67, 68, 69, 70, 71, 72, 73, 74, 75, 76, 77, 78, 79, 80, 81, 82, 83, 84, 85, 86, 87, 88, 89, 90, 91, 92, 93, 94, 95, 96, 97, 98, 99, 100]","{7: [RollingMean(window_size=7), RollingStd(window_size=7)], 30: [RollingMean(window_size=30)], 60: [ExpandingMean()], 14: [ExponentiallyWeightedMean(alpha=0.3)]}",lags_100_features_100,18.520862121499828,26.564541075232974,27.341608247648296,25.670895971054208,24.719806777829252,24.19268091307535,29.92808492992311,33.670345382527636,34.12704100853388,34.38529526835083,34.6358770012351
XGBRegressor,LocalMinMaxScaler(stats_=[[  5.11211699 325.92896936]]),"[1, 2, 3, 4, 5, 6, 7, 8, 9, 10, 11, 12, 13, 14, 15, 16, 17, 18, 19, 20, 21, 22, 23, 24, 25, 26, 27, 28, 29, 30, 31, 32, 33, 34, 35, 36, 37, 38, 39, 40, 41, 42, 43, 44, 45, 46, 47, 48, 49, 50, 51, 52, 53, 54, 55, 56, 57, 58, 59, 60, 61, 62, 63, 64, 65, 66, 67, 68, 69, 70, 71, 72, 73, 74, 75, 76, 77, 78, 79, 80, 81, 82, 83, 84, 85, 86, 87, 88, 89, 90, 91, 92, 93, 94, 95, 96, 97, 98, 99, 100]","{7: [RollingMean(window_size=7), RollingStd(window_size=7)], 30: [RollingMean(window_size=30)], 60: [ExpandingMean()], 14: [ExponentiallyWeightedMean(alpha=0.3)]}",lags_100_features_100,28.608369239018433,36.30644849803312,39.33108469671015,40.24961755303511,41.85886594579616,43.40436428797863,48.31875500080398,46.71643047103895,49.75745042814385,56.49077959733043,55.630008146316
LGBMRegressor,LocalMinMaxScaler(stats_=[[  5.11211699 325.92896936]]),"[1, 2, 3, 4, 5, 6, 7, 8, 9, 10, 11, 12, 13, 14, 15, 16, 17, 18, 19, 20, 21, 22, 23, 24, 25, 26, 27, 28, 29, 30, 31, 32, 33, 34, 35, 36, 37, 38, 39, 40, 41, 42, 43, 44, 45, 46, 47, 48, 49, 50, 51, 52, 53, 54, 55, 56, 57, 58, 59, 60, 61, 62, 63, 64, 65, 66, 67, 68, 69, 70, 71, 72, 73, 74, 75, 76, 77, 78, 79, 80, 81, 82, 83, 84, 85, 86, 87, 88, 89, 90, 91, 92, 93, 94, 95, 96, 97, 98, 99, 100]","{7: [RollingMean(window_size=7), RollingStd(window_size=7)], 30: [RollingMean(window_size=30)], 60: [ExpandingMean()], 14: [ExponentiallyWeightedMean(alpha=0.3)]}",lags_100_features_100,12.891943385991786,22.833884631928385,23.69382749741593,23.78505459085077,24.230811213467177,23.922567565853704,30.16246585623732,33.75041099598624,35.27390652598764,33.720617881316706,33.373594001552874
XGBRegressor,"LocalBoxCox(lower=0.0, method=loglik, season_length=None, stats_=[[4.10226185e-05 0.00000000e+00]], upper=2.0)","[1, 2, 3, 4, 5, 6, 7, 8, 9, 10, 11, 12, 13, 14, 15, 16, 17, 18, 19, 20, 21, 22, 23, 24, 25, 26, 27, 28, 29, 30, 31, 32, 33, 34, 35, 36, 37, 38, 39, 40, 41, 42, 43, 44, 45, 46, 47, 48, 49, 50, 51, 52, 53, 54, 55, 56, 57, 58, 59, 60, 61, 62, 63, 64, 65, 66, 67, 68, 69, 70, 71, 72, 73, 74, 75, 76, 77, 78, 79, 80, 81, 82, 83, 84, 85, 86, 87, 88, 89, 90, 91, 92, 93, 94, 95, 96, 97, 98, 99, 100]","{1: [<function expanding_mean at 0x000002C58F7A04A0>], 7: [<function rolling_mean_14 at 0x000002C5930FAA20>], 30: [<function expanding_mean at 0x000002C58F7A04A0>]}",lags_100_features_100,22.177587139997463,29.59334033055309,30.41847276408433,30.20738059006396,33.11847897868961,34.19994947859365,39.73642468555344,41.83701448588009,40.12980267025138,39.68091171358287,39.33697257366474
LGBMRegressor,"LocalBoxCox(lower=0.0, method=loglik, season_length=None, stats_=[[4.10226185e-05 0.00000000e+00]], upper=2.0)","[1, 2, 3, 4, 5, 6, 7, 8, 9, 10, 11, 12, 13, 14, 15, 16, 17, 18, 19, 20, 21, 22, 23, 24, 25, 26, 27, 28, 29, 30, 31, 32, 33, 34, 35, 36, 37, 38, 39, 40, 41, 42, 43, 44, 45, 46, 47, 48, 49, 50, 51, 52, 53, 54, 55, 56, 57, 58, 59, 60, 61, 62, 63, 64, 65, 66, 67, 68, 69, 70, 71, 72, 73, 74, 75, 76, 77, 78, 79, 80, 81, 82, 83, 84, 85, 86, 87, 88, 89, 90, 91, 92, 93, 94, 95, 96, 97, 98, 99, 100]","{1: [<function expanding_mean at 0x000002C58F7A04A0>], 7: [<function rolling_mean_14 at 0x000002C5930FAA20>], 30: [<function expanding_mean at 0x000002C58F7A04A0>]}",lags_100_features_100,19.064896614929953,26.52913075763152,25.963894025709976,25.36576927617691,25.332687109540753,24.915431410364196,30.992691794568554,37.92552127755494,40.66569818755114,37.45086499345955,36.893570959994506
XGBRegressor,"LocalBoxCox(lower=0.0, method=loglik, season_length=None, stats_=[[4.10226185e-05 0.00000000e+00]], upper=2.0)","[1, 2, 3, 4, 5, 6, 7, 8, 9, 10, 11, 12, 13, 14, 15, 16, 17, 18, 19, 20, 21, 22, 23, 24, 25, 26, 27, 28, 29, 30, 31, 32, 33, 34, 35, 36, 37, 38, 39, 40, 41, 42, 43, 44, 45, 46, 47, 48, 49, 50, 51, 52, 53, 54, 55, 56, 57, 58, 59, 60, 61, 62, 63, 64, 65, 66, 67, 68, 69, 70, 71, 72, 73, 74, 75, 76, 77, 78, 79, 80, 81, 82, 83, 84, 85, 86, 87, 88, 89, 90, 91, 92, 93, 94, 95, 96, 97, 98, 99, 100]","{1: [<function rolling_mean_14 at 0x000002C5930FAA20>], 7: [<function rolling_mean_30 at 0x000002C58DBF9260>], 30: [<function expanding_mean at 0x000002C58F7A04A0>]}",lags_100_features_100,21.879881208099807,28.26629328136524,29.517965915356815,29.261395384727074,31.655739335983,32.725638597206206,39.61612168628126,43.459129814254474,42.52415571256862,47.10601897565461,46.52075214167023
LGBMRegressor,"LocalBoxCox(lower=0.0, method=loglik, season_length=None, stats_=[[4.10226185e-05 0.00000000e+00]], upper=2.0)","[1, 2, 3, 4, 5, 6, 7, 8, 9, 10, 11, 12, 13, 14, 15, 16, 17, 18, 19, 20, 21, 22, 23, 24, 25, 26, 27, 28, 29, 30, 31, 32, 33, 34, 35, 36, 37, 38, 39, 40, 41, 42, 43, 44, 45, 46, 47, 48, 49, 50, 51, 52, 53, 54, 55, 56, 57, 58, 59, 60, 61, 62, 63, 64, 65, 66, 67, 68, 69, 70, 71, 72, 73, 74, 75, 76, 77, 78, 79, 80, 81, 82, 83, 84, 85, 86, 87, 88, 89, 90, 91, 92, 93, 94, 95, 96, 97, 98, 99, 100]","{1: [<function rolling_mean_14 at 0x000002C5930FAA20>], 7: [<function rolling_mean_30 at 0x000002C58DBF9260>], 30: [<function expanding_mean at 0x000002C58F7A04A0>]}",lags_100_features_100,19.026085462934702,27.409137335127543,26.531385766829484,26.817631991090597,27.438333762537248,26.753902223645177,30.38869758742563,42.15415368254133,48.80439618753306,44.80172959029317,44.05547847443418
XGBRegressor,"LocalBoxCox(lower=0.0, method=loglik, season_length=None, stats_=[[4.10226185e-05 0.00000000e+00]], upper=2.0)","[1, 2, 3, 4, 5, 6, 7, 8, 9, 10, 11, 12, 13, 14, 15, 16, 17, 18, 19, 20, 21, 22, 23, 24, 25, 26, 27, 28, 29, 30, 31, 32, 33, 34, 35, 36, 37, 38, 39, 40, 41, 42, 43, 44, 45, 46, 47, 48, 49, 50, 51, 52, 53, 54, 55, 56, 57, 58, 59, 60, 61, 62, 63, 64, 65, 66, 67, 68, 69, 70, 71, 72, 73, 74, 75, 76, 77, 78, 79, 80, 81, 82, 83, 84, 85, 86, 87, 88, 89, 90, 91, 92, 93, 94, 95, 96, 97, 98, 99, 100]","{7: [RollingMean(window_size=7)], 30: [RollingMean(window_size=30)], 60: [RollingMean(window_size=60)]}",lags_100_features_100,21.861867411438276,29.609455959309788,29.73071078858856,29.733076511129326,32.68587585186128,35.30167144570007,43.816557369711084,45.65210570377016,44.83282805874015,44.511750806243064,43.89041320121197
LGBMRegressor,"LocalBoxCox(lower=0.0, method=loglik, season_length=None, stats_=[[4.10226185e-05 0.00000000e+00]], upper=2.0)","[1, 2, 3, 4, 5, 6, 7, 8, 9, 10, 11, 12, 13, 14, 15, 16, 17, 18, 19, 20, 21, 22, 23, 24, 25, 26, 27, 28, 29, 30, 31, 32, 33, 34, 35, 36, 37, 38, 39, 40, 41, 42, 43, 44, 45, 46, 47, 48, 49, 50, 51, 52, 53, 54, 55, 56, 57, 58, 59, 60, 61, 62, 63, 64, 65, 66, 67, 68, 69, 70, 71, 72, 73, 74, 75, 76, 77, 78, 79, 80, 81, 82, 83, 84, 85, 86, 87, 88, 89, 90, 91, 92, 93, 94, 95, 96, 97, 98, 99, 100]","{7: [RollingMean(window_size=7)], 30: [RollingMean(window_size=30)], 60: [RollingMean(window_size=60)]}",lags_100_features_100,17.567261726944814,26.587973252254134,27.17267601643662,27.56484523439851,28.54194504318625,27.61922636141768,31.05136126546772,42.93790333622591,49.44379366688914,44.28861563574273,43.67992965446681
XGBRegressor,"LocalBoxCox(lower=0.0, method=loglik, season_length=None, stats_=[[4.10226185e-05 0.00000000e+00]], upper=2.0)","[1, 2, 3, 4, 5, 6, 7, 8, 9, 10, 11, 12, 13, 14, 15, 16, 17, 18, 19, 20, 21, 22, 23, 24, 25, 26, 27, 28, 29, 30, 31, 32, 33, 34, 35, 36, 37, 38, 39, 40, 41, 42, 43, 44, 45, 46, 47, 48, 49, 50, 51, 52, 53, 54, 55, 56, 57, 58, 59, 60, 61, 62, 63, 64, 65, 66, 67, 68, 69, 70, 71, 72, 73, 74, 75, 76, 77, 78, 79, 80, 81, 82, 83, 84, 85, 86, 87, 88, 89, 90, 91, 92, 93, 94, 95, 96, 97, 98, 99, 100]","{7: [RollingMean(window_size=7), RollingStd(window_size=7)], 30: [RollingMean(window_size=30)], 60: [ExpandingMean()], 14: [ExponentiallyWeightedMean(alpha=0.3)]}",lags_100_features_100,25.583650819330778,32.44673055794897,33.28510600391489,32.0531199998303,30.528402733146333,30.081272232205396,37.70120118726092,40.79954126647334,40.48849581732237,40.69577660504953,40.15532605791542
LGBMRegressor,"LocalBoxCox(lower=0.0, method=loglik, season_length=None, stats_=[[4.10226185e-05 0.00000000e+00]], upper=2.0)","[1, 2, 3, 4, 5, 6, 7, 8, 9, 10, 11, 12, 13, 14, 15, 16, 17, 18, 19, 20, 21, 22, 23, 24, 25, 26, 27, 28, 29, 30, 31, 32, 33, 34, 35, 36, 37, 38, 39, 40, 41, 42, 43, 44, 45, 46, 47, 48, 49, 50, 51, 52, 53, 54, 55, 56, 57, 58, 59, 60, 61, 62, 63, 64, 65, 66, 67, 68, 69, 70, 71, 72, 73, 74, 75, 76, 77, 78, 79, 80, 81, 82, 83, 84, 85, 86, 87, 88, 89, 90, 91, 92, 93, 94, 95, 96, 97, 98, 99, 100]","{7: [RollingMean(window_size=7), RollingStd(window_size=7)], 30: [RollingMean(window_size=30)], 60: [ExpandingMean()], 14: [ExponentiallyWeightedMean(alpha=0.3)]}",lags_100_features_100,20.73534899154507,28.442680656223914,29.10595708802396,29.361599190637737,32.00029242227719,32.28391930756317,35.03486520814214,51.627045755344135,65.88278086824543,58.22843685819239,57.264786198062225
SGD_EarlyStopping,AutoDifferences(max_diffs=380) | LocalStandardScaler(stats_=[[-2.09155811e-02  2.20585897e+01]]),"[1, 2, 3, 4, 5, 6, 7, 8, 9, 10, 11, 12, 13, 14, 15, 16, 17, 18, 19, 20, 21, 22, 23, 24, 25, 26, 27, 28, 29, 30, 31, 32, 33, 34, 35, 36, 37, 38, 39, 40, 41, 42, 43, 44, 45, 46, 47, 48, 49, 50, 51, 52, 53, 54, 55, 56, 57, 58, 59, 60, 61, 62, 63, 64, 65, 66, 67, 68, 69, 70, 71, 72, 73, 74, 75, 76, 77, 78, 79, 80, 81, 82, 83, 84, 85, 86, 87, 88, 89, 90, 91, 92, 93, 94, 95, 96, 97, 98, 99, 100]","{1: [<function expanding_mean at 0x000002C58F7A04A0>], 7: [<function rolling_mean_14 at 0x000002C5930FAA20>], 30: [<function expanding_mean at 0x000002C58F7A04A0>]}",lags_100_features_100,18.631910980528943,20.347763510455394,32.39148778726466,40.23904413392138,43.000212225801626,48.92042669102131,49.21090721751041,56.653331885843116,93.65225483351853,157.51479283868755,161.06920439476082
SGD_ElasticNet,AutoDifferences(max_diffs=380) | LocalStandardScaler(stats_=[[-2.09155811e-02  2.20585897e+01]]),"[1, 2, 3, 4, 5, 6, 7, 8, 9, 10, 11, 12, 13, 14, 15, 16, 17, 18, 19, 20, 21, 22, 23, 24, 25, 26, 27, 28, 29, 30, 31, 32, 33, 34, 35, 36, 37, 38, 39, 40, 41, 42, 43, 44, 45, 46, 47, 48, 49, 50, 51, 52, 53, 54, 55, 56, 57, 58, 59, 60, 61, 62, 63, 64, 65, 66, 67, 68, 69, 70, 71, 72, 73, 74, 75, 76, 77, 78, 79, 80, 81, 82, 83, 84, 85, 86, 87, 88, 89, 90, 91, 92, 93, 94, 95, 96, 97, 98, 99, 100]","{1: [<function expanding_mean at 0x000002C58F7A04A0>], 7: [<function rolling_mean_14 at 0x000002C5930FAA20>], 30: [<function expanding_mean at 0x000002C58F7A04A0>]}",lags_100_features_100,43.21209982806117,77.43533774904573,107.97095175032867,129.50947437060037,140.96237569961085,149.27392565857818,154.13532184900723,190.18600743867697,316.0146447046043,559.8620629476108,571.9210380940266
SGD_Lasso,AutoDifferences(max_diffs=380) | LocalStandardScaler(stats_=[[-2.09155811e-02  2.20585897e+01]]),"[1, 2, 3, 4, 5, 6, 7, 8, 9, 10, 11, 12, 13, 14, 15, 16, 17, 18, 19, 20, 21, 22, 23, 24, 25, 26, 27, 28, 29, 30, 31, 32, 33, 34, 35, 36, 37, 38, 39, 40, 41, 42, 43, 44, 45, 46, 47, 48, 49, 50, 51, 52, 53, 54, 55, 56, 57, 58, 59, 60, 61, 62, 63, 64, 65, 66, 67, 68, 69, 70, 71, 72, 73, 74, 75, 76, 77, 78, 79, 80, 81, 82, 83, 84, 85, 86, 87, 88, 89, 90, 91, 92, 93, 94, 95, 96, 97, 98, 99, 100]","{1: [<function expanding_mean at 0x000002C58F7A04A0>], 7: [<function rolling_mean_14 at 0x000002C5930FAA20>], 30: [<function expanding_mean at 0x000002C58F7A04A0>]}",lags_100_features_100,11.026782864618697,15.254581050434442,17.87178265288307,18.592843652802802,22.230279662337242,25.384424996916643,34.98964142076088,36.062730937846524,42.737957460237716,56.78208478876983,56.31118875914378
SGD_Ridge,AutoDifferences(max_diffs=380) | LocalStandardScaler(stats_=[[-2.09155811e-02  2.20585897e+01]]),"[1, 2, 3, 4, 5, 6, 7, 8, 9, 10, 11, 12, 13, 14, 15, 16, 17, 18, 19, 20, 21, 22, 23, 24, 25, 26, 27, 28, 29, 30, 31, 32, 33, 34, 35, 36, 37, 38, 39, 40, 41, 42, 43, 44, 45, 46, 47, 48, 49, 50, 51, 52, 53, 54, 55, 56, 57, 58, 59, 60, 61, 62, 63, 64, 65, 66, 67, 68, 69, 70, 71, 72, 73, 74, 75, 76, 77, 78, 79, 80, 81, 82, 83, 84, 85, 86, 87, 88, 89, 90, 91, 92, 93, 94, 95, 96, 97, 98, 99, 100]","{1: [<function expanding_mean at 0x000002C58F7A04A0>], 7: [<function rolling_mean_14 at 0x000002C5930FAA20>], 30: [<function expanding_mean at 0x000002C58F7A04A0>]}",lags_100_features_100,105.24438058190158,206.43767180927185,326.1920103531429,424.34121203460916,487.64607331139047,552.2143305333835,599.4503473476111,721.2851069506602,1110.4795759899719,1834.920399002838,1875.1146450627034
SGDRegressor,AutoDifferences(max_diffs=380) | LocalStandardScaler(stats_=[[-2.09155811e-02  2.20585897e+01]]),"[1, 2, 3, 4, 5, 6, 7, 8, 9, 10, 11, 12, 13, 14, 15, 16, 17, 18, 19, 20, 21, 22, 23, 24, 25, 26, 27, 28, 29, 30, 31, 32, 33, 34, 35, 36, 37, 38, 39, 40, 41, 42, 43, 44, 45, 46, 47, 48, 49, 50, 51, 52, 53, 54, 55, 56, 57, 58, 59, 60, 61, 62, 63, 64, 65, 66, 67, 68, 69, 70, 71, 72, 73, 74, 75, 76, 77, 78, 79, 80, 81, 82, 83, 84, 85, 86, 87, 88, 89, 90, 91, 92, 93, 94, 95, 96, 97, 98, 99, 100]","{1: [<function expanding_mean at 0x000002C58F7A04A0>], 7: [<function rolling_mean_14 at 0x000002C5930FAA20>], 30: [<function expanding_mean at 0x000002C58F7A04A0>]}",lags_100_features_100,85.67167995204596,152.1869858375544,222.75724930068108,272.8541758785743,299.2859802578721,322.6915005256398,333.093966095895,406.3727303968082,667.6819055580379,1165.7119305322617,1190.98666098499
XGBRegressor,AutoDifferences(max_diffs=380) | LocalStandardScaler(stats_=[[-2.09155811e-02  2.20585897e+01]]),"[1, 2, 3, 4, 5, 6, 7, 8, 9, 10, 11, 12, 13, 14, 15, 16, 17, 18, 19, 20, 21, 22, 23, 24, 25, 26, 27, 28, 29, 30, 31, 32, 33, 34, 35, 36, 37, 38, 39, 40, 41, 42, 43, 44, 45, 46, 47, 48, 49, 50, 51, 52, 53, 54, 55, 56, 57, 58, 59, 60, 61, 62, 63, 64, 65, 66, 67, 68, 69, 70, 71, 72, 73, 74, 75, 76, 77, 78, 79, 80, 81, 82, 83, 84, 85, 86, 87, 88, 89, 90, 91, 92, 93, 94, 95, 96, 97, 98, 99, 100]","{1: [<function expanding_mean at 0x000002C58F7A04A0>], 7: [<function rolling_mean_14 at 0x000002C5930FAA20>], 30: [<function expanding_mean at 0x000002C58F7A04A0>]}",lags_100_features_100,14.305357489677103,38.03440413606589,32.1392764459995,29.046218047713296,26.89866868710834,26.83993981098178,39.58900156867323,76.60988464057509,172.84472628439292,196.02331082297343,191.4195025969488
LGBMRegressor,AutoDifferences(max_diffs=380) | LocalStandardScaler(stats_=[[-2.09155811e-02  2.20585897e+01]]),"[1, 2, 3, 4, 5, 6, 7, 8, 9, 10, 11, 12, 13, 14, 15, 16, 17, 18, 19, 20, 21, 22, 23, 24, 25, 26, 27, 28, 29, 30, 31, 32, 33, 34, 35, 36, 37, 38, 39, 40, 41, 42, 43, 44, 45, 46, 47, 48, 49, 50, 51, 52, 53, 54, 55, 56, 57, 58, 59, 60, 61, 62, 63, 64, 65, 66, 67, 68, 69, 70, 71, 72, 73, 74, 75, 76, 77, 78, 79, 80, 81, 82, 83, 84, 85, 86, 87, 88, 89, 90, 91, 92, 93, 94, 95, 96, 97, 98, 99, 100]","{1: [<function expanding_mean at 0x000002C58F7A04A0>], 7: [<function rolling_mean_14 at 0x000002C5930FAA20>], 30: [<function expanding_mean at 0x000002C58F7A04A0>]}",lags_100_features_100,39.28716977170057,33.04655552707734,30.732885566346607,29.5424723777766,30.426558479718413,31.10813652036535,34.21560904252608,37.76073277948419,37.71198949306417,36.28076552225073,36.11397082575883
SGD_EarlyStopping,AutoDifferences(max_diffs=380) | LocalStandardScaler(stats_=[[-2.09155811e-02  2.20585897e+01]]),"[1, 2, 3, 4, 5, 6, 7, 8, 9, 10, 11, 12, 13, 14, 15, 16, 17, 18, 19, 20, 21, 22, 23, 24, 25, 26, 27, 28, 29, 30, 31, 32, 33, 34, 35, 36, 37, 38, 39, 40, 41, 42, 43, 44, 45, 46, 47, 48, 49, 50, 51, 52, 53, 54, 55, 56, 57, 58, 59, 60, 61, 62, 63, 64, 65, 66, 67, 68, 69, 70, 71, 72, 73, 74, 75, 76, 77, 78, 79, 80, 81, 82, 83, 84, 85, 86, 87, 88, 89, 90, 91, 92, 93, 94, 95, 96, 97, 98, 99, 100]","{1: [<function rolling_mean_14 at 0x000002C5930FAA20>], 7: [<function rolling_mean_30 at 0x000002C58DBF9260>], 30: [<function expanding_mean at 0x000002C58F7A04A0>]}",lags_100_features_100,18.17840748942453,19.469640413464077,30.46544830816491,37.52645852832737,39.84167738992522,45.331712854888046,45.81000837780958,52.39191201070279,86.15067770042842,144.04713836387566,147.28321318640346
SGD_ElasticNet,AutoDifferences(max_diffs=380) | LocalStandardScaler(stats_=[[-2.09155811e-02  2.20585897e+01]]),"[1, 2, 3, 4, 5, 6, 7, 8, 9, 10, 11, 12, 13, 14, 15, 16, 17, 18, 19, 20, 21, 22, 23, 24, 25, 26, 27, 28, 29, 30, 31, 32, 33, 34, 35, 36, 37, 38, 39, 40, 41, 42, 43, 44, 45, 46, 47, 48, 49, 50, 51, 52, 53, 54, 55, 56, 57, 58, 59, 60, 61, 62, 63, 64, 65, 66, 67, 68, 69, 70, 71, 72, 73, 74, 75, 76, 77, 78, 79, 80, 81, 82, 83, 84, 85, 86, 87, 88, 89, 90, 91, 92, 93, 94, 95, 96, 97, 98, 99, 100]","{1: [<function rolling_mean_14 at 0x000002C5930FAA20>], 7: [<function rolling_mean_30 at 0x000002C58DBF9260>], 30: [<function expanding_mean at 0x000002C58F7A04A0>]}",lags_100_features_100,57.81427026496446,104.80440842284982,152.54816906980184,187.91891330611838,208.08200558933058,225.63926985305588,236.36151670891414,288.0437425016392,465.5399002841929,805.858243310429,823.3662742585883
SGD_Lasso,AutoDifferences(max_diffs=380) | LocalStandardScaler(stats_=[[-2.09155811e-02  2.20585897e+01]]),"[1, 2, 3, 4, 5, 6, 7, 8, 9, 10, 11, 12, 13, 14, 15, 16, 17, 18, 19, 20, 21, 22, 23, 24, 25, 26, 27, 28, 29, 30, 31, 32, 33, 34, 35, 36, 37, 38, 39, 40, 41, 42, 43, 44, 45, 46, 47, 48, 49, 50, 51, 52, 53, 54, 55, 56, 57, 58, 59, 60, 61, 62, 63, 64, 65, 66, 67, 68, 69, 70, 71, 72, 73, 74, 75, 76, 77, 78, 79, 80, 81, 82, 83, 84, 85, 86, 87, 88, 89, 90, 91, 92, 93, 94, 95, 96, 97, 98, 99, 100]","{1: [<function rolling_mean_14 at 0x000002C5930FAA20>], 7: [<function rolling_mean_30 at 0x000002C58DBF9260>], 30: [<function expanding_mean at 0x000002C58F7A04A0>]}",lags_100_features_100,11.026782864618697,15.254581050434442,17.87178265288307,18.592843652802802,22.230279662337242,25.384424996916643,34.98964142076088,36.062730937846524,42.737957460237716,56.78208478876983,56.31118875914378
SGD_Ridge,AutoDifferences(max_diffs=380) | LocalStandardScaler(stats_=[[-2.09155811e-02  2.20585897e+01]]),"[1, 2, 3, 4, 5, 6, 7, 8, 9, 10, 11, 12, 13, 14, 15, 16, 17, 18, 19, 20, 21, 22, 23, 24, 25, 26, 27, 28, 29, 30, 31, 32, 33, 34, 35, 36, 37, 38, 39, 40, 41, 42, 43, 44, 45, 46, 47, 48, 49, 50, 51, 52, 53, 54, 55, 56, 57, 58, 59, 60, 61, 62, 63, 64, 65, 66, 67, 68, 69, 70, 71, 72, 73, 74, 75, 76, 77, 78, 79, 80, 81, 82, 83, 84, 85, 86, 87, 88, 89, 90, 91, 92, 93, 94, 95, 96, 97, 98, 99, 100]","{1: [<function rolling_mean_14 at 0x000002C5930FAA20>], 7: [<function rolling_mean_30 at 0x000002C58DBF9260>], 30: [<function expanding_mean at 0x000002C58F7A04A0>]}",lags_100_features_100,103.46000306616736,202.50704969925786,319.44798835269825,415.2519713478914,477.0359895141687,539.9866093411737,585.9937044787248,704.7952051944928,1084.6615374850894,1792.1822894934128,1831.4362752078423
SGDRegressor,AutoDifferences(max_diffs=380) | LocalStandardScaler(stats_=[[-2.09155811e-02  2.20585897e+01]]),"[1, 2, 3, 4, 5, 6, 7, 8, 9, 10, 11, 12, 13, 14, 15, 16, 17, 18, 19, 20, 21, 22, 23, 24, 25, 26, 27, 28, 29, 30, 31, 32, 33, 34, 35, 36, 37, 38, 39, 40, 41, 42, 43, 44, 45, 46, 47, 48, 49, 50, 51, 52, 53, 54, 55, 56, 57, 58, 59, 60, 61, 62, 63, 64, 65, 66, 67, 68, 69, 70, 71, 72, 73, 74, 75, 76, 77, 78, 79, 80, 81, 82, 83, 84, 85, 86, 87, 88, 89, 90, 91, 92, 93, 94, 95, 96, 97, 98, 99, 100]","{1: [<function rolling_mean_14 at 0x000002C5930FAA20>], 7: [<function rolling_mean_30 at 0x000002C58DBF9260>], 30: [<function expanding_mean at 0x000002C58F7A04A0>]}",lags_100_features_100,84.77802927694391,150.52437003855306,220.16958174791577,269.6001729053881,295.6689053350891,318.70400993105517,328.95164986440614,401.3915080672688,659.6944077027537,1152.0771279447417,1177.0557674409536
XGBRegressor,AutoDifferences(max_diffs=380) | LocalStandardScaler(stats_=[[-2.09155811e-02  2.20585897e+01]]),"[1, 2, 3, 4, 5, 6, 7, 8, 9, 10, 11, 12, 13, 14, 15, 16, 17, 18, 19, 20, 21, 22, 23, 24, 25, 26, 27, 28, 29, 30, 31, 32, 33, 34, 35, 36, 37, 38, 39, 40, 41, 42, 43, 44, 45, 46, 47, 48, 49, 50, 51, 52, 53, 54, 55, 56, 57, 58, 59, 60, 61, 62, 63, 64, 65, 66, 67, 68, 69, 70, 71, 72, 73, 74, 75, 76, 77, 78, 79, 80, 81, 82, 83, 84, 85, 86, 87, 88, 89, 90, 91, 92, 93, 94, 95, 96, 97, 98, 99, 100]","{1: [<function rolling_mean_14 at 0x000002C5930FAA20>], 7: [<function rolling_mean_30 at 0x000002C58DBF9260>], 30: [<function expanding_mean at 0x000002C58F7A04A0>]}",lags_100_features_100,20.90280079344112,20.914853073948038,21.716417892423728,25.063679969861063,32.076832498851765,50.41656083412899,53.083259551592796,114.32281410635747,326.10411328000055,613.186123333009,621.5812027466969
LGBMRegressor,AutoDifferences(max_diffs=380) | LocalStandardScaler(stats_=[[-2.09155811e-02  2.20585897e+01]]),"[1, 2, 3, 4, 5, 6, 7, 8, 9, 10, 11, 12, 13, 14, 15, 16, 17, 18, 19, 20, 21, 22, 23, 24, 25, 26, 27, 28, 29, 30, 31, 32, 33, 34, 35, 36, 37, 38, 39, 40, 41, 42, 43, 44, 45, 46, 47, 48, 49, 50, 51, 52, 53, 54, 55, 56, 57, 58, 59, 60, 61, 62, 63, 64, 65, 66, 67, 68, 69, 70, 71, 72, 73, 74, 75, 76, 77, 78, 79, 80, 81, 82, 83, 84, 85, 86, 87, 88, 89, 90, 91, 92, 93, 94, 95, 96, 97, 98, 99, 100]","{1: [<function rolling_mean_14 at 0x000002C5930FAA20>], 7: [<function rolling_mean_30 at 0x000002C58DBF9260>], 30: [<function expanding_mean at 0x000002C58F7A04A0>]}",lags_100_features_100,23.68993671424901,21.519313889023746,26.749757239601635,29.705151977907473,27.581534386906785,26.90141027042649,38.219396978466555,97.88850357745156,309.94380329071794,776.6090104195882,802.3767042162995
SGD_EarlyStopping,AutoDifferences(max_diffs=380) | LocalStandardScaler(stats_=[[-2.09155811e-02  2.20585897e+01]]),"[1, 2, 3, 4, 5, 6, 7, 8, 9, 10, 11, 12, 13, 14, 15, 16, 17, 18, 19, 20, 21, 22, 23, 24, 25, 26, 27, 28, 29, 30, 31, 32, 33, 34, 35, 36, 37, 38, 39, 40, 41, 42, 43, 44, 45, 46, 47, 48, 49, 50, 51, 52, 53, 54, 55, 56, 57, 58, 59, 60, 61, 62, 63, 64, 65, 66, 67, 68, 69, 70, 71, 72, 73, 74, 75, 76, 77, 78, 79, 80, 81, 82, 83, 84, 85, 86, 87, 88, 89, 90, 91, 92, 93, 94, 95, 96, 97, 98, 99, 100]","{7: [RollingMean(window_size=7)], 30: [RollingMean(window_size=30)], 60: [RollingMean(window_size=60)]}",lags_100_features_100,78.67662807714379,138.30717752941896,195.0314335013982,231.91645980522847,249.1450265353174,262.88159508411763,265.7933321272784,326.972018565192,550.037180041404,975.7943643142676,996.6489352887654
SGD_ElasticNet,AutoDifferences(max_diffs=380) | LocalStandardScaler(stats_=[[-2.09155811e-02  2.20585897e+01]]),"[1, 2, 3, 4, 5, 6, 7, 8, 9, 10, 11, 12, 13, 14, 15, 16, 17, 18, 19, 20, 21, 22, 23, 24, 25, 26, 27, 28, 29, 30, 31, 32, 33, 34, 35, 36, 37, 38, 39, 40, 41, 42, 43, 44, 45, 46, 47, 48, 49, 50, 51, 52, 53, 54, 55, 56, 57, 58, 59, 60, 61, 62, 63, 64, 65, 66, 67, 68, 69, 70, 71, 72, 73, 74, 75, 76, 77, 78, 79, 80, 81, 82, 83, 84, 85, 86, 87, 88, 89, 90, 91, 92, 93, 94, 95, 96, 97, 98, 99, 100]","{7: [RollingMean(window_size=7)], 30: [RollingMean(window_size=30)], 60: [RollingMean(window_size=60)]}",lags_100_features_100,37.319296937712956,54.32896412850897,88.93097412125356,114.06808982102166,127.08152303184772,143.67190300332848,147.71883886096063,176.49701699423704,286.00425843097526,483.44414467149653,494.23520095161876
SGD_Lasso,AutoDifferences(max_diffs=380) | LocalStandardScaler(stats_=[[-2.09155811e-02  2.20585897e+01]]),"[1, 2, 3, 4, 5, 6, 7, 8, 9, 10, 11, 12, 13, 14, 15, 16, 17, 18, 19, 20, 21, 22, 23, 24, 25, 26, 27, 28, 29, 30, 31, 32, 33, 34, 35, 36, 37, 38, 39, 40, 41, 42, 43, 44, 45, 46, 47, 48, 49, 50, 51, 52, 53, 54, 55, 56, 57, 58, 59, 60, 61, 62, 63, 64, 65, 66, 67, 68, 69, 70, 71, 72, 73, 74, 75, 76, 77, 78, 79, 80, 81, 82, 83, 84, 85, 86, 87, 88, 89, 90, 91, 92, 93, 94, 95, 96, 97, 98, 99, 100]","{7: [RollingMean(window_size=7)], 30: [RollingMean(window_size=30)], 60: [RollingMean(window_size=60)]}",lags_100_features_100,13.07569406463224,15.768346950480074,18.043816831781463,17.813189643506146,19.373791031989846,21.342609948308052,29.8995030166131,30.48735114876125,48.02877595949384,82.50407227502686,83.1002627242162
SGD_Ridge,AutoDifferences(max_diffs=380) | LocalStandardScaler(stats_=[[-2.09155811e-02  2.20585897e+01]]),"[1, 2, 3, 4, 5, 6, 7, 8, 9, 10, 11, 12, 13, 14, 15, 16, 17, 18, 19, 20, 21, 22, 23, 24, 25, 26, 27, 28, 29, 30, 31, 32, 33, 34, 35, 36, 37, 38, 39, 40, 41, 42, 43, 44, 45, 46, 47, 48, 49, 50, 51, 52, 53, 54, 55, 56, 57, 58, 59, 60, 61, 62, 63, 64, 65, 66, 67, 68, 69, 70, 71, 72, 73, 74, 75, 76, 77, 78, 79, 80, 81, 82, 83, 84, 85, 86, 87, 88, 89, 90, 91, 92, 93, 94, 95, 96, 97, 98, 99, 100]","{7: [RollingMean(window_size=7)], 30: [RollingMean(window_size=30)], 60: [RollingMean(window_size=60)]}",lags_100_features_100,28.121766167207046,42.01012344217986,74.26535908102542,100.14026820731996,115.57460287367374,135.31334749939327,144.9811687103594,173.1309689667677,270.43296191438844,439.72768176902787,449.51308613236574
SGDRegressor,AutoDifferences(max_diffs=380) | LocalStandardScaler(stats_=[[-2.09155811e-02  2.20585897e+01]]),"[1, 2, 3, 4, 5, 6, 7, 8, 9, 10, 11, 12, 13, 14, 15, 16, 17, 18, 19, 20, 21, 22, 23, 24, 25, 26, 27, 28, 29, 30, 31, 32, 33, 34, 35, 36, 37, 38, 39, 40, 41, 42, 43, 44, 45, 46, 47, 48, 49, 50, 51, 52, 53, 54, 55, 56, 57, 58, 59, 60, 61, 62, 63, 64, 65, 66, 67, 68, 69, 70, 71, 72, 73, 74, 75, 76, 77, 78, 79, 80, 81, 82, 83, 84, 85, 86, 87, 88, 89, 90, 91, 92, 93, 94, 95, 96, 97, 98, 99, 100]","{7: [RollingMean(window_size=7)], 30: [RollingMean(window_size=30)], 60: [RollingMean(window_size=60)]}",lags_100_features_100,41.08072392095342,60.674262107146404,97.95991212136539,124.36572391346378,137.5240275278779,154.0885467712712,157.1922459010085,187.39682968706998,304.5699022804761,517.9754830722766,529.5052370508312
XGBRegressor,AutoDifferences(max_diffs=380) | LocalStandardScaler(stats_=[[-2.09155811e-02  2.20585897e+01]]),"[1, 2, 3, 4, 5, 6, 7, 8, 9, 10, 11, 12, 13, 14, 15, 16, 17, 18, 19, 20, 21, 22, 23, 24, 25, 26, 27, 28, 29, 30, 31, 32, 33, 34, 35, 36, 37, 38, 39, 40, 41, 42, 43, 44, 45, 46, 47, 48, 49, 50, 51, 52, 53, 54, 55, 56, 57, 58, 59, 60, 61, 62, 63, 64, 65, 66, 67, 68, 69, 70, 71, 72, 73, 74, 75, 76, 77, 78, 79, 80, 81, 82, 83, 84, 85, 86, 87, 88, 89, 90, 91, 92, 93, 94, 95, 96, 97, 98, 99, 100]","{7: [RollingMean(window_size=7)], 30: [RollingMean(window_size=30)], 60: [RollingMean(window_size=60)]}",lags_100_features_100,79.98083030206934,96.80559230880245,153.09864348709402,203.77874627626724,232.73492221870802,261.72705912474555,282.7060741885198,444.3188600048109,979.9696094788914,1992.1266935717886,2042.931550448738
LGBMRegressor,AutoDifferences(max_diffs=380) | LocalStandardScaler(stats_=[[-2.09155811e-02  2.20585897e+01]]),"[1, 2, 3, 4, 5, 6, 7, 8, 9, 10, 11, 12, 13, 14, 15, 16, 17, 18, 19, 20, 21, 22, 23, 24, 25, 26, 27, 28, 29, 30, 31, 32, 33, 34, 35, 36, 37, 38, 39, 40, 41, 42, 43, 44, 45, 46, 47, 48, 49, 50, 51, 52, 53, 54, 55, 56, 57, 58, 59, 60, 61, 62, 63, 64, 65, 66, 67, 68, 69, 70, 71, 72, 73, 74, 75, 76, 77, 78, 79, 80, 81, 82, 83, 84, 85, 86, 87, 88, 89, 90, 91, 92, 93, 94, 95, 96, 97, 98, 99, 100]","{7: [RollingMean(window_size=7)], 30: [RollingMean(window_size=30)], 60: [RollingMean(window_size=60)]}",lags_100_features_100,22.56852309933558,30.76466158600855,29.57775155817633,26.418554871959294,25.32411225521063,27.97158991789972,55.62080640509587,158.45701824438362,482.57278417528494,1127.8806188776978,1155.8557459209712
SGD_EarlyStopping,AutoDifferences(max_diffs=380) | LocalStandardScaler(stats_=[[-2.09155811e-02  2.20585897e+01]]),"[1, 2, 3, 4, 5, 6, 7, 8, 9, 10, 11, 12, 13, 14, 15, 16, 17, 18, 19, 20, 21, 22, 23, 24, 25, 26, 27, 28, 29, 30, 31, 32, 33, 34, 35, 36, 37, 38, 39, 40, 41, 42, 43, 44, 45, 46, 47, 48, 49, 50, 51, 52, 53, 54, 55, 56, 57, 58, 59, 60, 61, 62, 63, 64, 65, 66, 67, 68, 69, 70, 71, 72, 73, 74, 75, 76, 77, 78, 79, 80, 81, 82, 83, 84, 85, 86, 87, 88, 89, 90, 91, 92, 93, 94, 95, 96, 97, 98, 99, 100]","{7: [RollingMean(window_size=7), RollingStd(window_size=7)], 30: [RollingMean(window_size=30)], 60: [ExpandingMean()], 14: [ExponentiallyWeightedMean(alpha=0.3)]}",lags_100_features_100,17.133402683501057,18.103641198606443,26.309206245541727,31.382920939570948,32.556305432742235,37.01432468497459,38.11015001758044,42.69006501034611,67.65070782342133,108.75387452087975,111.081037230121
SGD_ElasticNet,AutoDifferences(max_diffs=380) | LocalStandardScaler(stats_=[[-2.09155811e-02  2.20585897e+01]]),"[1, 2, 3, 4, 5, 6, 7, 8, 9, 10, 11, 12, 13, 14, 15, 16, 17, 18, 19, 20, 21, 22, 23, 24, 25, 26, 27, 28, 29, 30, 31, 32, 33, 34, 35, 36, 37, 38, 39, 40, 41, 42, 43, 44, 45, 46, 47, 48, 49, 50, 51, 52, 53, 54, 55, 56, 57, 58, 59, 60, 61, 62, 63, 64, 65, 66, 67, 68, 69, 70, 71, 72, 73, 74, 75, 76, 77, 78, 79, 80, 81, 82, 83, 84, 85, 86, 87, 88, 89, 90, 91, 92, 93, 94, 95, 96, 97, 98, 99, 100]","{7: [RollingMean(window_size=7), RollingStd(window_size=7)], 30: [RollingMean(window_size=30)], 60: [ExpandingMean()], 14: [ExponentiallyWeightedMean(alpha=0.3)]}",lags_100_features_100,56.57327074260472,102.20972259261846,148.4329967002011,182.85174017453113,202.60902974139466,219.80062890135508,230.50770481737484,280.5494339168923,452.01820038231426,781.0597884537277,798.0133917095566
SGD_Lasso,AutoDifferences(max_diffs=380) | LocalStandardScaler(stats_=[[-2.09155811e-02  2.20585897e+01]]),"[1, 2, 3, 4, 5, 6, 7, 8, 9, 10, 11, 12, 13, 14, 15, 16, 17, 18, 19, 20, 21, 22, 23, 24, 25, 26, 27, 28, 29, 30, 31, 32, 33, 34, 35, 36, 37, 38, 39, 40, 41, 42, 43, 44, 45, 46, 47, 48, 49, 50, 51, 52, 53, 54, 55, 56, 57, 58, 59, 60, 61, 62, 63, 64, 65, 66, 67, 68, 69, 70, 71, 72, 73, 74, 75, 76, 77, 78, 79, 80, 81, 82, 83, 84, 85, 86, 87, 88, 89, 90, 91, 92, 93, 94, 95, 96, 97, 98, 99, 100]","{7: [RollingMean(window_size=7), RollingStd(window_size=7)], 30: [RollingMean(window_size=30)], 60: [ExpandingMean()], 14: [ExponentiallyWeightedMean(alpha=0.3)]}",lags_100_features_100,11.026787505626091,15.254580804796921,17.871780685222276,18.592837189919056,22.230269153409196,25.384411901699767,34.98962663076208,36.062712815549965,42.7379634972258,56.78213712305856,56.31124355793033
SGD_Ridge,AutoDifferences(max_diffs=380) | LocalStandardScaler(stats_=[[-2.09155811e-02  2.20585897e+01]]),"[1, 2, 3, 4, 5, 6, 7, 8, 9, 10, 11, 12, 13, 14, 15, 16, 17, 18, 19, 20, 21, 22, 23, 24, 25, 26, 27, 28, 29, 30, 31, 32, 33, 34, 35, 36, 37, 38, 39, 40, 41, 42, 43, 44, 45, 46, 47, 48, 49, 50, 51, 52, 53, 54, 55, 56, 57, 58, 59, 60, 61, 62, 63, 64, 65, 66, 67, 68, 69, 70, 71, 72, 73, 74, 75, 76, 77, 78, 79, 80, 81, 82, 83, 84, 85, 86, 87, 88, 89, 90, 91, 92, 93, 94, 95, 96, 97, 98, 99, 100]","{7: [RollingMean(window_size=7), RollingStd(window_size=7)], 30: [RollingMean(window_size=30)], 60: [ExpandingMean()], 14: [ExponentiallyWeightedMean(alpha=0.3)]}",lags_100_features_100,105.58662989210117,208.4823084459553,330.26784234236004,429.8947593728089,494.00489969212265,559.3088833977149,606.928179477834,731.2723799038603,1129.2379199537145,1870.542233235325,1911.6008069023103
SGDRegressor,AutoDifferences(max_diffs=380) | LocalStandardScaler(stats_=[[-2.09155811e-02  2.20585897e+01]]),"[1, 2, 3, 4, 5, 6, 7, 8, 9, 10, 11, 12, 13, 14, 15, 16, 17, 18, 19, 20, 21, 22, 23, 24, 25, 26, 27, 28, 29, 30, 31, 32, 33, 34, 35, 36, 37, 38, 39, 40, 41, 42, 43, 44, 45, 46, 47, 48, 49, 50, 51, 52, 53, 54, 55, 56, 57, 58, 59, 60, 61, 62, 63, 64, 65, 66, 67, 68, 69, 70, 71, 72, 73, 74, 75, 76, 77, 78, 79, 80, 81, 82, 83, 84, 85, 86, 87, 88, 89, 90, 91, 92, 93, 94, 95, 96, 97, 98, 99, 100]","{7: [RollingMean(window_size=7), RollingStd(window_size=7)], 30: [RollingMean(window_size=30)], 60: [ExpandingMean()], 14: [ExponentiallyWeightedMean(alpha=0.3)]}",lags_100_features_100,83.58900822764521,148.21494634960277,216.90565790527862,266.163763688866,292.49888497017605,315.87020752470056,326.7434323209247,398.9590391947256,655.7238537609077,1145.7868460440575,1170.7257700993878
XGBRegressor,AutoDifferences(max_diffs=380) | LocalStandardScaler(stats_=[[-2.09155811e-02  2.20585897e+01]]),"[1, 2, 3, 4, 5, 6, 7, 8, 9, 10, 11, 12, 13, 14, 15, 16, 17, 18, 19, 20, 21, 22, 23, 24, 25, 26, 27, 28, 29, 30, 31, 32, 33, 34, 35, 36, 37, 38, 39, 40, 41, 42, 43, 44, 45, 46, 47, 48, 49, 50, 51, 52, 53, 54, 55, 56, 57, 58, 59, 60, 61, 62, 63, 64, 65, 66, 67, 68, 69, 70, 71, 72, 73, 74, 75, 76, 77, 78, 79, 80, 81, 82, 83, 84, 85, 86, 87, 88, 89, 90, 91, 92, 93, 94, 95, 96, 97, 98, 99, 100]","{7: [RollingMean(window_size=7), RollingStd(window_size=7)], 30: [RollingMean(window_size=30)], 60: [ExpandingMean()], 14: [ExponentiallyWeightedMean(alpha=0.3)]}",lags_100_features_100,48.14357621750125,73.06036242007744,139.20603320243066,203.46412236187086,244.21706348290928,281.1665352233828,301.10609288352623,423.80341767284096,851.1774848379471,1673.1380499062361,1713.5210252498996
LGBMRegressor,AutoDifferences(max_diffs=380) | LocalStandardScaler(stats_=[[-2.09155811e-02  2.20585897e+01]]),"[1, 2, 3, 4, 5, 6, 7, 8, 9, 10, 11, 12, 13, 14, 15, 16, 17, 18, 19, 20, 21, 22, 23, 24, 25, 26, 27, 28, 29, 30, 31, 32, 33, 34, 35, 36, 37, 38, 39, 40, 41, 42, 43, 44, 45, 46, 47, 48, 49, 50, 51, 52, 53, 54, 55, 56, 57, 58, 59, 60, 61, 62, 63, 64, 65, 66, 67, 68, 69, 70, 71, 72, 73, 74, 75, 76, 77, 78, 79, 80, 81, 82, 83, 84, 85, 86, 87, 88, 89, 90, 91, 92, 93, 94, 95, 96, 97, 98, 99, 100]","{7: [RollingMean(window_size=7), RollingStd(window_size=7)], 30: [RollingMean(window_size=30)], 60: [ExpandingMean()], 14: [ExponentiallyWeightedMean(alpha=0.3)]}",lags_100_features_100,41.77019423577584,50.400430235713536,94.40929207665026,143.30619078314817,186.30998840662477,231.83005120742033,261.7990458714466,353.01009065985,672.3530791849178,1287.6003424527676,1306.4045130858879
SGD_EarlyStopping,AutoDifferences(max_diffs=380) | LocalMinMaxScaler(stats_=[[-214.51499032  437.2315826 ]]),"[1, 2, 3, 4, 5, 6, 7, 8, 9, 10, 11, 12, 13, 14, 15, 16, 17, 18, 19, 20, 21, 22, 23, 24, 25, 26, 27, 28, 29, 30, 31, 32, 33, 34, 35, 36, 37, 38, 39, 40, 41, 42, 43, 44, 45, 46, 47, 48, 49, 50, 51, 52, 53, 54, 55, 56, 57, 58, 59, 60, 61, 62, 63, 64, 65, 66, 67, 68, 69, 70, 71, 72, 73, 74, 75, 76, 77, 78, 79, 80, 81, 82, 83, 84, 85, 86, 87, 88, 89, 90, 91, 92, 93, 94, 95, 96, 97, 98, 99, 100]","{1: [<function expanding_mean at 0x000002C58F7A04A0>], 7: [<function rolling_mean_14 at 0x000002C5930FAA20>], 30: [<function expanding_mean at 0x000002C58F7A04A0>]}",lags_100_features_100,577.7084677738228,1164.591100951193,2008.5419178433622,2793.910129212195,3371.1776211073006,4031.357622394637,4740.494769851623,7290.083561003594,15932.34398067795,34666.35113093511,35871.1801806809
SGD_ElasticNet,AutoDifferences(max_diffs=380) | LocalMinMaxScaler(stats_=[[-214.51499032  437.2315826 ]]),"[1, 2, 3, 4, 5, 6, 7, 8, 9, 10, 11, 12, 13, 14, 15, 16, 17, 18, 19, 20, 21, 22, 23, 24, 25, 26, 27, 28, 29, 30, 31, 32, 33, 34, 35, 36, 37, 38, 39, 40, 41, 42, 43, 44, 45, 46, 47, 48, 49, 50, 51, 52, 53, 54, 55, 56, 57, 58, 59, 60, 61, 62, 63, 64, 65, 66, 67, 68, 69, 70, 71, 72, 73, 74, 75, 76, 77, 78, 79, 80, 81, 82, 83, 84, 85, 86, 87, 88, 89, 90, 91, 92, 93, 94, 95, 96, 97, 98, 99, 100]","{1: [<function expanding_mean at 0x000002C58F7A04A0>], 7: [<function rolling_mean_14 at 0x000002C5930FAA20>], 30: [<function expanding_mean at 0x000002C58F7A04A0>]}",lags_100_features_100,123.88077029903629,263.5917235270202,492.48584738630575,721.2416736492157,901.773644656476,1117.2765634293555,1368.783152004289,2141.1201598213106,4586.956048018648,9512.257406880093,9810.646432241716
SGD_Lasso,AutoDifferences(max_diffs=380) | LocalMinMaxScaler(stats_=[[-214.51499032  437.2315826 ]]),"[1, 2, 3, 4, 5, 6, 7, 8, 9, 10, 11, 12, 13, 14, 15, 16, 17, 18, 19, 20, 21, 22, 23, 24, 25, 26, 27, 28, 29, 30, 31, 32, 33, 34, 35, 36, 37, 38, 39, 40, 41, 42, 43, 44, 45, 46, 47, 48, 49, 50, 51, 52, 53, 54, 55, 56, 57, 58, 59, 60, 61, 62, 63, 64, 65, 66, 67, 68, 69, 70, 71, 72, 73, 74, 75, 76, 77, 78, 79, 80, 81, 82, 83, 84, 85, 86, 87, 88, 89, 90, 91, 92, 93, 94, 95, 96, 97, 98, 99, 100]","{1: [<function expanding_mean at 0x000002C58F7A04A0>], 7: [<function rolling_mean_14 at 0x000002C5930FAA20>], 30: [<function expanding_mean at 0x000002C58F7A04A0>]}",lags_100_features_100,14.542627743369158,16.471824230044824,19.491248647362,19.138855643003218,19.32351151560607,20.361483141609206,27.73787766464448,29.112323666734824,54.47266934804188,102.86333436992439,104.2278621574318
SGD_Ridge,AutoDifferences(max_diffs=380) | LocalMinMaxScaler(stats_=[[-214.51499032  437.2315826 ]]),"[1, 2, 3, 4, 5, 6, 7, 8, 9, 10, 11, 12, 13, 14, 15, 16, 17, 18, 19, 20, 21, 22, 23, 24, 25, 26, 27, 28, 29, 30, 31, 32, 33, 34, 35, 36, 37, 38, 39, 40, 41, 42, 43, 44, 45, 46, 47, 48, 49, 50, 51, 52, 53, 54, 55, 56, 57, 58, 59, 60, 61, 62, 63, 64, 65, 66, 67, 68, 69, 70, 71, 72, 73, 74, 75, 76, 77, 78, 79, 80, 81, 82, 83, 84, 85, 86, 87, 88, 89, 90, 91, 92, 93, 94, 95, 96, 97, 98, 99, 100]","{1: [<function expanding_mean at 0x000002C58F7A04A0>], 7: [<function rolling_mean_14 at 0x000002C5930FAA20>], 30: [<function expanding_mean at 0x000002C58F7A04A0>]}",lags_100_features_100,300.84810273917583,463.14341327887087,547.1395815333323,494.307450785037,439.7454713955488,513.6755084206611,710.429922315878,821.418909133879,968.9998519103417,2564.2175982754716,2663.886136622535
SGDRegressor,AutoDifferences(max_diffs=380) | LocalMinMaxScaler(stats_=[[-214.51499032  437.2315826 ]]),"[1, 2, 3, 4, 5, 6, 7, 8, 9, 10, 11, 12, 13, 14, 15, 16, 17, 18, 19, 20, 21, 22, 23, 24, 25, 26, 27, 28, 29, 30, 31, 32, 33, 34, 35, 36, 37, 38, 39, 40, 41, 42, 43, 44, 45, 46, 47, 48, 49, 50, 51, 52, 53, 54, 55, 56, 57, 58, 59, 60, 61, 62, 63, 64, 65, 66, 67, 68, 69, 70, 71, 72, 73, 74, 75, 76, 77, 78, 79, 80, 81, 82, 83, 84, 85, 86, 87, 88, 89, 90, 91, 92, 93, 94, 95, 96, 97, 98, 99, 100]","{1: [<function expanding_mean at 0x000002C58F7A04A0>], 7: [<function rolling_mean_14 at 0x000002C5930FAA20>], 30: [<function expanding_mean at 0x000002C58F7A04A0>]}",lags_100_features_100,164.76400773618985,336.2636858192992,598.8024771396314,847.5165079696959,1033.369927860243,1249.694680018831,1486.2507716543885,2311.689408089486,5067.084801763556,10923.599761207448,11293.58250893255
XGBRegressor,AutoDifferences(max_diffs=380) | LocalMinMaxScaler(stats_=[[-214.51499032  437.2315826 ]]),"[1, 2, 3, 4, 5, 6, 7, 8, 9, 10, 11, 12, 13, 14, 15, 16, 17, 18, 19, 20, 21, 22, 23, 24, 25, 26, 27, 28, 29, 30, 31, 32, 33, 34, 35, 36, 37, 38, 39, 40, 41, 42, 43, 44, 45, 46, 47, 48, 49, 50, 51, 52, 53, 54, 55, 56, 57, 58, 59, 60, 61, 62, 63, 64, 65, 66, 67, 68, 69, 70, 71, 72, 73, 74, 75, 76, 77, 78, 79, 80, 81, 82, 83, 84, 85, 86, 87, 88, 89, 90, 91, 92, 93, 94, 95, 96, 97, 98, 99, 100]","{1: [<function expanding_mean at 0x000002C58F7A04A0>], 7: [<function rolling_mean_14 at 0x000002C5930FAA20>], 30: [<function expanding_mean at 0x000002C58F7A04A0>]}",lags_100_features_100,18.851178047749936,43.69760726564303,50.995083952344224,48.3577275903689,42.98761772266789,39.176241507690754,48.26064593270798,62.16650637650295,72.37811954442252,81.63557870349483,80.04601524554185
LGBMRegressor,AutoDifferences(max_diffs=380) | LocalMinMaxScaler(stats_=[[-214.51499032  437.2315826 ]]),"[1, 2, 3, 4, 5, 6, 7, 8, 9, 10, 11, 12, 13, 14, 15, 16, 17, 18, 19, 20, 21, 22, 23, 24, 25, 26, 27, 28, 29, 30, 31, 32, 33, 34, 35, 36, 37, 38, 39, 40, 41, 42, 43, 44, 45, 46, 47, 48, 49, 50, 51, 52, 53, 54, 55, 56, 57, 58, 59, 60, 61, 62, 63, 64, 65, 66, 67, 68, 69, 70, 71, 72, 73, 74, 75, 76, 77, 78, 79, 80, 81, 82, 83, 84, 85, 86, 87, 88, 89, 90, 91, 92, 93, 94, 95, 96, 97, 98, 99, 100]","{1: [<function expanding_mean at 0x000002C58F7A04A0>], 7: [<function rolling_mean_14 at 0x000002C5930FAA20>], 30: [<function expanding_mean at 0x000002C58F7A04A0>]}",lags_100_features_100,40.092969142511535,32.77020570138575,29.819794944607708,26.66548314718822,26.15999027190407,27.318887988670248,28.31881559678721,29.18262075359567,33.22998893302619,40.64269423350104,39.94285265402491
SGD_EarlyStopping,AutoDifferences(max_diffs=380) | LocalMinMaxScaler(stats_=[[-214.51499032  437.2315826 ]]),"[1, 2, 3, 4, 5, 6, 7, 8, 9, 10, 11, 12, 13, 14, 15, 16, 17, 18, 19, 20, 21, 22, 23, 24, 25, 26, 27, 28, 29, 30, 31, 32, 33, 34, 35, 36, 37, 38, 39, 40, 41, 42, 43, 44, 45, 46, 47, 48, 49, 50, 51, 52, 53, 54, 55, 56, 57, 58, 59, 60, 61, 62, 63, 64, 65, 66, 67, 68, 69, 70, 71, 72, 73, 74, 75, 76, 77, 78, 79, 80, 81, 82, 83, 84, 85, 86, 87, 88, 89, 90, 91, 92, 93, 94, 95, 96, 97, 98, 99, 100]","{1: [<function rolling_mean_14 at 0x000002C5930FAA20>], 7: [<function rolling_mean_30 at 0x000002C58DBF9260>], 30: [<function expanding_mean at 0x000002C58F7A04A0>]}",lags_100_features_100,579.1527137420557,1169.6936916158647,2020.4518313859762,2813.9311571551743,3398.7600778568385,4068.5407571669684,4792.3629866301035,7394.38415280982,16229.52404988176,35469.327661057636,36713.67527264205
SGD_ElasticNet,AutoDifferences(max_diffs=380) | LocalMinMaxScaler(stats_=[[-214.51499032  437.2315826 ]]),"[1, 2, 3, 4, 5, 6, 7, 8, 9, 10, 11, 12, 13, 14, 15, 16, 17, 18, 19, 20, 21, 22, 23, 24, 25, 26, 27, 28, 29, 30, 31, 32, 33, 34, 35, 36, 37, 38, 39, 40, 41, 42, 43, 44, 45, 46, 47, 48, 49, 50, 51, 52, 53, 54, 55, 56, 57, 58, 59, 60, 61, 62, 63, 64, 65, 66, 67, 68, 69, 70, 71, 72, 73, 74, 75, 76, 77, 78, 79, 80, 81, 82, 83, 84, 85, 86, 87, 88, 89, 90, 91, 92, 93, 94, 95, 96, 97, 98, 99, 100]","{1: [<function rolling_mean_14 at 0x000002C5930FAA20>], 7: [<function rolling_mean_30 at 0x000002C58DBF9260>], 30: [<function expanding_mean at 0x000002C58F7A04A0>]}",lags_100_features_100,124.24604688783948,264.92012545486,495.6731874724429,726.726786613186,909.4641265373266,1127.8231327473882,1383.8605262834285,2171.674978780735,4671.747264881283,9728.170419155756,10035.973477194868
SGD_Lasso,AutoDifferences(max_diffs=380) | LocalMinMaxScaler(stats_=[[-214.51499032  437.2315826 ]]),"[1, 2, 3, 4, 5, 6, 7, 8, 9, 10, 11, 12, 13, 14, 15, 16, 17, 18, 19, 20, 21, 22, 23, 24, 25, 26, 27, 28, 29, 30, 31, 32, 33, 34, 35, 36, 37, 38, 39, 40, 41, 42, 43, 44, 45, 46, 47, 48, 49, 50, 51, 52, 53, 54, 55, 56, 57, 58, 59, 60, 61, 62, 63, 64, 65, 66, 67, 68, 69, 70, 71, 72, 73, 74, 75, 76, 77, 78, 79, 80, 81, 82, 83, 84, 85, 86, 87, 88, 89, 90, 91, 92, 93, 94, 95, 96, 97, 98, 99, 100]","{1: [<function rolling_mean_14 at 0x000002C5930FAA20>], 7: [<function rolling_mean_30 at 0x000002C58DBF9260>], 30: [<function expanding_mean at 0x000002C58F7A04A0>]}",lags_100_features_100,14.542627743369158,16.471824230044824,19.491248647362,19.138855643003218,19.32351151560607,20.361483141609206,27.73787766464448,29.112323666734824,54.47266934804188,102.86333436992439,104.2278621574318
SGD_Ridge,AutoDifferences(max_diffs=380) | LocalMinMaxScaler(stats_=[[-214.51499032  437.2315826 ]]),"[1, 2, 3, 4, 5, 6, 7, 8, 9, 10, 11, 12, 13, 14, 15, 16, 17, 18, 19, 20, 21, 22, 23, 24, 25, 26, 27, 28, 29, 30, 31, 32, 33, 34, 35, 36, 37, 38, 39, 40, 41, 42, 43, 44, 45, 46, 47, 48, 49, 50, 51, 52, 53, 54, 55, 56, 57, 58, 59, 60, 61, 62, 63, 64, 65, 66, 67, 68, 69, 70, 71, 72, 73, 74, 75, 76, 77, 78, 79, 80, 81, 82, 83, 84, 85, 86, 87, 88, 89, 90, 91, 92, 93, 94, 95, 96, 97, 98, 99, 100]","{1: [<function rolling_mean_14 at 0x000002C5930FAA20>], 7: [<function rolling_mean_30 at 0x000002C58DBF9260>], 30: [<function expanding_mean at 0x000002C58F7A04A0>]}",lags_100_features_100,301.68456157660637,465.03899581828375,550.0718924312895,497.533090035311,442.2039568254733,516.1341405178447,714.2232948469748,828.2103665535731,973.3770059488945,2577.4709188074344,2678.4294083411046
SGDRegressor,AutoDifferences(max_diffs=380) | LocalMinMaxScaler(stats_=[[-214.51499032  437.2315826 ]]),"[1, 2, 3, 4, 5, 6, 7, 8, 9, 10, 11, 12, 13, 14, 15, 16, 17, 18, 19, 20, 21, 22, 23, 24, 25, 26, 27, 28, 29, 30, 31, 32, 33, 34, 35, 36, 37, 38, 39, 40, 41, 42, 43, 44, 45, 46, 47, 48, 49, 50, 51, 52, 53, 54, 55, 56, 57, 58, 59, 60, 61, 62, 63, 64, 65, 66, 67, 68, 69, 70, 71, 72, 73, 74, 75, 76, 77, 78, 79, 80, 81, 82, 83, 84, 85, 86, 87, 88, 89, 90, 91, 92, 93, 94, 95, 96, 97, 98, 99, 100]","{1: [<function rolling_mean_14 at 0x000002C5930FAA20>], 7: [<function rolling_mean_30 at 0x000002C58DBF9260>], 30: [<function expanding_mean at 0x000002C58F7A04A0>]}",lags_100_features_100,165.24736295311266,337.97752779391914,602.8105692382832,854.2610828389135,1042.6636458320202,1262.2239664535007,1503.7140660631972,2346.433115437075,5164.225391240555,11179.387345731397,11561.384346410654
XGBRegressor,AutoDifferences(max_diffs=380) | LocalMinMaxScaler(stats_=[[-214.51499032  437.2315826 ]]),"[1, 2, 3, 4, 5, 6, 7, 8, 9, 10, 11, 12, 13, 14, 15, 16, 17, 18, 19, 20, 21, 22, 23, 24, 25, 26, 27, 28, 29, 30, 31, 32, 33, 34, 35, 36, 37, 38, 39, 40, 41, 42, 43, 44, 45, 46, 47, 48, 49, 50, 51, 52, 53, 54, 55, 56, 57, 58, 59, 60, 61, 62, 63, 64, 65, 66, 67, 68, 69, 70, 71, 72, 73, 74, 75, 76, 77, 78, 79, 80, 81, 82, 83, 84, 85, 86, 87, 88, 89, 90, 91, 92, 93, 94, 95, 96, 97, 98, 99, 100]","{1: [<function rolling_mean_14 at 0x000002C5930FAA20>], 7: [<function rolling_mean_30 at 0x000002C58DBF9260>], 30: [<function expanding_mean at 0x000002C58F7A04A0>]}",lags_100_features_100,24.299277878120566,23.161849037066535,27.068825585945934,29.440982134542644,34.381777940116216,51.700094135663164,51.56206553034137,68.13807926964466,151.6384700861541,399.0394774608112,412.05128052592147
LGBMRegressor,AutoDifferences(max_diffs=380) | LocalMinMaxScaler(stats_=[[-214.51499032  437.2315826 ]]),"[1, 2, 3, 4, 5, 6, 7, 8, 9, 10, 11, 12, 13, 14, 15, 16, 17, 18, 19, 20, 21, 22, 23, 24, 25, 26, 27, 28, 29, 30, 31, 32, 33, 34, 35, 36, 37, 38, 39, 40, 41, 42, 43, 44, 45, 46, 47, 48, 49, 50, 51, 52, 53, 54, 55, 56, 57, 58, 59, 60, 61, 62, 63, 64, 65, 66, 67, 68, 69, 70, 71, 72, 73, 74, 75, 76, 77, 78, 79, 80, 81, 82, 83, 84, 85, 86, 87, 88, 89, 90, 91, 92, 93, 94, 95, 96, 97, 98, 99, 100]","{1: [<function rolling_mean_14 at 0x000002C5930FAA20>], 7: [<function rolling_mean_30 at 0x000002C58DBF9260>], 30: [<function expanding_mean at 0x000002C58F7A04A0>]}",lags_100_features_100,22.72330103226878,23.297616198824663,36.56037751090361,43.76599428338264,38.427255942016245,36.1833963904605,41.64174780208883,76.48340407596133,180.7721084830545,296.82873145478385,296.72566492720483
SGD_EarlyStopping,AutoDifferences(max_diffs=380) | LocalMinMaxScaler(stats_=[[-214.51499032  437.2315826 ]]),"[1, 2, 3, 4, 5, 6, 7, 8, 9, 10, 11, 12, 13, 14, 15, 16, 17, 18, 19, 20, 21, 22, 23, 24, 25, 26, 27, 28, 29, 30, 31, 32, 33, 34, 35, 36, 37, 38, 39, 40, 41, 42, 43, 44, 45, 46, 47, 48, 49, 50, 51, 52, 53, 54, 55, 56, 57, 58, 59, 60, 61, 62, 63, 64, 65, 66, 67, 68, 69, 70, 71, 72, 73, 74, 75, 76, 77, 78, 79, 80, 81, 82, 83, 84, 85, 86, 87, 88, 89, 90, 91, 92, 93, 94, 95, 96, 97, 98, 99, 100]","{7: [RollingMean(window_size=7)], 30: [RollingMean(window_size=30)], 60: [RollingMean(window_size=60)]}",lags_100_features_100,110.51626899927032,213.08814133730215,326.67927030845016,417.2554504877128,472.1090557437173,524.53936936055,559.5730542912147,773.8328363503846,1603.3566724223765,3569.2532032354043,3700.688596563062
SGD_ElasticNet,AutoDifferences(max_diffs=380) | LocalMinMaxScaler(stats_=[[-214.51499032  437.2315826 ]]),"[1, 2, 3, 4, 5, 6, 7, 8, 9, 10, 11, 12, 13, 14, 15, 16, 17, 18, 19, 20, 21, 22, 23, 24, 25, 26, 27, 28, 29, 30, 31, 32, 33, 34, 35, 36, 37, 38, 39, 40, 41, 42, 43, 44, 45, 46, 47, 48, 49, 50, 51, 52, 53, 54, 55, 56, 57, 58, 59, 60, 61, 62, 63, 64, 65, 66, 67, 68, 69, 70, 71, 72, 73, 74, 75, 76, 77, 78, 79, 80, 81, 82, 83, 84, 85, 86, 87, 88, 89, 90, 91, 92, 93, 94, 95, 96, 97, 98, 99, 100]","{7: [RollingMean(window_size=7)], 30: [RollingMean(window_size=30)], 60: [RollingMean(window_size=60)]}",lags_100_features_100,439.6327235146741,860.4401389936439,1402.870079609714,1870.9712298142113,2185.7681673110424,2523.821308064857,2831.064316278609,4154.811378345391,8855.420537205468,19245.26694663098,19909.2908917032
SGD_Lasso,AutoDifferences(max_diffs=380) | LocalMinMaxScaler(stats_=[[-214.51499032  437.2315826 ]]),"[1, 2, 3, 4, 5, 6, 7, 8, 9, 10, 11, 12, 13, 14, 15, 16, 17, 18, 19, 20, 21, 22, 23, 24, 25, 26, 27, 28, 29, 30, 31, 32, 33, 34, 35, 36, 37, 38, 39, 40, 41, 42, 43, 44, 45, 46, 47, 48, 49, 50, 51, 52, 53, 54, 55, 56, 57, 58, 59, 60, 61, 62, 63, 64, 65, 66, 67, 68, 69, 70, 71, 72, 73, 74, 75, 76, 77, 78, 79, 80, 81, 82, 83, 84, 85, 86, 87, 88, 89, 90, 91, 92, 93, 94, 95, 96, 97, 98, 99, 100]","{7: [RollingMean(window_size=7)], 30: [RollingMean(window_size=30)], 60: [RollingMean(window_size=60)]}",lags_100_features_100,12.243610066732632,15.490033923363333,17.757585429475064,17.647591064981103,20.104140633242846,22.552758796395892,31.622112469464675,32.134465196401116,45.31284745278636,71.5920310805062,71.73645711621982
SGD_Ridge,AutoDifferences(max_diffs=380) | LocalMinMaxScaler(stats_=[[-214.51499032  437.2315826 ]]),"[1, 2, 3, 4, 5, 6, 7, 8, 9, 10, 11, 12, 13, 14, 15, 16, 17, 18, 19, 20, 21, 22, 23, 24, 25, 26, 27, 28, 29, 30, 31, 32, 33, 34, 35, 36, 37, 38, 39, 40, 41, 42, 43, 44, 45, 46, 47, 48, 49, 50, 51, 52, 53, 54, 55, 56, 57, 58, 59, 60, 61, 62, 63, 64, 65, 66, 67, 68, 69, 70, 71, 72, 73, 74, 75, 76, 77, 78, 79, 80, 81, 82, 83, 84, 85, 86, 87, 88, 89, 90, 91, 92, 93, 94, 95, 96, 97, 98, 99, 100]","{7: [RollingMean(window_size=7)], 30: [RollingMean(window_size=30)], 60: [RollingMean(window_size=60)]}",lags_100_features_100,838.8359215024963,1495.0384650767298,2213.7414521207997,2680.595953321109,2868.3985866817247,3004.0491023592745,2893.951950017731,3811.3862997480296,7947.880815946873,17268.034310816212,17797.471574245734
SGDRegressor,AutoDifferences(max_diffs=380) | LocalMinMaxScaler(stats_=[[-214.51499032  437.2315826 ]]),"[1, 2, 3, 4, 5, 6, 7, 8, 9, 10, 11, 12, 13, 14, 15, 16, 17, 18, 19, 20, 21, 22, 23, 24, 25, 26, 27, 28, 29, 30, 31, 32, 33, 34, 35, 36, 37, 38, 39, 40, 41, 42, 43, 44, 45, 46, 47, 48, 49, 50, 51, 52, 53, 54, 55, 56, 57, 58, 59, 60, 61, 62, 63, 64, 65, 66, 67, 68, 69, 70, 71, 72, 73, 74, 75, 76, 77, 78, 79, 80, 81, 82, 83, 84, 85, 86, 87, 88, 89, 90, 91, 92, 93, 94, 95, 96, 97, 98, 99, 100]","{7: [RollingMean(window_size=7)], 30: [RollingMean(window_size=30)], 60: [RollingMean(window_size=60)]}",lags_100_features_100,465.14956879128704,922.7877007442376,1526.8515339230744,2063.2007193861923,2437.3056069168106,2848.108804186518,3251.623629029665,4846.807984247832,10408.4465271409,22654.199168617542,23442.883123407322
XGBRegressor,AutoDifferences(max_diffs=380) | LocalMinMaxScaler(stats_=[[-214.51499032  437.2315826 ]]),"[1, 2, 3, 4, 5, 6, 7, 8, 9, 10, 11, 12, 13, 14, 15, 16, 17, 18, 19, 20, 21, 22, 23, 24, 25, 26, 27, 28, 29, 30, 31, 32, 33, 34, 35, 36, 37, 38, 39, 40, 41, 42, 43, 44, 45, 46, 47, 48, 49, 50, 51, 52, 53, 54, 55, 56, 57, 58, 59, 60, 61, 62, 63, 64, 65, 66, 67, 68, 69, 70, 71, 72, 73, 74, 75, 76, 77, 78, 79, 80, 81, 82, 83, 84, 85, 86, 87, 88, 89, 90, 91, 92, 93, 94, 95, 96, 97, 98, 99, 100]","{7: [RollingMean(window_size=7)], 30: [RollingMean(window_size=30)], 60: [RollingMean(window_size=60)]}",lags_100_features_100,23.43833087371677,21.821029520745714,35.646588227217464,50.95147507061198,66.25682972760818,90.73680826506124,124.88955611897433,262.708750009919,681.5560401633948,1480.188868649206,1521.8154966981622
LGBMRegressor,AutoDifferences(max_diffs=380) | LocalMinMaxScaler(stats_=[[-214.51499032  437.2315826 ]]),"[1, 2, 3, 4, 5, 6, 7, 8, 9, 10, 11, 12, 13, 14, 15, 16, 17, 18, 19, 20, 21, 22, 23, 24, 25, 26, 27, 28, 29, 30, 31, 32, 33, 34, 35, 36, 37, 38, 39, 40, 41, 42, 43, 44, 45, 46, 47, 48, 49, 50, 51, 52, 53, 54, 55, 56, 57, 58, 59, 60, 61, 62, 63, 64, 65, 66, 67, 68, 69, 70, 71, 72, 73, 74, 75, 76, 77, 78, 79, 80, 81, 82, 83, 84, 85, 86, 87, 88, 89, 90, 91, 92, 93, 94, 95, 96, 97, 98, 99, 100]","{7: [RollingMean(window_size=7)], 30: [RollingMean(window_size=30)], 60: [RollingMean(window_size=60)]}",lags_100_features_100,29.1141263838674,35.951833109914645,51.62429223604585,64.34475453381206,73.3047718836734,96.39406449776821,146.71834879490524,246.40237820129448,535.1759837964765,1053.292449842821,1080.0498079630613
SGD_EarlyStopping,AutoDifferences(max_diffs=380) | LocalMinMaxScaler(stats_=[[-214.51499032  437.2315826 ]]),"[1, 2, 3, 4, 5, 6, 7, 8, 9, 10, 11, 12, 13, 14, 15, 16, 17, 18, 19, 20, 21, 22, 23, 24, 25, 26, 27, 28, 29, 30, 31, 32, 33, 34, 35, 36, 37, 38, 39, 40, 41, 42, 43, 44, 45, 46, 47, 48, 49, 50, 51, 52, 53, 54, 55, 56, 57, 58, 59, 60, 61, 62, 63, 64, 65, 66, 67, 68, 69, 70, 71, 72, 73, 74, 75, 76, 77, 78, 79, 80, 81, 82, 83, 84, 85, 86, 87, 88, 89, 90, 91, 92, 93, 94, 95, 96, 97, 98, 99, 100]","{7: [RollingMean(window_size=7), RollingStd(window_size=7)], 30: [RollingMean(window_size=30)], 60: [ExpandingMean()], 14: [ExponentiallyWeightedMean(alpha=0.3)]}",lags_100_features_100,580.9879354308034,1174.3341318681328,2029.825516555498,2828.004789927353,3416.4733756535975,4090.4703514513167,4819.369658831122,7438.90556718282,16333.307263489005,35706.79205025254,36960.18285096328
SGD_ElasticNet,AutoDifferences(max_diffs=380) | LocalMinMaxScaler(stats_=[[-214.51499032  437.2315826 ]]),"[1, 2, 3, 4, 5, 6, 7, 8, 9, 10, 11, 12, 13, 14, 15, 16, 17, 18, 19, 20, 21, 22, 23, 24, 25, 26, 27, 28, 29, 30, 31, 32, 33, 34, 35, 36, 37, 38, 39, 40, 41, 42, 43, 44, 45, 46, 47, 48, 49, 50, 51, 52, 53, 54, 55, 56, 57, 58, 59, 60, 61, 62, 63, 64, 65, 66, 67, 68, 69, 70, 71, 72, 73, 74, 75, 76, 77, 78, 79, 80, 81, 82, 83, 84, 85, 86, 87, 88, 89, 90, 91, 92, 93, 94, 95, 96, 97, 98, 99, 100]","{7: [RollingMean(window_size=7), RollingStd(window_size=7)], 30: [RollingMean(window_size=30)], 60: [ExpandingMean()], 14: [ExponentiallyWeightedMean(alpha=0.3)]}",lags_100_features_100,124.42876185962008,265.3239911152701,496.44663629038985,727.8316054833685,910.7775068278764,1129.3513871968232,1385.6410672460052,2175.134027539396,4681.466646441149,9753.354513791795,10062.242920242985
SGD_Lasso,AutoDifferences(max_diffs=380) | LocalMinMaxScaler(stats_=[[-214.51499032  437.2315826 ]]),"[1, 2, 3, 4, 5, 6, 7, 8, 9, 10, 11, 12, 13, 14, 15, 16, 17, 18, 19, 20, 21, 22, 23, 24, 25, 26, 27, 28, 29, 30, 31, 32, 33, 34, 35, 36, 37, 38, 39, 40, 41, 42, 43, 44, 45, 46, 47, 48, 49, 50, 51, 52, 53, 54, 55, 56, 57, 58, 59, 60, 61, 62, 63, 64, 65, 66, 67, 68, 69, 70, 71, 72, 73, 74, 75, 76, 77, 78, 79, 80, 81, 82, 83, 84, 85, 86, 87, 88, 89, 90, 91, 92, 93, 94, 95, 96, 97, 98, 99, 100]","{7: [RollingMean(window_size=7), RollingStd(window_size=7)], 30: [RollingMean(window_size=30)], 60: [ExpandingMean()], 14: [ExponentiallyWeightedMean(alpha=0.3)]}",lags_100_features_100,14.542627743369158,16.471824230044824,19.491248647362,19.138855643003218,19.32351151560607,20.361483141609206,27.73787766464448,29.112323666734824,54.47266934804188,102.86333436992439,104.2278621574318
SGD_Ridge,AutoDifferences(max_diffs=380) | LocalMinMaxScaler(stats_=[[-214.51499032  437.2315826 ]]),"[1, 2, 3, 4, 5, 6, 7, 8, 9, 10, 11, 12, 13, 14, 15, 16, 17, 18, 19, 20, 21, 22, 23, 24, 25, 26, 27, 28, 29, 30, 31, 32, 33, 34, 35, 36, 37, 38, 39, 40, 41, 42, 43, 44, 45, 46, 47, 48, 49, 50, 51, 52, 53, 54, 55, 56, 57, 58, 59, 60, 61, 62, 63, 64, 65, 66, 67, 68, 69, 70, 71, 72, 73, 74, 75, 76, 77, 78, 79, 80, 81, 82, 83, 84, 85, 86, 87, 88, 89, 90, 91, 92, 93, 94, 95, 96, 97, 98, 99, 100]","{7: [RollingMean(window_size=7), RollingStd(window_size=7)], 30: [RollingMean(window_size=30)], 60: [ExpandingMean()], 14: [ExponentiallyWeightedMean(alpha=0.3)]}",lags_100_features_100,299.1051047753548,461.261063076686,545.6597902029202,493.2286573797696,438.9144069502672,513.2649493884672,711.6678684697404,828.5574693336196,967.3008790559888,2552.3958741288475,2652.577053309009
SGDRegressor,AutoDifferences(max_diffs=380) | LocalMinMaxScaler(stats_=[[-214.51499032  437.2315826 ]]),"[1, 2, 3, 4, 5, 6, 7, 8, 9, 10, 11, 12, 13, 14, 15, 16, 17, 18, 19, 20, 21, 22, 23, 24, 25, 26, 27, 28, 29, 30, 31, 32, 33, 34, 35, 36, 37, 38, 39, 40, 41, 42, 43, 44, 45, 46, 47, 48, 49, 50, 51, 52, 53, 54, 55, 56, 57, 58, 59, 60, 61, 62, 63, 64, 65, 66, 67, 68, 69, 70, 71, 72, 73, 74, 75, 76, 77, 78, 79, 80, 81, 82, 83, 84, 85, 86, 87, 88, 89, 90, 91, 92, 93, 94, 95, 96, 97, 98, 99, 100]","{7: [RollingMean(window_size=7), RollingStd(window_size=7)], 30: [RollingMean(window_size=30)], 60: [ExpandingMean()], 14: [ExponentiallyWeightedMean(alpha=0.3)]}",lags_100_features_100,164.01945635985825,335.54441522575473,598.9170657019572,849.1193610241739,1036.6627179164348,1255.2810740365082,1495.9340190831829,2335.353593656135,5141.543006466415,11131.807370768473,11512.251647871948
XGBRegressor,AutoDifferences(max_diffs=380) | LocalMinMaxScaler(stats_=[[-214.51499032  437.2315826 ]]),"[1, 2, 3, 4, 5, 6, 7, 8, 9, 10, 11, 12, 13, 14, 15, 16, 17, 18, 19, 20, 21, 22, 23, 24, 25, 26, 27, 28, 29, 30, 31, 32, 33, 34, 35, 36, 37, 38, 39, 40, 41, 42, 43, 44, 45, 46, 47, 48, 49, 50, 51, 52, 53, 54, 55, 56, 57, 58, 59, 60, 61, 62, 63, 64, 65, 66, 67, 68, 69, 70, 71, 72, 73, 74, 75, 76, 77, 78, 79, 80, 81, 82, 83, 84, 85, 86, 87, 88, 89, 90, 91, 92, 93, 94, 95, 96, 97, 98, 99, 100]","{7: [RollingMean(window_size=7), RollingStd(window_size=7)], 30: [RollingMean(window_size=30)], 60: [ExpandingMean()], 14: [ExponentiallyWeightedMean(alpha=0.3)]}",lags_100_features_100,56.49866127369351,77.4788679437915,123.93714616469222,167.6429289914146,197.5533396494094,228.2829135297266,254.28989475517704,391.9325152489673,861.4120985966003,1774.8560314458819,1824.6020544511573
LGBMRegressor,AutoDifferences(max_diffs=380) | LocalMinMaxScaler(stats_=[[-214.51499032  437.2315826 ]]),"[1, 2, 3, 4, 5, 6, 7, 8, 9, 10, 11, 12, 13, 14, 15, 16, 17, 18, 19, 20, 21, 22, 23, 24, 25, 26, 27, 28, 29, 30, 31, 32, 33, 34, 35, 36, 37, 38, 39, 40, 41, 42, 43, 44, 45, 46, 47, 48, 49, 50, 51, 52, 53, 54, 55, 56, 57, 58, 59, 60, 61, 62, 63, 64, 65, 66, 67, 68, 69, 70, 71, 72, 73, 74, 75, 76, 77, 78, 79, 80, 81, 82, 83, 84, 85, 86, 87, 88, 89, 90, 91, 92, 93, 94, 95, 96, 97, 98, 99, 100]","{7: [RollingMean(window_size=7), RollingStd(window_size=7)], 30: [RollingMean(window_size=30)], 60: [ExpandingMean()], 14: [ExponentiallyWeightedMean(alpha=0.3)]}",lags_100_features_100,17.06108410047561,18.62732428158181,25.312032970858194,26.93230501679327,25.313953800034806,26.110027653802977,51.98368670802088,145.64220494024414,532.8604155788763,1267.876158313822,1312.975131283399
SGD_EarlyStopping,"AutoSeasonalDifferences(max_diffs=380, n_seasons=10, season_length=267) | LocalStandardScaler(stats_=[[47.42372721 38.3630083 ]])","[1, 2, 3, 4, 5, 6, 7, 8, 9, 10, 11, 12, 13, 14, 15, 16, 17, 18, 19, 20, 21, 22, 23, 24, 25, 26, 27, 28, 29, 30, 31, 32, 33, 34, 35, 36, 37, 38, 39, 40, 41, 42, 43, 44, 45, 46, 47, 48, 49, 50, 51, 52, 53, 54, 55, 56, 57, 58, 59, 60, 61, 62, 63, 64, 65, 66, 67, 68, 69, 70, 71, 72, 73, 74, 75, 76, 77, 78, 79, 80, 81, 82, 83, 84, 85, 86, 87, 88, 89, 90, 91, 92, 93, 94, 95, 96, 97, 98, 99, 100]","{1: [<function expanding_mean at 0x000002C58F7A04A0>], 7: [<function rolling_mean_14 at 0x000002C5930FAA20>], 30: [<function expanding_mean at 0x000002C58F7A04A0>]}",lags_100_features_100,20.53386532955941,20.851476059764078,34.84078239434323,44.68206684950384,48.68356003271593,55.28709405333968,54.27677883194371,51.60024946692901,48.054504364510564,51.83145721178762,53.81743687073395
SGD_ElasticNet,"AutoSeasonalDifferences(max_diffs=380, n_seasons=10, season_length=267) | LocalStandardScaler(stats_=[[47.42372721 38.3630083 ]])","[1, 2, 3, 4, 5, 6, 7, 8, 9, 10, 11, 12, 13, 14, 15, 16, 17, 18, 19, 20, 21, 22, 23, 24, 25, 26, 27, 28, 29, 30, 31, 32, 33, 34, 35, 36, 37, 38, 39, 40, 41, 42, 43, 44, 45, 46, 47, 48, 49, 50, 51, 52, 53, 54, 55, 56, 57, 58, 59, 60, 61, 62, 63, 64, 65, 66, 67, 68, 69, 70, 71, 72, 73, 74, 75, 76, 77, 78, 79, 80, 81, 82, 83, 84, 85, 86, 87, 88, 89, 90, 91, 92, 93, 94, 95, 96, 97, 98, 99, 100]","{1: [<function expanding_mean at 0x000002C58F7A04A0>], 7: [<function rolling_mean_14 at 0x000002C5930FAA20>], 30: [<function expanding_mean at 0x000002C58F7A04A0>]}",lags_100_features_100,78.53156907052833,104.85534619715082,140.92371108758076,149.1394984813156,139.4846443565308,130.53033030996522,108.50182038537051,99.45135672117483,101.86551630908451,148.85308731983363,149.7895999165604
SGD_Lasso,"AutoSeasonalDifferences(max_diffs=380, n_seasons=10, season_length=267) | LocalStandardScaler(stats_=[[47.42372721 38.3630083 ]])","[1, 2, 3, 4, 5, 6, 7, 8, 9, 10, 11, 12, 13, 14, 15, 16, 17, 18, 19, 20, 21, 22, 23, 24, 25, 26, 27, 28, 29, 30, 31, 32, 33, 34, 35, 36, 37, 38, 39, 40, 41, 42, 43, 44, 45, 46, 47, 48, 49, 50, 51, 52, 53, 54, 55, 56, 57, 58, 59, 60, 61, 62, 63, 64, 65, 66, 67, 68, 69, 70, 71, 72, 73, 74, 75, 76, 77, 78, 79, 80, 81, 82, 83, 84, 85, 86, 87, 88, 89, 90, 91, 92, 93, 94, 95, 96, 97, 98, 99, 100]","{1: [<function expanding_mean at 0x000002C58F7A04A0>], 7: [<function rolling_mean_14 at 0x000002C5930FAA20>], 30: [<function expanding_mean at 0x000002C58F7A04A0>]}",lags_100_features_100,126.27022389831983,110.39640289296923,108.65400193904877,97.26055210455668,81.90251203216886,72.37415052337143,65.05369755997908,58.86687285399381,75.79179404370709,102.62941796697535,102.1025904633343
SGD_Ridge,"AutoSeasonalDifferences(max_diffs=380, n_seasons=10, season_length=267) | LocalStandardScaler(stats_=[[47.42372721 38.3630083 ]])","[1, 2, 3, 4, 5, 6, 7, 8, 9, 10, 11, 12, 13, 14, 15, 16, 17, 18, 19, 20, 21, 22, 23, 24, 25, 26, 27, 28, 29, 30, 31, 32, 33, 34, 35, 36, 37, 38, 39, 40, 41, 42, 43, 44, 45, 46, 47, 48, 49, 50, 51, 52, 53, 54, 55, 56, 57, 58, 59, 60, 61, 62, 63, 64, 65, 66, 67, 68, 69, 70, 71, 72, 73, 74, 75, 76, 77, 78, 79, 80, 81, 82, 83, 84, 85, 86, 87, 88, 89, 90, 91, 92, 93, 94, 95, 96, 97, 98, 99, 100]","{1: [<function expanding_mean at 0x000002C58F7A04A0>], 7: [<function rolling_mean_14 at 0x000002C5930FAA20>], 30: [<function expanding_mean at 0x000002C58F7A04A0>]}",lags_100_features_100,35.89232146031706,38.02493976088621,51.39252681835267,55.53130326361715,52.47406099567008,51.74282254266285,47.58739339193769,43.86086056602218,49.401978814355616,71.46382513258683,72.62265703631576
SGDRegressor,"AutoSeasonalDifferences(max_diffs=380, n_seasons=10, season_length=267) | LocalStandardScaler(stats_=[[47.42372721 38.3630083 ]])","[1, 2, 3, 4, 5, 6, 7, 8, 9, 10, 11, 12, 13, 14, 15, 16, 17, 18, 19, 20, 21, 22, 23, 24, 25, 26, 27, 28, 29, 30, 31, 32, 33, 34, 35, 36, 37, 38, 39, 40, 41, 42, 43, 44, 45, 46, 47, 48, 49, 50, 51, 52, 53, 54, 55, 56, 57, 58, 59, 60, 61, 62, 63, 64, 65, 66, 67, 68, 69, 70, 71, 72, 73, 74, 75, 76, 77, 78, 79, 80, 81, 82, 83, 84, 85, 86, 87, 88, 89, 90, 91, 92, 93, 94, 95, 96, 97, 98, 99, 100]","{1: [<function expanding_mean at 0x000002C58F7A04A0>], 7: [<function rolling_mean_14 at 0x000002C5930FAA20>], 30: [<function expanding_mean at 0x000002C58F7A04A0>]}",lags_100_features_100,77.13365445876745,104.09394594459162,141.49762045364375,150.2932620526356,140.37297973639306,130.77173251691585,108.70823352659977,101.70117777082885,104.1985097078499,152.79640187183463,153.32206049669543
XGBRegressor,"AutoSeasonalDifferences(max_diffs=380, n_seasons=10, season_length=267) | LocalStandardScaler(stats_=[[47.42372721 38.3630083 ]])","[1, 2, 3, 4, 5, 6, 7, 8, 9, 10, 11, 12, 13, 14, 15, 16, 17, 18, 19, 20, 21, 22, 23, 24, 25, 26, 27, 28, 29, 30, 31, 32, 33, 34, 35, 36, 37, 38, 39, 40, 41, 42, 43, 44, 45, 46, 47, 48, 49, 50, 51, 52, 53, 54, 55, 56, 57, 58, 59, 60, 61, 62, 63, 64, 65, 66, 67, 68, 69, 70, 71, 72, 73, 74, 75, 76, 77, 78, 79, 80, 81, 82, 83, 84, 85, 86, 87, 88, 89, 90, 91, 92, 93, 94, 95, 96, 97, 98, 99, 100]","{1: [<function expanding_mean at 0x000002C58F7A04A0>], 7: [<function rolling_mean_14 at 0x000002C5930FAA20>], 30: [<function expanding_mean at 0x000002C58F7A04A0>]}",lags_100_features_100,21.124275896637414,24.564568080477606,25.114374687082357,24.522082560635265,27.147901833500153,29.260655148562208,37.38334584472258,38.4282861184897,40.57477736314728,44.10255931605847,43.32339834410862
LGBMRegressor,"AutoSeasonalDifferences(max_diffs=380, n_seasons=10, season_length=267) | LocalStandardScaler(stats_=[[47.42372721 38.3630083 ]])","[1, 2, 3, 4, 5, 6, 7, 8, 9, 10, 11, 12, 13, 14, 15, 16, 17, 18, 19, 20, 21, 22, 23, 24, 25, 26, 27, 28, 29, 30, 31, 32, 33, 34, 35, 36, 37, 38, 39, 40, 41, 42, 43, 44, 45, 46, 47, 48, 49, 50, 51, 52, 53, 54, 55, 56, 57, 58, 59, 60, 61, 62, 63, 64, 65, 66, 67, 68, 69, 70, 71, 72, 73, 74, 75, 76, 77, 78, 79, 80, 81, 82, 83, 84, 85, 86, 87, 88, 89, 90, 91, 92, 93, 94, 95, 96, 97, 98, 99, 100]","{1: [<function expanding_mean at 0x000002C58F7A04A0>], 7: [<function rolling_mean_14 at 0x000002C5930FAA20>], 30: [<function expanding_mean at 0x000002C58F7A04A0>]}",lags_100_features_100,12.177558338143452,20.612879725078344,22.8153505670083,23.20690179889053,23.86143683354738,23.824971047290262,28.950290018259032,36.51632526533729,45.57028229343017,48.969512405517165,48.18910577203473
SGD_EarlyStopping,"AutoSeasonalDifferences(max_diffs=380, n_seasons=10, season_length=267) | LocalStandardScaler(stats_=[[47.42372721 38.3630083 ]])","[1, 2, 3, 4, 5, 6, 7, 8, 9, 10, 11, 12, 13, 14, 15, 16, 17, 18, 19, 20, 21, 22, 23, 24, 25, 26, 27, 28, 29, 30, 31, 32, 33, 34, 35, 36, 37, 38, 39, 40, 41, 42, 43, 44, 45, 46, 47, 48, 49, 50, 51, 52, 53, 54, 55, 56, 57, 58, 59, 60, 61, 62, 63, 64, 65, 66, 67, 68, 69, 70, 71, 72, 73, 74, 75, 76, 77, 78, 79, 80, 81, 82, 83, 84, 85, 86, 87, 88, 89, 90, 91, 92, 93, 94, 95, 96, 97, 98, 99, 100]","{1: [<function rolling_mean_14 at 0x000002C5930FAA20>], 7: [<function rolling_mean_30 at 0x000002C58DBF9260>], 30: [<function expanding_mean at 0x000002C58F7A04A0>]}",lags_100_features_100,19.928913206175647,19.79845038010541,32.12303419844242,40.62914727757867,43.859326842775566,49.76856905733636,49.08672663666029,46.51002345887014,44.35718720299977,45.150070894164074,46.611123024027336
SGD_ElasticNet,"AutoSeasonalDifferences(max_diffs=380, n_seasons=10, season_length=267) | LocalStandardScaler(stats_=[[47.42372721 38.3630083 ]])","[1, 2, 3, 4, 5, 6, 7, 8, 9, 10, 11, 12, 13, 14, 15, 16, 17, 18, 19, 20, 21, 22, 23, 24, 25, 26, 27, 28, 29, 30, 31, 32, 33, 34, 35, 36, 37, 38, 39, 40, 41, 42, 43, 44, 45, 46, 47, 48, 49, 50, 51, 52, 53, 54, 55, 56, 57, 58, 59, 60, 61, 62, 63, 64, 65, 66, 67, 68, 69, 70, 71, 72, 73, 74, 75, 76, 77, 78, 79, 80, 81, 82, 83, 84, 85, 86, 87, 88, 89, 90, 91, 92, 93, 94, 95, 96, 97, 98, 99, 100]","{1: [<function rolling_mean_14 at 0x000002C5930FAA20>], 7: [<function rolling_mean_30 at 0x000002C58DBF9260>], 30: [<function expanding_mean at 0x000002C58F7A04A0>]}",lags_100_features_100,78.0489915389465,103.7784172534976,139.1568439682548,147.06079271679272,137.44447547352684,128.619804602313,107.03178462092792,98.2349362149313,100.64094904921761,146.6377984633428,147.59198795068514
SGD_Lasso,"AutoSeasonalDifferences(max_diffs=380, n_seasons=10, season_length=267) | LocalStandardScaler(stats_=[[47.42372721 38.3630083 ]])","[1, 2, 3, 4, 5, 6, 7, 8, 9, 10, 11, 12, 13, 14, 15, 16, 17, 18, 19, 20, 21, 22, 23, 24, 25, 26, 27, 28, 29, 30, 31, 32, 33, 34, 35, 36, 37, 38, 39, 40, 41, 42, 43, 44, 45, 46, 47, 48, 49, 50, 51, 52, 53, 54, 55, 56, 57, 58, 59, 60, 61, 62, 63, 64, 65, 66, 67, 68, 69, 70, 71, 72, 73, 74, 75, 76, 77, 78, 79, 80, 81, 82, 83, 84, 85, 86, 87, 88, 89, 90, 91, 92, 93, 94, 95, 96, 97, 98, 99, 100]","{1: [<function rolling_mean_14 at 0x000002C5930FAA20>], 7: [<function rolling_mean_30 at 0x000002C58DBF9260>], 30: [<function expanding_mean at 0x000002C58F7A04A0>]}",lags_100_features_100,126.27022270716756,110.39640178538144,108.65400084063346,97.26055106611979,81.90251112371452,72.37414973877722,65.05369703326733,58.86687240021086,75.79179343707003,102.6294171393617,102.1025896317183
SGD_Ridge,"AutoSeasonalDifferences(max_diffs=380, n_seasons=10, season_length=267) | LocalStandardScaler(stats_=[[47.42372721 38.3630083 ]])","[1, 2, 3, 4, 5, 6, 7, 8, 9, 10, 11, 12, 13, 14, 15, 16, 17, 18, 19, 20, 21, 22, 23, 24, 25, 26, 27, 28, 29, 30, 31, 32, 33, 34, 35, 36, 37, 38, 39, 40, 41, 42, 43, 44, 45, 46, 47, 48, 49, 50, 51, 52, 53, 54, 55, 56, 57, 58, 59, 60, 61, 62, 63, 64, 65, 66, 67, 68, 69, 70, 71, 72, 73, 74, 75, 76, 77, 78, 79, 80, 81, 82, 83, 84, 85, 86, 87, 88, 89, 90, 91, 92, 93, 94, 95, 96, 97, 98, 99, 100]","{1: [<function rolling_mean_14 at 0x000002C5930FAA20>], 7: [<function rolling_mean_30 at 0x000002C58DBF9260>], 30: [<function expanding_mean at 0x000002C58F7A04A0>]}",lags_100_features_100,35.63383700644313,37.675264755558764,50.927254556232725,55.02127343937031,51.982344812789826,51.29545415557295,47.25392635536003,43.59748509498428,48.96469218375197,70.62381338680483,71.772564925453
SGDRegressor,"AutoSeasonalDifferences(max_diffs=380, n_seasons=10, season_length=267) | LocalStandardScaler(stats_=[[47.42372721 38.3630083 ]])","[1, 2, 3, 4, 5, 6, 7, 8, 9, 10, 11, 12, 13, 14, 15, 16, 17, 18, 19, 20, 21, 22, 23, 24, 25, 26, 27, 28, 29, 30, 31, 32, 33, 34, 35, 36, 37, 38, 39, 40, 41, 42, 43, 44, 45, 46, 47, 48, 49, 50, 51, 52, 53, 54, 55, 56, 57, 58, 59, 60, 61, 62, 63, 64, 65, 66, 67, 68, 69, 70, 71, 72, 73, 74, 75, 76, 77, 78, 79, 80, 81, 82, 83, 84, 85, 86, 87, 88, 89, 90, 91, 92, 93, 94, 95, 96, 97, 98, 99, 100]","{1: [<function rolling_mean_14 at 0x000002C5930FAA20>], 7: [<function rolling_mean_30 at 0x000002C58DBF9260>], 30: [<function expanding_mean at 0x000002C58F7A04A0>]}",lags_100_features_100,76.12271157466019,102.47487799910961,139.34131805371743,148.10692922913356,138.44036777806502,129.1156918364438,107.45756186648043,100.73347227700833,102.85166337542702,150.63779743354812,151.21338482231317
XGBRegressor,"AutoSeasonalDifferences(max_diffs=380, n_seasons=10, season_length=267) | LocalStandardScaler(stats_=[[47.42372721 38.3630083 ]])","[1, 2, 3, 4, 5, 6, 7, 8, 9, 10, 11, 12, 13, 14, 15, 16, 17, 18, 19, 20, 21, 22, 23, 24, 25, 26, 27, 28, 29, 30, 31, 32, 33, 34, 35, 36, 37, 38, 39, 40, 41, 42, 43, 44, 45, 46, 47, 48, 49, 50, 51, 52, 53, 54, 55, 56, 57, 58, 59, 60, 61, 62, 63, 64, 65, 66, 67, 68, 69, 70, 71, 72, 73, 74, 75, 76, 77, 78, 79, 80, 81, 82, 83, 84, 85, 86, 87, 88, 89, 90, 91, 92, 93, 94, 95, 96, 97, 98, 99, 100]","{1: [<function rolling_mean_14 at 0x000002C5930FAA20>], 7: [<function rolling_mean_30 at 0x000002C58DBF9260>], 30: [<function expanding_mean at 0x000002C58F7A04A0>]}",lags_100_features_100,20.13414598306956,27.118592248155604,27.097363646864697,27.141350262660946,27.20891158438368,27.63404489411897,36.21674772561558,37.782022668507274,41.113879159746716,47.48705888998714,46.799401704437024
LGBMRegressor,"AutoSeasonalDifferences(max_diffs=380, n_seasons=10, season_length=267) | LocalStandardScaler(stats_=[[47.42372721 38.3630083 ]])","[1, 2, 3, 4, 5, 6, 7, 8, 9, 10, 11, 12, 13, 14, 15, 16, 17, 18, 19, 20, 21, 22, 23, 24, 25, 26, 27, 28, 29, 30, 31, 32, 33, 34, 35, 36, 37, 38, 39, 40, 41, 42, 43, 44, 45, 46, 47, 48, 49, 50, 51, 52, 53, 54, 55, 56, 57, 58, 59, 60, 61, 62, 63, 64, 65, 66, 67, 68, 69, 70, 71, 72, 73, 74, 75, 76, 77, 78, 79, 80, 81, 82, 83, 84, 85, 86, 87, 88, 89, 90, 91, 92, 93, 94, 95, 96, 97, 98, 99, 100]","{1: [<function rolling_mean_14 at 0x000002C5930FAA20>], 7: [<function rolling_mean_30 at 0x000002C58DBF9260>], 30: [<function expanding_mean at 0x000002C58F7A04A0>]}",lags_100_features_100,15.703455074293998,23.59949286788017,24.36983633115386,25.000208909564957,25.001251288173155,25.823483586626793,34.31162872316229,36.169950672090515,36.34289128210412,36.321965824529315,35.83987639951424
SGD_EarlyStopping,"AutoSeasonalDifferences(max_diffs=380, n_seasons=10, season_length=267) | LocalStandardScaler(stats_=[[47.42372721 38.3630083 ]])","[1, 2, 3, 4, 5, 6, 7, 8, 9, 10, 11, 12, 13, 14, 15, 16, 17, 18, 19, 20, 21, 22, 23, 24, 25, 26, 27, 28, 29, 30, 31, 32, 33, 34, 35, 36, 37, 38, 39, 40, 41, 42, 43, 44, 45, 46, 47, 48, 49, 50, 51, 52, 53, 54, 55, 56, 57, 58, 59, 60, 61, 62, 63, 64, 65, 66, 67, 68, 69, 70, 71, 72, 73, 74, 75, 76, 77, 78, 79, 80, 81, 82, 83, 84, 85, 86, 87, 88, 89, 90, 91, 92, 93, 94, 95, 96, 97, 98, 99, 100]","{7: [RollingMean(window_size=7)], 30: [RollingMean(window_size=30)], 60: [RollingMean(window_size=60)]}",lags_100_features_100,36.48299020027104,49.69022816687347,73.45626313168934,80.43945501891021,74.03931089230275,68.1486466807952,61.53763785487221,59.126717519748,63.44656294414239,97.34953818915277,97.45399185831928
SGD_ElasticNet,"AutoSeasonalDifferences(max_diffs=380, n_seasons=10, season_length=267) | LocalStandardScaler(stats_=[[47.42372721 38.3630083 ]])","[1, 2, 3, 4, 5, 6, 7, 8, 9, 10, 11, 12, 13, 14, 15, 16, 17, 18, 19, 20, 21, 22, 23, 24, 25, 26, 27, 28, 29, 30, 31, 32, 33, 34, 35, 36, 37, 38, 39, 40, 41, 42, 43, 44, 45, 46, 47, 48, 49, 50, 51, 52, 53, 54, 55, 56, 57, 58, 59, 60, 61, 62, 63, 64, 65, 66, 67, 68, 69, 70, 71, 72, 73, 74, 75, 76, 77, 78, 79, 80, 81, 82, 83, 84, 85, 86, 87, 88, 89, 90, 91, 92, 93, 94, 95, 96, 97, 98, 99, 100]","{7: [RollingMean(window_size=7)], 30: [RollingMean(window_size=30)], 60: [RollingMean(window_size=60)]}",lags_100_features_100,14.250945282681588,29.099423440477707,41.12700572700239,54.181309895797945,64.08932631602787,71.3021974717286,81.91683258759093,113.80636592831608,214.654908364741,454.8531056629874,471.8695520073842
SGD_Lasso,"AutoSeasonalDifferences(max_diffs=380, n_seasons=10, season_length=267) | LocalStandardScaler(stats_=[[47.42372721 38.3630083 ]])","[1, 2, 3, 4, 5, 6, 7, 8, 9, 10, 11, 12, 13, 14, 15, 16, 17, 18, 19, 20, 21, 22, 23, 24, 25, 26, 27, 28, 29, 30, 31, 32, 33, 34, 35, 36, 37, 38, 39, 40, 41, 42, 43, 44, 45, 46, 47, 48, 49, 50, 51, 52, 53, 54, 55, 56, 57, 58, 59, 60, 61, 62, 63, 64, 65, 66, 67, 68, 69, 70, 71, 72, 73, 74, 75, 76, 77, 78, 79, 80, 81, 82, 83, 84, 85, 86, 87, 88, 89, 90, 91, 92, 93, 94, 95, 96, 97, 98, 99, 100]","{7: [RollingMean(window_size=7)], 30: [RollingMean(window_size=30)], 60: [RollingMean(window_size=60)]}",lags_100_features_100,126.54000229935059,110.64725518885328,108.90277679789666,97.49574273378028,82.10826352829802,72.55184952705436,65.17298999748989,58.969647993351906,75.92918838408704,102.81686023815331,102.2909392096778
SGD_Ridge,"AutoSeasonalDifferences(max_diffs=380, n_seasons=10, season_length=267) | LocalStandardScaler(stats_=[[47.42372721 38.3630083 ]])","[1, 2, 3, 4, 5, 6, 7, 8, 9, 10, 11, 12, 13, 14, 15, 16, 17, 18, 19, 20, 21, 22, 23, 24, 25, 26, 27, 28, 29, 30, 31, 32, 33, 34, 35, 36, 37, 38, 39, 40, 41, 42, 43, 44, 45, 46, 47, 48, 49, 50, 51, 52, 53, 54, 55, 56, 57, 58, 59, 60, 61, 62, 63, 64, 65, 66, 67, 68, 69, 70, 71, 72, 73, 74, 75, 76, 77, 78, 79, 80, 81, 82, 83, 84, 85, 86, 87, 88, 89, 90, 91, 92, 93, 94, 95, 96, 97, 98, 99, 100]","{7: [RollingMean(window_size=7)], 30: [RollingMean(window_size=30)], 60: [RollingMean(window_size=60)]}",lags_100_features_100,11.931635679098676,15.42086206824008,18.510188322577584,19.173799110177132,18.562663415208984,19.11264010300255,26.970652961232634,33.46354438767437,33.71438125891558,42.05513650982839,42.193989352180864
SGDRegressor,"AutoSeasonalDifferences(max_diffs=380, n_seasons=10, season_length=267) | LocalStandardScaler(stats_=[[47.42372721 38.3630083 ]])","[1, 2, 3, 4, 5, 6, 7, 8, 9, 10, 11, 12, 13, 14, 15, 16, 17, 18, 19, 20, 21, 22, 23, 24, 25, 26, 27, 28, 29, 30, 31, 32, 33, 34, 35, 36, 37, 38, 39, 40, 41, 42, 43, 44, 45, 46, 47, 48, 49, 50, 51, 52, 53, 54, 55, 56, 57, 58, 59, 60, 61, 62, 63, 64, 65, 66, 67, 68, 69, 70, 71, 72, 73, 74, 75, 76, 77, 78, 79, 80, 81, 82, 83, 84, 85, 86, 87, 88, 89, 90, 91, 92, 93, 94, 95, 96, 97, 98, 99, 100]","{7: [RollingMean(window_size=7)], 30: [RollingMean(window_size=30)], 60: [RollingMean(window_size=60)]}",lags_100_features_100,14.79021597752096,30.859562180428142,44.745556836141205,59.152734468834964,69.79585060108765,77.72862004010436,88.87826723962037,123.27018833871246,232.03905214176865,488.0442020264212,505.97302686665734
XGBRegressor,"AutoSeasonalDifferences(max_diffs=380, n_seasons=10, season_length=267) | LocalStandardScaler(stats_=[[47.42372721 38.3630083 ]])","[1, 2, 3, 4, 5, 6, 7, 8, 9, 10, 11, 12, 13, 14, 15, 16, 17, 18, 19, 20, 21, 22, 23, 24, 25, 26, 27, 28, 29, 30, 31, 32, 33, 34, 35, 36, 37, 38, 39, 40, 41, 42, 43, 44, 45, 46, 47, 48, 49, 50, 51, 52, 53, 54, 55, 56, 57, 58, 59, 60, 61, 62, 63, 64, 65, 66, 67, 68, 69, 70, 71, 72, 73, 74, 75, 76, 77, 78, 79, 80, 81, 82, 83, 84, 85, 86, 87, 88, 89, 90, 91, 92, 93, 94, 95, 96, 97, 98, 99, 100]","{7: [RollingMean(window_size=7)], 30: [RollingMean(window_size=30)], 60: [RollingMean(window_size=60)]}",lags_100_features_100,14.581018567974228,23.40451617304427,24.436159048604683,26.50376357858819,26.545689691647134,26.740295205157256,35.4355907252279,40.48058199651544,40.06717629001841,38.12123993067898,37.569622082402134
LGBMRegressor,"AutoSeasonalDifferences(max_diffs=380, n_seasons=10, season_length=267) | LocalStandardScaler(stats_=[[47.42372721 38.3630083 ]])","[1, 2, 3, 4, 5, 6, 7, 8, 9, 10, 11, 12, 13, 14, 15, 16, 17, 18, 19, 20, 21, 22, 23, 24, 25, 26, 27, 28, 29, 30, 31, 32, 33, 34, 35, 36, 37, 38, 39, 40, 41, 42, 43, 44, 45, 46, 47, 48, 49, 50, 51, 52, 53, 54, 55, 56, 57, 58, 59, 60, 61, 62, 63, 64, 65, 66, 67, 68, 69, 70, 71, 72, 73, 74, 75, 76, 77, 78, 79, 80, 81, 82, 83, 84, 85, 86, 87, 88, 89, 90, 91, 92, 93, 94, 95, 96, 97, 98, 99, 100]","{7: [RollingMean(window_size=7)], 30: [RollingMean(window_size=30)], 60: [RollingMean(window_size=60)]}",lags_100_features_100,12.501808904263061,23.663771277956638,24.951441354344873,26.462710021684583,27.25456748721566,26.46052988860682,30.93944491320132,41.72423347662488,49.664783133661466,45.3464228772488,44.66619847730028
SGD_EarlyStopping,"AutoSeasonalDifferences(max_diffs=380, n_seasons=10, season_length=267) | LocalStandardScaler(stats_=[[47.42372721 38.3630083 ]])","[1, 2, 3, 4, 5, 6, 7, 8, 9, 10, 11, 12, 13, 14, 15, 16, 17, 18, 19, 20, 21, 22, 23, 24, 25, 26, 27, 28, 29, 30, 31, 32, 33, 34, 35, 36, 37, 38, 39, 40, 41, 42, 43, 44, 45, 46, 47, 48, 49, 50, 51, 52, 53, 54, 55, 56, 57, 58, 59, 60, 61, 62, 63, 64, 65, 66, 67, 68, 69, 70, 71, 72, 73, 74, 75, 76, 77, 78, 79, 80, 81, 82, 83, 84, 85, 86, 87, 88, 89, 90, 91, 92, 93, 94, 95, 96, 97, 98, 99, 100]","{7: [RollingMean(window_size=7), RollingStd(window_size=7)], 30: [RollingMean(window_size=30)], 60: [ExpandingMean()], 14: [ExponentiallyWeightedMean(alpha=0.3)]}",lags_100_features_100,19.950697041455307,19.841234121363243,32.33305542202801,41.074315664149374,44.53664123992996,50.73593250769724,50.17919842162903,47.80144783808994,44.86196559370134,45.96388428991096,47.52970329280897
SGD_ElasticNet,"AutoSeasonalDifferences(max_diffs=380, n_seasons=10, season_length=267) | LocalStandardScaler(stats_=[[47.42372721 38.3630083 ]])","[1, 2, 3, 4, 5, 6, 7, 8, 9, 10, 11, 12, 13, 14, 15, 16, 17, 18, 19, 20, 21, 22, 23, 24, 25, 26, 27, 28, 29, 30, 31, 32, 33, 34, 35, 36, 37, 38, 39, 40, 41, 42, 43, 44, 45, 46, 47, 48, 49, 50, 51, 52, 53, 54, 55, 56, 57, 58, 59, 60, 61, 62, 63, 64, 65, 66, 67, 68, 69, 70, 71, 72, 73, 74, 75, 76, 77, 78, 79, 80, 81, 82, 83, 84, 85, 86, 87, 88, 89, 90, 91, 92, 93, 94, 95, 96, 97, 98, 99, 100]","{7: [RollingMean(window_size=7), RollingStd(window_size=7)], 30: [RollingMean(window_size=30)], 60: [ExpandingMean()], 14: [ExponentiallyWeightedMean(alpha=0.3)]}",lags_100_features_100,77.88724014347994,103.77958365211495,139.36005278666158,147.36108609561987,137.75299941095227,128.9202812832725,107.27533756173793,98.64138167836562,100.90348620862974,146.9257650079296,147.86559891502412
SGD_Lasso,"AutoSeasonalDifferences(max_diffs=380, n_seasons=10, season_length=267) | LocalStandardScaler(stats_=[[47.42372721 38.3630083 ]])","[1, 2, 3, 4, 5, 6, 7, 8, 9, 10, 11, 12, 13, 14, 15, 16, 17, 18, 19, 20, 21, 22, 23, 24, 25, 26, 27, 28, 29, 30, 31, 32, 33, 34, 35, 36, 37, 38, 39, 40, 41, 42, 43, 44, 45, 46, 47, 48, 49, 50, 51, 52, 53, 54, 55, 56, 57, 58, 59, 60, 61, 62, 63, 64, 65, 66, 67, 68, 69, 70, 71, 72, 73, 74, 75, 76, 77, 78, 79, 80, 81, 82, 83, 84, 85, 86, 87, 88, 89, 90, 91, 92, 93, 94, 95, 96, 97, 98, 99, 100]","{7: [RollingMean(window_size=7), RollingStd(window_size=7)], 30: [RollingMean(window_size=30)], 60: [ExpandingMean()], 14: [ExponentiallyWeightedMean(alpha=0.3)]}",lags_100_features_100,126.27022059608635,110.39639982240152,108.65399889391001,97.26054922569624,81.90250951365931,72.37414834823954,65.05369609977517,58.86687159597054,75.79179236192608,102.62941567258063,102.10258815784383
SGD_Ridge,"AutoSeasonalDifferences(max_diffs=380, n_seasons=10, season_length=267) | LocalStandardScaler(stats_=[[47.42372721 38.3630083 ]])","[1, 2, 3, 4, 5, 6, 7, 8, 9, 10, 11, 12, 13, 14, 15, 16, 17, 18, 19, 20, 21, 22, 23, 24, 25, 26, 27, 28, 29, 30, 31, 32, 33, 34, 35, 36, 37, 38, 39, 40, 41, 42, 43, 44, 45, 46, 47, 48, 49, 50, 51, 52, 53, 54, 55, 56, 57, 58, 59, 60, 61, 62, 63, 64, 65, 66, 67, 68, 69, 70, 71, 72, 73, 74, 75, 76, 77, 78, 79, 80, 81, 82, 83, 84, 85, 86, 87, 88, 89, 90, 91, 92, 93, 94, 95, 96, 97, 98, 99, 100]","{7: [RollingMean(window_size=7), RollingStd(window_size=7)], 30: [RollingMean(window_size=30)], 60: [ExpandingMean()], 14: [ExponentiallyWeightedMean(alpha=0.3)]}",lags_100_features_100,35.45612112286881,36.8458830662744,49.027648789700606,52.22865330143074,48.65362172128886,47.679039741645276,44.64341370023035,41.67630255564481,46.26968399964363,66.136253544129,67.13793476871186
SGDRegressor,"AutoSeasonalDifferences(max_diffs=380, n_seasons=10, season_length=267) | LocalStandardScaler(stats_=[[47.42372721 38.3630083 ]])","[1, 2, 3, 4, 5, 6, 7, 8, 9, 10, 11, 12, 13, 14, 15, 16, 17, 18, 19, 20, 21, 22, 23, 24, 25, 26, 27, 28, 29, 30, 31, 32, 33, 34, 35, 36, 37, 38, 39, 40, 41, 42, 43, 44, 45, 46, 47, 48, 49, 50, 51, 52, 53, 54, 55, 56, 57, 58, 59, 60, 61, 62, 63, 64, 65, 66, 67, 68, 69, 70, 71, 72, 73, 74, 75, 76, 77, 78, 79, 80, 81, 82, 83, 84, 85, 86, 87, 88, 89, 90, 91, 92, 93, 94, 95, 96, 97, 98, 99, 100]","{7: [RollingMean(window_size=7), RollingStd(window_size=7)], 30: [RollingMean(window_size=30)], 60: [ExpandingMean()], 14: [ExponentiallyWeightedMean(alpha=0.3)]}",lags_100_features_100,76.12532926033315,102.48906668633633,139.40489986568525,148.21437798839133,138.58115499731696,129.29643935408254,107.61842727762388,101.0012632148773,102.98402469927663,150.70639573277768,151.28591877335018
XGBRegressor,"AutoSeasonalDifferences(max_diffs=380, n_seasons=10, season_length=267) | LocalStandardScaler(stats_=[[47.42372721 38.3630083 ]])","[1, 2, 3, 4, 5, 6, 7, 8, 9, 10, 11, 12, 13, 14, 15, 16, 17, 18, 19, 20, 21, 22, 23, 24, 25, 26, 27, 28, 29, 30, 31, 32, 33, 34, 35, 36, 37, 38, 39, 40, 41, 42, 43, 44, 45, 46, 47, 48, 49, 50, 51, 52, 53, 54, 55, 56, 57, 58, 59, 60, 61, 62, 63, 64, 65, 66, 67, 68, 69, 70, 71, 72, 73, 74, 75, 76, 77, 78, 79, 80, 81, 82, 83, 84, 85, 86, 87, 88, 89, 90, 91, 92, 93, 94, 95, 96, 97, 98, 99, 100]","{7: [RollingMean(window_size=7), RollingStd(window_size=7)], 30: [RollingMean(window_size=30)], 60: [ExpandingMean()], 14: [ExponentiallyWeightedMean(alpha=0.3)]}",lags_100_features_100,26.365966618668203,32.26740157129126,35.58649495789041,35.331148157955575,37.52309027221769,39.87946121518632,45.28875917294194,44.3293649064475,44.39331948203875,42.340508699974,42.20538279296653
LGBMRegressor,"AutoSeasonalDifferences(max_diffs=380, n_seasons=10, season_length=267) | LocalStandardScaler(stats_=[[47.42372721 38.3630083 ]])","[1, 2, 3, 4, 5, 6, 7, 8, 9, 10, 11, 12, 13, 14, 15, 16, 17, 18, 19, 20, 21, 22, 23, 24, 25, 26, 27, 28, 29, 30, 31, 32, 33, 34, 35, 36, 37, 38, 39, 40, 41, 42, 43, 44, 45, 46, 47, 48, 49, 50, 51, 52, 53, 54, 55, 56, 57, 58, 59, 60, 61, 62, 63, 64, 65, 66, 67, 68, 69, 70, 71, 72, 73, 74, 75, 76, 77, 78, 79, 80, 81, 82, 83, 84, 85, 86, 87, 88, 89, 90, 91, 92, 93, 94, 95, 96, 97, 98, 99, 100]","{7: [RollingMean(window_size=7), RollingStd(window_size=7)], 30: [RollingMean(window_size=30)], 60: [ExpandingMean()], 14: [ExponentiallyWeightedMean(alpha=0.3)]}",lags_100_features_100,12.437609462992825,20.871987095987514,22.188461622031898,22.33012023179034,23.018835588232076,23.15955247327189,26.33628640286263,35.457745317720985,39.55002032562307,37.43737919341271,36.858596458171306
SGD_EarlyStopping,"AutoSeasonalDifferences(max_diffs=380, n_seasons=10, season_length=267) | LocalMinMaxScaler(stats_=[[  5.11211699 325.92896936]])","[1, 2, 3, 4, 5, 6, 7, 8, 9, 10, 11, 12, 13, 14, 15, 16, 17, 18, 19, 20, 21, 22, 23, 24, 25, 26, 27, 28, 29, 30, 31, 32, 33, 34, 35, 36, 37, 38, 39, 40, 41, 42, 43, 44, 45, 46, 47, 48, 49, 50, 51, 52, 53, 54, 55, 56, 57, 58, 59, 60, 61, 62, 63, 64, 65, 66, 67, 68, 69, 70, 71, 72, 73, 74, 75, 76, 77, 78, 79, 80, 81, 82, 83, 84, 85, 86, 87, 88, 89, 90, 91, 92, 93, 94, 95, 96, 97, 98, 99, 100]","{1: [<function expanding_mean at 0x000002C58F7A04A0>], 7: [<function rolling_mean_14 at 0x000002C5930FAA20>], 30: [<function expanding_mean at 0x000002C58F7A04A0>]}",lags_100_features_100,14.4953942651547,22.573688065013428,22.0641681159149,20.891744496628814,20.034565392575303,22.043440952417505,25.088489232729984,25.852523362622314,26.366401885024022,27.88477576817467,28.750652473123147
SGD_ElasticNet,"AutoSeasonalDifferences(max_diffs=380, n_seasons=10, season_length=267) | LocalMinMaxScaler(stats_=[[  5.11211699 325.92896936]])","[1, 2, 3, 4, 5, 6, 7, 8, 9, 10, 11, 12, 13, 14, 15, 16, 17, 18, 19, 20, 21, 22, 23, 24, 25, 26, 27, 28, 29, 30, 31, 32, 33, 34, 35, 36, 37, 38, 39, 40, 41, 42, 43, 44, 45, 46, 47, 48, 49, 50, 51, 52, 53, 54, 55, 56, 57, 58, 59, 60, 61, 62, 63, 64, 65, 66, 67, 68, 69, 70, 71, 72, 73, 74, 75, 76, 77, 78, 79, 80, 81, 82, 83, 84, 85, 86, 87, 88, 89, 90, 91, 92, 93, 94, 95, 96, 97, 98, 99, 100]","{1: [<function expanding_mean at 0x000002C58F7A04A0>], 7: [<function rolling_mean_14 at 0x000002C5930FAA20>], 30: [<function expanding_mean at 0x000002C58F7A04A0>]}",lags_100_features_100,10.47515536510585,14.710390951019253,17.297402010638898,17.71865823677422,17.472199499500128,18.24353895561035,25.70749391816048,28.60904050066274,30.808803927843403,40.766544247728916,40.97328234532172
SGD_Lasso,"AutoSeasonalDifferences(max_diffs=380, n_seasons=10, season_length=267) | LocalMinMaxScaler(stats_=[[  5.11211699 325.92896936]])","[1, 2, 3, 4, 5, 6, 7, 8, 9, 10, 11, 12, 13, 14, 15, 16, 17, 18, 19, 20, 21, 22, 23, 24, 25, 26, 27, 28, 29, 30, 31, 32, 33, 34, 35, 36, 37, 38, 39, 40, 41, 42, 43, 44, 45, 46, 47, 48, 49, 50, 51, 52, 53, 54, 55, 56, 57, 58, 59, 60, 61, 62, 63, 64, 65, 66, 67, 68, 69, 70, 71, 72, 73, 74, 75, 76, 77, 78, 79, 80, 81, 82, 83, 84, 85, 86, 87, 88, 89, 90, 91, 92, 93, 94, 95, 96, 97, 98, 99, 100]","{1: [<function expanding_mean at 0x000002C58F7A04A0>], 7: [<function rolling_mean_14 at 0x000002C5930FAA20>], 30: [<function expanding_mean at 0x000002C58F7A04A0>]}",lags_100_features_100,126.19622156040455,110.32759213459902,108.58576103800202,97.19603746457139,81.84607277800711,72.32540628859388,65.02097470582294,58.83868082467267,75.75410569517513,102.57800107726767,102.0509249203569
SGD_Ridge,"AutoSeasonalDifferences(max_diffs=380, n_seasons=10, season_length=267) | LocalMinMaxScaler(stats_=[[  5.11211699 325.92896936]])","[1, 2, 3, 4, 5, 6, 7, 8, 9, 10, 11, 12, 13, 14, 15, 16, 17, 18, 19, 20, 21, 22, 23, 24, 25, 26, 27, 28, 29, 30, 31, 32, 33, 34, 35, 36, 37, 38, 39, 40, 41, 42, 43, 44, 45, 46, 47, 48, 49, 50, 51, 52, 53, 54, 55, 56, 57, 58, 59, 60, 61, 62, 63, 64, 65, 66, 67, 68, 69, 70, 71, 72, 73, 74, 75, 76, 77, 78, 79, 80, 81, 82, 83, 84, 85, 86, 87, 88, 89, 90, 91, 92, 93, 94, 95, 96, 97, 98, 99, 100]","{1: [<function expanding_mean at 0x000002C58F7A04A0>], 7: [<function rolling_mean_14 at 0x000002C5930FAA20>], 30: [<function expanding_mean at 0x000002C58F7A04A0>]}",lags_100_features_100,52.11933351153778,43.0453702683621,42.02248752927055,36.04633474403284,33.5939404152299,33.77890310899318,39.99444911595864,38.70180336799361,48.1870442520959,61.174679599927416,60.25275916750854
SGDRegressor,"AutoSeasonalDifferences(max_diffs=380, n_seasons=10, season_length=267) | LocalMinMaxScaler(stats_=[[  5.11211699 325.92896936]])","[1, 2, 3, 4, 5, 6, 7, 8, 9, 10, 11, 12, 13, 14, 15, 16, 17, 18, 19, 20, 21, 22, 23, 24, 25, 26, 27, 28, 29, 30, 31, 32, 33, 34, 35, 36, 37, 38, 39, 40, 41, 42, 43, 44, 45, 46, 47, 48, 49, 50, 51, 52, 53, 54, 55, 56, 57, 58, 59, 60, 61, 62, 63, 64, 65, 66, 67, 68, 69, 70, 71, 72, 73, 74, 75, 76, 77, 78, 79, 80, 81, 82, 83, 84, 85, 86, 87, 88, 89, 90, 91, 92, 93, 94, 95, 96, 97, 98, 99, 100]","{1: [<function expanding_mean at 0x000002C58F7A04A0>], 7: [<function rolling_mean_14 at 0x000002C5930FAA20>], 30: [<function expanding_mean at 0x000002C58F7A04A0>]}",lags_100_features_100,17.779789503624226,25.706501522292758,26.48884914213593,24.8389136197106,23.936013212248568,23.531409224392597,29.402292993174456,33.004450599362436,33.14481879880124,33.97595789019985,34.26135935074744
XGBRegressor,"AutoSeasonalDifferences(max_diffs=380, n_seasons=10, season_length=267) | LocalMinMaxScaler(stats_=[[  5.11211699 325.92896936]])","[1, 2, 3, 4, 5, 6, 7, 8, 9, 10, 11, 12, 13, 14, 15, 16, 17, 18, 19, 20, 21, 22, 23, 24, 25, 26, 27, 28, 29, 30, 31, 32, 33, 34, 35, 36, 37, 38, 39, 40, 41, 42, 43, 44, 45, 46, 47, 48, 49, 50, 51, 52, 53, 54, 55, 56, 57, 58, 59, 60, 61, 62, 63, 64, 65, 66, 67, 68, 69, 70, 71, 72, 73, 74, 75, 76, 77, 78, 79, 80, 81, 82, 83, 84, 85, 86, 87, 88, 89, 90, 91, 92, 93, 94, 95, 96, 97, 98, 99, 100]","{1: [<function expanding_mean at 0x000002C58F7A04A0>], 7: [<function rolling_mean_14 at 0x000002C5930FAA20>], 30: [<function expanding_mean at 0x000002C58F7A04A0>]}",lags_100_features_100,20.40800785341165,23.497705570718274,24.393115617948553,24.499918456251883,27.036558029295854,29.251415469792036,37.753594873237404,38.93298188203088,40.1905927826136,42.83757032375959,42.07754777674755
LGBMRegressor,"AutoSeasonalDifferences(max_diffs=380, n_seasons=10, season_length=267) | LocalMinMaxScaler(stats_=[[  5.11211699 325.92896936]])","[1, 2, 3, 4, 5, 6, 7, 8, 9, 10, 11, 12, 13, 14, 15, 16, 17, 18, 19, 20, 21, 22, 23, 24, 25, 26, 27, 28, 29, 30, 31, 32, 33, 34, 35, 36, 37, 38, 39, 40, 41, 42, 43, 44, 45, 46, 47, 48, 49, 50, 51, 52, 53, 54, 55, 56, 57, 58, 59, 60, 61, 62, 63, 64, 65, 66, 67, 68, 69, 70, 71, 72, 73, 74, 75, 76, 77, 78, 79, 80, 81, 82, 83, 84, 85, 86, 87, 88, 89, 90, 91, 92, 93, 94, 95, 96, 97, 98, 99, 100]","{1: [<function expanding_mean at 0x000002C58F7A04A0>], 7: [<function rolling_mean_14 at 0x000002C5930FAA20>], 30: [<function expanding_mean at 0x000002C58F7A04A0>]}",lags_100_features_100,11.616052194657673,20.533944895579424,22.651692502838202,21.90545810868404,22.344237338393043,22.70530085981933,29.44855877180192,35.11501921404699,39.82586654947893,38.07041329910524,37.82604719586371
SGD_EarlyStopping,"AutoSeasonalDifferences(max_diffs=380, n_seasons=10, season_length=267) | LocalMinMaxScaler(stats_=[[  5.11211699 325.92896936]])","[1, 2, 3, 4, 5, 6, 7, 8, 9, 10, 11, 12, 13, 14, 15, 16, 17, 18, 19, 20, 21, 22, 23, 24, 25, 26, 27, 28, 29, 30, 31, 32, 33, 34, 35, 36, 37, 38, 39, 40, 41, 42, 43, 44, 45, 46, 47, 48, 49, 50, 51, 52, 53, 54, 55, 56, 57, 58, 59, 60, 61, 62, 63, 64, 65, 66, 67, 68, 69, 70, 71, 72, 73, 74, 75, 76, 77, 78, 79, 80, 81, 82, 83, 84, 85, 86, 87, 88, 89, 90, 91, 92, 93, 94, 95, 96, 97, 98, 99, 100]","{1: [<function rolling_mean_14 at 0x000002C5930FAA20>], 7: [<function rolling_mean_30 at 0x000002C58DBF9260>], 30: [<function expanding_mean at 0x000002C58F7A04A0>]}",lags_100_features_100,14.747282603710152,22.922670590183863,22.448330919011582,21.04622432456729,20.106430639442248,21.98728049481297,25.062856745011526,25.835375527554937,26.336739597232935,27.764740783030216,28.575221204347027
SGD_ElasticNet,"AutoSeasonalDifferences(max_diffs=380, n_seasons=10, season_length=267) | LocalMinMaxScaler(stats_=[[  5.11211699 325.92896936]])","[1, 2, 3, 4, 5, 6, 7, 8, 9, 10, 11, 12, 13, 14, 15, 16, 17, 18, 19, 20, 21, 22, 23, 24, 25, 26, 27, 28, 29, 30, 31, 32, 33, 34, 35, 36, 37, 38, 39, 40, 41, 42, 43, 44, 45, 46, 47, 48, 49, 50, 51, 52, 53, 54, 55, 56, 57, 58, 59, 60, 61, 62, 63, 64, 65, 66, 67, 68, 69, 70, 71, 72, 73, 74, 75, 76, 77, 78, 79, 80, 81, 82, 83, 84, 85, 86, 87, 88, 89, 90, 91, 92, 93, 94, 95, 96, 97, 98, 99, 100]","{1: [<function rolling_mean_14 at 0x000002C5930FAA20>], 7: [<function rolling_mean_30 at 0x000002C58DBF9260>], 30: [<function expanding_mean at 0x000002C58F7A04A0>]}",lags_100_features_100,10.357242967939289,14.667828195254156,17.25845605926623,17.696147346290143,17.43793099938693,18.21448539689034,25.624490205149602,28.531458804975895,30.672849304098193,40.53362101558414,40.75578977151415
SGD_Lasso,"AutoSeasonalDifferences(max_diffs=380, n_seasons=10, season_length=267) | LocalMinMaxScaler(stats_=[[  5.11211699 325.92896936]])","[1, 2, 3, 4, 5, 6, 7, 8, 9, 10, 11, 12, 13, 14, 15, 16, 17, 18, 19, 20, 21, 22, 23, 24, 25, 26, 27, 28, 29, 30, 31, 32, 33, 34, 35, 36, 37, 38, 39, 40, 41, 42, 43, 44, 45, 46, 47, 48, 49, 50, 51, 52, 53, 54, 55, 56, 57, 58, 59, 60, 61, 62, 63, 64, 65, 66, 67, 68, 69, 70, 71, 72, 73, 74, 75, 76, 77, 78, 79, 80, 81, 82, 83, 84, 85, 86, 87, 88, 89, 90, 91, 92, 93, 94, 95, 96, 97, 98, 99, 100]","{1: [<function rolling_mean_14 at 0x000002C5930FAA20>], 7: [<function rolling_mean_30 at 0x000002C58DBF9260>], 30: [<function expanding_mean at 0x000002C58F7A04A0>]}",lags_100_features_100,126.19622156040455,110.32759213459902,108.58576103800202,97.19603746457139,81.84607277800711,72.32540628859388,65.02097470582294,58.83868082467267,75.75410569517513,102.57800107726767,102.0509249203569
SGD_Ridge,"AutoSeasonalDifferences(max_diffs=380, n_seasons=10, season_length=267) | LocalMinMaxScaler(stats_=[[  5.11211699 325.92896936]])","[1, 2, 3, 4, 5, 6, 7, 8, 9, 10, 11, 12, 13, 14, 15, 16, 17, 18, 19, 20, 21, 22, 23, 24, 25, 26, 27, 28, 29, 30, 31, 32, 33, 34, 35, 36, 37, 38, 39, 40, 41, 42, 43, 44, 45, 46, 47, 48, 49, 50, 51, 52, 53, 54, 55, 56, 57, 58, 59, 60, 61, 62, 63, 64, 65, 66, 67, 68, 69, 70, 71, 72, 73, 74, 75, 76, 77, 78, 79, 80, 81, 82, 83, 84, 85, 86, 87, 88, 89, 90, 91, 92, 93, 94, 95, 96, 97, 98, 99, 100]","{1: [<function rolling_mean_14 at 0x000002C5930FAA20>], 7: [<function rolling_mean_30 at 0x000002C58DBF9260>], 30: [<function expanding_mean at 0x000002C58F7A04A0>]}",lags_100_features_100,51.87101898730315,42.86715264830207,41.88432460937342,35.94586419966701,33.505087911860564,33.69428619563596,39.93287746436893,38.659676009059694,48.10784947032219,61.090171869056206,60.17193518811368
SGDRegressor,"AutoSeasonalDifferences(max_diffs=380, n_seasons=10, season_length=267) | LocalMinMaxScaler(stats_=[[  5.11211699 325.92896936]])","[1, 2, 3, 4, 5, 6, 7, 8, 9, 10, 11, 12, 13, 14, 15, 16, 17, 18, 19, 20, 21, 22, 23, 24, 25, 26, 27, 28, 29, 30, 31, 32, 33, 34, 35, 36, 37, 38, 39, 40, 41, 42, 43, 44, 45, 46, 47, 48, 49, 50, 51, 52, 53, 54, 55, 56, 57, 58, 59, 60, 61, 62, 63, 64, 65, 66, 67, 68, 69, 70, 71, 72, 73, 74, 75, 76, 77, 78, 79, 80, 81, 82, 83, 84, 85, 86, 87, 88, 89, 90, 91, 92, 93, 94, 95, 96, 97, 98, 99, 100]","{1: [<function rolling_mean_14 at 0x000002C5930FAA20>], 7: [<function rolling_mean_30 at 0x000002C58DBF9260>], 30: [<function expanding_mean at 0x000002C58F7A04A0>]}",lags_100_features_100,18.091300707735876,26.067734189001023,26.825170878039845,25.141500587181003,24.177159102905073,23.724382222908957,29.476864497757404,33.06420837274762,33.33720332527803,33.9723250059402,34.26316326155509
XGBRegressor,"AutoSeasonalDifferences(max_diffs=380, n_seasons=10, season_length=267) | LocalMinMaxScaler(stats_=[[  5.11211699 325.92896936]])","[1, 2, 3, 4, 5, 6, 7, 8, 9, 10, 11, 12, 13, 14, 15, 16, 17, 18, 19, 20, 21, 22, 23, 24, 25, 26, 27, 28, 29, 30, 31, 32, 33, 34, 35, 36, 37, 38, 39, 40, 41, 42, 43, 44, 45, 46, 47, 48, 49, 50, 51, 52, 53, 54, 55, 56, 57, 58, 59, 60, 61, 62, 63, 64, 65, 66, 67, 68, 69, 70, 71, 72, 73, 74, 75, 76, 77, 78, 79, 80, 81, 82, 83, 84, 85, 86, 87, 88, 89, 90, 91, 92, 93, 94, 95, 96, 97, 98, 99, 100]","{1: [<function rolling_mean_14 at 0x000002C5930FAA20>], 7: [<function rolling_mean_30 at 0x000002C58DBF9260>], 30: [<function expanding_mean at 0x000002C58F7A04A0>]}",lags_100_features_100,19.73718144008255,26.706738151080323,26.983530120910444,26.278023367805943,26.898747922466253,27.969361626277035,36.17788448547208,37.563969852656854,41.02397334632252,47.0912606628916,46.37817481030428
LGBMRegressor,"AutoSeasonalDifferences(max_diffs=380, n_seasons=10, season_length=267) | LocalMinMaxScaler(stats_=[[  5.11211699 325.92896936]])","[1, 2, 3, 4, 5, 6, 7, 8, 9, 10, 11, 12, 13, 14, 15, 16, 17, 18, 19, 20, 21, 22, 23, 24, 25, 26, 27, 28, 29, 30, 31, 32, 33, 34, 35, 36, 37, 38, 39, 40, 41, 42, 43, 44, 45, 46, 47, 48, 49, 50, 51, 52, 53, 54, 55, 56, 57, 58, 59, 60, 61, 62, 63, 64, 65, 66, 67, 68, 69, 70, 71, 72, 73, 74, 75, 76, 77, 78, 79, 80, 81, 82, 83, 84, 85, 86, 87, 88, 89, 90, 91, 92, 93, 94, 95, 96, 97, 98, 99, 100]","{1: [<function rolling_mean_14 at 0x000002C5930FAA20>], 7: [<function rolling_mean_30 at 0x000002C58DBF9260>], 30: [<function expanding_mean at 0x000002C58F7A04A0>]}",lags_100_features_100,12.271578009710796,23.068493021867145,23.81865832102512,24.70192530780365,26.129604220129515,26.841324535810834,29.51738922545128,41.07482211770654,48.997807201266866,44.6442122581728,43.84072472207828
SGD_EarlyStopping,"AutoSeasonalDifferences(max_diffs=380, n_seasons=10, season_length=267) | LocalMinMaxScaler(stats_=[[  5.11211699 325.92896936]])","[1, 2, 3, 4, 5, 6, 7, 8, 9, 10, 11, 12, 13, 14, 15, 16, 17, 18, 19, 20, 21, 22, 23, 24, 25, 26, 27, 28, 29, 30, 31, 32, 33, 34, 35, 36, 37, 38, 39, 40, 41, 42, 43, 44, 45, 46, 47, 48, 49, 50, 51, 52, 53, 54, 55, 56, 57, 58, 59, 60, 61, 62, 63, 64, 65, 66, 67, 68, 69, 70, 71, 72, 73, 74, 75, 76, 77, 78, 79, 80, 81, 82, 83, 84, 85, 86, 87, 88, 89, 90, 91, 92, 93, 94, 95, 96, 97, 98, 99, 100]","{7: [RollingMean(window_size=7)], 30: [RollingMean(window_size=30)], 60: [RollingMean(window_size=60)]}",lags_100_features_100,22.630979323106256,30.66095179036793,30.031077345299057,27.129157866850807,24.983892778239085,24.92484778484775,28.115966343589676,29.461633506573083,32.66775234567935,34.72163432479688,35.56375053411359
SGD_ElasticNet,"AutoSeasonalDifferences(max_diffs=380, n_seasons=10, season_length=267) | LocalMinMaxScaler(stats_=[[  5.11211699 325.92896936]])","[1, 2, 3, 4, 5, 6, 7, 8, 9, 10, 11, 12, 13, 14, 15, 16, 17, 18, 19, 20, 21, 22, 23, 24, 25, 26, 27, 28, 29, 30, 31, 32, 33, 34, 35, 36, 37, 38, 39, 40, 41, 42, 43, 44, 45, 46, 47, 48, 49, 50, 51, 52, 53, 54, 55, 56, 57, 58, 59, 60, 61, 62, 63, 64, 65, 66, 67, 68, 69, 70, 71, 72, 73, 74, 75, 76, 77, 78, 79, 80, 81, 82, 83, 84, 85, 86, 87, 88, 89, 90, 91, 92, 93, 94, 95, 96, 97, 98, 99, 100]","{7: [RollingMean(window_size=7)], 30: [RollingMean(window_size=30)], 60: [RollingMean(window_size=60)]}",lags_100_features_100,15.062242762005448,16.857372413839986,23.431339483003807,25.286842204058097,23.476004467389224,23.803601674260413,28.45670662085631,29.806994062283803,33.34498771179372,49.05915808355667,49.646083030723986
SGD_Lasso,"AutoSeasonalDifferences(max_diffs=380, n_seasons=10, season_length=267) | LocalMinMaxScaler(stats_=[[  5.11211699 325.92896936]])","[1, 2, 3, 4, 5, 6, 7, 8, 9, 10, 11, 12, 13, 14, 15, 16, 17, 18, 19, 20, 21, 22, 23, 24, 25, 26, 27, 28, 29, 30, 31, 32, 33, 34, 35, 36, 37, 38, 39, 40, 41, 42, 43, 44, 45, 46, 47, 48, 49, 50, 51, 52, 53, 54, 55, 56, 57, 58, 59, 60, 61, 62, 63, 64, 65, 66, 67, 68, 69, 70, 71, 72, 73, 74, 75, 76, 77, 78, 79, 80, 81, 82, 83, 84, 85, 86, 87, 88, 89, 90, 91, 92, 93, 94, 95, 96, 97, 98, 99, 100]","{7: [RollingMean(window_size=7)], 30: [RollingMean(window_size=30)], 60: [RollingMean(window_size=60)]}",lags_100_features_100,127.80983377302874,111.82800257018886,110.07374580215313,98.60277154765576,83.0767240297427,73.38826855413618,65.73449266465758,59.455672680400085,76.57778566716006,103.70055776432314,103.17886329051593
SGD_Ridge,"AutoSeasonalDifferences(max_diffs=380, n_seasons=10, season_length=267) | LocalMinMaxScaler(stats_=[[  5.11211699 325.92896936]])","[1, 2, 3, 4, 5, 6, 7, 8, 9, 10, 11, 12, 13, 14, 15, 16, 17, 18, 19, 20, 21, 22, 23, 24, 25, 26, 27, 28, 29, 30, 31, 32, 33, 34, 35, 36, 37, 38, 39, 40, 41, 42, 43, 44, 45, 46, 47, 48, 49, 50, 51, 52, 53, 54, 55, 56, 57, 58, 59, 60, 61, 62, 63, 64, 65, 66, 67, 68, 69, 70, 71, 72, 73, 74, 75, 76, 77, 78, 79, 80, 81, 82, 83, 84, 85, 86, 87, 88, 89, 90, 91, 92, 93, 94, 95, 96, 97, 98, 99, 100]","{7: [RollingMean(window_size=7)], 30: [RollingMean(window_size=30)], 60: [RollingMean(window_size=60)]}",lags_100_features_100,63.11391548534401,54.83933895042238,56.40768503142457,49.84253430664756,43.04281963345918,40.01559670363051,43.301958151892414,41.288333385027975,51.32635169313252,68.89313038205161,68.35084919485628
SGDRegressor,"AutoSeasonalDifferences(max_diffs=380, n_seasons=10, season_length=267) | LocalMinMaxScaler(stats_=[[  5.11211699 325.92896936]])","[1, 2, 3, 4, 5, 6, 7, 8, 9, 10, 11, 12, 13, 14, 15, 16, 17, 18, 19, 20, 21, 22, 23, 24, 25, 26, 27, 28, 29, 30, 31, 32, 33, 34, 35, 36, 37, 38, 39, 40, 41, 42, 43, 44, 45, 46, 47, 48, 49, 50, 51, 52, 53, 54, 55, 56, 57, 58, 59, 60, 61, 62, 63, 64, 65, 66, 67, 68, 69, 70, 71, 72, 73, 74, 75, 76, 77, 78, 79, 80, 81, 82, 83, 84, 85, 86, 87, 88, 89, 90, 91, 92, 93, 94, 95, 96, 97, 98, 99, 100]","{7: [RollingMean(window_size=7)], 30: [RollingMean(window_size=30)], 60: [RollingMean(window_size=60)]}",lags_100_features_100,11.154032516646836,18.262201417130484,19.067386568325766,18.58306066728617,17.948644749468944,18.77435833026637,24.998433483160593,27.239281300152278,28.87667633324364,38.45905342270214,39.027627924659036
XGBRegressor,"AutoSeasonalDifferences(max_diffs=380, n_seasons=10, season_length=267) | LocalMinMaxScaler(stats_=[[  5.11211699 325.92896936]])","[1, 2, 3, 4, 5, 6, 7, 8, 9, 10, 11, 12, 13, 14, 15, 16, 17, 18, 19, 20, 21, 22, 23, 24, 25, 26, 27, 28, 29, 30, 31, 32, 33, 34, 35, 36, 37, 38, 39, 40, 41, 42, 43, 44, 45, 46, 47, 48, 49, 50, 51, 52, 53, 54, 55, 56, 57, 58, 59, 60, 61, 62, 63, 64, 65, 66, 67, 68, 69, 70, 71, 72, 73, 74, 75, 76, 77, 78, 79, 80, 81, 82, 83, 84, 85, 86, 87, 88, 89, 90, 91, 92, 93, 94, 95, 96, 97, 98, 99, 100]","{7: [RollingMean(window_size=7)], 30: [RollingMean(window_size=30)], 60: [RollingMean(window_size=60)]}",lags_100_features_100,17.880756721941207,26.266897035434667,27.338733943381982,28.86206544556231,28.019539887878338,27.450778926555902,35.5863660213431,40.63846661855883,40.29653952627595,38.370414466114845,37.86450870315644
LGBMRegressor,"AutoSeasonalDifferences(max_diffs=380, n_seasons=10, season_length=267) | LocalMinMaxScaler(stats_=[[  5.11211699 325.92896936]])","[1, 2, 3, 4, 5, 6, 7, 8, 9, 10, 11, 12, 13, 14, 15, 16, 17, 18, 19, 20, 21, 22, 23, 24, 25, 26, 27, 28, 29, 30, 31, 32, 33, 34, 35, 36, 37, 38, 39, 40, 41, 42, 43, 44, 45, 46, 47, 48, 49, 50, 51, 52, 53, 54, 55, 56, 57, 58, 59, 60, 61, 62, 63, 64, 65, 66, 67, 68, 69, 70, 71, 72, 73, 74, 75, 76, 77, 78, 79, 80, 81, 82, 83, 84, 85, 86, 87, 88, 89, 90, 91, 92, 93, 94, 95, 96, 97, 98, 99, 100]","{7: [RollingMean(window_size=7)], 30: [RollingMean(window_size=30)], 60: [RollingMean(window_size=60)]}",lags_100_features_100,13.198055618343135,23.036539689138596,24.661868293212056,25.270105811899047,25.626765749143516,25.071398293188828,30.012437173894995,38.97966909633483,46.25607140001485,42.88122563192349,42.20628364516624
SGD_EarlyStopping,"AutoSeasonalDifferences(max_diffs=380, n_seasons=10, season_length=267) | LocalMinMaxScaler(stats_=[[  5.11211699 325.92896936]])","[1, 2, 3, 4, 5, 6, 7, 8, 9, 10, 11, 12, 13, 14, 15, 16, 17, 18, 19, 20, 21, 22, 23, 24, 25, 26, 27, 28, 29, 30, 31, 32, 33, 34, 35, 36, 37, 38, 39, 40, 41, 42, 43, 44, 45, 46, 47, 48, 49, 50, 51, 52, 53, 54, 55, 56, 57, 58, 59, 60, 61, 62, 63, 64, 65, 66, 67, 68, 69, 70, 71, 72, 73, 74, 75, 76, 77, 78, 79, 80, 81, 82, 83, 84, 85, 86, 87, 88, 89, 90, 91, 92, 93, 94, 95, 96, 97, 98, 99, 100]","{7: [RollingMean(window_size=7), RollingStd(window_size=7)], 30: [RollingMean(window_size=30)], 60: [ExpandingMean()], 14: [ExponentiallyWeightedMean(alpha=0.3)]}",lags_100_features_100,14.869145405134343,23.086624906886975,22.654613316987696,21.135760104020864,20.111915079276805,21.814979781054518,25.029793301884013,25.84795973953593,26.399344706875173,27.924813731955222,28.71274336747805
SGD_ElasticNet,"AutoSeasonalDifferences(max_diffs=380, n_seasons=10, season_length=267) | LocalMinMaxScaler(stats_=[[  5.11211699 325.92896936]])","[1, 2, 3, 4, 5, 6, 7, 8, 9, 10, 11, 12, 13, 14, 15, 16, 17, 18, 19, 20, 21, 22, 23, 24, 25, 26, 27, 28, 29, 30, 31, 32, 33, 34, 35, 36, 37, 38, 39, 40, 41, 42, 43, 44, 45, 46, 47, 48, 49, 50, 51, 52, 53, 54, 55, 56, 57, 58, 59, 60, 61, 62, 63, 64, 65, 66, 67, 68, 69, 70, 71, 72, 73, 74, 75, 76, 77, 78, 79, 80, 81, 82, 83, 84, 85, 86, 87, 88, 89, 90, 91, 92, 93, 94, 95, 96, 97, 98, 99, 100]","{7: [RollingMean(window_size=7), RollingStd(window_size=7)], 30: [RollingMean(window_size=30)], 60: [ExpandingMean()], 14: [ExponentiallyWeightedMean(alpha=0.3)]}",lags_100_features_100,10.169031530290816,14.653038892058914,17.170225781891997,17.546799150833085,17.358574726770826,18.146953306791282,25.643257369946,28.67716970802704,30.62230450627041,40.03755553690825,40.246848186501964
SGD_Lasso,"AutoSeasonalDifferences(max_diffs=380, n_seasons=10, season_length=267) | LocalMinMaxScaler(stats_=[[  5.11211699 325.92896936]])","[1, 2, 3, 4, 5, 6, 7, 8, 9, 10, 11, 12, 13, 14, 15, 16, 17, 18, 19, 20, 21, 22, 23, 24, 25, 26, 27, 28, 29, 30, 31, 32, 33, 34, 35, 36, 37, 38, 39, 40, 41, 42, 43, 44, 45, 46, 47, 48, 49, 50, 51, 52, 53, 54, 55, 56, 57, 58, 59, 60, 61, 62, 63, 64, 65, 66, 67, 68, 69, 70, 71, 72, 73, 74, 75, 76, 77, 78, 79, 80, 81, 82, 83, 84, 85, 86, 87, 88, 89, 90, 91, 92, 93, 94, 95, 96, 97, 98, 99, 100]","{7: [RollingMean(window_size=7), RollingStd(window_size=7)], 30: [RollingMean(window_size=30)], 60: [ExpandingMean()], 14: [ExponentiallyWeightedMean(alpha=0.3)]}",lags_100_features_100,126.19622156040455,110.32759213459902,108.58576103800202,97.19603746457139,81.84607277800711,72.32540628859388,65.02097470582294,58.83868082467267,75.75410569517513,102.57800107726767,102.0509249203569
SGD_Ridge,"AutoSeasonalDifferences(max_diffs=380, n_seasons=10, season_length=267) | LocalMinMaxScaler(stats_=[[  5.11211699 325.92896936]])","[1, 2, 3, 4, 5, 6, 7, 8, 9, 10, 11, 12, 13, 14, 15, 16, 17, 18, 19, 20, 21, 22, 23, 24, 25, 26, 27, 28, 29, 30, 31, 32, 33, 34, 35, 36, 37, 38, 39, 40, 41, 42, 43, 44, 45, 46, 47, 48, 49, 50, 51, 52, 53, 54, 55, 56, 57, 58, 59, 60, 61, 62, 63, 64, 65, 66, 67, 68, 69, 70, 71, 72, 73, 74, 75, 76, 77, 78, 79, 80, 81, 82, 83, 84, 85, 86, 87, 88, 89, 90, 91, 92, 93, 94, 95, 96, 97, 98, 99, 100]","{7: [RollingMean(window_size=7), RollingStd(window_size=7)], 30: [RollingMean(window_size=30)], 60: [ExpandingMean()], 14: [ExponentiallyWeightedMean(alpha=0.3)]}",lags_100_features_100,51.54553502601749,42.58207806412375,41.63100174338529,35.74967293698209,33.34919285081716,33.55917483372144,39.842142176486185,38.601578375489794,47.9719473130902,60.90540341419363,59.99149954022012
SGDRegressor,"AutoSeasonalDifferences(max_diffs=380, n_seasons=10, season_length=267) | LocalMinMaxScaler(stats_=[[  5.11211699 325.92896936]])","[1, 2, 3, 4, 5, 6, 7, 8, 9, 10, 11, 12, 13, 14, 15, 16, 17, 18, 19, 20, 21, 22, 23, 24, 25, 26, 27, 28, 29, 30, 31, 32, 33, 34, 35, 36, 37, 38, 39, 40, 41, 42, 43, 44, 45, 46, 47, 48, 49, 50, 51, 52, 53, 54, 55, 56, 57, 58, 59, 60, 61, 62, 63, 64, 65, 66, 67, 68, 69, 70, 71, 72, 73, 74, 75, 76, 77, 78, 79, 80, 81, 82, 83, 84, 85, 86, 87, 88, 89, 90, 91, 92, 93, 94, 95, 96, 97, 98, 99, 100]","{7: [RollingMean(window_size=7), RollingStd(window_size=7)], 30: [RollingMean(window_size=30)], 60: [ExpandingMean()], 14: [ExponentiallyWeightedMean(alpha=0.3)]}",lags_100_features_100,18.520862121499828,26.564541075232974,27.341608247648296,25.670895971054208,24.719806777829252,24.19268091307535,29.92808492992311,33.670345382527636,34.12704100853388,34.38529526835083,34.6358770012351
XGBRegressor,"AutoSeasonalDifferences(max_diffs=380, n_seasons=10, season_length=267) | LocalMinMaxScaler(stats_=[[  5.11211699 325.92896936]])","[1, 2, 3, 4, 5, 6, 7, 8, 9, 10, 11, 12, 13, 14, 15, 16, 17, 18, 19, 20, 21, 22, 23, 24, 25, 26, 27, 28, 29, 30, 31, 32, 33, 34, 35, 36, 37, 38, 39, 40, 41, 42, 43, 44, 45, 46, 47, 48, 49, 50, 51, 52, 53, 54, 55, 56, 57, 58, 59, 60, 61, 62, 63, 64, 65, 66, 67, 68, 69, 70, 71, 72, 73, 74, 75, 76, 77, 78, 79, 80, 81, 82, 83, 84, 85, 86, 87, 88, 89, 90, 91, 92, 93, 94, 95, 96, 97, 98, 99, 100]","{7: [RollingMean(window_size=7), RollingStd(window_size=7)], 30: [RollingMean(window_size=30)], 60: [ExpandingMean()], 14: [ExponentiallyWeightedMean(alpha=0.3)]}",lags_100_features_100,28.608369239018433,36.30644849803312,39.33108469671015,40.24961755303511,41.85886594579616,43.40436428797863,48.31875500080398,46.71643047103895,49.75745042814385,56.49077959733043,55.630008146316
LGBMRegressor,"AutoSeasonalDifferences(max_diffs=380, n_seasons=10, season_length=267) | LocalMinMaxScaler(stats_=[[  5.11211699 325.92896936]])","[1, 2, 3, 4, 5, 6, 7, 8, 9, 10, 11, 12, 13, 14, 15, 16, 17, 18, 19, 20, 21, 22, 23, 24, 25, 26, 27, 28, 29, 30, 31, 32, 33, 34, 35, 36, 37, 38, 39, 40, 41, 42, 43, 44, 45, 46, 47, 48, 49, 50, 51, 52, 53, 54, 55, 56, 57, 58, 59, 60, 61, 62, 63, 64, 65, 66, 67, 68, 69, 70, 71, 72, 73, 74, 75, 76, 77, 78, 79, 80, 81, 82, 83, 84, 85, 86, 87, 88, 89, 90, 91, 92, 93, 94, 95, 96, 97, 98, 99, 100]","{7: [RollingMean(window_size=7), RollingStd(window_size=7)], 30: [RollingMean(window_size=30)], 60: [ExpandingMean()], 14: [ExponentiallyWeightedMean(alpha=0.3)]}",lags_100_features_100,12.891943385991786,22.833884631928385,23.69382749741593,23.78505459085077,24.230811213467177,23.922567565853704,30.16246585623732,33.75041099598624,35.27390652598764,33.720617881316706,33.373594001552874
XGBRegressor,"AutoSeasonalDifferences(max_diffs=380, n_seasons=10, season_length=267) | LocalBoxCox(lower=0.0, method=loglik, season_length=None, stats_=[[4.10226185e-05 0.00000000e+00]], upper=2.0)","[1, 2, 3, 4, 5, 6, 7, 8, 9, 10, 11, 12, 13, 14, 15, 16, 17, 18, 19, 20, 21, 22, 23, 24, 25, 26, 27, 28, 29, 30, 31, 32, 33, 34, 35, 36, 37, 38, 39, 40, 41, 42, 43, 44, 45, 46, 47, 48, 49, 50, 51, 52, 53, 54, 55, 56, 57, 58, 59, 60, 61, 62, 63, 64, 65, 66, 67, 68, 69, 70, 71, 72, 73, 74, 75, 76, 77, 78, 79, 80, 81, 82, 83, 84, 85, 86, 87, 88, 89, 90, 91, 92, 93, 94, 95, 96, 97, 98, 99, 100]","{1: [<function expanding_mean at 0x000002C58F7A04A0>], 7: [<function rolling_mean_14 at 0x000002C5930FAA20>], 30: [<function expanding_mean at 0x000002C58F7A04A0>]}",lags_100_features_100,22.177587139997463,29.59334033055309,30.41847276408433,30.20738059006396,33.11847897868961,34.19994947859365,39.73642468555344,41.83701448588009,40.12980267025138,39.68091171358287,39.33697257366474
LGBMRegressor,"AutoSeasonalDifferences(max_diffs=380, n_seasons=10, season_length=267) | LocalBoxCox(lower=0.0, method=loglik, season_length=None, stats_=[[4.10226185e-05 0.00000000e+00]], upper=2.0)","[1, 2, 3, 4, 5, 6, 7, 8, 9, 10, 11, 12, 13, 14, 15, 16, 17, 18, 19, 20, 21, 22, 23, 24, 25, 26, 27, 28, 29, 30, 31, 32, 33, 34, 35, 36, 37, 38, 39, 40, 41, 42, 43, 44, 45, 46, 47, 48, 49, 50, 51, 52, 53, 54, 55, 56, 57, 58, 59, 60, 61, 62, 63, 64, 65, 66, 67, 68, 69, 70, 71, 72, 73, 74, 75, 76, 77, 78, 79, 80, 81, 82, 83, 84, 85, 86, 87, 88, 89, 90, 91, 92, 93, 94, 95, 96, 97, 98, 99, 100]","{1: [<function expanding_mean at 0x000002C58F7A04A0>], 7: [<function rolling_mean_14 at 0x000002C5930FAA20>], 30: [<function expanding_mean at 0x000002C58F7A04A0>]}",lags_100_features_100,19.064896614929953,26.52913075763152,25.963894025709976,25.36576927617691,25.332687109540753,24.915431410364196,30.992691794568554,37.92552127755494,40.66569818755114,37.45086499345955,36.893570959994506
XGBRegressor,"AutoSeasonalDifferences(max_diffs=380, n_seasons=10, season_length=267) | LocalBoxCox(lower=0.0, method=loglik, season_length=None, stats_=[[4.10226185e-05 0.00000000e+00]], upper=2.0)","[1, 2, 3, 4, 5, 6, 7, 8, 9, 10, 11, 12, 13, 14, 15, 16, 17, 18, 19, 20, 21, 22, 23, 24, 25, 26, 27, 28, 29, 30, 31, 32, 33, 34, 35, 36, 37, 38, 39, 40, 41, 42, 43, 44, 45, 46, 47, 48, 49, 50, 51, 52, 53, 54, 55, 56, 57, 58, 59, 60, 61, 62, 63, 64, 65, 66, 67, 68, 69, 70, 71, 72, 73, 74, 75, 76, 77, 78, 79, 80, 81, 82, 83, 84, 85, 86, 87, 88, 89, 90, 91, 92, 93, 94, 95, 96, 97, 98, 99, 100]","{1: [<function rolling_mean_14 at 0x000002C5930FAA20>], 7: [<function rolling_mean_30 at 0x000002C58DBF9260>], 30: [<function expanding_mean at 0x000002C58F7A04A0>]}",lags_100_features_100,21.879881208099807,28.26629328136524,29.517965915356815,29.261395384727074,31.655739335983,32.725638597206206,39.61612168628126,43.459129814254474,42.52415571256862,47.10601897565461,46.52075214167023
LGBMRegressor,"AutoSeasonalDifferences(max_diffs=380, n_seasons=10, season_length=267) | LocalBoxCox(lower=0.0, method=loglik, season_length=None, stats_=[[4.10226185e-05 0.00000000e+00]], upper=2.0)","[1, 2, 3, 4, 5, 6, 7, 8, 9, 10, 11, 12, 13, 14, 15, 16, 17, 18, 19, 20, 21, 22, 23, 24, 25, 26, 27, 28, 29, 30, 31, 32, 33, 34, 35, 36, 37, 38, 39, 40, 41, 42, 43, 44, 45, 46, 47, 48, 49, 50, 51, 52, 53, 54, 55, 56, 57, 58, 59, 60, 61, 62, 63, 64, 65, 66, 67, 68, 69, 70, 71, 72, 73, 74, 75, 76, 77, 78, 79, 80, 81, 82, 83, 84, 85, 86, 87, 88, 89, 90, 91, 92, 93, 94, 95, 96, 97, 98, 99, 100]","{1: [<function rolling_mean_14 at 0x000002C5930FAA20>], 7: [<function rolling_mean_30 at 0x000002C58DBF9260>], 30: [<function expanding_mean at 0x000002C58F7A04A0>]}",lags_100_features_100,19.026085462934702,27.409137335127543,26.531385766829484,26.817631991090597,27.438333762537248,26.753902223645177,30.38869758742563,42.15415368254133,48.80439618753306,44.80172959029317,44.05547847443418
XGBRegressor,"AutoSeasonalDifferences(max_diffs=380, n_seasons=10, season_length=267) | LocalBoxCox(lower=0.0, method=loglik, season_length=None, stats_=[[4.10226185e-05 0.00000000e+00]], upper=2.0)","[1, 2, 3, 4, 5, 6, 7, 8, 9, 10, 11, 12, 13, 14, 15, 16, 17, 18, 19, 20, 21, 22, 23, 24, 25, 26, 27, 28, 29, 30, 31, 32, 33, 34, 35, 36, 37, 38, 39, 40, 41, 42, 43, 44, 45, 46, 47, 48, 49, 50, 51, 52, 53, 54, 55, 56, 57, 58, 59, 60, 61, 62, 63, 64, 65, 66, 67, 68, 69, 70, 71, 72, 73, 74, 75, 76, 77, 78, 79, 80, 81, 82, 83, 84, 85, 86, 87, 88, 89, 90, 91, 92, 93, 94, 95, 96, 97, 98, 99, 100]","{7: [RollingMean(window_size=7)], 30: [RollingMean(window_size=30)], 60: [RollingMean(window_size=60)]}",lags_100_features_100,21.861867411438276,29.609455959309788,29.73071078858856,29.733076511129326,32.68587585186128,35.30167144570007,43.816557369711084,45.65210570377016,44.83282805874015,44.511750806243064,43.89041320121197
LGBMRegressor,"AutoSeasonalDifferences(max_diffs=380, n_seasons=10, season_length=267) | LocalBoxCox(lower=0.0, method=loglik, season_length=None, stats_=[[4.10226185e-05 0.00000000e+00]], upper=2.0)","[1, 2, 3, 4, 5, 6, 7, 8, 9, 10, 11, 12, 13, 14, 15, 16, 17, 18, 19, 20, 21, 22, 23, 24, 25, 26, 27, 28, 29, 30, 31, 32, 33, 34, 35, 36, 37, 38, 39, 40, 41, 42, 43, 44, 45, 46, 47, 48, 49, 50, 51, 52, 53, 54, 55, 56, 57, 58, 59, 60, 61, 62, 63, 64, 65, 66, 67, 68, 69, 70, 71, 72, 73, 74, 75, 76, 77, 78, 79, 80, 81, 82, 83, 84, 85, 86, 87, 88, 89, 90, 91, 92, 93, 94, 95, 96, 97, 98, 99, 100]","{7: [RollingMean(window_size=7)], 30: [RollingMean(window_size=30)], 60: [RollingMean(window_size=60)]}",lags_100_features_100,17.567261726944814,26.587973252254134,27.17267601643662,27.56484523439851,28.54194504318625,27.61922636141768,31.05136126546772,42.93790333622591,49.44379366688914,44.28861563574273,43.67992965446681
XGBRegressor,"AutoSeasonalDifferences(max_diffs=380, n_seasons=10, season_length=267) | LocalBoxCox(lower=0.0, method=loglik, season_length=None, stats_=[[4.10226185e-05 0.00000000e+00]], upper=2.0)","[1, 2, 3, 4, 5, 6, 7, 8, 9, 10, 11, 12, 13, 14, 15, 16, 17, 18, 19, 20, 21, 22, 23, 24, 25, 26, 27, 28, 29, 30, 31, 32, 33, 34, 35, 36, 37, 38, 39, 40, 41, 42, 43, 44, 45, 46, 47, 48, 49, 50, 51, 52, 53, 54, 55, 56, 57, 58, 59, 60, 61, 62, 63, 64, 65, 66, 67, 68, 69, 70, 71, 72, 73, 74, 75, 76, 77, 78, 79, 80, 81, 82, 83, 84, 85, 86, 87, 88, 89, 90, 91, 92, 93, 94, 95, 96, 97, 98, 99, 100]","{7: [RollingMean(window_size=7), RollingStd(window_size=7)], 30: [RollingMean(window_size=30)], 60: [ExpandingMean()], 14: [ExponentiallyWeightedMean(alpha=0.3)]}",lags_100_features_100,25.583650819330778,32.44673055794897,33.28510600391489,32.0531199998303,30.528402733146333,30.081272232205396,37.70120118726092,40.79954126647334,40.48849581732237,40.69577660504953,40.15532605791542
LGBMRegressor,"AutoSeasonalDifferences(max_diffs=380, n_seasons=10, season_length=267) | LocalBoxCox(lower=0.0, method=loglik, season_length=None, stats_=[[4.10226185e-05 0.00000000e+00]], upper=2.0)","[1, 2, 3, 4, 5, 6, 7, 8, 9, 10, 11, 12, 13, 14, 15, 16, 17, 18, 19, 20, 21, 22, 23, 24, 25, 26, 27, 28, 29, 30, 31, 32, 33, 34, 35, 36, 37, 38, 39, 40, 41, 42, 43, 44, 45, 46, 47, 48, 49, 50, 51, 52, 53, 54, 55, 56, 57, 58, 59, 60, 61, 62, 63, 64, 65, 66, 67, 68, 69, 70, 71, 72, 73, 74, 75, 76, 77, 78, 79, 80, 81, 82, 83, 84, 85, 86, 87, 88, 89, 90, 91, 92, 93, 94, 95, 96, 97, 98, 99, 100]","{7: [RollingMean(window_size=7), RollingStd(window_size=7)], 30: [RollingMean(window_size=30)], 60: [ExpandingMean()], 14: [ExponentiallyWeightedMean(alpha=0.3)]}",lags_100_features_100,20.73534899154507,28.442680656223914,29.10595708802396,29.361599190637737,32.00029242227719,32.28391930756317,35.03486520814214,51.627045755344135,65.88278086824543,58.22843685819239,57.264786198062225
SGD_EarlyStopping,"AutoSeasonalityAndDifferences(max_diffs=380, max_season_length=267, n_seasons=10) | LocalStandardScaler(stats_=[[47.42372721 38.3630083 ]])","[1, 2, 3, 4, 5, 6, 7, 8, 9, 10, 11, 12, 13, 14, 15, 16, 17, 18, 19, 20, 21, 22, 23, 24, 25, 26, 27, 28, 29, 30, 31, 32, 33, 34, 35, 36, 37, 38, 39, 40, 41, 42, 43, 44, 45, 46, 47, 48, 49, 50, 51, 52, 53, 54, 55, 56, 57, 58, 59, 60, 61, 62, 63, 64, 65, 66, 67, 68, 69, 70, 71, 72, 73, 74, 75, 76, 77, 78, 79, 80, 81, 82, 83, 84, 85, 86, 87, 88, 89, 90, 91, 92, 93, 94, 95, 96, 97, 98, 99, 100]","{1: [<function expanding_mean at 0x000002C58F7A04A0>], 7: [<function rolling_mean_14 at 0x000002C5930FAA20>], 30: [<function expanding_mean at 0x000002C58F7A04A0>]}",lags_100_features_100,20.53386532955941,20.851476059764078,34.84078239434323,44.68206684950384,48.68356003271593,55.28709405333968,54.27677883194371,51.60024946692901,48.054504364510564,51.83145721178762,53.81743687073395
SGD_ElasticNet,"AutoSeasonalityAndDifferences(max_diffs=380, max_season_length=267, n_seasons=10) | LocalStandardScaler(stats_=[[47.42372721 38.3630083 ]])","[1, 2, 3, 4, 5, 6, 7, 8, 9, 10, 11, 12, 13, 14, 15, 16, 17, 18, 19, 20, 21, 22, 23, 24, 25, 26, 27, 28, 29, 30, 31, 32, 33, 34, 35, 36, 37, 38, 39, 40, 41, 42, 43, 44, 45, 46, 47, 48, 49, 50, 51, 52, 53, 54, 55, 56, 57, 58, 59, 60, 61, 62, 63, 64, 65, 66, 67, 68, 69, 70, 71, 72, 73, 74, 75, 76, 77, 78, 79, 80, 81, 82, 83, 84, 85, 86, 87, 88, 89, 90, 91, 92, 93, 94, 95, 96, 97, 98, 99, 100]","{1: [<function expanding_mean at 0x000002C58F7A04A0>], 7: [<function rolling_mean_14 at 0x000002C5930FAA20>], 30: [<function expanding_mean at 0x000002C58F7A04A0>]}",lags_100_features_100,78.53156907052833,104.85534619715082,140.92371108758076,149.1394984813156,139.4846443565308,130.53033030996522,108.50182038537051,99.45135672117483,101.86551630908451,148.85308731983363,149.7895999165604
SGD_Lasso,"AutoSeasonalityAndDifferences(max_diffs=380, max_season_length=267, n_seasons=10) | LocalStandardScaler(stats_=[[47.42372721 38.3630083 ]])","[1, 2, 3, 4, 5, 6, 7, 8, 9, 10, 11, 12, 13, 14, 15, 16, 17, 18, 19, 20, 21, 22, 23, 24, 25, 26, 27, 28, 29, 30, 31, 32, 33, 34, 35, 36, 37, 38, 39, 40, 41, 42, 43, 44, 45, 46, 47, 48, 49, 50, 51, 52, 53, 54, 55, 56, 57, 58, 59, 60, 61, 62, 63, 64, 65, 66, 67, 68, 69, 70, 71, 72, 73, 74, 75, 76, 77, 78, 79, 80, 81, 82, 83, 84, 85, 86, 87, 88, 89, 90, 91, 92, 93, 94, 95, 96, 97, 98, 99, 100]","{1: [<function expanding_mean at 0x000002C58F7A04A0>], 7: [<function rolling_mean_14 at 0x000002C5930FAA20>], 30: [<function expanding_mean at 0x000002C58F7A04A0>]}",lags_100_features_100,126.27022389831983,110.39640289296923,108.65400193904877,97.26055210455668,81.90251203216886,72.37415052337143,65.05369755997908,58.86687285399381,75.79179404370709,102.62941796697535,102.1025904633343
SGD_Ridge,"AutoSeasonalityAndDifferences(max_diffs=380, max_season_length=267, n_seasons=10) | LocalStandardScaler(stats_=[[47.42372721 38.3630083 ]])","[1, 2, 3, 4, 5, 6, 7, 8, 9, 10, 11, 12, 13, 14, 15, 16, 17, 18, 19, 20, 21, 22, 23, 24, 25, 26, 27, 28, 29, 30, 31, 32, 33, 34, 35, 36, 37, 38, 39, 40, 41, 42, 43, 44, 45, 46, 47, 48, 49, 50, 51, 52, 53, 54, 55, 56, 57, 58, 59, 60, 61, 62, 63, 64, 65, 66, 67, 68, 69, 70, 71, 72, 73, 74, 75, 76, 77, 78, 79, 80, 81, 82, 83, 84, 85, 86, 87, 88, 89, 90, 91, 92, 93, 94, 95, 96, 97, 98, 99, 100]","{1: [<function expanding_mean at 0x000002C58F7A04A0>], 7: [<function rolling_mean_14 at 0x000002C5930FAA20>], 30: [<function expanding_mean at 0x000002C58F7A04A0>]}",lags_100_features_100,35.89232146031706,38.02493976088621,51.39252681835267,55.53130326361715,52.47406099567008,51.74282254266285,47.58739339193769,43.86086056602218,49.401978814355616,71.46382513258683,72.62265703631576
SGDRegressor,"AutoSeasonalityAndDifferences(max_diffs=380, max_season_length=267, n_seasons=10) | LocalStandardScaler(stats_=[[47.42372721 38.3630083 ]])","[1, 2, 3, 4, 5, 6, 7, 8, 9, 10, 11, 12, 13, 14, 15, 16, 17, 18, 19, 20, 21, 22, 23, 24, 25, 26, 27, 28, 29, 30, 31, 32, 33, 34, 35, 36, 37, 38, 39, 40, 41, 42, 43, 44, 45, 46, 47, 48, 49, 50, 51, 52, 53, 54, 55, 56, 57, 58, 59, 60, 61, 62, 63, 64, 65, 66, 67, 68, 69, 70, 71, 72, 73, 74, 75, 76, 77, 78, 79, 80, 81, 82, 83, 84, 85, 86, 87, 88, 89, 90, 91, 92, 93, 94, 95, 96, 97, 98, 99, 100]","{1: [<function expanding_mean at 0x000002C58F7A04A0>], 7: [<function rolling_mean_14 at 0x000002C5930FAA20>], 30: [<function expanding_mean at 0x000002C58F7A04A0>]}",lags_100_features_100,77.13365445876745,104.09394594459162,141.49762045364375,150.2932620526356,140.37297973639306,130.77173251691585,108.70823352659977,101.70117777082885,104.1985097078499,152.79640187183463,153.32206049669543
XGBRegressor,"AutoSeasonalityAndDifferences(max_diffs=380, max_season_length=267, n_seasons=10) | LocalStandardScaler(stats_=[[47.42372721 38.3630083 ]])","[1, 2, 3, 4, 5, 6, 7, 8, 9, 10, 11, 12, 13, 14, 15, 16, 17, 18, 19, 20, 21, 22, 23, 24, 25, 26, 27, 28, 29, 30, 31, 32, 33, 34, 35, 36, 37, 38, 39, 40, 41, 42, 43, 44, 45, 46, 47, 48, 49, 50, 51, 52, 53, 54, 55, 56, 57, 58, 59, 60, 61, 62, 63, 64, 65, 66, 67, 68, 69, 70, 71, 72, 73, 74, 75, 76, 77, 78, 79, 80, 81, 82, 83, 84, 85, 86, 87, 88, 89, 90, 91, 92, 93, 94, 95, 96, 97, 98, 99, 100]","{1: [<function expanding_mean at 0x000002C58F7A04A0>], 7: [<function rolling_mean_14 at 0x000002C5930FAA20>], 30: [<function expanding_mean at 0x000002C58F7A04A0>]}",lags_100_features_100,21.124275896637414,24.564568080477606,25.114374687082357,24.522082560635265,27.147901833500153,29.260655148562208,37.38334584472258,38.4282861184897,40.57477736314728,44.10255931605847,43.32339834410862
LGBMRegressor,"AutoSeasonalityAndDifferences(max_diffs=380, max_season_length=267, n_seasons=10) | LocalStandardScaler(stats_=[[47.42372721 38.3630083 ]])","[1, 2, 3, 4, 5, 6, 7, 8, 9, 10, 11, 12, 13, 14, 15, 16, 17, 18, 19, 20, 21, 22, 23, 24, 25, 26, 27, 28, 29, 30, 31, 32, 33, 34, 35, 36, 37, 38, 39, 40, 41, 42, 43, 44, 45, 46, 47, 48, 49, 50, 51, 52, 53, 54, 55, 56, 57, 58, 59, 60, 61, 62, 63, 64, 65, 66, 67, 68, 69, 70, 71, 72, 73, 74, 75, 76, 77, 78, 79, 80, 81, 82, 83, 84, 85, 86, 87, 88, 89, 90, 91, 92, 93, 94, 95, 96, 97, 98, 99, 100]","{1: [<function expanding_mean at 0x000002C58F7A04A0>], 7: [<function rolling_mean_14 at 0x000002C5930FAA20>], 30: [<function expanding_mean at 0x000002C58F7A04A0>]}",lags_100_features_100,12.177558338143452,20.612879725078344,22.8153505670083,23.20690179889053,23.86143683354738,23.824971047290262,28.950290018259032,36.51632526533729,45.57028229343017,48.969512405517165,48.18910577203473
SGD_EarlyStopping,"AutoSeasonalityAndDifferences(max_diffs=380, max_season_length=267, n_seasons=10) | LocalStandardScaler(stats_=[[47.42372721 38.3630083 ]])","[1, 2, 3, 4, 5, 6, 7, 8, 9, 10, 11, 12, 13, 14, 15, 16, 17, 18, 19, 20, 21, 22, 23, 24, 25, 26, 27, 28, 29, 30, 31, 32, 33, 34, 35, 36, 37, 38, 39, 40, 41, 42, 43, 44, 45, 46, 47, 48, 49, 50, 51, 52, 53, 54, 55, 56, 57, 58, 59, 60, 61, 62, 63, 64, 65, 66, 67, 68, 69, 70, 71, 72, 73, 74, 75, 76, 77, 78, 79, 80, 81, 82, 83, 84, 85, 86, 87, 88, 89, 90, 91, 92, 93, 94, 95, 96, 97, 98, 99, 100]","{1: [<function rolling_mean_14 at 0x000002C5930FAA20>], 7: [<function rolling_mean_30 at 0x000002C58DBF9260>], 30: [<function expanding_mean at 0x000002C58F7A04A0>]}",lags_100_features_100,19.928913206175647,19.79845038010541,32.12303419844242,40.62914727757867,43.859326842775566,49.76856905733636,49.08672663666029,46.51002345887014,44.35718720299977,45.150070894164074,46.611123024027336
SGD_ElasticNet,"AutoSeasonalityAndDifferences(max_diffs=380, max_season_length=267, n_seasons=10) | LocalStandardScaler(stats_=[[47.42372721 38.3630083 ]])","[1, 2, 3, 4, 5, 6, 7, 8, 9, 10, 11, 12, 13, 14, 15, 16, 17, 18, 19, 20, 21, 22, 23, 24, 25, 26, 27, 28, 29, 30, 31, 32, 33, 34, 35, 36, 37, 38, 39, 40, 41, 42, 43, 44, 45, 46, 47, 48, 49, 50, 51, 52, 53, 54, 55, 56, 57, 58, 59, 60, 61, 62, 63, 64, 65, 66, 67, 68, 69, 70, 71, 72, 73, 74, 75, 76, 77, 78, 79, 80, 81, 82, 83, 84, 85, 86, 87, 88, 89, 90, 91, 92, 93, 94, 95, 96, 97, 98, 99, 100]","{1: [<function rolling_mean_14 at 0x000002C5930FAA20>], 7: [<function rolling_mean_30 at 0x000002C58DBF9260>], 30: [<function expanding_mean at 0x000002C58F7A04A0>]}",lags_100_features_100,78.0489915389465,103.7784172534976,139.1568439682548,147.06079271679272,137.44447547352684,128.619804602313,107.03178462092792,98.2349362149313,100.64094904921761,146.6377984633428,147.59198795068514
SGD_Lasso,"AutoSeasonalityAndDifferences(max_diffs=380, max_season_length=267, n_seasons=10) | LocalStandardScaler(stats_=[[47.42372721 38.3630083 ]])","[1, 2, 3, 4, 5, 6, 7, 8, 9, 10, 11, 12, 13, 14, 15, 16, 17, 18, 19, 20, 21, 22, 23, 24, 25, 26, 27, 28, 29, 30, 31, 32, 33, 34, 35, 36, 37, 38, 39, 40, 41, 42, 43, 44, 45, 46, 47, 48, 49, 50, 51, 52, 53, 54, 55, 56, 57, 58, 59, 60, 61, 62, 63, 64, 65, 66, 67, 68, 69, 70, 71, 72, 73, 74, 75, 76, 77, 78, 79, 80, 81, 82, 83, 84, 85, 86, 87, 88, 89, 90, 91, 92, 93, 94, 95, 96, 97, 98, 99, 100]","{1: [<function rolling_mean_14 at 0x000002C5930FAA20>], 7: [<function rolling_mean_30 at 0x000002C58DBF9260>], 30: [<function expanding_mean at 0x000002C58F7A04A0>]}",lags_100_features_100,126.27022270716756,110.39640178538144,108.65400084063346,97.26055106611979,81.90251112371452,72.37414973877722,65.05369703326733,58.86687240021086,75.79179343707003,102.6294171393617,102.1025896317183
SGD_Ridge,"AutoSeasonalityAndDifferences(max_diffs=380, max_season_length=267, n_seasons=10) | LocalStandardScaler(stats_=[[47.42372721 38.3630083 ]])","[1, 2, 3, 4, 5, 6, 7, 8, 9, 10, 11, 12, 13, 14, 15, 16, 17, 18, 19, 20, 21, 22, 23, 24, 25, 26, 27, 28, 29, 30, 31, 32, 33, 34, 35, 36, 37, 38, 39, 40, 41, 42, 43, 44, 45, 46, 47, 48, 49, 50, 51, 52, 53, 54, 55, 56, 57, 58, 59, 60, 61, 62, 63, 64, 65, 66, 67, 68, 69, 70, 71, 72, 73, 74, 75, 76, 77, 78, 79, 80, 81, 82, 83, 84, 85, 86, 87, 88, 89, 90, 91, 92, 93, 94, 95, 96, 97, 98, 99, 100]","{1: [<function rolling_mean_14 at 0x000002C5930FAA20>], 7: [<function rolling_mean_30 at 0x000002C58DBF9260>], 30: [<function expanding_mean at 0x000002C58F7A04A0>]}",lags_100_features_100,35.63383700644313,37.675264755558764,50.927254556232725,55.02127343937031,51.982344812789826,51.29545415557295,47.25392635536003,43.59748509498428,48.96469218375197,70.62381338680483,71.772564925453
SGDRegressor,"AutoSeasonalityAndDifferences(max_diffs=380, max_season_length=267, n_seasons=10) | LocalStandardScaler(stats_=[[47.42372721 38.3630083 ]])","[1, 2, 3, 4, 5, 6, 7, 8, 9, 10, 11, 12, 13, 14, 15, 16, 17, 18, 19, 20, 21, 22, 23, 24, 25, 26, 27, 28, 29, 30, 31, 32, 33, 34, 35, 36, 37, 38, 39, 40, 41, 42, 43, 44, 45, 46, 47, 48, 49, 50, 51, 52, 53, 54, 55, 56, 57, 58, 59, 60, 61, 62, 63, 64, 65, 66, 67, 68, 69, 70, 71, 72, 73, 74, 75, 76, 77, 78, 79, 80, 81, 82, 83, 84, 85, 86, 87, 88, 89, 90, 91, 92, 93, 94, 95, 96, 97, 98, 99, 100]","{1: [<function rolling_mean_14 at 0x000002C5930FAA20>], 7: [<function rolling_mean_30 at 0x000002C58DBF9260>], 30: [<function expanding_mean at 0x000002C58F7A04A0>]}",lags_100_features_100,76.12271157466019,102.47487799910961,139.34131805371743,148.10692922913356,138.44036777806502,129.1156918364438,107.45756186648043,100.73347227700833,102.85166337542702,150.63779743354812,151.21338482231317
XGBRegressor,"AutoSeasonalityAndDifferences(max_diffs=380, max_season_length=267, n_seasons=10) | LocalStandardScaler(stats_=[[47.42372721 38.3630083 ]])","[1, 2, 3, 4, 5, 6, 7, 8, 9, 10, 11, 12, 13, 14, 15, 16, 17, 18, 19, 20, 21, 22, 23, 24, 25, 26, 27, 28, 29, 30, 31, 32, 33, 34, 35, 36, 37, 38, 39, 40, 41, 42, 43, 44, 45, 46, 47, 48, 49, 50, 51, 52, 53, 54, 55, 56, 57, 58, 59, 60, 61, 62, 63, 64, 65, 66, 67, 68, 69, 70, 71, 72, 73, 74, 75, 76, 77, 78, 79, 80, 81, 82, 83, 84, 85, 86, 87, 88, 89, 90, 91, 92, 93, 94, 95, 96, 97, 98, 99, 100]","{1: [<function rolling_mean_14 at 0x000002C5930FAA20>], 7: [<function rolling_mean_30 at 0x000002C58DBF9260>], 30: [<function expanding_mean at 0x000002C58F7A04A0>]}",lags_100_features_100,20.13414598306956,27.118592248155604,27.097363646864697,27.141350262660946,27.20891158438368,27.63404489411897,36.21674772561558,37.782022668507274,41.113879159746716,47.48705888998714,46.799401704437024
LGBMRegressor,"AutoSeasonalityAndDifferences(max_diffs=380, max_season_length=267, n_seasons=10) | LocalStandardScaler(stats_=[[47.42372721 38.3630083 ]])","[1, 2, 3, 4, 5, 6, 7, 8, 9, 10, 11, 12, 13, 14, 15, 16, 17, 18, 19, 20, 21, 22, 23, 24, 25, 26, 27, 28, 29, 30, 31, 32, 33, 34, 35, 36, 37, 38, 39, 40, 41, 42, 43, 44, 45, 46, 47, 48, 49, 50, 51, 52, 53, 54, 55, 56, 57, 58, 59, 60, 61, 62, 63, 64, 65, 66, 67, 68, 69, 70, 71, 72, 73, 74, 75, 76, 77, 78, 79, 80, 81, 82, 83, 84, 85, 86, 87, 88, 89, 90, 91, 92, 93, 94, 95, 96, 97, 98, 99, 100]","{1: [<function rolling_mean_14 at 0x000002C5930FAA20>], 7: [<function rolling_mean_30 at 0x000002C58DBF9260>], 30: [<function expanding_mean at 0x000002C58F7A04A0>]}",lags_100_features_100,15.703455074293998,23.59949286788017,24.36983633115386,25.000208909564957,25.001251288173155,25.823483586626793,34.31162872316229,36.169950672090515,36.34289128210412,36.321965824529315,35.83987639951424
SGD_EarlyStopping,"AutoSeasonalityAndDifferences(max_diffs=380, max_season_length=267, n_seasons=10) | LocalStandardScaler(stats_=[[47.42372721 38.3630083 ]])","[1, 2, 3, 4, 5, 6, 7, 8, 9, 10, 11, 12, 13, 14, 15, 16, 17, 18, 19, 20, 21, 22, 23, 24, 25, 26, 27, 28, 29, 30, 31, 32, 33, 34, 35, 36, 37, 38, 39, 40, 41, 42, 43, 44, 45, 46, 47, 48, 49, 50, 51, 52, 53, 54, 55, 56, 57, 58, 59, 60, 61, 62, 63, 64, 65, 66, 67, 68, 69, 70, 71, 72, 73, 74, 75, 76, 77, 78, 79, 80, 81, 82, 83, 84, 85, 86, 87, 88, 89, 90, 91, 92, 93, 94, 95, 96, 97, 98, 99, 100]","{7: [RollingMean(window_size=7)], 30: [RollingMean(window_size=30)], 60: [RollingMean(window_size=60)]}",lags_100_features_100,36.48299020027104,49.69022816687347,73.45626313168934,80.43945501891021,74.03931089230275,68.1486466807952,61.53763785487221,59.126717519748,63.44656294414239,97.34953818915277,97.45399185831928
SGD_ElasticNet,"AutoSeasonalityAndDifferences(max_diffs=380, max_season_length=267, n_seasons=10) | LocalStandardScaler(stats_=[[47.42372721 38.3630083 ]])","[1, 2, 3, 4, 5, 6, 7, 8, 9, 10, 11, 12, 13, 14, 15, 16, 17, 18, 19, 20, 21, 22, 23, 24, 25, 26, 27, 28, 29, 30, 31, 32, 33, 34, 35, 36, 37, 38, 39, 40, 41, 42, 43, 44, 45, 46, 47, 48, 49, 50, 51, 52, 53, 54, 55, 56, 57, 58, 59, 60, 61, 62, 63, 64, 65, 66, 67, 68, 69, 70, 71, 72, 73, 74, 75, 76, 77, 78, 79, 80, 81, 82, 83, 84, 85, 86, 87, 88, 89, 90, 91, 92, 93, 94, 95, 96, 97, 98, 99, 100]","{7: [RollingMean(window_size=7)], 30: [RollingMean(window_size=30)], 60: [RollingMean(window_size=60)]}",lags_100_features_100,14.250945282681588,29.099423440477707,41.12700572700239,54.181309895797945,64.08932631602787,71.3021974717286,81.91683258759093,113.80636592831608,214.654908364741,454.8531056629874,471.8695520073842
SGD_Lasso,"AutoSeasonalityAndDifferences(max_diffs=380, max_season_length=267, n_seasons=10) | LocalStandardScaler(stats_=[[47.42372721 38.3630083 ]])","[1, 2, 3, 4, 5, 6, 7, 8, 9, 10, 11, 12, 13, 14, 15, 16, 17, 18, 19, 20, 21, 22, 23, 24, 25, 26, 27, 28, 29, 30, 31, 32, 33, 34, 35, 36, 37, 38, 39, 40, 41, 42, 43, 44, 45, 46, 47, 48, 49, 50, 51, 52, 53, 54, 55, 56, 57, 58, 59, 60, 61, 62, 63, 64, 65, 66, 67, 68, 69, 70, 71, 72, 73, 74, 75, 76, 77, 78, 79, 80, 81, 82, 83, 84, 85, 86, 87, 88, 89, 90, 91, 92, 93, 94, 95, 96, 97, 98, 99, 100]","{7: [RollingMean(window_size=7)], 30: [RollingMean(window_size=30)], 60: [RollingMean(window_size=60)]}",lags_100_features_100,126.54000229935059,110.64725518885328,108.90277679789666,97.49574273378028,82.10826352829802,72.55184952705436,65.17298999748989,58.969647993351906,75.92918838408704,102.81686023815331,102.2909392096778
SGD_Ridge,"AutoSeasonalityAndDifferences(max_diffs=380, max_season_length=267, n_seasons=10) | LocalStandardScaler(stats_=[[47.42372721 38.3630083 ]])","[1, 2, 3, 4, 5, 6, 7, 8, 9, 10, 11, 12, 13, 14, 15, 16, 17, 18, 19, 20, 21, 22, 23, 24, 25, 26, 27, 28, 29, 30, 31, 32, 33, 34, 35, 36, 37, 38, 39, 40, 41, 42, 43, 44, 45, 46, 47, 48, 49, 50, 51, 52, 53, 54, 55, 56, 57, 58, 59, 60, 61, 62, 63, 64, 65, 66, 67, 68, 69, 70, 71, 72, 73, 74, 75, 76, 77, 78, 79, 80, 81, 82, 83, 84, 85, 86, 87, 88, 89, 90, 91, 92, 93, 94, 95, 96, 97, 98, 99, 100]","{7: [RollingMean(window_size=7)], 30: [RollingMean(window_size=30)], 60: [RollingMean(window_size=60)]}",lags_100_features_100,11.931635679098676,15.42086206824008,18.510188322577584,19.173799110177132,18.562663415208984,19.11264010300255,26.970652961232634,33.46354438767437,33.71438125891558,42.05513650982839,42.193989352180864
SGDRegressor,"AutoSeasonalityAndDifferences(max_diffs=380, max_season_length=267, n_seasons=10) | LocalStandardScaler(stats_=[[47.42372721 38.3630083 ]])","[1, 2, 3, 4, 5, 6, 7, 8, 9, 10, 11, 12, 13, 14, 15, 16, 17, 18, 19, 20, 21, 22, 23, 24, 25, 26, 27, 28, 29, 30, 31, 32, 33, 34, 35, 36, 37, 38, 39, 40, 41, 42, 43, 44, 45, 46, 47, 48, 49, 50, 51, 52, 53, 54, 55, 56, 57, 58, 59, 60, 61, 62, 63, 64, 65, 66, 67, 68, 69, 70, 71, 72, 73, 74, 75, 76, 77, 78, 79, 80, 81, 82, 83, 84, 85, 86, 87, 88, 89, 90, 91, 92, 93, 94, 95, 96, 97, 98, 99, 100]","{7: [RollingMean(window_size=7)], 30: [RollingMean(window_size=30)], 60: [RollingMean(window_size=60)]}",lags_100_features_100,14.79021597752096,30.859562180428142,44.745556836141205,59.152734468834964,69.79585060108765,77.72862004010436,88.87826723962037,123.27018833871246,232.03905214176865,488.0442020264212,505.97302686665734
XGBRegressor,"AutoSeasonalityAndDifferences(max_diffs=380, max_season_length=267, n_seasons=10) | LocalStandardScaler(stats_=[[47.42372721 38.3630083 ]])","[1, 2, 3, 4, 5, 6, 7, 8, 9, 10, 11, 12, 13, 14, 15, 16, 17, 18, 19, 20, 21, 22, 23, 24, 25, 26, 27, 28, 29, 30, 31, 32, 33, 34, 35, 36, 37, 38, 39, 40, 41, 42, 43, 44, 45, 46, 47, 48, 49, 50, 51, 52, 53, 54, 55, 56, 57, 58, 59, 60, 61, 62, 63, 64, 65, 66, 67, 68, 69, 70, 71, 72, 73, 74, 75, 76, 77, 78, 79, 80, 81, 82, 83, 84, 85, 86, 87, 88, 89, 90, 91, 92, 93, 94, 95, 96, 97, 98, 99, 100]","{7: [RollingMean(window_size=7)], 30: [RollingMean(window_size=30)], 60: [RollingMean(window_size=60)]}",lags_100_features_100,14.581018567974228,23.40451617304427,24.436159048604683,26.50376357858819,26.545689691647134,26.740295205157256,35.4355907252279,40.48058199651544,40.06717629001841,38.12123993067898,37.569622082402134
LGBMRegressor,"AutoSeasonalityAndDifferences(max_diffs=380, max_season_length=267, n_seasons=10) | LocalStandardScaler(stats_=[[47.42372721 38.3630083 ]])","[1, 2, 3, 4, 5, 6, 7, 8, 9, 10, 11, 12, 13, 14, 15, 16, 17, 18, 19, 20, 21, 22, 23, 24, 25, 26, 27, 28, 29, 30, 31, 32, 33, 34, 35, 36, 37, 38, 39, 40, 41, 42, 43, 44, 45, 46, 47, 48, 49, 50, 51, 52, 53, 54, 55, 56, 57, 58, 59, 60, 61, 62, 63, 64, 65, 66, 67, 68, 69, 70, 71, 72, 73, 74, 75, 76, 77, 78, 79, 80, 81, 82, 83, 84, 85, 86, 87, 88, 89, 90, 91, 92, 93, 94, 95, 96, 97, 98, 99, 100]","{7: [RollingMean(window_size=7)], 30: [RollingMean(window_size=30)], 60: [RollingMean(window_size=60)]}",lags_100_features_100,12.501808904263061,23.663771277956638,24.951441354344873,26.462710021684583,27.25456748721566,26.46052988860682,30.93944491320132,41.72423347662488,49.664783133661466,45.3464228772488,44.66619847730028
SGD_EarlyStopping,"AutoSeasonalityAndDifferences(max_diffs=380, max_season_length=267, n_seasons=10) | LocalStandardScaler(stats_=[[47.42372721 38.3630083 ]])","[1, 2, 3, 4, 5, 6, 7, 8, 9, 10, 11, 12, 13, 14, 15, 16, 17, 18, 19, 20, 21, 22, 23, 24, 25, 26, 27, 28, 29, 30, 31, 32, 33, 34, 35, 36, 37, 38, 39, 40, 41, 42, 43, 44, 45, 46, 47, 48, 49, 50, 51, 52, 53, 54, 55, 56, 57, 58, 59, 60, 61, 62, 63, 64, 65, 66, 67, 68, 69, 70, 71, 72, 73, 74, 75, 76, 77, 78, 79, 80, 81, 82, 83, 84, 85, 86, 87, 88, 89, 90, 91, 92, 93, 94, 95, 96, 97, 98, 99, 100]","{7: [RollingMean(window_size=7), RollingStd(window_size=7)], 30: [RollingMean(window_size=30)], 60: [ExpandingMean()], 14: [ExponentiallyWeightedMean(alpha=0.3)]}",lags_100_features_100,19.950697041455307,19.841234121363243,32.33305542202801,41.074315664149374,44.53664123992996,50.73593250769724,50.17919842162903,47.80144783808994,44.86196559370134,45.96388428991096,47.52970329280897
SGD_ElasticNet,"AutoSeasonalityAndDifferences(max_diffs=380, max_season_length=267, n_seasons=10) | LocalStandardScaler(stats_=[[47.42372721 38.3630083 ]])","[1, 2, 3, 4, 5, 6, 7, 8, 9, 10, 11, 12, 13, 14, 15, 16, 17, 18, 19, 20, 21, 22, 23, 24, 25, 26, 27, 28, 29, 30, 31, 32, 33, 34, 35, 36, 37, 38, 39, 40, 41, 42, 43, 44, 45, 46, 47, 48, 49, 50, 51, 52, 53, 54, 55, 56, 57, 58, 59, 60, 61, 62, 63, 64, 65, 66, 67, 68, 69, 70, 71, 72, 73, 74, 75, 76, 77, 78, 79, 80, 81, 82, 83, 84, 85, 86, 87, 88, 89, 90, 91, 92, 93, 94, 95, 96, 97, 98, 99, 100]","{7: [RollingMean(window_size=7), RollingStd(window_size=7)], 30: [RollingMean(window_size=30)], 60: [ExpandingMean()], 14: [ExponentiallyWeightedMean(alpha=0.3)]}",lags_100_features_100,77.88724014347994,103.77958365211495,139.36005278666158,147.36108609561987,137.75299941095227,128.9202812832725,107.27533756173793,98.64138167836562,100.90348620862974,146.9257650079296,147.86559891502412
SGD_Lasso,"AutoSeasonalityAndDifferences(max_diffs=380, max_season_length=267, n_seasons=10) | LocalStandardScaler(stats_=[[47.42372721 38.3630083 ]])","[1, 2, 3, 4, 5, 6, 7, 8, 9, 10, 11, 12, 13, 14, 15, 16, 17, 18, 19, 20, 21, 22, 23, 24, 25, 26, 27, 28, 29, 30, 31, 32, 33, 34, 35, 36, 37, 38, 39, 40, 41, 42, 43, 44, 45, 46, 47, 48, 49, 50, 51, 52, 53, 54, 55, 56, 57, 58, 59, 60, 61, 62, 63, 64, 65, 66, 67, 68, 69, 70, 71, 72, 73, 74, 75, 76, 77, 78, 79, 80, 81, 82, 83, 84, 85, 86, 87, 88, 89, 90, 91, 92, 93, 94, 95, 96, 97, 98, 99, 100]","{7: [RollingMean(window_size=7), RollingStd(window_size=7)], 30: [RollingMean(window_size=30)], 60: [ExpandingMean()], 14: [ExponentiallyWeightedMean(alpha=0.3)]}",lags_100_features_100,126.27022059608635,110.39639982240152,108.65399889391001,97.26054922569624,81.90250951365931,72.37414834823954,65.05369609977517,58.86687159597054,75.79179236192608,102.62941567258063,102.10258815784383
SGD_Ridge,"AutoSeasonalityAndDifferences(max_diffs=380, max_season_length=267, n_seasons=10) | LocalStandardScaler(stats_=[[47.42372721 38.3630083 ]])","[1, 2, 3, 4, 5, 6, 7, 8, 9, 10, 11, 12, 13, 14, 15, 16, 17, 18, 19, 20, 21, 22, 23, 24, 25, 26, 27, 28, 29, 30, 31, 32, 33, 34, 35, 36, 37, 38, 39, 40, 41, 42, 43, 44, 45, 46, 47, 48, 49, 50, 51, 52, 53, 54, 55, 56, 57, 58, 59, 60, 61, 62, 63, 64, 65, 66, 67, 68, 69, 70, 71, 72, 73, 74, 75, 76, 77, 78, 79, 80, 81, 82, 83, 84, 85, 86, 87, 88, 89, 90, 91, 92, 93, 94, 95, 96, 97, 98, 99, 100]","{7: [RollingMean(window_size=7), RollingStd(window_size=7)], 30: [RollingMean(window_size=30)], 60: [ExpandingMean()], 14: [ExponentiallyWeightedMean(alpha=0.3)]}",lags_100_features_100,35.45612112286881,36.8458830662744,49.027648789700606,52.22865330143074,48.65362172128886,47.679039741645276,44.64341370023035,41.67630255564481,46.26968399964363,66.136253544129,67.13793476871186
SGDRegressor,"AutoSeasonalityAndDifferences(max_diffs=380, max_season_length=267, n_seasons=10) | LocalStandardScaler(stats_=[[47.42372721 38.3630083 ]])","[1, 2, 3, 4, 5, 6, 7, 8, 9, 10, 11, 12, 13, 14, 15, 16, 17, 18, 19, 20, 21, 22, 23, 24, 25, 26, 27, 28, 29, 30, 31, 32, 33, 34, 35, 36, 37, 38, 39, 40, 41, 42, 43, 44, 45, 46, 47, 48, 49, 50, 51, 52, 53, 54, 55, 56, 57, 58, 59, 60, 61, 62, 63, 64, 65, 66, 67, 68, 69, 70, 71, 72, 73, 74, 75, 76, 77, 78, 79, 80, 81, 82, 83, 84, 85, 86, 87, 88, 89, 90, 91, 92, 93, 94, 95, 96, 97, 98, 99, 100]","{7: [RollingMean(window_size=7), RollingStd(window_size=7)], 30: [RollingMean(window_size=30)], 60: [ExpandingMean()], 14: [ExponentiallyWeightedMean(alpha=0.3)]}",lags_100_features_100,76.12532926033315,102.48906668633633,139.40489986568525,148.21437798839133,138.58115499731696,129.29643935408254,107.61842727762388,101.0012632148773,102.98402469927663,150.70639573277768,151.28591877335018
XGBRegressor,"AutoSeasonalityAndDifferences(max_diffs=380, max_season_length=267, n_seasons=10) | LocalStandardScaler(stats_=[[47.42372721 38.3630083 ]])","[1, 2, 3, 4, 5, 6, 7, 8, 9, 10, 11, 12, 13, 14, 15, 16, 17, 18, 19, 20, 21, 22, 23, 24, 25, 26, 27, 28, 29, 30, 31, 32, 33, 34, 35, 36, 37, 38, 39, 40, 41, 42, 43, 44, 45, 46, 47, 48, 49, 50, 51, 52, 53, 54, 55, 56, 57, 58, 59, 60, 61, 62, 63, 64, 65, 66, 67, 68, 69, 70, 71, 72, 73, 74, 75, 76, 77, 78, 79, 80, 81, 82, 83, 84, 85, 86, 87, 88, 89, 90, 91, 92, 93, 94, 95, 96, 97, 98, 99, 100]","{7: [RollingMean(window_size=7), RollingStd(window_size=7)], 30: [RollingMean(window_size=30)], 60: [ExpandingMean()], 14: [ExponentiallyWeightedMean(alpha=0.3)]}",lags_100_features_100,26.365966618668203,32.26740157129126,35.58649495789041,35.331148157955575,37.52309027221769,39.87946121518632,45.28875917294194,44.3293649064475,44.39331948203875,42.340508699974,42.20538279296653
LGBMRegressor,"AutoSeasonalityAndDifferences(max_diffs=380, max_season_length=267, n_seasons=10) | LocalStandardScaler(stats_=[[47.42372721 38.3630083 ]])","[1, 2, 3, 4, 5, 6, 7, 8, 9, 10, 11, 12, 13, 14, 15, 16, 17, 18, 19, 20, 21, 22, 23, 24, 25, 26, 27, 28, 29, 30, 31, 32, 33, 34, 35, 36, 37, 38, 39, 40, 41, 42, 43, 44, 45, 46, 47, 48, 49, 50, 51, 52, 53, 54, 55, 56, 57, 58, 59, 60, 61, 62, 63, 64, 65, 66, 67, 68, 69, 70, 71, 72, 73, 74, 75, 76, 77, 78, 79, 80, 81, 82, 83, 84, 85, 86, 87, 88, 89, 90, 91, 92, 93, 94, 95, 96, 97, 98, 99, 100]","{7: [RollingMean(window_size=7), RollingStd(window_size=7)], 30: [RollingMean(window_size=30)], 60: [ExpandingMean()], 14: [ExponentiallyWeightedMean(alpha=0.3)]}",lags_100_features_100,12.437609462992825,20.871987095987514,22.188461622031898,22.33012023179034,23.018835588232076,23.15955247327189,26.33628640286263,35.457745317720985,39.55002032562307,37.43737919341271,36.858596458171306
SGD_EarlyStopping,"AutoSeasonalityAndDifferences(max_diffs=380, max_season_length=267, n_seasons=10) | LocalMinMaxScaler(stats_=[[  5.11211699 325.92896936]])","[1, 2, 3, 4, 5, 6, 7, 8, 9, 10, 11, 12, 13, 14, 15, 16, 17, 18, 19, 20, 21, 22, 23, 24, 25, 26, 27, 28, 29, 30, 31, 32, 33, 34, 35, 36, 37, 38, 39, 40, 41, 42, 43, 44, 45, 46, 47, 48, 49, 50, 51, 52, 53, 54, 55, 56, 57, 58, 59, 60, 61, 62, 63, 64, 65, 66, 67, 68, 69, 70, 71, 72, 73, 74, 75, 76, 77, 78, 79, 80, 81, 82, 83, 84, 85, 86, 87, 88, 89, 90, 91, 92, 93, 94, 95, 96, 97, 98, 99, 100]","{1: [<function expanding_mean at 0x000002C58F7A04A0>], 7: [<function rolling_mean_14 at 0x000002C5930FAA20>], 30: [<function expanding_mean at 0x000002C58F7A04A0>]}",lags_100_features_100,14.4953942651547,22.573688065013428,22.0641681159149,20.891744496628814,20.034565392575303,22.043440952417505,25.088489232729984,25.852523362622314,26.366401885024022,27.88477576817467,28.750652473123147
SGD_ElasticNet,"AutoSeasonalityAndDifferences(max_diffs=380, max_season_length=267, n_seasons=10) | LocalMinMaxScaler(stats_=[[  5.11211699 325.92896936]])","[1, 2, 3, 4, 5, 6, 7, 8, 9, 10, 11, 12, 13, 14, 15, 16, 17, 18, 19, 20, 21, 22, 23, 24, 25, 26, 27, 28, 29, 30, 31, 32, 33, 34, 35, 36, 37, 38, 39, 40, 41, 42, 43, 44, 45, 46, 47, 48, 49, 50, 51, 52, 53, 54, 55, 56, 57, 58, 59, 60, 61, 62, 63, 64, 65, 66, 67, 68, 69, 70, 71, 72, 73, 74, 75, 76, 77, 78, 79, 80, 81, 82, 83, 84, 85, 86, 87, 88, 89, 90, 91, 92, 93, 94, 95, 96, 97, 98, 99, 100]","{1: [<function expanding_mean at 0x000002C58F7A04A0>], 7: [<function rolling_mean_14 at 0x000002C5930FAA20>], 30: [<function expanding_mean at 0x000002C58F7A04A0>]}",lags_100_features_100,10.47515536510585,14.710390951019253,17.297402010638898,17.71865823677422,17.472199499500128,18.24353895561035,25.70749391816048,28.60904050066274,30.808803927843403,40.766544247728916,40.97328234532172
SGD_Lasso,"AutoSeasonalityAndDifferences(max_diffs=380, max_season_length=267, n_seasons=10) | LocalMinMaxScaler(stats_=[[  5.11211699 325.92896936]])","[1, 2, 3, 4, 5, 6, 7, 8, 9, 10, 11, 12, 13, 14, 15, 16, 17, 18, 19, 20, 21, 22, 23, 24, 25, 26, 27, 28, 29, 30, 31, 32, 33, 34, 35, 36, 37, 38, 39, 40, 41, 42, 43, 44, 45, 46, 47, 48, 49, 50, 51, 52, 53, 54, 55, 56, 57, 58, 59, 60, 61, 62, 63, 64, 65, 66, 67, 68, 69, 70, 71, 72, 73, 74, 75, 76, 77, 78, 79, 80, 81, 82, 83, 84, 85, 86, 87, 88, 89, 90, 91, 92, 93, 94, 95, 96, 97, 98, 99, 100]","{1: [<function expanding_mean at 0x000002C58F7A04A0>], 7: [<function rolling_mean_14 at 0x000002C5930FAA20>], 30: [<function expanding_mean at 0x000002C58F7A04A0>]}",lags_100_features_100,126.19622156040455,110.32759213459902,108.58576103800202,97.19603746457139,81.84607277800711,72.32540628859388,65.02097470582294,58.83868082467267,75.75410569517513,102.57800107726767,102.0509249203569
SGD_Ridge,"AutoSeasonalityAndDifferences(max_diffs=380, max_season_length=267, n_seasons=10) | LocalMinMaxScaler(stats_=[[  5.11211699 325.92896936]])","[1, 2, 3, 4, 5, 6, 7, 8, 9, 10, 11, 12, 13, 14, 15, 16, 17, 18, 19, 20, 21, 22, 23, 24, 25, 26, 27, 28, 29, 30, 31, 32, 33, 34, 35, 36, 37, 38, 39, 40, 41, 42, 43, 44, 45, 46, 47, 48, 49, 50, 51, 52, 53, 54, 55, 56, 57, 58, 59, 60, 61, 62, 63, 64, 65, 66, 67, 68, 69, 70, 71, 72, 73, 74, 75, 76, 77, 78, 79, 80, 81, 82, 83, 84, 85, 86, 87, 88, 89, 90, 91, 92, 93, 94, 95, 96, 97, 98, 99, 100]","{1: [<function expanding_mean at 0x000002C58F7A04A0>], 7: [<function rolling_mean_14 at 0x000002C5930FAA20>], 30: [<function expanding_mean at 0x000002C58F7A04A0>]}",lags_100_features_100,52.11933351153778,43.0453702683621,42.02248752927055,36.04633474403284,33.5939404152299,33.77890310899318,39.99444911595864,38.70180336799361,48.1870442520959,61.174679599927416,60.25275916750854
SGDRegressor,"AutoSeasonalityAndDifferences(max_diffs=380, max_season_length=267, n_seasons=10) | LocalMinMaxScaler(stats_=[[  5.11211699 325.92896936]])","[1, 2, 3, 4, 5, 6, 7, 8, 9, 10, 11, 12, 13, 14, 15, 16, 17, 18, 19, 20, 21, 22, 23, 24, 25, 26, 27, 28, 29, 30, 31, 32, 33, 34, 35, 36, 37, 38, 39, 40, 41, 42, 43, 44, 45, 46, 47, 48, 49, 50, 51, 52, 53, 54, 55, 56, 57, 58, 59, 60, 61, 62, 63, 64, 65, 66, 67, 68, 69, 70, 71, 72, 73, 74, 75, 76, 77, 78, 79, 80, 81, 82, 83, 84, 85, 86, 87, 88, 89, 90, 91, 92, 93, 94, 95, 96, 97, 98, 99, 100]","{1: [<function expanding_mean at 0x000002C58F7A04A0>], 7: [<function rolling_mean_14 at 0x000002C5930FAA20>], 30: [<function expanding_mean at 0x000002C58F7A04A0>]}",lags_100_features_100,17.779789503624226,25.706501522292758,26.48884914213593,24.8389136197106,23.936013212248568,23.531409224392597,29.402292993174456,33.004450599362436,33.14481879880124,33.97595789019985,34.26135935074744
XGBRegressor,"AutoSeasonalityAndDifferences(max_diffs=380, max_season_length=267, n_seasons=10) | LocalMinMaxScaler(stats_=[[  5.11211699 325.92896936]])","[1, 2, 3, 4, 5, 6, 7, 8, 9, 10, 11, 12, 13, 14, 15, 16, 17, 18, 19, 20, 21, 22, 23, 24, 25, 26, 27, 28, 29, 30, 31, 32, 33, 34, 35, 36, 37, 38, 39, 40, 41, 42, 43, 44, 45, 46, 47, 48, 49, 50, 51, 52, 53, 54, 55, 56, 57, 58, 59, 60, 61, 62, 63, 64, 65, 66, 67, 68, 69, 70, 71, 72, 73, 74, 75, 76, 77, 78, 79, 80, 81, 82, 83, 84, 85, 86, 87, 88, 89, 90, 91, 92, 93, 94, 95, 96, 97, 98, 99, 100]","{1: [<function expanding_mean at 0x000002C58F7A04A0>], 7: [<function rolling_mean_14 at 0x000002C5930FAA20>], 30: [<function expanding_mean at 0x000002C58F7A04A0>]}",lags_100_features_100,20.40800785341165,23.497705570718274,24.393115617948553,24.499918456251883,27.036558029295854,29.251415469792036,37.753594873237404,38.93298188203088,40.1905927826136,42.83757032375959,42.07754777674755
LGBMRegressor,"AutoSeasonalityAndDifferences(max_diffs=380, max_season_length=267, n_seasons=10) | LocalMinMaxScaler(stats_=[[  5.11211699 325.92896936]])","[1, 2, 3, 4, 5, 6, 7, 8, 9, 10, 11, 12, 13, 14, 15, 16, 17, 18, 19, 20, 21, 22, 23, 24, 25, 26, 27, 28, 29, 30, 31, 32, 33, 34, 35, 36, 37, 38, 39, 40, 41, 42, 43, 44, 45, 46, 47, 48, 49, 50, 51, 52, 53, 54, 55, 56, 57, 58, 59, 60, 61, 62, 63, 64, 65, 66, 67, 68, 69, 70, 71, 72, 73, 74, 75, 76, 77, 78, 79, 80, 81, 82, 83, 84, 85, 86, 87, 88, 89, 90, 91, 92, 93, 94, 95, 96, 97, 98, 99, 100]","{1: [<function expanding_mean at 0x000002C58F7A04A0>], 7: [<function rolling_mean_14 at 0x000002C5930FAA20>], 30: [<function expanding_mean at 0x000002C58F7A04A0>]}",lags_100_features_100,11.616052194657673,20.533944895579424,22.651692502838202,21.90545810868404,22.344237338393043,22.70530085981933,29.44855877180192,35.11501921404699,39.82586654947893,38.07041329910524,37.82604719586371
SGD_EarlyStopping,"AutoSeasonalityAndDifferences(max_diffs=380, max_season_length=267, n_seasons=10) | LocalMinMaxScaler(stats_=[[  5.11211699 325.92896936]])","[1, 2, 3, 4, 5, 6, 7, 8, 9, 10, 11, 12, 13, 14, 15, 16, 17, 18, 19, 20, 21, 22, 23, 24, 25, 26, 27, 28, 29, 30, 31, 32, 33, 34, 35, 36, 37, 38, 39, 40, 41, 42, 43, 44, 45, 46, 47, 48, 49, 50, 51, 52, 53, 54, 55, 56, 57, 58, 59, 60, 61, 62, 63, 64, 65, 66, 67, 68, 69, 70, 71, 72, 73, 74, 75, 76, 77, 78, 79, 80, 81, 82, 83, 84, 85, 86, 87, 88, 89, 90, 91, 92, 93, 94, 95, 96, 97, 98, 99, 100]","{1: [<function rolling_mean_14 at 0x000002C5930FAA20>], 7: [<function rolling_mean_30 at 0x000002C58DBF9260>], 30: [<function expanding_mean at 0x000002C58F7A04A0>]}",lags_100_features_100,14.747282603710152,22.922670590183863,22.448330919011582,21.04622432456729,20.106430639442248,21.98728049481297,25.062856745011526,25.835375527554937,26.336739597232935,27.764740783030216,28.575221204347027
SGD_ElasticNet,"AutoSeasonalityAndDifferences(max_diffs=380, max_season_length=267, n_seasons=10) | LocalMinMaxScaler(stats_=[[  5.11211699 325.92896936]])","[1, 2, 3, 4, 5, 6, 7, 8, 9, 10, 11, 12, 13, 14, 15, 16, 17, 18, 19, 20, 21, 22, 23, 24, 25, 26, 27, 28, 29, 30, 31, 32, 33, 34, 35, 36, 37, 38, 39, 40, 41, 42, 43, 44, 45, 46, 47, 48, 49, 50, 51, 52, 53, 54, 55, 56, 57, 58, 59, 60, 61, 62, 63, 64, 65, 66, 67, 68, 69, 70, 71, 72, 73, 74, 75, 76, 77, 78, 79, 80, 81, 82, 83, 84, 85, 86, 87, 88, 89, 90, 91, 92, 93, 94, 95, 96, 97, 98, 99, 100]","{1: [<function rolling_mean_14 at 0x000002C5930FAA20>], 7: [<function rolling_mean_30 at 0x000002C58DBF9260>], 30: [<function expanding_mean at 0x000002C58F7A04A0>]}",lags_100_features_100,10.357242967939289,14.667828195254156,17.25845605926623,17.696147346290143,17.43793099938693,18.21448539689034,25.624490205149602,28.531458804975895,30.672849304098193,40.53362101558414,40.75578977151415
SGD_Lasso,"AutoSeasonalityAndDifferences(max_diffs=380, max_season_length=267, n_seasons=10) | LocalMinMaxScaler(stats_=[[  5.11211699 325.92896936]])","[1, 2, 3, 4, 5, 6, 7, 8, 9, 10, 11, 12, 13, 14, 15, 16, 17, 18, 19, 20, 21, 22, 23, 24, 25, 26, 27, 28, 29, 30, 31, 32, 33, 34, 35, 36, 37, 38, 39, 40, 41, 42, 43, 44, 45, 46, 47, 48, 49, 50, 51, 52, 53, 54, 55, 56, 57, 58, 59, 60, 61, 62, 63, 64, 65, 66, 67, 68, 69, 70, 71, 72, 73, 74, 75, 76, 77, 78, 79, 80, 81, 82, 83, 84, 85, 86, 87, 88, 89, 90, 91, 92, 93, 94, 95, 96, 97, 98, 99, 100]","{1: [<function rolling_mean_14 at 0x000002C5930FAA20>], 7: [<function rolling_mean_30 at 0x000002C58DBF9260>], 30: [<function expanding_mean at 0x000002C58F7A04A0>]}",lags_100_features_100,126.19622156040455,110.32759213459902,108.58576103800202,97.19603746457139,81.84607277800711,72.32540628859388,65.02097470582294,58.83868082467267,75.75410569517513,102.57800107726767,102.0509249203569
SGD_Ridge,"AutoSeasonalityAndDifferences(max_diffs=380, max_season_length=267, n_seasons=10) | LocalMinMaxScaler(stats_=[[  5.11211699 325.92896936]])","[1, 2, 3, 4, 5, 6, 7, 8, 9, 10, 11, 12, 13, 14, 15, 16, 17, 18, 19, 20, 21, 22, 23, 24, 25, 26, 27, 28, 29, 30, 31, 32, 33, 34, 35, 36, 37, 38, 39, 40, 41, 42, 43, 44, 45, 46, 47, 48, 49, 50, 51, 52, 53, 54, 55, 56, 57, 58, 59, 60, 61, 62, 63, 64, 65, 66, 67, 68, 69, 70, 71, 72, 73, 74, 75, 76, 77, 78, 79, 80, 81, 82, 83, 84, 85, 86, 87, 88, 89, 90, 91, 92, 93, 94, 95, 96, 97, 98, 99, 100]","{1: [<function rolling_mean_14 at 0x000002C5930FAA20>], 7: [<function rolling_mean_30 at 0x000002C58DBF9260>], 30: [<function expanding_mean at 0x000002C58F7A04A0>]}",lags_100_features_100,51.87101898730315,42.86715264830207,41.88432460937342,35.94586419966701,33.505087911860564,33.69428619563596,39.93287746436893,38.659676009059694,48.10784947032219,61.090171869056206,60.17193518811368
SGDRegressor,"AutoSeasonalityAndDifferences(max_diffs=380, max_season_length=267, n_seasons=10) | LocalMinMaxScaler(stats_=[[  5.11211699 325.92896936]])","[1, 2, 3, 4, 5, 6, 7, 8, 9, 10, 11, 12, 13, 14, 15, 16, 17, 18, 19, 20, 21, 22, 23, 24, 25, 26, 27, 28, 29, 30, 31, 32, 33, 34, 35, 36, 37, 38, 39, 40, 41, 42, 43, 44, 45, 46, 47, 48, 49, 50, 51, 52, 53, 54, 55, 56, 57, 58, 59, 60, 61, 62, 63, 64, 65, 66, 67, 68, 69, 70, 71, 72, 73, 74, 75, 76, 77, 78, 79, 80, 81, 82, 83, 84, 85, 86, 87, 88, 89, 90, 91, 92, 93, 94, 95, 96, 97, 98, 99, 100]","{1: [<function rolling_mean_14 at 0x000002C5930FAA20>], 7: [<function rolling_mean_30 at 0x000002C58DBF9260>], 30: [<function expanding_mean at 0x000002C58F7A04A0>]}",lags_100_features_100,18.091300707735876,26.067734189001023,26.825170878039845,25.141500587181003,24.177159102905073,23.724382222908957,29.476864497757404,33.06420837274762,33.33720332527803,33.9723250059402,34.26316326155509
XGBRegressor,"AutoSeasonalityAndDifferences(max_diffs=380, max_season_length=267, n_seasons=10) | LocalMinMaxScaler(stats_=[[  5.11211699 325.92896936]])","[1, 2, 3, 4, 5, 6, 7, 8, 9, 10, 11, 12, 13, 14, 15, 16, 17, 18, 19, 20, 21, 22, 23, 24, 25, 26, 27, 28, 29, 30, 31, 32, 33, 34, 35, 36, 37, 38, 39, 40, 41, 42, 43, 44, 45, 46, 47, 48, 49, 50, 51, 52, 53, 54, 55, 56, 57, 58, 59, 60, 61, 62, 63, 64, 65, 66, 67, 68, 69, 70, 71, 72, 73, 74, 75, 76, 77, 78, 79, 80, 81, 82, 83, 84, 85, 86, 87, 88, 89, 90, 91, 92, 93, 94, 95, 96, 97, 98, 99, 100]","{1: [<function rolling_mean_14 at 0x000002C5930FAA20>], 7: [<function rolling_mean_30 at 0x000002C58DBF9260>], 30: [<function expanding_mean at 0x000002C58F7A04A0>]}",lags_100_features_100,19.73718144008255,26.706738151080323,26.983530120910444,26.278023367805943,26.898747922466253,27.969361626277035,36.17788448547208,37.563969852656854,41.02397334632252,47.0912606628916,46.37817481030428
LGBMRegressor,"AutoSeasonalityAndDifferences(max_diffs=380, max_season_length=267, n_seasons=10) | LocalMinMaxScaler(stats_=[[  5.11211699 325.92896936]])","[1, 2, 3, 4, 5, 6, 7, 8, 9, 10, 11, 12, 13, 14, 15, 16, 17, 18, 19, 20, 21, 22, 23, 24, 25, 26, 27, 28, 29, 30, 31, 32, 33, 34, 35, 36, 37, 38, 39, 40, 41, 42, 43, 44, 45, 46, 47, 48, 49, 50, 51, 52, 53, 54, 55, 56, 57, 58, 59, 60, 61, 62, 63, 64, 65, 66, 67, 68, 69, 70, 71, 72, 73, 74, 75, 76, 77, 78, 79, 80, 81, 82, 83, 84, 85, 86, 87, 88, 89, 90, 91, 92, 93, 94, 95, 96, 97, 98, 99, 100]","{1: [<function rolling_mean_14 at 0x000002C5930FAA20>], 7: [<function rolling_mean_30 at 0x000002C58DBF9260>], 30: [<function expanding_mean at 0x000002C58F7A04A0>]}",lags_100_features_100,12.271578009710796,23.068493021867145,23.81865832102512,24.70192530780365,26.129604220129515,26.841324535810834,29.51738922545128,41.07482211770654,48.997807201266866,44.6442122581728,43.84072472207828
SGD_EarlyStopping,"AutoSeasonalityAndDifferences(max_diffs=380, max_season_length=267, n_seasons=10) | LocalMinMaxScaler(stats_=[[  5.11211699 325.92896936]])","[1, 2, 3, 4, 5, 6, 7, 8, 9, 10, 11, 12, 13, 14, 15, 16, 17, 18, 19, 20, 21, 22, 23, 24, 25, 26, 27, 28, 29, 30, 31, 32, 33, 34, 35, 36, 37, 38, 39, 40, 41, 42, 43, 44, 45, 46, 47, 48, 49, 50, 51, 52, 53, 54, 55, 56, 57, 58, 59, 60, 61, 62, 63, 64, 65, 66, 67, 68, 69, 70, 71, 72, 73, 74, 75, 76, 77, 78, 79, 80, 81, 82, 83, 84, 85, 86, 87, 88, 89, 90, 91, 92, 93, 94, 95, 96, 97, 98, 99, 100]","{7: [RollingMean(window_size=7)], 30: [RollingMean(window_size=30)], 60: [RollingMean(window_size=60)]}",lags_100_features_100,22.630979323106256,30.66095179036793,30.031077345299057,27.129157866850807,24.983892778239085,24.92484778484775,28.115966343589676,29.461633506573083,32.66775234567935,34.72163432479688,35.56375053411359
SGD_ElasticNet,"AutoSeasonalityAndDifferences(max_diffs=380, max_season_length=267, n_seasons=10) | LocalMinMaxScaler(stats_=[[  5.11211699 325.92896936]])","[1, 2, 3, 4, 5, 6, 7, 8, 9, 10, 11, 12, 13, 14, 15, 16, 17, 18, 19, 20, 21, 22, 23, 24, 25, 26, 27, 28, 29, 30, 31, 32, 33, 34, 35, 36, 37, 38, 39, 40, 41, 42, 43, 44, 45, 46, 47, 48, 49, 50, 51, 52, 53, 54, 55, 56, 57, 58, 59, 60, 61, 62, 63, 64, 65, 66, 67, 68, 69, 70, 71, 72, 73, 74, 75, 76, 77, 78, 79, 80, 81, 82, 83, 84, 85, 86, 87, 88, 89, 90, 91, 92, 93, 94, 95, 96, 97, 98, 99, 100]","{7: [RollingMean(window_size=7)], 30: [RollingMean(window_size=30)], 60: [RollingMean(window_size=60)]}",lags_100_features_100,15.062242762005448,16.857372413839986,23.431339483003807,25.286842204058097,23.476004467389224,23.803601674260413,28.45670662085631,29.806994062283803,33.34498771179372,49.05915808355667,49.646083030723986
SGD_Lasso,"AutoSeasonalityAndDifferences(max_diffs=380, max_season_length=267, n_seasons=10) | LocalMinMaxScaler(stats_=[[  5.11211699 325.92896936]])","[1, 2, 3, 4, 5, 6, 7, 8, 9, 10, 11, 12, 13, 14, 15, 16, 17, 18, 19, 20, 21, 22, 23, 24, 25, 26, 27, 28, 29, 30, 31, 32, 33, 34, 35, 36, 37, 38, 39, 40, 41, 42, 43, 44, 45, 46, 47, 48, 49, 50, 51, 52, 53, 54, 55, 56, 57, 58, 59, 60, 61, 62, 63, 64, 65, 66, 67, 68, 69, 70, 71, 72, 73, 74, 75, 76, 77, 78, 79, 80, 81, 82, 83, 84, 85, 86, 87, 88, 89, 90, 91, 92, 93, 94, 95, 96, 97, 98, 99, 100]","{7: [RollingMean(window_size=7)], 30: [RollingMean(window_size=30)], 60: [RollingMean(window_size=60)]}",lags_100_features_100,127.80983377302874,111.82800257018886,110.07374580215313,98.60277154765576,83.0767240297427,73.38826855413618,65.73449266465758,59.455672680400085,76.57778566716006,103.70055776432314,103.17886329051593
SGD_Ridge,"AutoSeasonalityAndDifferences(max_diffs=380, max_season_length=267, n_seasons=10) | LocalMinMaxScaler(stats_=[[  5.11211699 325.92896936]])","[1, 2, 3, 4, 5, 6, 7, 8, 9, 10, 11, 12, 13, 14, 15, 16, 17, 18, 19, 20, 21, 22, 23, 24, 25, 26, 27, 28, 29, 30, 31, 32, 33, 34, 35, 36, 37, 38, 39, 40, 41, 42, 43, 44, 45, 46, 47, 48, 49, 50, 51, 52, 53, 54, 55, 56, 57, 58, 59, 60, 61, 62, 63, 64, 65, 66, 67, 68, 69, 70, 71, 72, 73, 74, 75, 76, 77, 78, 79, 80, 81, 82, 83, 84, 85, 86, 87, 88, 89, 90, 91, 92, 93, 94, 95, 96, 97, 98, 99, 100]","{7: [RollingMean(window_size=7)], 30: [RollingMean(window_size=30)], 60: [RollingMean(window_size=60)]}",lags_100_features_100,63.11391548534401,54.83933895042238,56.40768503142457,49.84253430664756,43.04281963345918,40.01559670363051,43.301958151892414,41.288333385027975,51.32635169313252,68.89313038205161,68.35084919485628
SGDRegressor,"AutoSeasonalityAndDifferences(max_diffs=380, max_season_length=267, n_seasons=10) | LocalMinMaxScaler(stats_=[[  5.11211699 325.92896936]])","[1, 2, 3, 4, 5, 6, 7, 8, 9, 10, 11, 12, 13, 14, 15, 16, 17, 18, 19, 20, 21, 22, 23, 24, 25, 26, 27, 28, 29, 30, 31, 32, 33, 34, 35, 36, 37, 38, 39, 40, 41, 42, 43, 44, 45, 46, 47, 48, 49, 50, 51, 52, 53, 54, 55, 56, 57, 58, 59, 60, 61, 62, 63, 64, 65, 66, 67, 68, 69, 70, 71, 72, 73, 74, 75, 76, 77, 78, 79, 80, 81, 82, 83, 84, 85, 86, 87, 88, 89, 90, 91, 92, 93, 94, 95, 96, 97, 98, 99, 100]","{7: [RollingMean(window_size=7)], 30: [RollingMean(window_size=30)], 60: [RollingMean(window_size=60)]}",lags_100_features_100,11.154032516646836,18.262201417130484,19.067386568325766,18.58306066728617,17.948644749468944,18.77435833026637,24.998433483160593,27.239281300152278,28.87667633324364,38.45905342270214,39.027627924659036
XGBRegressor,"AutoSeasonalityAndDifferences(max_diffs=380, max_season_length=267, n_seasons=10) | LocalMinMaxScaler(stats_=[[  5.11211699 325.92896936]])","[1, 2, 3, 4, 5, 6, 7, 8, 9, 10, 11, 12, 13, 14, 15, 16, 17, 18, 19, 20, 21, 22, 23, 24, 25, 26, 27, 28, 29, 30, 31, 32, 33, 34, 35, 36, 37, 38, 39, 40, 41, 42, 43, 44, 45, 46, 47, 48, 49, 50, 51, 52, 53, 54, 55, 56, 57, 58, 59, 60, 61, 62, 63, 64, 65, 66, 67, 68, 69, 70, 71, 72, 73, 74, 75, 76, 77, 78, 79, 80, 81, 82, 83, 84, 85, 86, 87, 88, 89, 90, 91, 92, 93, 94, 95, 96, 97, 98, 99, 100]","{7: [RollingMean(window_size=7)], 30: [RollingMean(window_size=30)], 60: [RollingMean(window_size=60)]}",lags_100_features_100,17.880756721941207,26.266897035434667,27.338733943381982,28.86206544556231,28.019539887878338,27.450778926555902,35.5863660213431,40.63846661855883,40.29653952627595,38.370414466114845,37.86450870315644
LGBMRegressor,"AutoSeasonalityAndDifferences(max_diffs=380, max_season_length=267, n_seasons=10) | LocalMinMaxScaler(stats_=[[  5.11211699 325.92896936]])","[1, 2, 3, 4, 5, 6, 7, 8, 9, 10, 11, 12, 13, 14, 15, 16, 17, 18, 19, 20, 21, 22, 23, 24, 25, 26, 27, 28, 29, 30, 31, 32, 33, 34, 35, 36, 37, 38, 39, 40, 41, 42, 43, 44, 45, 46, 47, 48, 49, 50, 51, 52, 53, 54, 55, 56, 57, 58, 59, 60, 61, 62, 63, 64, 65, 66, 67, 68, 69, 70, 71, 72, 73, 74, 75, 76, 77, 78, 79, 80, 81, 82, 83, 84, 85, 86, 87, 88, 89, 90, 91, 92, 93, 94, 95, 96, 97, 98, 99, 100]","{7: [RollingMean(window_size=7)], 30: [RollingMean(window_size=30)], 60: [RollingMean(window_size=60)]}",lags_100_features_100,13.198055618343135,23.036539689138596,24.661868293212056,25.270105811899047,25.626765749143516,25.071398293188828,30.012437173894995,38.97966909633483,46.25607140001485,42.88122563192349,42.20628364516624
SGD_EarlyStopping,"AutoSeasonalityAndDifferences(max_diffs=380, max_season_length=267, n_seasons=10) | LocalMinMaxScaler(stats_=[[  5.11211699 325.92896936]])","[1, 2, 3, 4, 5, 6, 7, 8, 9, 10, 11, 12, 13, 14, 15, 16, 17, 18, 19, 20, 21, 22, 23, 24, 25, 26, 27, 28, 29, 30, 31, 32, 33, 34, 35, 36, 37, 38, 39, 40, 41, 42, 43, 44, 45, 46, 47, 48, 49, 50, 51, 52, 53, 54, 55, 56, 57, 58, 59, 60, 61, 62, 63, 64, 65, 66, 67, 68, 69, 70, 71, 72, 73, 74, 75, 76, 77, 78, 79, 80, 81, 82, 83, 84, 85, 86, 87, 88, 89, 90, 91, 92, 93, 94, 95, 96, 97, 98, 99, 100]","{7: [RollingMean(window_size=7), RollingStd(window_size=7)], 30: [RollingMean(window_size=30)], 60: [ExpandingMean()], 14: [ExponentiallyWeightedMean(alpha=0.3)]}",lags_100_features_100,14.869145405134343,23.086624906886975,22.654613316987696,21.135760104020864,20.111915079276805,21.814979781054518,25.029793301884013,25.84795973953593,26.399344706875173,27.924813731955222,28.71274336747805
SGD_ElasticNet,"AutoSeasonalityAndDifferences(max_diffs=380, max_season_length=267, n_seasons=10) | LocalMinMaxScaler(stats_=[[  5.11211699 325.92896936]])","[1, 2, 3, 4, 5, 6, 7, 8, 9, 10, 11, 12, 13, 14, 15, 16, 17, 18, 19, 20, 21, 22, 23, 24, 25, 26, 27, 28, 29, 30, 31, 32, 33, 34, 35, 36, 37, 38, 39, 40, 41, 42, 43, 44, 45, 46, 47, 48, 49, 50, 51, 52, 53, 54, 55, 56, 57, 58, 59, 60, 61, 62, 63, 64, 65, 66, 67, 68, 69, 70, 71, 72, 73, 74, 75, 76, 77, 78, 79, 80, 81, 82, 83, 84, 85, 86, 87, 88, 89, 90, 91, 92, 93, 94, 95, 96, 97, 98, 99, 100]","{7: [RollingMean(window_size=7), RollingStd(window_size=7)], 30: [RollingMean(window_size=30)], 60: [ExpandingMean()], 14: [ExponentiallyWeightedMean(alpha=0.3)]}",lags_100_features_100,10.169031530290816,14.653038892058914,17.170225781891997,17.546799150833085,17.358574726770826,18.146953306791282,25.643257369946,28.67716970802704,30.62230450627041,40.03755553690825,40.246848186501964
SGD_Lasso,"AutoSeasonalityAndDifferences(max_diffs=380, max_season_length=267, n_seasons=10) | LocalMinMaxScaler(stats_=[[  5.11211699 325.92896936]])","[1, 2, 3, 4, 5, 6, 7, 8, 9, 10, 11, 12, 13, 14, 15, 16, 17, 18, 19, 20, 21, 22, 23, 24, 25, 26, 27, 28, 29, 30, 31, 32, 33, 34, 35, 36, 37, 38, 39, 40, 41, 42, 43, 44, 45, 46, 47, 48, 49, 50, 51, 52, 53, 54, 55, 56, 57, 58, 59, 60, 61, 62, 63, 64, 65, 66, 67, 68, 69, 70, 71, 72, 73, 74, 75, 76, 77, 78, 79, 80, 81, 82, 83, 84, 85, 86, 87, 88, 89, 90, 91, 92, 93, 94, 95, 96, 97, 98, 99, 100]","{7: [RollingMean(window_size=7), RollingStd(window_size=7)], 30: [RollingMean(window_size=30)], 60: [ExpandingMean()], 14: [ExponentiallyWeightedMean(alpha=0.3)]}",lags_100_features_100,126.19622156040455,110.32759213459902,108.58576103800202,97.19603746457139,81.84607277800711,72.32540628859388,65.02097470582294,58.83868082467267,75.75410569517513,102.57800107726767,102.0509249203569
SGD_Ridge,"AutoSeasonalityAndDifferences(max_diffs=380, max_season_length=267, n_seasons=10) | LocalMinMaxScaler(stats_=[[  5.11211699 325.92896936]])","[1, 2, 3, 4, 5, 6, 7, 8, 9, 10, 11, 12, 13, 14, 15, 16, 17, 18, 19, 20, 21, 22, 23, 24, 25, 26, 27, 28, 29, 30, 31, 32, 33, 34, 35, 36, 37, 38, 39, 40, 41, 42, 43, 44, 45, 46, 47, 48, 49, 50, 51, 52, 53, 54, 55, 56, 57, 58, 59, 60, 61, 62, 63, 64, 65, 66, 67, 68, 69, 70, 71, 72, 73, 74, 75, 76, 77, 78, 79, 80, 81, 82, 83, 84, 85, 86, 87, 88, 89, 90, 91, 92, 93, 94, 95, 96, 97, 98, 99, 100]","{7: [RollingMean(window_size=7), RollingStd(window_size=7)], 30: [RollingMean(window_size=30)], 60: [ExpandingMean()], 14: [ExponentiallyWeightedMean(alpha=0.3)]}",lags_100_features_100,51.54553502601749,42.58207806412375,41.63100174338529,35.74967293698209,33.34919285081716,33.55917483372144,39.842142176486185,38.601578375489794,47.9719473130902,60.90540341419363,59.99149954022012
SGDRegressor,"AutoSeasonalityAndDifferences(max_diffs=380, max_season_length=267, n_seasons=10) | LocalMinMaxScaler(stats_=[[  5.11211699 325.92896936]])","[1, 2, 3, 4, 5, 6, 7, 8, 9, 10, 11, 12, 13, 14, 15, 16, 17, 18, 19, 20, 21, 22, 23, 24, 25, 26, 27, 28, 29, 30, 31, 32, 33, 34, 35, 36, 37, 38, 39, 40, 41, 42, 43, 44, 45, 46, 47, 48, 49, 50, 51, 52, 53, 54, 55, 56, 57, 58, 59, 60, 61, 62, 63, 64, 65, 66, 67, 68, 69, 70, 71, 72, 73, 74, 75, 76, 77, 78, 79, 80, 81, 82, 83, 84, 85, 86, 87, 88, 89, 90, 91, 92, 93, 94, 95, 96, 97, 98, 99, 100]","{7: [RollingMean(window_size=7), RollingStd(window_size=7)], 30: [RollingMean(window_size=30)], 60: [ExpandingMean()], 14: [ExponentiallyWeightedMean(alpha=0.3)]}",lags_100_features_100,18.520862121499828,26.564541075232974,27.341608247648296,25.670895971054208,24.719806777829252,24.19268091307535,29.92808492992311,33.670345382527636,34.12704100853388,34.38529526835083,34.6358770012351
XGBRegressor,"AutoSeasonalityAndDifferences(max_diffs=380, max_season_length=267, n_seasons=10) | LocalMinMaxScaler(stats_=[[  5.11211699 325.92896936]])","[1, 2, 3, 4, 5, 6, 7, 8, 9, 10, 11, 12, 13, 14, 15, 16, 17, 18, 19, 20, 21, 22, 23, 24, 25, 26, 27, 28, 29, 30, 31, 32, 33, 34, 35, 36, 37, 38, 39, 40, 41, 42, 43, 44, 45, 46, 47, 48, 49, 50, 51, 52, 53, 54, 55, 56, 57, 58, 59, 60, 61, 62, 63, 64, 65, 66, 67, 68, 69, 70, 71, 72, 73, 74, 75, 76, 77, 78, 79, 80, 81, 82, 83, 84, 85, 86, 87, 88, 89, 90, 91, 92, 93, 94, 95, 96, 97, 98, 99, 100]","{7: [RollingMean(window_size=7), RollingStd(window_size=7)], 30: [RollingMean(window_size=30)], 60: [ExpandingMean()], 14: [ExponentiallyWeightedMean(alpha=0.3)]}",lags_100_features_100,28.608369239018433,36.30644849803312,39.33108469671015,40.24961755303511,41.85886594579616,43.40436428797863,48.31875500080398,46.71643047103895,49.75745042814385,56.49077959733043,55.630008146316
LGBMRegressor,"AutoSeasonalityAndDifferences(max_diffs=380, max_season_length=267, n_seasons=10) | LocalMinMaxScaler(stats_=[[  5.11211699 325.92896936]])","[1, 2, 3, 4, 5, 6, 7, 8, 9, 10, 11, 12, 13, 14, 15, 16, 17, 18, 19, 20, 21, 22, 23, 24, 25, 26, 27, 28, 29, 30, 31, 32, 33, 34, 35, 36, 37, 38, 39, 40, 41, 42, 43, 44, 45, 46, 47, 48, 49, 50, 51, 52, 53, 54, 55, 56, 57, 58, 59, 60, 61, 62, 63, 64, 65, 66, 67, 68, 69, 70, 71, 72, 73, 74, 75, 76, 77, 78, 79, 80, 81, 82, 83, 84, 85, 86, 87, 88, 89, 90, 91, 92, 93, 94, 95, 96, 97, 98, 99, 100]","{7: [RollingMean(window_size=7), RollingStd(window_size=7)], 30: [RollingMean(window_size=30)], 60: [ExpandingMean()], 14: [ExponentiallyWeightedMean(alpha=0.3)]}",lags_100_features_100,12.891943385991786,22.833884631928385,23.69382749741593,23.78505459085077,24.230811213467177,23.922567565853704,30.16246585623732,33.75041099598624,35.27390652598764,33.720617881316706,33.373594001552874
XGBRegressor,"AutoSeasonalityAndDifferences(max_diffs=380, max_season_length=267, n_seasons=10) | LocalBoxCox(lower=0.0, method=loglik, season_length=None, stats_=[[4.10226185e-05 0.00000000e+00]], upper=2.0)","[1, 2, 3, 4, 5, 6, 7, 8, 9, 10, 11, 12, 13, 14, 15, 16, 17, 18, 19, 20, 21, 22, 23, 24, 25, 26, 27, 28, 29, 30, 31, 32, 33, 34, 35, 36, 37, 38, 39, 40, 41, 42, 43, 44, 45, 46, 47, 48, 49, 50, 51, 52, 53, 54, 55, 56, 57, 58, 59, 60, 61, 62, 63, 64, 65, 66, 67, 68, 69, 70, 71, 72, 73, 74, 75, 76, 77, 78, 79, 80, 81, 82, 83, 84, 85, 86, 87, 88, 89, 90, 91, 92, 93, 94, 95, 96, 97, 98, 99, 100]","{1: [<function expanding_mean at 0x000002C58F7A04A0>], 7: [<function rolling_mean_14 at 0x000002C5930FAA20>], 30: [<function expanding_mean at 0x000002C58F7A04A0>]}",lags_100_features_100,22.177587139997463,29.59334033055309,30.41847276408433,30.20738059006396,33.11847897868961,34.19994947859365,39.73642468555344,41.83701448588009,40.12980267025138,39.68091171358287,39.33697257366474
LGBMRegressor,"AutoSeasonalityAndDifferences(max_diffs=380, max_season_length=267, n_seasons=10) | LocalBoxCox(lower=0.0, method=loglik, season_length=None, stats_=[[4.10226185e-05 0.00000000e+00]], upper=2.0)","[1, 2, 3, 4, 5, 6, 7, 8, 9, 10, 11, 12, 13, 14, 15, 16, 17, 18, 19, 20, 21, 22, 23, 24, 25, 26, 27, 28, 29, 30, 31, 32, 33, 34, 35, 36, 37, 38, 39, 40, 41, 42, 43, 44, 45, 46, 47, 48, 49, 50, 51, 52, 53, 54, 55, 56, 57, 58, 59, 60, 61, 62, 63, 64, 65, 66, 67, 68, 69, 70, 71, 72, 73, 74, 75, 76, 77, 78, 79, 80, 81, 82, 83, 84, 85, 86, 87, 88, 89, 90, 91, 92, 93, 94, 95, 96, 97, 98, 99, 100]","{1: [<function expanding_mean at 0x000002C58F7A04A0>], 7: [<function rolling_mean_14 at 0x000002C5930FAA20>], 30: [<function expanding_mean at 0x000002C58F7A04A0>]}",lags_100_features_100,19.064896614929953,26.52913075763152,25.963894025709976,25.36576927617691,25.332687109540753,24.915431410364196,30.992691794568554,37.92552127755494,40.66569818755114,37.45086499345955,36.893570959994506
XGBRegressor,"AutoSeasonalityAndDifferences(max_diffs=380, max_season_length=267, n_seasons=10) | LocalBoxCox(lower=0.0, method=loglik, season_length=None, stats_=[[4.10226185e-05 0.00000000e+00]], upper=2.0)","[1, 2, 3, 4, 5, 6, 7, 8, 9, 10, 11, 12, 13, 14, 15, 16, 17, 18, 19, 20, 21, 22, 23, 24, 25, 26, 27, 28, 29, 30, 31, 32, 33, 34, 35, 36, 37, 38, 39, 40, 41, 42, 43, 44, 45, 46, 47, 48, 49, 50, 51, 52, 53, 54, 55, 56, 57, 58, 59, 60, 61, 62, 63, 64, 65, 66, 67, 68, 69, 70, 71, 72, 73, 74, 75, 76, 77, 78, 79, 80, 81, 82, 83, 84, 85, 86, 87, 88, 89, 90, 91, 92, 93, 94, 95, 96, 97, 98, 99, 100]","{1: [<function rolling_mean_14 at 0x000002C5930FAA20>], 7: [<function rolling_mean_30 at 0x000002C58DBF9260>], 30: [<function expanding_mean at 0x000002C58F7A04A0>]}",lags_100_features_100,21.879881208099807,28.26629328136524,29.517965915356815,29.261395384727074,31.655739335983,32.725638597206206,39.61612168628126,43.459129814254474,42.52415571256862,47.10601897565461,46.52075214167023
LGBMRegressor,"AutoSeasonalityAndDifferences(max_diffs=380, max_season_length=267, n_seasons=10) | LocalBoxCox(lower=0.0, method=loglik, season_length=None, stats_=[[4.10226185e-05 0.00000000e+00]], upper=2.0)","[1, 2, 3, 4, 5, 6, 7, 8, 9, 10, 11, 12, 13, 14, 15, 16, 17, 18, 19, 20, 21, 22, 23, 24, 25, 26, 27, 28, 29, 30, 31, 32, 33, 34, 35, 36, 37, 38, 39, 40, 41, 42, 43, 44, 45, 46, 47, 48, 49, 50, 51, 52, 53, 54, 55, 56, 57, 58, 59, 60, 61, 62, 63, 64, 65, 66, 67, 68, 69, 70, 71, 72, 73, 74, 75, 76, 77, 78, 79, 80, 81, 82, 83, 84, 85, 86, 87, 88, 89, 90, 91, 92, 93, 94, 95, 96, 97, 98, 99, 100]","{1: [<function rolling_mean_14 at 0x000002C5930FAA20>], 7: [<function rolling_mean_30 at 0x000002C58DBF9260>], 30: [<function expanding_mean at 0x000002C58F7A04A0>]}",lags_100_features_100,19.026085462934702,27.409137335127543,26.531385766829484,26.817631991090597,27.438333762537248,26.753902223645177,30.38869758742563,42.15415368254133,48.80439618753306,44.80172959029317,44.05547847443418
XGBRegressor,"AutoSeasonalityAndDifferences(max_diffs=380, max_season_length=267, n_seasons=10) | LocalBoxCox(lower=0.0, method=loglik, season_length=None, stats_=[[4.10226185e-05 0.00000000e+00]], upper=2.0)","[1, 2, 3, 4, 5, 6, 7, 8, 9, 10, 11, 12, 13, 14, 15, 16, 17, 18, 19, 20, 21, 22, 23, 24, 25, 26, 27, 28, 29, 30, 31, 32, 33, 34, 35, 36, 37, 38, 39, 40, 41, 42, 43, 44, 45, 46, 47, 48, 49, 50, 51, 52, 53, 54, 55, 56, 57, 58, 59, 60, 61, 62, 63, 64, 65, 66, 67, 68, 69, 70, 71, 72, 73, 74, 75, 76, 77, 78, 79, 80, 81, 82, 83, 84, 85, 86, 87, 88, 89, 90, 91, 92, 93, 94, 95, 96, 97, 98, 99, 100]","{7: [RollingMean(window_size=7)], 30: [RollingMean(window_size=30)], 60: [RollingMean(window_size=60)]}",lags_100_features_100,21.861867411438276,29.609455959309788,29.73071078858856,29.733076511129326,32.68587585186128,35.30167144570007,43.816557369711084,45.65210570377016,44.83282805874015,44.511750806243064,43.89041320121197
LGBMRegressor,"AutoSeasonalityAndDifferences(max_diffs=380, max_season_length=267, n_seasons=10) | LocalBoxCox(lower=0.0, method=loglik, season_length=None, stats_=[[4.10226185e-05 0.00000000e+00]], upper=2.0)","[1, 2, 3, 4, 5, 6, 7, 8, 9, 10, 11, 12, 13, 14, 15, 16, 17, 18, 19, 20, 21, 22, 23, 24, 25, 26, 27, 28, 29, 30, 31, 32, 33, 34, 35, 36, 37, 38, 39, 40, 41, 42, 43, 44, 45, 46, 47, 48, 49, 50, 51, 52, 53, 54, 55, 56, 57, 58, 59, 60, 61, 62, 63, 64, 65, 66, 67, 68, 69, 70, 71, 72, 73, 74, 75, 76, 77, 78, 79, 80, 81, 82, 83, 84, 85, 86, 87, 88, 89, 90, 91, 92, 93, 94, 95, 96, 97, 98, 99, 100]","{7: [RollingMean(window_size=7)], 30: [RollingMean(window_size=30)], 60: [RollingMean(window_size=60)]}",lags_100_features_100,17.567261726944814,26.587973252254134,27.17267601643662,27.56484523439851,28.54194504318625,27.61922636141768,31.05136126546772,42.93790333622591,49.44379366688914,44.28861563574273,43.67992965446681
XGBRegressor,"AutoSeasonalityAndDifferences(max_diffs=380, max_season_length=267, n_seasons=10) | LocalBoxCox(lower=0.0, method=loglik, season_length=None, stats_=[[4.10226185e-05 0.00000000e+00]], upper=2.0)","[1, 2, 3, 4, 5, 6, 7, 8, 9, 10, 11, 12, 13, 14, 15, 16, 17, 18, 19, 20, 21, 22, 23, 24, 25, 26, 27, 28, 29, 30, 31, 32, 33, 34, 35, 36, 37, 38, 39, 40, 41, 42, 43, 44, 45, 46, 47, 48, 49, 50, 51, 52, 53, 54, 55, 56, 57, 58, 59, 60, 61, 62, 63, 64, 65, 66, 67, 68, 69, 70, 71, 72, 73, 74, 75, 76, 77, 78, 79, 80, 81, 82, 83, 84, 85, 86, 87, 88, 89, 90, 91, 92, 93, 94, 95, 96, 97, 98, 99, 100]","{7: [RollingMean(window_size=7), RollingStd(window_size=7)], 30: [RollingMean(window_size=30)], 60: [ExpandingMean()], 14: [ExponentiallyWeightedMean(alpha=0.3)]}",lags_100_features_100,25.583650819330778,32.44673055794897,33.28510600391489,32.0531199998303,30.528402733146333,30.081272232205396,37.70120118726092,40.79954126647334,40.48849581732237,40.69577660504953,40.15532605791542
LGBMRegressor,"AutoSeasonalityAndDifferences(max_diffs=380, max_season_length=267, n_seasons=10) | LocalBoxCox(lower=0.0, method=loglik, season_length=None, stats_=[[4.10226185e-05 0.00000000e+00]], upper=2.0)","[1, 2, 3, 4, 5, 6, 7, 8, 9, 10, 11, 12, 13, 14, 15, 16, 17, 18, 19, 20, 21, 22, 23, 24, 25, 26, 27, 28, 29, 30, 31, 32, 33, 34, 35, 36, 37, 38, 39, 40, 41, 42, 43, 44, 45, 46, 47, 48, 49, 50, 51, 52, 53, 54, 55, 56, 57, 58, 59, 60, 61, 62, 63, 64, 65, 66, 67, 68, 69, 70, 71, 72, 73, 74, 75, 76, 77, 78, 79, 80, 81, 82, 83, 84, 85, 86, 87, 88, 89, 90, 91, 92, 93, 94, 95, 96, 97, 98, 99, 100]","{7: [RollingMean(window_size=7), RollingStd(window_size=7)], 30: [RollingMean(window_size=30)], 60: [ExpandingMean()], 14: [ExponentiallyWeightedMean(alpha=0.3)]}",lags_100_features_100,20.73534899154507,28.442680656223914,29.10595708802396,29.361599190637737,32.00029242227719,32.28391930756317,35.03486520814214,51.627045755344135,65.88278086824543,58.22843685819239,57.264786198062225
XGBRegressor,,"[1, 2, 3, 4, 5, 6, 7, 8, 9, 12, 13, 14, 15, 16, 17, 18, 21, 22, 23, 27, 28, 33, 34, 36, 37, 40, 42, 43, 45, 64, 72, 73, 74, 78, 97, 105, 118, 129, 130, 131, 144, 147, 150, 152, 154, 156, 157, 159, 163, 170, 172, 174, 176, 181, 185, 186, 187, 188, 189, 191, 192, 193, 194, 195, 196, 198]","{1: [<function expanding_mean at 0x000002C58F7A04A0>], 7: [<function rolling_mean_14 at 0x000002C5930FAA20>], 30: [<function expanding_mean at 0x000002C58F7A04A0>]}",lags_200_features_66,17.09674238686338,25.035173822532382,25.18299480655012,25.532268334867553,28.594444463872076,29.363099533956817,36.5196904697349,37.19363651447656,41.9246436553079,49.375359608864215,48.596518384748585
LGBMRegressor,,"[1, 2, 3, 4, 5, 6, 7, 8, 9, 12, 13, 14, 15, 16, 17, 18, 21, 22, 23, 27, 28, 33, 34, 36, 37, 40, 42, 43, 45, 64, 72, 73, 74, 78, 97, 105, 118, 129, 130, 131, 144, 147, 150, 152, 154, 156, 157, 159, 163, 170, 172, 174, 176, 181, 185, 186, 187, 188, 189, 191, 192, 193, 194, 195, 196, 198]","{1: [<function expanding_mean at 0x000002C58F7A04A0>], 7: [<function rolling_mean_14 at 0x000002C5930FAA20>], 30: [<function expanding_mean at 0x000002C58F7A04A0>]}",lags_200_features_66,15.550896247274476,22.38878481625624,23.355259861196867,24.707729110988065,28.036803755508355,29.043629886741908,35.54963678380766,35.48504660737045,37.24882124485608,38.42095834759789,37.85750836618448
XGBRegressor,,"[1, 2, 3, 4, 5, 6, 7, 8, 9, 12, 13, 14, 15, 16, 17, 18, 21, 22, 23, 27, 28, 33, 34, 36, 37, 40, 42, 43, 45, 64, 72, 73, 74, 78, 97, 105, 118, 129, 130, 131, 144, 147, 150, 152, 154, 156, 157, 159, 163, 170, 172, 174, 176, 181, 185, 186, 187, 188, 189, 191, 192, 193, 194, 195, 196, 198]","{1: [<function rolling_mean_14 at 0x000002C5930FAA20>], 7: [<function rolling_mean_30 at 0x000002C58DBF9260>], 30: [<function expanding_mean at 0x000002C58F7A04A0>]}",lags_200_features_66,14.782204748050216,23.178359642165717,25.41656806350014,26.597774424038384,29.238800391773072,28.540515129462264,33.01856729773403,32.72917602360456,39.052202993892884,48.469922912461044,47.74276781721234
LGBMRegressor,,"[1, 2, 3, 4, 5, 6, 7, 8, 9, 12, 13, 14, 15, 16, 17, 18, 21, 22, 23, 27, 28, 33, 34, 36, 37, 40, 42, 43, 45, 64, 72, 73, 74, 78, 97, 105, 118, 129, 130, 131, 144, 147, 150, 152, 154, 156, 157, 159, 163, 170, 172, 174, 176, 181, 185, 186, 187, 188, 189, 191, 192, 193, 194, 195, 196, 198]","{1: [<function rolling_mean_14 at 0x000002C5930FAA20>], 7: [<function rolling_mean_30 at 0x000002C58DBF9260>], 30: [<function expanding_mean at 0x000002C58F7A04A0>]}",lags_200_features_66,15.718136655510095,22.52796871378201,23.441225184440942,24.55078752605609,27.512404595015465,27.28329623379478,31.734369785020423,31.705013828470317,34.070559948859305,36.427356711325295,35.90301785080049
XGBRegressor,,"[1, 2, 3, 4, 5, 6, 7, 8, 9, 12, 13, 14, 15, 16, 17, 18, 21, 22, 23, 27, 28, 33, 34, 36, 37, 40, 42, 43, 45, 64, 72, 73, 74, 78, 97, 105, 118, 129, 130, 131, 144, 147, 150, 152, 154, 156, 157, 159, 163, 170, 172, 174, 176, 181, 185, 186, 187, 188, 189, 191, 192, 193, 194, 195, 196, 198]","{7: [RollingMean(window_size=7)], 30: [RollingMean(window_size=30)], 60: [RollingMean(window_size=60)]}",lags_200_features_66,16.766227337266347,24.545903145236068,25.590971947951836,26.61576309216636,28.751045633045774,28.658340928866473,34.726570982827106,34.21064799962951,42.28587868440961,46.47349816484489,45.692284727156725
LGBMRegressor,,"[1, 2, 3, 4, 5, 6, 7, 8, 9, 12, 13, 14, 15, 16, 17, 18, 21, 22, 23, 27, 28, 33, 34, 36, 37, 40, 42, 43, 45, 64, 72, 73, 74, 78, 97, 105, 118, 129, 130, 131, 144, 147, 150, 152, 154, 156, 157, 159, 163, 170, 172, 174, 176, 181, 185, 186, 187, 188, 189, 191, 192, 193, 194, 195, 196, 198]","{7: [RollingMean(window_size=7)], 30: [RollingMean(window_size=30)], 60: [RollingMean(window_size=60)]}",lags_200_features_66,17.683806068591952,24.177627132095758,24.66924485516186,25.028738326445055,26.86910222727223,26.791470025745934,31.99888009603023,31.58648347227108,34.18675322178903,36.240717112026324,35.699155041995006
XGBRegressor,,"[1, 2, 3, 4, 5, 6, 7, 8, 9, 12, 13, 14, 15, 16, 17, 18, 21, 22, 23, 27, 28, 33, 34, 36, 37, 40, 42, 43, 45, 64, 72, 73, 74, 78, 97, 105, 118, 129, 130, 131, 144, 147, 150, 152, 154, 156, 157, 159, 163, 170, 172, 174, 176, 181, 185, 186, 187, 188, 189, 191, 192, 193, 194, 195, 196, 198]","{7: [RollingMean(window_size=7), RollingStd(window_size=7)], 30: [RollingMean(window_size=30)], 60: [ExpandingMean()], 14: [ExponentiallyWeightedMean(alpha=0.3)]}",lags_200_features_66,13.642932380414988,21.017692200341166,22.971341659944432,23.971431784664414,27.278120919386033,28.63952055035749,35.43492102934317,36.23751673260468,37.21827724356926,40.36628286657501,40.0169949228172
LGBMRegressor,,"[1, 2, 3, 4, 5, 6, 7, 8, 9, 12, 13, 14, 15, 16, 17, 18, 21, 22, 23, 27, 28, 33, 34, 36, 37, 40, 42, 43, 45, 64, 72, 73, 74, 78, 97, 105, 118, 129, 130, 131, 144, 147, 150, 152, 154, 156, 157, 159, 163, 170, 172, 174, 176, 181, 185, 186, 187, 188, 189, 191, 192, 193, 194, 195, 196, 198]","{7: [RollingMean(window_size=7), RollingStd(window_size=7)], 30: [RollingMean(window_size=30)], 60: [ExpandingMean()], 14: [ExponentiallyWeightedMean(alpha=0.3)]}",lags_200_features_66,14.43411921161083,21.24883707415791,22.416130959347896,23.432691650586595,25.445090557577466,25.735492892813834,32.26767456914709,33.17594381541352,35.70958280314872,40.39183874935732,39.78566146345749
XGBRegressor,AutoDifferences(max_diffs=380),"[1, 2, 3, 4, 5, 6, 7, 8, 9, 12, 13, 14, 15, 16, 17, 18, 21, 22, 23, 27, 28, 33, 34, 36, 37, 40, 42, 43, 45, 64, 72, 73, 74, 78, 97, 105, 118, 129, 130, 131, 144, 147, 150, 152, 154, 156, 157, 159, 163, 170, 172, 174, 176, 181, 185, 186, 187, 188, 189, 191, 192, 193, 194, 195, 196, 198]","{1: [<function expanding_mean at 0x000002C58F7A04A0>], 7: [<function rolling_mean_14 at 0x000002C5930FAA20>], 30: [<function expanding_mean at 0x000002C58F7A04A0>]}",lags_200_features_66,12.413606391262126,17.020668053438456,17.27215864167573,18.09355280836338,19.582145707997068,21.216463568354992,24.91921247054658,26.294534332321216,34.089541706519405,46.80173516878449,46.414656368941074
LGBMRegressor,AutoDifferences(max_diffs=380),"[1, 2, 3, 4, 5, 6, 7, 8, 9, 12, 13, 14, 15, 16, 17, 18, 21, 22, 23, 27, 28, 33, 34, 36, 37, 40, 42, 43, 45, 64, 72, 73, 74, 78, 97, 105, 118, 129, 130, 131, 144, 147, 150, 152, 154, 156, 157, 159, 163, 170, 172, 174, 176, 181, 185, 186, 187, 188, 189, 191, 192, 193, 194, 195, 196, 198]","{1: [<function expanding_mean at 0x000002C58F7A04A0>], 7: [<function rolling_mean_14 at 0x000002C5930FAA20>], 30: [<function expanding_mean at 0x000002C58F7A04A0>]}",lags_200_features_66,58.16727126289418,75.08839115814109,70.44839809887713,61.54777069321271,53.25621482031772,49.364486681439104,46.04725910796596,46.68990062067472,47.50312199637703,56.45220098229774,55.58866695200615
XGBRegressor,AutoDifferences(max_diffs=380),"[1, 2, 3, 4, 5, 6, 7, 8, 9, 12, 13, 14, 15, 16, 17, 18, 21, 22, 23, 27, 28, 33, 34, 36, 37, 40, 42, 43, 45, 64, 72, 73, 74, 78, 97, 105, 118, 129, 130, 131, 144, 147, 150, 152, 154, 156, 157, 159, 163, 170, 172, 174, 176, 181, 185, 186, 187, 188, 189, 191, 192, 193, 194, 195, 196, 198]","{1: [<function rolling_mean_14 at 0x000002C5930FAA20>], 7: [<function rolling_mean_30 at 0x000002C58DBF9260>], 30: [<function expanding_mean at 0x000002C58F7A04A0>]}",lags_200_features_66,13.238714685364622,21.394823848178685,21.30790443526938,19.96107027181307,20.757475058465555,21.488553789785275,31.115157780288953,34.709450607934315,35.73080102849763,37.806047002124885,38.87349814300857
LGBMRegressor,AutoDifferences(max_diffs=380),"[1, 2, 3, 4, 5, 6, 7, 8, 9, 12, 13, 14, 15, 16, 17, 18, 21, 22, 23, 27, 28, 33, 34, 36, 37, 40, 42, 43, 45, 64, 72, 73, 74, 78, 97, 105, 118, 129, 130, 131, 144, 147, 150, 152, 154, 156, 157, 159, 163, 170, 172, 174, 176, 181, 185, 186, 187, 188, 189, 191, 192, 193, 194, 195, 196, 198]","{1: [<function rolling_mean_14 at 0x000002C5930FAA20>], 7: [<function rolling_mean_30 at 0x000002C58DBF9260>], 30: [<function expanding_mean at 0x000002C58F7A04A0>]}",lags_200_features_66,11.031946374332477,16.05339308994769,26.148759912872194,31.869411534175974,28.80086000960124,27.77191300867176,35.6112099172598,95.58366997394077,357.12219601941484,908.5900703705878,940.2008962522704
XGBRegressor,AutoDifferences(max_diffs=380),"[1, 2, 3, 4, 5, 6, 7, 8, 9, 12, 13, 14, 15, 16, 17, 18, 21, 22, 23, 27, 28, 33, 34, 36, 37, 40, 42, 43, 45, 64, 72, 73, 74, 78, 97, 105, 118, 129, 130, 131, 144, 147, 150, 152, 154, 156, 157, 159, 163, 170, 172, 174, 176, 181, 185, 186, 187, 188, 189, 191, 192, 193, 194, 195, 196, 198]","{7: [RollingMean(window_size=7)], 30: [RollingMean(window_size=30)], 60: [RollingMean(window_size=60)]}",lags_200_features_66,19.02284556857036,20.280298732270122,20.26728856899482,27.780560645807867,38.18949917589364,59.6429418104929,108.86167488972399,276.6079084368348,786.8700717665744,1481.4799224523438,1498.8853195363822
LGBMRegressor,AutoDifferences(max_diffs=380),"[1, 2, 3, 4, 5, 6, 7, 8, 9, 12, 13, 14, 15, 16, 17, 18, 21, 22, 23, 27, 28, 33, 34, 36, 37, 40, 42, 43, 45, 64, 72, 73, 74, 78, 97, 105, 118, 129, 130, 131, 144, 147, 150, 152, 154, 156, 157, 159, 163, 170, 172, 174, 176, 181, 185, 186, 187, 188, 189, 191, 192, 193, 194, 195, 196, 198]","{7: [RollingMean(window_size=7)], 30: [RollingMean(window_size=30)], 60: [RollingMean(window_size=60)]}",lags_200_features_66,10.12080333601062,17.67521971530696,18.98190907578781,24.490232941718514,36.52052411276268,62.591570660728834,125.25894310793258,201.48452056929202,371.7521210321623,668.8758279776406,690.078912997007
XGBRegressor,AutoDifferences(max_diffs=380),"[1, 2, 3, 4, 5, 6, 7, 8, 9, 12, 13, 14, 15, 16, 17, 18, 21, 22, 23, 27, 28, 33, 34, 36, 37, 40, 42, 43, 45, 64, 72, 73, 74, 78, 97, 105, 118, 129, 130, 131, 144, 147, 150, 152, 154, 156, 157, 159, 163, 170, 172, 174, 176, 181, 185, 186, 187, 188, 189, 191, 192, 193, 194, 195, 196, 198]","{7: [RollingMean(window_size=7), RollingStd(window_size=7)], 30: [RollingMean(window_size=30)], 60: [ExpandingMean()], 14: [ExponentiallyWeightedMean(alpha=0.3)]}",lags_200_features_66,26.534830502062036,27.10340021195255,27.752757169593927,39.972596283420984,41.314798469320365,44.58363724327723,56.9383954317214,179.7907818822695,569.2445988818504,1294.6515367159773,1335.3373401195915
LGBMRegressor,AutoDifferences(max_diffs=380),"[1, 2, 3, 4, 5, 6, 7, 8, 9, 12, 13, 14, 15, 16, 17, 18, 21, 22, 23, 27, 28, 33, 34, 36, 37, 40, 42, 43, 45, 64, 72, 73, 74, 78, 97, 105, 118, 129, 130, 131, 144, 147, 150, 152, 154, 156, 157, 159, 163, 170, 172, 174, 176, 181, 185, 186, 187, 188, 189, 191, 192, 193, 194, 195, 196, 198]","{7: [RollingMean(window_size=7), RollingStd(window_size=7)], 30: [RollingMean(window_size=30)], 60: [ExpandingMean()], 14: [ExponentiallyWeightedMean(alpha=0.3)]}",lags_200_features_66,24.77395878152519,31.349693698111047,29.71988992141822,52.027403679036624,84.7304048444124,135.15319855560526,188.94951849821953,276.80971554092656,474.5510790171554,857.8304808368273,882.0491615324178
XGBRegressor,"AutoSeasonalDifferences(max_diffs=380, n_seasons=10, season_length=267)","[1, 2, 3, 4, 5, 6, 7, 8, 9, 12, 13, 14, 15, 16, 17, 18, 21, 22, 23, 27, 28, 33, 34, 36, 37, 40, 42, 43, 45, 64, 72, 73, 74, 78, 97, 105, 118, 129, 130, 131, 144, 147, 150, 152, 154, 156, 157, 159, 163, 170, 172, 174, 176, 181, 185, 186, 187, 188, 189, 191, 192, 193, 194, 195, 196, 198]","{1: [<function expanding_mean at 0x000002C58F7A04A0>], 7: [<function rolling_mean_14 at 0x000002C5930FAA20>], 30: [<function expanding_mean at 0x000002C58F7A04A0>]}",lags_200_features_66,17.09674238686338,25.035173822532382,25.18299480655012,25.532268334867553,28.594444463872076,29.363099533956817,36.5196904697349,37.19363651447656,41.9246436553079,49.375359608864215,48.596518384748585
LGBMRegressor,"AutoSeasonalDifferences(max_diffs=380, n_seasons=10, season_length=267)","[1, 2, 3, 4, 5, 6, 7, 8, 9, 12, 13, 14, 15, 16, 17, 18, 21, 22, 23, 27, 28, 33, 34, 36, 37, 40, 42, 43, 45, 64, 72, 73, 74, 78, 97, 105, 118, 129, 130, 131, 144, 147, 150, 152, 154, 156, 157, 159, 163, 170, 172, 174, 176, 181, 185, 186, 187, 188, 189, 191, 192, 193, 194, 195, 196, 198]","{1: [<function expanding_mean at 0x000002C58F7A04A0>], 7: [<function rolling_mean_14 at 0x000002C5930FAA20>], 30: [<function expanding_mean at 0x000002C58F7A04A0>]}",lags_200_features_66,15.550896247274476,22.38878481625624,23.355259861196867,24.707729110988065,28.036803755508355,29.043629886741908,35.54963678380766,35.48504660737045,37.24882124485608,38.42095834759789,37.85750836618448
XGBRegressor,"AutoSeasonalDifferences(max_diffs=380, n_seasons=10, season_length=267)","[1, 2, 3, 4, 5, 6, 7, 8, 9, 12, 13, 14, 15, 16, 17, 18, 21, 22, 23, 27, 28, 33, 34, 36, 37, 40, 42, 43, 45, 64, 72, 73, 74, 78, 97, 105, 118, 129, 130, 131, 144, 147, 150, 152, 154, 156, 157, 159, 163, 170, 172, 174, 176, 181, 185, 186, 187, 188, 189, 191, 192, 193, 194, 195, 196, 198]","{1: [<function rolling_mean_14 at 0x000002C5930FAA20>], 7: [<function rolling_mean_30 at 0x000002C58DBF9260>], 30: [<function expanding_mean at 0x000002C58F7A04A0>]}",lags_200_features_66,14.782204748050216,23.178359642165717,25.41656806350014,26.597774424038384,29.238800391773072,28.540515129462264,33.01856729773403,32.72917602360456,39.052202993892884,48.469922912461044,47.74276781721234
LGBMRegressor,"AutoSeasonalDifferences(max_diffs=380, n_seasons=10, season_length=267)","[1, 2, 3, 4, 5, 6, 7, 8, 9, 12, 13, 14, 15, 16, 17, 18, 21, 22, 23, 27, 28, 33, 34, 36, 37, 40, 42, 43, 45, 64, 72, 73, 74, 78, 97, 105, 118, 129, 130, 131, 144, 147, 150, 152, 154, 156, 157, 159, 163, 170, 172, 174, 176, 181, 185, 186, 187, 188, 189, 191, 192, 193, 194, 195, 196, 198]","{1: [<function rolling_mean_14 at 0x000002C5930FAA20>], 7: [<function rolling_mean_30 at 0x000002C58DBF9260>], 30: [<function expanding_mean at 0x000002C58F7A04A0>]}",lags_200_features_66,15.718136655510095,22.52796871378201,23.441225184440942,24.55078752605609,27.512404595015465,27.28329623379478,31.734369785020423,31.705013828470317,34.070559948859305,36.427356711325295,35.90301785080049
XGBRegressor,"AutoSeasonalDifferences(max_diffs=380, n_seasons=10, season_length=267)","[1, 2, 3, 4, 5, 6, 7, 8, 9, 12, 13, 14, 15, 16, 17, 18, 21, 22, 23, 27, 28, 33, 34, 36, 37, 40, 42, 43, 45, 64, 72, 73, 74, 78, 97, 105, 118, 129, 130, 131, 144, 147, 150, 152, 154, 156, 157, 159, 163, 170, 172, 174, 176, 181, 185, 186, 187, 188, 189, 191, 192, 193, 194, 195, 196, 198]","{7: [RollingMean(window_size=7)], 30: [RollingMean(window_size=30)], 60: [RollingMean(window_size=60)]}",lags_200_features_66,16.766227337266347,24.545903145236068,25.590971947951836,26.61576309216636,28.751045633045774,28.658340928866473,34.726570982827106,34.21064799962951,42.28587868440961,46.47349816484489,45.692284727156725
LGBMRegressor,"AutoSeasonalDifferences(max_diffs=380, n_seasons=10, season_length=267)","[1, 2, 3, 4, 5, 6, 7, 8, 9, 12, 13, 14, 15, 16, 17, 18, 21, 22, 23, 27, 28, 33, 34, 36, 37, 40, 42, 43, 45, 64, 72, 73, 74, 78, 97, 105, 118, 129, 130, 131, 144, 147, 150, 152, 154, 156, 157, 159, 163, 170, 172, 174, 176, 181, 185, 186, 187, 188, 189, 191, 192, 193, 194, 195, 196, 198]","{7: [RollingMean(window_size=7)], 30: [RollingMean(window_size=30)], 60: [RollingMean(window_size=60)]}",lags_200_features_66,17.683806068591952,24.177627132095758,24.66924485516186,25.028738326445055,26.86910222727223,26.791470025745934,31.99888009603023,31.58648347227108,34.18675322178903,36.240717112026324,35.699155041995006
XGBRegressor,"AutoSeasonalDifferences(max_diffs=380, n_seasons=10, season_length=267)","[1, 2, 3, 4, 5, 6, 7, 8, 9, 12, 13, 14, 15, 16, 17, 18, 21, 22, 23, 27, 28, 33, 34, 36, 37, 40, 42, 43, 45, 64, 72, 73, 74, 78, 97, 105, 118, 129, 130, 131, 144, 147, 150, 152, 154, 156, 157, 159, 163, 170, 172, 174, 176, 181, 185, 186, 187, 188, 189, 191, 192, 193, 194, 195, 196, 198]","{7: [RollingMean(window_size=7), RollingStd(window_size=7)], 30: [RollingMean(window_size=30)], 60: [ExpandingMean()], 14: [ExponentiallyWeightedMean(alpha=0.3)]}",lags_200_features_66,13.642932380414988,21.017692200341166,22.971341659944432,23.971431784664414,27.278120919386033,28.63952055035749,35.43492102934317,36.23751673260468,37.21827724356926,40.36628286657501,40.0169949228172
LGBMRegressor,"AutoSeasonalDifferences(max_diffs=380, n_seasons=10, season_length=267)","[1, 2, 3, 4, 5, 6, 7, 8, 9, 12, 13, 14, 15, 16, 17, 18, 21, 22, 23, 27, 28, 33, 34, 36, 37, 40, 42, 43, 45, 64, 72, 73, 74, 78, 97, 105, 118, 129, 130, 131, 144, 147, 150, 152, 154, 156, 157, 159, 163, 170, 172, 174, 176, 181, 185, 186, 187, 188, 189, 191, 192, 193, 194, 195, 196, 198]","{7: [RollingMean(window_size=7), RollingStd(window_size=7)], 30: [RollingMean(window_size=30)], 60: [ExpandingMean()], 14: [ExponentiallyWeightedMean(alpha=0.3)]}",lags_200_features_66,14.43411921161083,21.24883707415791,22.416130959347896,23.432691650586595,25.445090557577466,25.735492892813834,32.26767456914709,33.17594381541352,35.70958280314872,40.39183874935732,39.78566146345749
XGBRegressor,"AutoSeasonalityAndDifferences(max_diffs=380, max_season_length=267, n_seasons=10)","[1, 2, 3, 4, 5, 6, 7, 8, 9, 12, 13, 14, 15, 16, 17, 18, 21, 22, 23, 27, 28, 33, 34, 36, 37, 40, 42, 43, 45, 64, 72, 73, 74, 78, 97, 105, 118, 129, 130, 131, 144, 147, 150, 152, 154, 156, 157, 159, 163, 170, 172, 174, 176, 181, 185, 186, 187, 188, 189, 191, 192, 193, 194, 195, 196, 198]","{1: [<function expanding_mean at 0x000002C58F7A04A0>], 7: [<function rolling_mean_14 at 0x000002C5930FAA20>], 30: [<function expanding_mean at 0x000002C58F7A04A0>]}",lags_200_features_66,17.09674238686338,25.035173822532382,25.18299480655012,25.532268334867553,28.594444463872076,29.363099533956817,36.5196904697349,37.19363651447656,41.9246436553079,49.375359608864215,48.596518384748585
LGBMRegressor,"AutoSeasonalityAndDifferences(max_diffs=380, max_season_length=267, n_seasons=10)","[1, 2, 3, 4, 5, 6, 7, 8, 9, 12, 13, 14, 15, 16, 17, 18, 21, 22, 23, 27, 28, 33, 34, 36, 37, 40, 42, 43, 45, 64, 72, 73, 74, 78, 97, 105, 118, 129, 130, 131, 144, 147, 150, 152, 154, 156, 157, 159, 163, 170, 172, 174, 176, 181, 185, 186, 187, 188, 189, 191, 192, 193, 194, 195, 196, 198]","{1: [<function expanding_mean at 0x000002C58F7A04A0>], 7: [<function rolling_mean_14 at 0x000002C5930FAA20>], 30: [<function expanding_mean at 0x000002C58F7A04A0>]}",lags_200_features_66,15.550896247274476,22.38878481625624,23.355259861196867,24.707729110988065,28.036803755508355,29.043629886741908,35.54963678380766,35.48504660737045,37.24882124485608,38.42095834759789,37.85750836618448
XGBRegressor,"AutoSeasonalityAndDifferences(max_diffs=380, max_season_length=267, n_seasons=10)","[1, 2, 3, 4, 5, 6, 7, 8, 9, 12, 13, 14, 15, 16, 17, 18, 21, 22, 23, 27, 28, 33, 34, 36, 37, 40, 42, 43, 45, 64, 72, 73, 74, 78, 97, 105, 118, 129, 130, 131, 144, 147, 150, 152, 154, 156, 157, 159, 163, 170, 172, 174, 176, 181, 185, 186, 187, 188, 189, 191, 192, 193, 194, 195, 196, 198]","{1: [<function rolling_mean_14 at 0x000002C5930FAA20>], 7: [<function rolling_mean_30 at 0x000002C58DBF9260>], 30: [<function expanding_mean at 0x000002C58F7A04A0>]}",lags_200_features_66,14.782204748050216,23.178359642165717,25.41656806350014,26.597774424038384,29.238800391773072,28.540515129462264,33.01856729773403,32.72917602360456,39.052202993892884,48.469922912461044,47.74276781721234
LGBMRegressor,"AutoSeasonalityAndDifferences(max_diffs=380, max_season_length=267, n_seasons=10)","[1, 2, 3, 4, 5, 6, 7, 8, 9, 12, 13, 14, 15, 16, 17, 18, 21, 22, 23, 27, 28, 33, 34, 36, 37, 40, 42, 43, 45, 64, 72, 73, 74, 78, 97, 105, 118, 129, 130, 131, 144, 147, 150, 152, 154, 156, 157, 159, 163, 170, 172, 174, 176, 181, 185, 186, 187, 188, 189, 191, 192, 193, 194, 195, 196, 198]","{1: [<function rolling_mean_14 at 0x000002C5930FAA20>], 7: [<function rolling_mean_30 at 0x000002C58DBF9260>], 30: [<function expanding_mean at 0x000002C58F7A04A0>]}",lags_200_features_66,15.718136655510095,22.52796871378201,23.441225184440942,24.55078752605609,27.512404595015465,27.28329623379478,31.734369785020423,31.705013828470317,34.070559948859305,36.427356711325295,35.90301785080049
XGBRegressor,"AutoSeasonalityAndDifferences(max_diffs=380, max_season_length=267, n_seasons=10)","[1, 2, 3, 4, 5, 6, 7, 8, 9, 12, 13, 14, 15, 16, 17, 18, 21, 22, 23, 27, 28, 33, 34, 36, 37, 40, 42, 43, 45, 64, 72, 73, 74, 78, 97, 105, 118, 129, 130, 131, 144, 147, 150, 152, 154, 156, 157, 159, 163, 170, 172, 174, 176, 181, 185, 186, 187, 188, 189, 191, 192, 193, 194, 195, 196, 198]","{7: [RollingMean(window_size=7)], 30: [RollingMean(window_size=30)], 60: [RollingMean(window_size=60)]}",lags_200_features_66,16.766227337266347,24.545903145236068,25.590971947951836,26.61576309216636,28.751045633045774,28.658340928866473,34.726570982827106,34.21064799962951,42.28587868440961,46.47349816484489,45.692284727156725
LGBMRegressor,"AutoSeasonalityAndDifferences(max_diffs=380, max_season_length=267, n_seasons=10)","[1, 2, 3, 4, 5, 6, 7, 8, 9, 12, 13, 14, 15, 16, 17, 18, 21, 22, 23, 27, 28, 33, 34, 36, 37, 40, 42, 43, 45, 64, 72, 73, 74, 78, 97, 105, 118, 129, 130, 131, 144, 147, 150, 152, 154, 156, 157, 159, 163, 170, 172, 174, 176, 181, 185, 186, 187, 188, 189, 191, 192, 193, 194, 195, 196, 198]","{7: [RollingMean(window_size=7)], 30: [RollingMean(window_size=30)], 60: [RollingMean(window_size=60)]}",lags_200_features_66,17.683806068591952,24.177627132095758,24.66924485516186,25.028738326445055,26.86910222727223,26.791470025745934,31.99888009603023,31.58648347227108,34.18675322178903,36.240717112026324,35.699155041995006
XGBRegressor,"AutoSeasonalityAndDifferences(max_diffs=380, max_season_length=267, n_seasons=10)","[1, 2, 3, 4, 5, 6, 7, 8, 9, 12, 13, 14, 15, 16, 17, 18, 21, 22, 23, 27, 28, 33, 34, 36, 37, 40, 42, 43, 45, 64, 72, 73, 74, 78, 97, 105, 118, 129, 130, 131, 144, 147, 150, 152, 154, 156, 157, 159, 163, 170, 172, 174, 176, 181, 185, 186, 187, 188, 189, 191, 192, 193, 194, 195, 196, 198]","{7: [RollingMean(window_size=7), RollingStd(window_size=7)], 30: [RollingMean(window_size=30)], 60: [ExpandingMean()], 14: [ExponentiallyWeightedMean(alpha=0.3)]}",lags_200_features_66,13.642932380414988,21.017692200341166,22.971341659944432,23.971431784664414,27.278120919386033,28.63952055035749,35.43492102934317,36.23751673260468,37.21827724356926,40.36628286657501,40.0169949228172
LGBMRegressor,"AutoSeasonalityAndDifferences(max_diffs=380, max_season_length=267, n_seasons=10)","[1, 2, 3, 4, 5, 6, 7, 8, 9, 12, 13, 14, 15, 16, 17, 18, 21, 22, 23, 27, 28, 33, 34, 36, 37, 40, 42, 43, 45, 64, 72, 73, 74, 78, 97, 105, 118, 129, 130, 131, 144, 147, 150, 152, 154, 156, 157, 159, 163, 170, 172, 174, 176, 181, 185, 186, 187, 188, 189, 191, 192, 193, 194, 195, 196, 198]","{7: [RollingMean(window_size=7), RollingStd(window_size=7)], 30: [RollingMean(window_size=30)], 60: [ExpandingMean()], 14: [ExponentiallyWeightedMean(alpha=0.3)]}",lags_200_features_66,14.43411921161083,21.24883707415791,22.416130959347896,23.432691650586595,25.445090557577466,25.735492892813834,32.26767456914709,33.17594381541352,35.70958280314872,40.39183874935732,39.78566146345749
SGD_EarlyStopping,LocalStandardScaler(stats_=[[47.42372721 38.3630083 ]]),"[1, 2, 3, 4, 5, 6, 7, 8, 9, 12, 13, 14, 15, 16, 17, 18, 21, 22, 23, 27, 28, 33, 34, 36, 37, 40, 42, 43, 45, 64, 72, 73, 74, 78, 97, 105, 118, 129, 130, 131, 144, 147, 150, 152, 154, 156, 157, 159, 163, 170, 172, 174, 176, 181, 185, 186, 187, 188, 189, 191, 192, 193, 194, 195, 196, 198]","{1: [<function expanding_mean at 0x000002C58F7A04A0>], 7: [<function rolling_mean_14 at 0x000002C5930FAA20>], 30: [<function expanding_mean at 0x000002C58F7A04A0>]}",lags_200_features_66,48.875383132452995,96.39841833119347,138.58504967793957,158.14584706581618,158.9973688855472,149.67824877493825,122.96317876351253,148.38924186467756,314.00372038612454,445.0356254057411,442.15239563458937
SGD_ElasticNet,LocalStandardScaler(stats_=[[47.42372721 38.3630083 ]]),"[1, 2, 3, 4, 5, 6, 7, 8, 9, 12, 13, 14, 15, 16, 17, 18, 21, 22, 23, 27, 28, 33, 34, 36, 37, 40, 42, 43, 45, 64, 72, 73, 74, 78, 97, 105, 118, 129, 130, 131, 144, 147, 150, 152, 154, 156, 157, 159, 163, 170, 172, 174, 176, 181, 185, 186, 187, 188, 189, 191, 192, 193, 194, 195, 196, 198]","{1: [<function expanding_mean at 0x000002C58F7A04A0>], 7: [<function rolling_mean_14 at 0x000002C5930FAA20>], 30: [<function expanding_mean at 0x000002C58F7A04A0>]}",lags_200_features_66,58.25527609270094,107.73252539028522,140.65012730121705,143.51570681866502,129.1715487670288,112.17416507158401,95.60553301760372,115.76240231414911,174.16847950284722,219.29170586463934,227.33101432999226
SGD_Lasso,LocalStandardScaler(stats_=[[47.42372721 38.3630083 ]]),"[1, 2, 3, 4, 5, 6, 7, 8, 9, 12, 13, 14, 15, 16, 17, 18, 21, 22, 23, 27, 28, 33, 34, 36, 37, 40, 42, 43, 45, 64, 72, 73, 74, 78, 97, 105, 118, 129, 130, 131, 144, 147, 150, 152, 154, 156, 157, 159, 163, 170, 172, 174, 176, 181, 185, 186, 187, 188, 189, 191, 192, 193, 194, 195, 196, 198]","{1: [<function expanding_mean at 0x000002C58F7A04A0>], 7: [<function rolling_mean_14 at 0x000002C5930FAA20>], 30: [<function expanding_mean at 0x000002C58F7A04A0>]}",lags_200_features_66,145.3486003083818,128.13634984913136,126.24703525945526,113.89292643587197,96.60822913827096,85.23553083166401,73.8316621731163,66.59824895949956,85.89418612921607,116.17462348195777,115.70369533749225
SGD_Ridge,LocalStandardScaler(stats_=[[47.42372721 38.3630083 ]]),"[1, 2, 3, 4, 5, 6, 7, 8, 9, 12, 13, 14, 15, 16, 17, 18, 21, 22, 23, 27, 28, 33, 34, 36, 37, 40, 42, 43, 45, 64, 72, 73, 74, 78, 97, 105, 118, 129, 130, 131, 144, 147, 150, 152, 154, 156, 157, 159, 163, 170, 172, 174, 176, 181, 185, 186, 187, 188, 189, 191, 192, 193, 194, 195, 196, 198]","{1: [<function expanding_mean at 0x000002C58F7A04A0>], 7: [<function rolling_mean_14 at 0x000002C5930FAA20>], 30: [<function expanding_mean at 0x000002C58F7A04A0>]}",lags_200_features_66,49.30629046553424,72.1906671495833,70.271476505808,58.93844113327506,55.360278066503824,59.84112481456509,57.19385988673764,62.05872058982913,65.65137302386978,78.87659955017452,77.66394677176866
SGDRegressor,LocalStandardScaler(stats_=[[47.42372721 38.3630083 ]]),"[1, 2, 3, 4, 5, 6, 7, 8, 9, 12, 13, 14, 15, 16, 17, 18, 21, 22, 23, 27, 28, 33, 34, 36, 37, 40, 42, 43, 45, 64, 72, 73, 74, 78, 97, 105, 118, 129, 130, 131, 144, 147, 150, 152, 154, 156, 157, 159, 163, 170, 172, 174, 176, 181, 185, 186, 187, 188, 189, 191, 192, 193, 194, 195, 196, 198]","{1: [<function expanding_mean at 0x000002C58F7A04A0>], 7: [<function rolling_mean_14 at 0x000002C5930FAA20>], 30: [<function expanding_mean at 0x000002C58F7A04A0>]}",lags_200_features_66,54.12813577166248,96.40963116240397,122.76898695563419,121.55198463015007,105.94083029898493,95.47498434674361,85.90196924767227,107.54829505855082,157.01280810661225,210.18462637185783,217.55920086149877
XGBRegressor,LocalStandardScaler(stats_=[[47.42372721 38.3630083 ]]),"[1, 2, 3, 4, 5, 6, 7, 8, 9, 12, 13, 14, 15, 16, 17, 18, 21, 22, 23, 27, 28, 33, 34, 36, 37, 40, 42, 43, 45, 64, 72, 73, 74, 78, 97, 105, 118, 129, 130, 131, 144, 147, 150, 152, 154, 156, 157, 159, 163, 170, 172, 174, 176, 181, 185, 186, 187, 188, 189, 191, 192, 193, 194, 195, 196, 198]","{1: [<function expanding_mean at 0x000002C58F7A04A0>], 7: [<function rolling_mean_14 at 0x000002C5930FAA20>], 30: [<function expanding_mean at 0x000002C58F7A04A0>]}",lags_200_features_66,15.912011542417961,24.501898558771256,25.09210883422256,25.25438407650984,28.171764413558602,29.060528676848673,36.23314272816524,36.92635075421799,41.44009234005141,48.77215299866371,47.99592773285605
LGBMRegressor,LocalStandardScaler(stats_=[[47.42372721 38.3630083 ]]),"[1, 2, 3, 4, 5, 6, 7, 8, 9, 12, 13, 14, 15, 16, 17, 18, 21, 22, 23, 27, 28, 33, 34, 36, 37, 40, 42, 43, 45, 64, 72, 73, 74, 78, 97, 105, 118, 129, 130, 131, 144, 147, 150, 152, 154, 156, 157, 159, 163, 170, 172, 174, 176, 181, 185, 186, 187, 188, 189, 191, 192, 193, 194, 195, 196, 198]","{1: [<function expanding_mean at 0x000002C58F7A04A0>], 7: [<function rolling_mean_14 at 0x000002C5930FAA20>], 30: [<function expanding_mean at 0x000002C58F7A04A0>]}",lags_200_features_66,14.329199346668783,20.80432125768716,22.72775437955018,23.78243224923442,27.114177666436863,27.34403127715572,33.30906644564367,33.12858723014401,39.04734301678081,39.3966617088147,38.926590401550904
SGD_EarlyStopping,LocalStandardScaler(stats_=[[47.42372721 38.3630083 ]]),"[1, 2, 3, 4, 5, 6, 7, 8, 9, 12, 13, 14, 15, 16, 17, 18, 21, 22, 23, 27, 28, 33, 34, 36, 37, 40, 42, 43, 45, 64, 72, 73, 74, 78, 97, 105, 118, 129, 130, 131, 144, 147, 150, 152, 154, 156, 157, 159, 163, 170, 172, 174, 176, 181, 185, 186, 187, 188, 189, 191, 192, 193, 194, 195, 196, 198]","{1: [<function rolling_mean_14 at 0x000002C5930FAA20>], 7: [<function rolling_mean_30 at 0x000002C58DBF9260>], 30: [<function expanding_mean at 0x000002C58F7A04A0>]}",lags_200_features_66,48.55422912935288,96.14989126884552,138.95083983734605,159.50600860711498,161.29235612287647,152.93527309248432,126.14607553559635,149.95308338830466,319.23952721181314,469.05807166924234,463.2065528892276
SGD_ElasticNet,LocalStandardScaler(stats_=[[47.42372721 38.3630083 ]]),"[1, 2, 3, 4, 5, 6, 7, 8, 9, 12, 13, 14, 15, 16, 17, 18, 21, 22, 23, 27, 28, 33, 34, 36, 37, 40, 42, 43, 45, 64, 72, 73, 74, 78, 97, 105, 118, 129, 130, 131, 144, 147, 150, 152, 154, 156, 157, 159, 163, 170, 172, 174, 176, 181, 185, 186, 187, 188, 189, 191, 192, 193, 194, 195, 196, 198]","{1: [<function rolling_mean_14 at 0x000002C5930FAA20>], 7: [<function rolling_mean_30 at 0x000002C58DBF9260>], 30: [<function expanding_mean at 0x000002C58F7A04A0>]}",lags_200_features_66,58.167711732254745,107.62493362623617,140.46247157404534,143.271098216824,128.91924177730894,111.96883277714508,95.42941757566498,115.4623128064353,173.50929742429747,218.36219961317713,226.3329968775236
SGD_Lasso,LocalStandardScaler(stats_=[[47.42372721 38.3630083 ]]),"[1, 2, 3, 4, 5, 6, 7, 8, 9, 12, 13, 14, 15, 16, 17, 18, 21, 22, 23, 27, 28, 33, 34, 36, 37, 40, 42, 43, 45, 64, 72, 73, 74, 78, 97, 105, 118, 129, 130, 131, 144, 147, 150, 152, 154, 156, 157, 159, 163, 170, 172, 174, 176, 181, 185, 186, 187, 188, 189, 191, 192, 193, 194, 195, 196, 198]","{1: [<function rolling_mean_14 at 0x000002C5930FAA20>], 7: [<function rolling_mean_30 at 0x000002C58DBF9260>], 30: [<function expanding_mean at 0x000002C58F7A04A0>]}",lags_200_features_66,145.34859958849665,128.13634917974923,126.2470345956166,113.8929258082819,96.60822858095732,85.23553034032084,73.83166183178385,66.59824865455056,85.89418573700486,116.17462296259305,115.70369481625247
SGD_Ridge,LocalStandardScaler(stats_=[[47.42372721 38.3630083 ]]),"[1, 2, 3, 4, 5, 6, 7, 8, 9, 12, 13, 14, 15, 16, 17, 18, 21, 22, 23, 27, 28, 33, 34, 36, 37, 40, 42, 43, 45, 64, 72, 73, 74, 78, 97, 105, 118, 129, 130, 131, 144, 147, 150, 152, 154, 156, 157, 159, 163, 170, 172, 174, 176, 181, 185, 186, 187, 188, 189, 191, 192, 193, 194, 195, 196, 198]","{1: [<function rolling_mean_14 at 0x000002C5930FAA20>], 7: [<function rolling_mean_30 at 0x000002C58DBF9260>], 30: [<function expanding_mean at 0x000002C58F7A04A0>]}",lags_200_features_66,49.512129799601695,72.5804332843779,70.97362036905454,59.51298631251286,55.74194686497302,60.21078811245415,57.62091146176459,62.77894667371474,66.60385517882342,81.1466784872861,79.7167868825022
SGDRegressor,LocalStandardScaler(stats_=[[47.42372721 38.3630083 ]]),"[1, 2, 3, 4, 5, 6, 7, 8, 9, 12, 13, 14, 15, 16, 17, 18, 21, 22, 23, 27, 28, 33, 34, 36, 37, 40, 42, 43, 45, 64, 72, 73, 74, 78, 97, 105, 118, 129, 130, 131, 144, 147, 150, 152, 154, 156, 157, 159, 163, 170, 172, 174, 176, 181, 185, 186, 187, 188, 189, 191, 192, 193, 194, 195, 196, 198]","{1: [<function rolling_mean_14 at 0x000002C5930FAA20>], 7: [<function rolling_mean_30 at 0x000002C58DBF9260>], 30: [<function expanding_mean at 0x000002C58F7A04A0>]}",lags_200_features_66,54.053697069763494,96.55463227561503,123.31000354303414,122.47830252574194,107.03150110526816,96.16973377443898,86.33628787009549,108.40066207466967,159.85147226270814,212.66690223768916,220.33008082923985
XGBRegressor,LocalStandardScaler(stats_=[[47.42372721 38.3630083 ]]),"[1, 2, 3, 4, 5, 6, 7, 8, 9, 12, 13, 14, 15, 16, 17, 18, 21, 22, 23, 27, 28, 33, 34, 36, 37, 40, 42, 43, 45, 64, 72, 73, 74, 78, 97, 105, 118, 129, 130, 131, 144, 147, 150, 152, 154, 156, 157, 159, 163, 170, 172, 174, 176, 181, 185, 186, 187, 188, 189, 191, 192, 193, 194, 195, 196, 198]","{1: [<function rolling_mean_14 at 0x000002C5930FAA20>], 7: [<function rolling_mean_30 at 0x000002C58DBF9260>], 30: [<function expanding_mean at 0x000002C58F7A04A0>]}",lags_200_features_66,14.330561469691853,22.998858667805905,25.2419978349336,26.424599284975248,29.23124733665865,28.36385628584368,32.81989528551174,32.76975092167515,38.62985082120686,47.761148975124364,47.1187510327781
LGBMRegressor,LocalStandardScaler(stats_=[[47.42372721 38.3630083 ]]),"[1, 2, 3, 4, 5, 6, 7, 8, 9, 12, 13, 14, 15, 16, 17, 18, 21, 22, 23, 27, 28, 33, 34, 36, 37, 40, 42, 43, 45, 64, 72, 73, 74, 78, 97, 105, 118, 129, 130, 131, 144, 147, 150, 152, 154, 156, 157, 159, 163, 170, 172, 174, 176, 181, 185, 186, 187, 188, 189, 191, 192, 193, 194, 195, 196, 198]","{1: [<function rolling_mean_14 at 0x000002C5930FAA20>], 7: [<function rolling_mean_30 at 0x000002C58DBF9260>], 30: [<function expanding_mean at 0x000002C58F7A04A0>]}",lags_200_features_66,16.62818305479161,23.83751639465172,24.587921767909318,25.831240656513167,29.165047894022774,29.08416608959032,33.61253446240001,33.18800903166837,38.55218343952222,38.389235800381186,37.93362642888417
SGD_EarlyStopping,LocalStandardScaler(stats_=[[47.42372721 38.3630083 ]]),"[1, 2, 3, 4, 5, 6, 7, 8, 9, 12, 13, 14, 15, 16, 17, 18, 21, 22, 23, 27, 28, 33, 34, 36, 37, 40, 42, 43, 45, 64, 72, 73, 74, 78, 97, 105, 118, 129, 130, 131, 144, 147, 150, 152, 154, 156, 157, 159, 163, 170, 172, 174, 176, 181, 185, 186, 187, 188, 189, 191, 192, 193, 194, 195, 196, 198]","{7: [RollingMean(window_size=7)], 30: [RollingMean(window_size=30)], 60: [RollingMean(window_size=60)]}",lags_200_features_66,49.05419587954072,97.34301253607995,140.46349502925398,160.78767598627203,161.9429873025513,152.87270050387627,125.69254894948885,150.99166071227776,319.7900444389967,455.0679822496287,452.0804411676366
SGD_ElasticNet,LocalStandardScaler(stats_=[[47.42372721 38.3630083 ]]),"[1, 2, 3, 4, 5, 6, 7, 8, 9, 12, 13, 14, 15, 16, 17, 18, 21, 22, 23, 27, 28, 33, 34, 36, 37, 40, 42, 43, 45, 64, 72, 73, 74, 78, 97, 105, 118, 129, 130, 131, 144, 147, 150, 152, 154, 156, 157, 159, 163, 170, 172, 174, 176, 181, 185, 186, 187, 188, 189, 191, 192, 193, 194, 195, 196, 198]","{7: [RollingMean(window_size=7)], 30: [RollingMean(window_size=30)], 60: [RollingMean(window_size=60)]}",lags_200_features_66,58.23666100745797,108.587772880913,142.4778285780567,145.8527205553918,131.53011959013168,114.01478944608039,96.77742657276542,116.92899296858074,176.49741488827823,221.68928597694432,229.83937378802307
SGD_Lasso,LocalStandardScaler(stats_=[[47.42372721 38.3630083 ]]),"[1, 2, 3, 4, 5, 6, 7, 8, 9, 12, 13, 14, 15, 16, 17, 18, 21, 22, 23, 27, 28, 33, 34, 36, 37, 40, 42, 43, 45, 64, 72, 73, 74, 78, 97, 105, 118, 129, 130, 131, 144, 147, 150, 152, 154, 156, 157, 159, 163, 170, 172, 174, 176, 181, 185, 186, 187, 188, 189, 191, 192, 193, 194, 195, 196, 198]","{7: [RollingMean(window_size=7)], 30: [RollingMean(window_size=30)], 60: [RollingMean(window_size=60)]}",lags_200_features_66,145.34861920497227,128.13636742004542,126.24705268485548,113.89294290976677,96.60824376744716,85.23554372915176,73.83167113290564,66.59825696424275,85.8941964245442,116.17463711499605,115.7037090197504
SGD_Ridge,LocalStandardScaler(stats_=[[47.42372721 38.3630083 ]]),"[1, 2, 3, 4, 5, 6, 7, 8, 9, 12, 13, 14, 15, 16, 17, 18, 21, 22, 23, 27, 28, 33, 34, 36, 37, 40, 42, 43, 45, 64, 72, 73, 74, 78, 97, 105, 118, 129, 130, 131, 144, 147, 150, 152, 154, 156, 157, 159, 163, 170, 172, 174, 176, 181, 185, 186, 187, 188, 189, 191, 192, 193, 194, 195, 196, 198]","{7: [RollingMean(window_size=7)], 30: [RollingMean(window_size=30)], 60: [RollingMean(window_size=60)]}",lags_200_features_66,49.456745920407336,72.097834142317,69.88137467243376,58.61514803627978,55.245767826786086,59.76792242534567,57.02503634867462,61.63437449074021,64.90311622129126,77.31617992761173,76.30725111484587
SGDRegressor,LocalStandardScaler(stats_=[[47.42372721 38.3630083 ]]),"[1, 2, 3, 4, 5, 6, 7, 8, 9, 12, 13, 14, 15, 16, 17, 18, 21, 22, 23, 27, 28, 33, 34, 36, 37, 40, 42, 43, 45, 64, 72, 73, 74, 78, 97, 105, 118, 129, 130, 131, 144, 147, 150, 152, 154, 156, 157, 159, 163, 170, 172, 174, 176, 181, 185, 186, 187, 188, 189, 191, 192, 193, 194, 195, 196, 198]","{7: [RollingMean(window_size=7)], 30: [RollingMean(window_size=30)], 60: [RollingMean(window_size=60)]}",lags_200_features_66,54.67841092153303,98.19795645654473,125.91872479217945,125.5652405994059,110.05745977108315,98.33414413858527,87.59674629683101,109.74198200593945,163.21634068517633,215.071189330431,222.90200546724233
XGBRegressor,LocalStandardScaler(stats_=[[47.42372721 38.3630083 ]]),"[1, 2, 3, 4, 5, 6, 7, 8, 9, 12, 13, 14, 15, 16, 17, 18, 21, 22, 23, 27, 28, 33, 34, 36, 37, 40, 42, 43, 45, 64, 72, 73, 74, 78, 97, 105, 118, 129, 130, 131, 144, 147, 150, 152, 154, 156, 157, 159, 163, 170, 172, 174, 176, 181, 185, 186, 187, 188, 189, 191, 192, 193, 194, 195, 196, 198]","{7: [RollingMean(window_size=7)], 30: [RollingMean(window_size=30)], 60: [RollingMean(window_size=60)]}",lags_200_features_66,13.265163937206529,22.256768106222506,23.94343614426,25.372314236018983,27.53679331927199,27.1569613569297,33.11904215766539,32.96369856471609,41.46370308131104,44.12012356936727,43.3589242639511
LGBMRegressor,LocalStandardScaler(stats_=[[47.42372721 38.3630083 ]]),"[1, 2, 3, 4, 5, 6, 7, 8, 9, 12, 13, 14, 15, 16, 17, 18, 21, 22, 23, 27, 28, 33, 34, 36, 37, 40, 42, 43, 45, 64, 72, 73, 74, 78, 97, 105, 118, 129, 130, 131, 144, 147, 150, 152, 154, 156, 157, 159, 163, 170, 172, 174, 176, 181, 185, 186, 187, 188, 189, 191, 192, 193, 194, 195, 196, 198]","{7: [RollingMean(window_size=7)], 30: [RollingMean(window_size=30)], 60: [RollingMean(window_size=60)]}",lags_200_features_66,16.304424451765435,23.2716568664518,23.273769536260165,23.23233843877702,24.861483708547638,24.67074153912656,31.413637867023613,32.583413409662604,34.62875108721868,39.810137933480945,39.31427114607328
SGD_EarlyStopping,LocalStandardScaler(stats_=[[47.42372721 38.3630083 ]]),"[1, 2, 3, 4, 5, 6, 7, 8, 9, 12, 13, 14, 15, 16, 17, 18, 21, 22, 23, 27, 28, 33, 34, 36, 37, 40, 42, 43, 45, 64, 72, 73, 74, 78, 97, 105, 118, 129, 130, 131, 144, 147, 150, 152, 154, 156, 157, 159, 163, 170, 172, 174, 176, 181, 185, 186, 187, 188, 189, 191, 192, 193, 194, 195, 196, 198]","{7: [RollingMean(window_size=7), RollingStd(window_size=7)], 30: [RollingMean(window_size=30)], 60: [ExpandingMean()], 14: [ExponentiallyWeightedMean(alpha=0.3)]}",lags_200_features_66,48.5703843055943,94.18919324115197,131.4986029738402,145.83193242437645,142.89959394071826,130.6654679480116,107.00686891948064,131.65220866164293,254.4166163137789,310.2663136758334,316.84678051641686
SGD_ElasticNet,LocalStandardScaler(stats_=[[47.42372721 38.3630083 ]]),"[1, 2, 3, 4, 5, 6, 7, 8, 9, 12, 13, 14, 15, 16, 17, 18, 21, 22, 23, 27, 28, 33, 34, 36, 37, 40, 42, 43, 45, 64, 72, 73, 74, 78, 97, 105, 118, 129, 130, 131, 144, 147, 150, 152, 154, 156, 157, 159, 163, 170, 172, 174, 176, 181, 185, 186, 187, 188, 189, 191, 192, 193, 194, 195, 196, 198]","{7: [RollingMean(window_size=7), RollingStd(window_size=7)], 30: [RollingMean(window_size=30)], 60: [ExpandingMean()], 14: [ExponentiallyWeightedMean(alpha=0.3)]}",lags_200_features_66,58.65514276314829,108.41357417944091,140.50345420333502,142.15227099595344,126.89107499082574,110.52593747429866,94.26745258271268,112.50832498616512,162.93956367131534,208.34557720760714,215.37452004160676
SGD_Lasso,LocalStandardScaler(stats_=[[47.42372721 38.3630083 ]]),"[1, 2, 3, 4, 5, 6, 7, 8, 9, 12, 13, 14, 15, 16, 17, 18, 21, 22, 23, 27, 28, 33, 34, 36, 37, 40, 42, 43, 45, 64, 72, 73, 74, 78, 97, 105, 118, 129, 130, 131, 144, 147, 150, 152, 154, 156, 157, 159, 163, 170, 172, 174, 176, 181, 185, 186, 187, 188, 189, 191, 192, 193, 194, 195, 196, 198]","{7: [RollingMean(window_size=7), RollingStd(window_size=7)], 30: [RollingMean(window_size=30)], 60: [ExpandingMean()], 14: [ExponentiallyWeightedMean(alpha=0.3)]}",lags_200_features_66,145.3485963380788,128.136346157362,126.24703159825934,113.89292297459386,96.60822606458085,85.2355281218135,73.8316602906032,66.59824727764818,85.89418396609712,116.17462061756308,115.70369246275614
SGD_Ridge,LocalStandardScaler(stats_=[[47.42372721 38.3630083 ]]),"[1, 2, 3, 4, 5, 6, 7, 8, 9, 12, 13, 14, 15, 16, 17, 18, 21, 22, 23, 27, 28, 33, 34, 36, 37, 40, 42, 43, 45, 64, 72, 73, 74, 78, 97, 105, 118, 129, 130, 131, 144, 147, 150, 152, 154, 156, 157, 159, 163, 170, 172, 174, 176, 181, 185, 186, 187, 188, 189, 191, 192, 193, 194, 195, 196, 198]","{7: [RollingMean(window_size=7), RollingStd(window_size=7)], 30: [RollingMean(window_size=30)], 60: [ExpandingMean()], 14: [ExponentiallyWeightedMean(alpha=0.3)]}",lags_200_features_66,49.30355297106133,72.4880924764595,70.85803978567651,59.4091293567084,55.484499989975525,59.698296255291915,56.977262271721365,61.983907247030835,66.05921708326197,78.64923742899666,77.32678399489954
SGDRegressor,LocalStandardScaler(stats_=[[47.42372721 38.3630083 ]]),"[1, 2, 3, 4, 5, 6, 7, 8, 9, 12, 13, 14, 15, 16, 17, 18, 21, 22, 23, 27, 28, 33, 34, 36, 37, 40, 42, 43, 45, 64, 72, 73, 74, 78, 97, 105, 118, 129, 130, 131, 144, 147, 150, 152, 154, 156, 157, 159, 163, 170, 172, 174, 176, 181, 185, 186, 187, 188, 189, 191, 192, 193, 194, 195, 196, 198]","{7: [RollingMean(window_size=7), RollingStd(window_size=7)], 30: [RollingMean(window_size=30)], 60: [ExpandingMean()], 14: [ExponentiallyWeightedMean(alpha=0.3)]}",lags_200_features_66,54.813570166646805,97.25971425893107,122.56389985190981,120.1164585918042,103.92474060325041,94.15460523578587,84.4012232296658,103.55502241868726,145.52435549233874,196.6181818832718,202.65120416402956
XGBRegressor,LocalStandardScaler(stats_=[[47.42372721 38.3630083 ]]),"[1, 2, 3, 4, 5, 6, 7, 8, 9, 12, 13, 14, 15, 16, 17, 18, 21, 22, 23, 27, 28, 33, 34, 36, 37, 40, 42, 43, 45, 64, 72, 73, 74, 78, 97, 105, 118, 129, 130, 131, 144, 147, 150, 152, 154, 156, 157, 159, 163, 170, 172, 174, 176, 181, 185, 186, 187, 188, 189, 191, 192, 193, 194, 195, 196, 198]","{7: [RollingMean(window_size=7), RollingStd(window_size=7)], 30: [RollingMean(window_size=30)], 60: [ExpandingMean()], 14: [ExponentiallyWeightedMean(alpha=0.3)]}",lags_200_features_66,13.910241043531546,20.95076364425106,23.02338631213835,24.05054246546838,27.376634475880167,28.548979609985558,34.19153614922062,35.11187779677009,36.5121181877241,37.61531086739194,37.27713865715189
LGBMRegressor,LocalStandardScaler(stats_=[[47.42372721 38.3630083 ]]),"[1, 2, 3, 4, 5, 6, 7, 8, 9, 12, 13, 14, 15, 16, 17, 18, 21, 22, 23, 27, 28, 33, 34, 36, 37, 40, 42, 43, 45, 64, 72, 73, 74, 78, 97, 105, 118, 129, 130, 131, 144, 147, 150, 152, 154, 156, 157, 159, 163, 170, 172, 174, 176, 181, 185, 186, 187, 188, 189, 191, 192, 193, 194, 195, 196, 198]","{7: [RollingMean(window_size=7), RollingStd(window_size=7)], 30: [RollingMean(window_size=30)], 60: [ExpandingMean()], 14: [ExponentiallyWeightedMean(alpha=0.3)]}",lags_200_features_66,16.919106484138126,24.26284535048308,24.62505492157696,24.475549955114033,26.18009637312818,25.72181379672057,31.85240810129662,32.08491076824571,34.538335328507934,38.955385374189504,38.35669158552583
SGD_EarlyStopping,LocalMinMaxScaler(stats_=[[  5.11211699 325.92896936]]),"[1, 2, 3, 4, 5, 6, 7, 8, 9, 12, 13, 14, 15, 16, 17, 18, 21, 22, 23, 27, 28, 33, 34, 36, 37, 40, 42, 43, 45, 64, 72, 73, 74, 78, 97, 105, 118, 129, 130, 131, 144, 147, 150, 152, 154, 156, 157, 159, 163, 170, 172, 174, 176, 181, 185, 186, 187, 188, 189, 191, 192, 193, 194, 195, 196, 198]","{1: [<function expanding_mean at 0x000002C58F7A04A0>], 7: [<function rolling_mean_14 at 0x000002C5930FAA20>], 30: [<function expanding_mean at 0x000002C58F7A04A0>]}",lags_200_features_66,29.888035921087415,37.74449067059245,70.24768509354433,97.74518089676678,112.63494968715247,127.66868535386263,119.70645000881849,104.97649227298554,101.6482863336542,111.48612721144376,116.61245994347466
SGD_ElasticNet,LocalMinMaxScaler(stats_=[[  5.11211699 325.92896936]]),"[1, 2, 3, 4, 5, 6, 7, 8, 9, 12, 13, 14, 15, 16, 17, 18, 21, 22, 23, 27, 28, 33, 34, 36, 37, 40, 42, 43, 45, 64, 72, 73, 74, 78, 97, 105, 118, 129, 130, 131, 144, 147, 150, 152, 154, 156, 157, 159, 163, 170, 172, 174, 176, 181, 185, 186, 187, 188, 189, 191, 192, 193, 194, 195, 196, 198]","{1: [<function expanding_mean at 0x000002C58F7A04A0>], 7: [<function rolling_mean_14 at 0x000002C5930FAA20>], 30: [<function expanding_mean at 0x000002C58F7A04A0>]}",lags_200_features_66,17.782880054880014,24.233251377190268,23.982995823506016,28.101134585221033,30.40399864036524,35.19374522171668,35.73851595600766,35.40601722910874,43.9376388309283,60.80396677618089,62.584015101210156
SGD_Lasso,LocalMinMaxScaler(stats_=[[  5.11211699 325.92896936]]),"[1, 2, 3, 4, 5, 6, 7, 8, 9, 12, 13, 14, 15, 16, 17, 18, 21, 22, 23, 27, 28, 33, 34, 36, 37, 40, 42, 43, 45, 64, 72, 73, 74, 78, 97, 105, 118, 129, 130, 131, 144, 147, 150, 152, 154, 156, 157, 159, 163, 170, 172, 174, 176, 181, 185, 186, 187, 188, 189, 191, 192, 193, 194, 195, 196, 198]","{1: [<function expanding_mean at 0x000002C58F7A04A0>], 7: [<function rolling_mean_14 at 0x000002C5930FAA20>], 30: [<function expanding_mean at 0x000002C58F7A04A0>]}",lags_200_features_66,145.18139251088863,127.98087239159355,126.09284539080488,113.74715602966725,96.4787818527622,85.12140651211986,73.75275077277924,66.52771436736525,85.80333381384227,116.0541755524978,115.58280664087495
SGD_Ridge,LocalMinMaxScaler(stats_=[[  5.11211699 325.92896936]]),"[1, 2, 3, 4, 5, 6, 7, 8, 9, 12, 13, 14, 15, 16, 17, 18, 21, 22, 23, 27, 28, 33, 34, 36, 37, 40, 42, 43, 45, 64, 72, 73, 74, 78, 97, 105, 118, 129, 130, 131, 144, 147, 150, 152, 154, 156, 157, 159, 163, 170, 172, 174, 176, 181, 185, 186, 187, 188, 189, 191, 192, 193, 194, 195, 196, 198]","{1: [<function expanding_mean at 0x000002C58F7A04A0>], 7: [<function rolling_mean_14 at 0x000002C5930FAA20>], 30: [<function expanding_mean at 0x000002C58F7A04A0>]}",lags_200_features_66,101.18456086592134,95.12440791119438,102.7447549401334,99.16985618898063,87.91478493543643,80.06514525485898,70.34091784746835,62.69026840619897,78.29445705781912,111.3016952338326,111.50688357349966
SGDRegressor,LocalMinMaxScaler(stats_=[[  5.11211699 325.92896936]]),"[1, 2, 3, 4, 5, 6, 7, 8, 9, 12, 13, 14, 15, 16, 17, 18, 21, 22, 23, 27, 28, 33, 34, 36, 37, 40, 42, 43, 45, 64, 72, 73, 74, 78, 97, 105, 118, 129, 130, 131, 144, 147, 150, 152, 154, 156, 157, 159, 163, 170, 172, 174, 176, 181, 185, 186, 187, 188, 189, 191, 192, 193, 194, 195, 196, 198]","{1: [<function expanding_mean at 0x000002C58F7A04A0>], 7: [<function rolling_mean_14 at 0x000002C5930FAA20>], 30: [<function expanding_mean at 0x000002C58F7A04A0>]}",lags_200_features_66,35.36284307144438,46.32770062569133,40.4755352971652,36.54872125030785,36.142695845605154,40.81398607473927,40.87934015818318,41.154008346642115,46.22925823332729,46.633015561907214,48.14031854483531
XGBRegressor,LocalMinMaxScaler(stats_=[[  5.11211699 325.92896936]]),"[1, 2, 3, 4, 5, 6, 7, 8, 9, 12, 13, 14, 15, 16, 17, 18, 21, 22, 23, 27, 28, 33, 34, 36, 37, 40, 42, 43, 45, 64, 72, 73, 74, 78, 97, 105, 118, 129, 130, 131, 144, 147, 150, 152, 154, 156, 157, 159, 163, 170, 172, 174, 176, 181, 185, 186, 187, 188, 189, 191, 192, 193, 194, 195, 196, 198]","{1: [<function expanding_mean at 0x000002C58F7A04A0>], 7: [<function rolling_mean_14 at 0x000002C5930FAA20>], 30: [<function expanding_mean at 0x000002C58F7A04A0>]}",lags_200_features_66,14.44770366382622,22.133077878330724,23.717430240160635,24.327853641565557,27.50956911440686,28.050440360329677,35.8748678845518,36.52240647736234,41.489734357488146,45.917182559290666,45.1663412252106
LGBMRegressor,LocalMinMaxScaler(stats_=[[  5.11211699 325.92896936]]),"[1, 2, 3, 4, 5, 6, 7, 8, 9, 12, 13, 14, 15, 16, 17, 18, 21, 22, 23, 27, 28, 33, 34, 36, 37, 40, 42, 43, 45, 64, 72, 73, 74, 78, 97, 105, 118, 129, 130, 131, 144, 147, 150, 152, 154, 156, 157, 159, 163, 170, 172, 174, 176, 181, 185, 186, 187, 188, 189, 191, 192, 193, 194, 195, 196, 198]","{1: [<function expanding_mean at 0x000002C58F7A04A0>], 7: [<function rolling_mean_14 at 0x000002C5930FAA20>], 30: [<function expanding_mean at 0x000002C58F7A04A0>]}",lags_200_features_66,15.58113312264836,22.013987292752105,23.597065046920722,24.85279350253207,28.117229663442266,28.72563477444205,35.38959569246561,35.022327857688495,37.8486304858707,38.67292669161244,38.12784287733638
SGD_EarlyStopping,LocalMinMaxScaler(stats_=[[  5.11211699 325.92896936]]),"[1, 2, 3, 4, 5, 6, 7, 8, 9, 12, 13, 14, 15, 16, 17, 18, 21, 22, 23, 27, 28, 33, 34, 36, 37, 40, 42, 43, 45, 64, 72, 73, 74, 78, 97, 105, 118, 129, 130, 131, 144, 147, 150, 152, 154, 156, 157, 159, 163, 170, 172, 174, 176, 181, 185, 186, 187, 188, 189, 191, 192, 193, 194, 195, 196, 198]","{1: [<function rolling_mean_14 at 0x000002C5930FAA20>], 7: [<function rolling_mean_30 at 0x000002C58DBF9260>], 30: [<function expanding_mean at 0x000002C58F7A04A0>]}",lags_200_features_66,31.029801368512967,39.46132829808722,72.49856975923757,100.28488788961782,115.27850820746066,130.4428189880686,122.33213759743336,107.26047392749666,103.78334268919593,113.43764903061684,118.50326835252791
SGD_ElasticNet,LocalMinMaxScaler(stats_=[[  5.11211699 325.92896936]]),"[1, 2, 3, 4, 5, 6, 7, 8, 9, 12, 13, 14, 15, 16, 17, 18, 21, 22, 23, 27, 28, 33, 34, 36, 37, 40, 42, 43, 45, 64, 72, 73, 74, 78, 97, 105, 118, 129, 130, 131, 144, 147, 150, 152, 154, 156, 157, 159, 163, 170, 172, 174, 176, 181, 185, 186, 187, 188, 189, 191, 192, 193, 194, 195, 196, 198]","{1: [<function rolling_mean_14 at 0x000002C5930FAA20>], 7: [<function rolling_mean_30 at 0x000002C58DBF9260>], 30: [<function expanding_mean at 0x000002C58F7A04A0>]}",lags_200_features_66,17.57716448725615,24.00357540831273,23.859703942569084,28.089879533672974,30.478004325109424,35.34579682078225,35.89481077052996,35.56144198148712,44.04165617153729,60.71324005136477,62.50526988757977
SGD_Lasso,LocalMinMaxScaler(stats_=[[  5.11211699 325.92896936]]),"[1, 2, 3, 4, 5, 6, 7, 8, 9, 12, 13, 14, 15, 16, 17, 18, 21, 22, 23, 27, 28, 33, 34, 36, 37, 40, 42, 43, 45, 64, 72, 73, 74, 78, 97, 105, 118, 129, 130, 131, 144, 147, 150, 152, 154, 156, 157, 159, 163, 170, 172, 174, 176, 181, 185, 186, 187, 188, 189, 191, 192, 193, 194, 195, 196, 198]","{1: [<function rolling_mean_14 at 0x000002C5930FAA20>], 7: [<function rolling_mean_30 at 0x000002C58DBF9260>], 30: [<function expanding_mean at 0x000002C58F7A04A0>]}",lags_200_features_66,145.18139251088863,127.98087239159355,126.09284539080488,113.74715602966725,96.4787818527622,85.12140651211986,73.75275077277924,66.52771436736525,85.80333381384227,116.0541755524978,115.58280664087495
SGD_Ridge,LocalMinMaxScaler(stats_=[[  5.11211699 325.92896936]]),"[1, 2, 3, 4, 5, 6, 7, 8, 9, 12, 13, 14, 15, 16, 17, 18, 21, 22, 23, 27, 28, 33, 34, 36, 37, 40, 42, 43, 45, 64, 72, 73, 74, 78, 97, 105, 118, 129, 130, 131, 144, 147, 150, 152, 154, 156, 157, 159, 163, 170, 172, 174, 176, 181, 185, 186, 187, 188, 189, 191, 192, 193, 194, 195, 196, 198]","{1: [<function rolling_mean_14 at 0x000002C5930FAA20>], 7: [<function rolling_mean_30 at 0x000002C58DBF9260>], 30: [<function expanding_mean at 0x000002C58F7A04A0>]}",lags_200_features_66,100.85302651264207,94.94192153940237,102.65208830800145,99.13796232472146,87.9253586040031,80.10139371499221,70.36414467938314,62.70313058658816,78.25250111294886,111.28735608770617,111.50091532343826
SGDRegressor,LocalMinMaxScaler(stats_=[[  5.11211699 325.92896936]]),"[1, 2, 3, 4, 5, 6, 7, 8, 9, 12, 13, 14, 15, 16, 17, 18, 21, 22, 23, 27, 28, 33, 34, 36, 37, 40, 42, 43, 45, 64, 72, 73, 74, 78, 97, 105, 118, 129, 130, 131, 144, 147, 150, 152, 154, 156, 157, 159, 163, 170, 172, 174, 176, 181, 185, 186, 187, 188, 189, 191, 192, 193, 194, 195, 196, 198]","{1: [<function rolling_mean_14 at 0x000002C5930FAA20>], 7: [<function rolling_mean_30 at 0x000002C58DBF9260>], 30: [<function expanding_mean at 0x000002C58F7A04A0>]}",lags_200_features_66,35.43464426843626,46.50064832708656,40.732947872599354,36.675383731606104,36.22771985632596,40.94748787465917,41.040777543263054,41.36889088781915,46.38362810474613,46.30579404692015,47.78505005597713
XGBRegressor,LocalMinMaxScaler(stats_=[[  5.11211699 325.92896936]]),"[1, 2, 3, 4, 5, 6, 7, 8, 9, 12, 13, 14, 15, 16, 17, 18, 21, 22, 23, 27, 28, 33, 34, 36, 37, 40, 42, 43, 45, 64, 72, 73, 74, 78, 97, 105, 118, 129, 130, 131, 144, 147, 150, 152, 154, 156, 157, 159, 163, 170, 172, 174, 176, 181, 185, 186, 187, 188, 189, 191, 192, 193, 194, 195, 196, 198]","{1: [<function rolling_mean_14 at 0x000002C5930FAA20>], 7: [<function rolling_mean_30 at 0x000002C58DBF9260>], 30: [<function expanding_mean at 0x000002C58F7A04A0>]}",lags_200_features_66,15.840189698356491,24.37319602529399,26.135062836808686,27.340420926380027,30.045903544052,29.301486802444742,33.83434306963905,33.9845322490844,39.84266047237284,49.52870068986031,48.807231150022375
LGBMRegressor,LocalMinMaxScaler(stats_=[[  5.11211699 325.92896936]]),"[1, 2, 3, 4, 5, 6, 7, 8, 9, 12, 13, 14, 15, 16, 17, 18, 21, 22, 23, 27, 28, 33, 34, 36, 37, 40, 42, 43, 45, 64, 72, 73, 74, 78, 97, 105, 118, 129, 130, 131, 144, 147, 150, 152, 154, 156, 157, 159, 163, 170, 172, 174, 176, 181, 185, 186, 187, 188, 189, 191, 192, 193, 194, 195, 196, 198]","{1: [<function rolling_mean_14 at 0x000002C5930FAA20>], 7: [<function rolling_mean_30 at 0x000002C58DBF9260>], 30: [<function expanding_mean at 0x000002C58F7A04A0>]}",lags_200_features_66,16.16964952652101,23.110604528439506,23.6371000484357,24.80439254787005,27.686655396384825,27.714280046976974,32.920687733355145,32.94434404609451,35.187796070275404,38.00272810247757,37.41742054875958
SGD_EarlyStopping,LocalMinMaxScaler(stats_=[[  5.11211699 325.92896936]]),"[1, 2, 3, 4, 5, 6, 7, 8, 9, 12, 13, 14, 15, 16, 17, 18, 21, 22, 23, 27, 28, 33, 34, 36, 37, 40, 42, 43, 45, 64, 72, 73, 74, 78, 97, 105, 118, 129, 130, 131, 144, 147, 150, 152, 154, 156, 157, 159, 163, 170, 172, 174, 176, 181, 185, 186, 187, 188, 189, 191, 192, 193, 194, 195, 196, 198]","{7: [RollingMean(window_size=7)], 30: [RollingMean(window_size=30)], 60: [RollingMean(window_size=60)]}",lags_200_features_66,30.916040020202672,39.47273925135041,72.604308787873,100.32370886857707,115.12767054875303,129.97920414853854,121.40867973835438,106.07729203228632,103.79872283402614,114.16627569209965,119.52000740761662
SGD_ElasticNet,LocalMinMaxScaler(stats_=[[  5.11211699 325.92896936]]),"[1, 2, 3, 4, 5, 6, 7, 8, 9, 12, 13, 14, 15, 16, 17, 18, 21, 22, 23, 27, 28, 33, 34, 36, 37, 40, 42, 43, 45, 64, 72, 73, 74, 78, 97, 105, 118, 129, 130, 131, 144, 147, 150, 152, 154, 156, 157, 159, 163, 170, 172, 174, 176, 181, 185, 186, 187, 188, 189, 191, 192, 193, 194, 195, 196, 198]","{7: [RollingMean(window_size=7)], 30: [RollingMean(window_size=30)], 60: [RollingMean(window_size=60)]}",lags_200_features_66,17.804034774424842,24.2040279273904,23.969898575181634,28.11657493183469,30.4475296287759,35.269968572379426,35.83082247101299,35.451018021377934,43.766841441285514,60.50938000692454,62.31034814089939
SGD_Lasso,LocalMinMaxScaler(stats_=[[  5.11211699 325.92896936]]),"[1, 2, 3, 4, 5, 6, 7, 8, 9, 12, 13, 14, 15, 16, 17, 18, 21, 22, 23, 27, 28, 33, 34, 36, 37, 40, 42, 43, 45, 64, 72, 73, 74, 78, 97, 105, 118, 129, 130, 131, 144, 147, 150, 152, 154, 156, 157, 159, 163, 170, 172, 174, 176, 181, 185, 186, 187, 188, 189, 191, 192, 193, 194, 195, 196, 198]","{7: [RollingMean(window_size=7)], 30: [RollingMean(window_size=30)], 60: [RollingMean(window_size=60)]}",lags_200_features_66,145.18139251088863,127.98087239159355,126.09284539080488,113.74715602966725,96.4787818527622,85.12140651211986,73.75275077277924,66.52771436736525,85.80333381384227,116.0541755524978,115.58280664087495
SGD_Ridge,LocalMinMaxScaler(stats_=[[  5.11211699 325.92896936]]),"[1, 2, 3, 4, 5, 6, 7, 8, 9, 12, 13, 14, 15, 16, 17, 18, 21, 22, 23, 27, 28, 33, 34, 36, 37, 40, 42, 43, 45, 64, 72, 73, 74, 78, 97, 105, 118, 129, 130, 131, 144, 147, 150, 152, 154, 156, 157, 159, 163, 170, 172, 174, 176, 181, 185, 186, 187, 188, 189, 191, 192, 193, 194, 195, 196, 198]","{7: [RollingMean(window_size=7)], 30: [RollingMean(window_size=30)], 60: [RollingMean(window_size=60)]}",lags_200_features_66,100.8619490397153,94.83216196628288,102.54770334713965,99.04804337206082,87.8482905428551,80.03721666659231,70.32063260945854,62.66217633759579,78.19675991676809,111.22124594671013,111.43617673534561
SGDRegressor,LocalMinMaxScaler(stats_=[[  5.11211699 325.92896936]]),"[1, 2, 3, 4, 5, 6, 7, 8, 9, 12, 13, 14, 15, 16, 17, 18, 21, 22, 23, 27, 28, 33, 34, 36, 37, 40, 42, 43, 45, 64, 72, 73, 74, 78, 97, 105, 118, 129, 130, 131, 144, 147, 150, 152, 154, 156, 157, 159, 163, 170, 172, 174, 176, 181, 185, 186, 187, 188, 189, 191, 192, 193, 194, 195, 196, 198]","{7: [RollingMean(window_size=7)], 30: [RollingMean(window_size=30)], 60: [RollingMean(window_size=60)]}",lags_200_features_66,35.41321027505891,46.12341513675221,40.2339072067646,36.40174014433788,36.09749491438464,40.87067521859153,40.97045325666559,41.146223192851735,45.828927050651046,46.19293045567894,47.74344808449767
XGBRegressor,LocalMinMaxScaler(stats_=[[  5.11211699 325.92896936]]),"[1, 2, 3, 4, 5, 6, 7, 8, 9, 12, 13, 14, 15, 16, 17, 18, 21, 22, 23, 27, 28, 33, 34, 36, 37, 40, 42, 43, 45, 64, 72, 73, 74, 78, 97, 105, 118, 129, 130, 131, 144, 147, 150, 152, 154, 156, 157, 159, 163, 170, 172, 174, 176, 181, 185, 186, 187, 188, 189, 191, 192, 193, 194, 195, 196, 198]","{7: [RollingMean(window_size=7)], 30: [RollingMean(window_size=30)], 60: [RollingMean(window_size=60)]}",lags_200_features_66,15.878402863082231,23.51964425071066,24.766849355266487,25.95619384216284,28.490821699316815,28.2784046466599,34.40814318684929,34.093712779141114,42.895269614216915,46.843829602833225,46.04948285617198
LGBMRegressor,LocalMinMaxScaler(stats_=[[  5.11211699 325.92896936]]),"[1, 2, 3, 4, 5, 6, 7, 8, 9, 12, 13, 14, 15, 16, 17, 18, 21, 22, 23, 27, 28, 33, 34, 36, 37, 40, 42, 43, 45, 64, 72, 73, 74, 78, 97, 105, 118, 129, 130, 131, 144, 147, 150, 152, 154, 156, 157, 159, 163, 170, 172, 174, 176, 181, 185, 186, 187, 188, 189, 191, 192, 193, 194, 195, 196, 198]","{7: [RollingMean(window_size=7)], 30: [RollingMean(window_size=30)], 60: [RollingMean(window_size=60)]}",lags_200_features_66,16.892477080016494,23.622659118119003,24.21658022126486,24.575289019866062,26.548590447406013,26.356335809179658,32.04993813277366,32.00508848078394,37.11314803369871,37.9558650425534,37.38923538205906
SGD_EarlyStopping,LocalMinMaxScaler(stats_=[[  5.11211699 325.92896936]]),"[1, 2, 3, 4, 5, 6, 7, 8, 9, 12, 13, 14, 15, 16, 17, 18, 21, 22, 23, 27, 28, 33, 34, 36, 37, 40, 42, 43, 45, 64, 72, 73, 74, 78, 97, 105, 118, 129, 130, 131, 144, 147, 150, 152, 154, 156, 157, 159, 163, 170, 172, 174, 176, 181, 185, 186, 187, 188, 189, 191, 192, 193, 194, 195, 196, 198]","{7: [RollingMean(window_size=7), RollingStd(window_size=7)], 30: [RollingMean(window_size=30)], 60: [ExpandingMean()], 14: [ExponentiallyWeightedMean(alpha=0.3)]}",lags_200_features_66,31.18237235462394,39.46628964316671,72.23002694544745,99.6692578665311,114.36150548839619,129.22617399782496,120.96506025953757,105.93293655366669,102.20281788086929,111.44989995468919,116.58861299141925
SGD_ElasticNet,LocalMinMaxScaler(stats_=[[  5.11211699 325.92896936]]),"[1, 2, 3, 4, 5, 6, 7, 8, 9, 12, 13, 14, 15, 16, 17, 18, 21, 22, 23, 27, 28, 33, 34, 36, 37, 40, 42, 43, 45, 64, 72, 73, 74, 78, 97, 105, 118, 129, 130, 131, 144, 147, 150, 152, 154, 156, 157, 159, 163, 170, 172, 174, 176, 181, 185, 186, 187, 188, 189, 191, 192, 193, 194, 195, 196, 198]","{7: [RollingMean(window_size=7), RollingStd(window_size=7)], 30: [RollingMean(window_size=30)], 60: [ExpandingMean()], 14: [ExponentiallyWeightedMean(alpha=0.3)]}",lags_200_features_66,17.87096988575717,24.431525728888325,23.945447936161347,27.73428227737245,29.88015842635661,34.636058448923876,35.303532838836226,35.004867123573405,43.3870343654028,59.947617133642986,61.72022831866628
SGD_Lasso,LocalMinMaxScaler(stats_=[[  5.11211699 325.92896936]]),"[1, 2, 3, 4, 5, 6, 7, 8, 9, 12, 13, 14, 15, 16, 17, 18, 21, 22, 23, 27, 28, 33, 34, 36, 37, 40, 42, 43, 45, 64, 72, 73, 74, 78, 97, 105, 118, 129, 130, 131, 144, 147, 150, 152, 154, 156, 157, 159, 163, 170, 172, 174, 176, 181, 185, 186, 187, 188, 189, 191, 192, 193, 194, 195, 196, 198]","{7: [RollingMean(window_size=7), RollingStd(window_size=7)], 30: [RollingMean(window_size=30)], 60: [ExpandingMean()], 14: [ExponentiallyWeightedMean(alpha=0.3)]}",lags_200_features_66,145.18139251088863,127.98087239159355,126.09284539080488,113.74715602966725,96.4787818527622,85.12140651211986,73.75275077277924,66.52771436736525,85.80333381384227,116.0541755524978,115.58280664087495
SGD_Ridge,LocalMinMaxScaler(stats_=[[  5.11211699 325.92896936]]),"[1, 2, 3, 4, 5, 6, 7, 8, 9, 12, 13, 14, 15, 16, 17, 18, 21, 22, 23, 27, 28, 33, 34, 36, 37, 40, 42, 43, 45, 64, 72, 73, 74, 78, 97, 105, 118, 129, 130, 131, 144, 147, 150, 152, 154, 156, 157, 159, 163, 170, 172, 174, 176, 181, 185, 186, 187, 188, 189, 191, 192, 193, 194, 195, 196, 198]","{7: [RollingMean(window_size=7), RollingStd(window_size=7)], 30: [RollingMean(window_size=30)], 60: [ExpandingMean()], 14: [ExponentiallyWeightedMean(alpha=0.3)]}",lags_200_features_66,100.23737665589071,94.37826793559975,102.1726887433571,98.74160757636044,87.60301907134091,79.8388849478413,70.173014136734,62.536023022385734,77.99522041878068,111.00001713539291,111.222428336386
SGDRegressor,LocalMinMaxScaler(stats_=[[  5.11211699 325.92896936]]),"[1, 2, 3, 4, 5, 6, 7, 8, 9, 12, 13, 14, 15, 16, 17, 18, 21, 22, 23, 27, 28, 33, 34, 36, 37, 40, 42, 43, 45, 64, 72, 73, 74, 78, 97, 105, 118, 129, 130, 131, 144, 147, 150, 152, 154, 156, 157, 159, 163, 170, 172, 174, 176, 181, 185, 186, 187, 188, 189, 191, 192, 193, 194, 195, 196, 198]","{7: [RollingMean(window_size=7), RollingStd(window_size=7)], 30: [RollingMean(window_size=30)], 60: [ExpandingMean()], 14: [ExponentiallyWeightedMean(alpha=0.3)]}",lags_200_features_66,35.770787987496156,47.02576836279953,41.377069432280585,36.904588217256254,36.08585295377982,40.46882662389652,40.550321589544716,40.77835115001936,45.74349907042573,45.89868525894672,47.35988475084026
XGBRegressor,LocalMinMaxScaler(stats_=[[  5.11211699 325.92896936]]),"[1, 2, 3, 4, 5, 6, 7, 8, 9, 12, 13, 14, 15, 16, 17, 18, 21, 22, 23, 27, 28, 33, 34, 36, 37, 40, 42, 43, 45, 64, 72, 73, 74, 78, 97, 105, 118, 129, 130, 131, 144, 147, 150, 152, 154, 156, 157, 159, 163, 170, 172, 174, 176, 181, 185, 186, 187, 188, 189, 191, 192, 193, 194, 195, 196, 198]","{7: [RollingMean(window_size=7), RollingStd(window_size=7)], 30: [RollingMean(window_size=30)], 60: [ExpandingMean()], 14: [ExponentiallyWeightedMean(alpha=0.3)]}",lags_200_features_66,12.754000395668063,20.760540153686943,22.946940433987074,24.211862117231753,27.48848348730589,28.931482258479914,35.514971877969295,36.24710061998594,37.64529199156226,40.21782695017719,39.77565138967582
LGBMRegressor,LocalMinMaxScaler(stats_=[[  5.11211699 325.92896936]]),"[1, 2, 3, 4, 5, 6, 7, 8, 9, 12, 13, 14, 15, 16, 17, 18, 21, 22, 23, 27, 28, 33, 34, 36, 37, 40, 42, 43, 45, 64, 72, 73, 74, 78, 97, 105, 118, 129, 130, 131, 144, 147, 150, 152, 154, 156, 157, 159, 163, 170, 172, 174, 176, 181, 185, 186, 187, 188, 189, 191, 192, 193, 194, 195, 196, 198]","{7: [RollingMean(window_size=7), RollingStd(window_size=7)], 30: [RollingMean(window_size=30)], 60: [ExpandingMean()], 14: [ExponentiallyWeightedMean(alpha=0.3)]}",lags_200_features_66,15.33752632668826,21.829535519678462,22.378368343938213,22.69275464492365,24.802297158406816,25.111757785486343,31.394609311466265,32.05014266999247,34.64936158554078,39.81042938644265,39.2011888908954
XGBRegressor,"LocalBoxCox(lower=0.0, method=loglik, season_length=None, stats_=[[4.10226185e-05 0.00000000e+00]], upper=2.0)","[1, 2, 3, 4, 5, 6, 7, 8, 9, 12, 13, 14, 15, 16, 17, 18, 21, 22, 23, 27, 28, 33, 34, 36, 37, 40, 42, 43, 45, 64, 72, 73, 74, 78, 97, 105, 118, 129, 130, 131, 144, 147, 150, 152, 154, 156, 157, 159, 163, 170, 172, 174, 176, 181, 185, 186, 187, 188, 189, 191, 192, 193, 194, 195, 196, 198]","{1: [<function expanding_mean at 0x000002C58F7A04A0>], 7: [<function rolling_mean_14 at 0x000002C5930FAA20>], 30: [<function expanding_mean at 0x000002C58F7A04A0>]}",lags_200_features_66,15.230539762990128,23.474548994638067,23.509014675762486,23.97757188023325,26.5950022160187,27.58827425482222,31.61703642990651,47.18226308875914,67.0395417200021,61.570857840995906,60.53253628569281
LGBMRegressor,"LocalBoxCox(lower=0.0, method=loglik, season_length=None, stats_=[[4.10226185e-05 0.00000000e+00]], upper=2.0)","[1, 2, 3, 4, 5, 6, 7, 8, 9, 12, 13, 14, 15, 16, 17, 18, 21, 22, 23, 27, 28, 33, 34, 36, 37, 40, 42, 43, 45, 64, 72, 73, 74, 78, 97, 105, 118, 129, 130, 131, 144, 147, 150, 152, 154, 156, 157, 159, 163, 170, 172, 174, 176, 181, 185, 186, 187, 188, 189, 191, 192, 193, 194, 195, 196, 198]","{1: [<function expanding_mean at 0x000002C58F7A04A0>], 7: [<function rolling_mean_14 at 0x000002C5930FAA20>], 30: [<function expanding_mean at 0x000002C58F7A04A0>]}",lags_200_features_66,19.329462474253344,24.76069964076574,24.912300235260272,25.306103438531807,28.281138578980876,29.078091477406044,33.91040110581303,34.39235463054277,48.543472413819835,49.29356976185673,48.52101624159852
XGBRegressor,"LocalBoxCox(lower=0.0, method=loglik, season_length=None, stats_=[[4.10226185e-05 0.00000000e+00]], upper=2.0)","[1, 2, 3, 4, 5, 6, 7, 8, 9, 12, 13, 14, 15, 16, 17, 18, 21, 22, 23, 27, 28, 33, 34, 36, 37, 40, 42, 43, 45, 64, 72, 73, 74, 78, 97, 105, 118, 129, 130, 131, 144, 147, 150, 152, 154, 156, 157, 159, 163, 170, 172, 174, 176, 181, 185, 186, 187, 188, 189, 191, 192, 193, 194, 195, 196, 198]","{1: [<function rolling_mean_14 at 0x000002C5930FAA20>], 7: [<function rolling_mean_30 at 0x000002C58DBF9260>], 30: [<function expanding_mean at 0x000002C58F7A04A0>]}",lags_200_features_66,19.212038450055815,25.10730411423995,26.42012462286089,27.561714635211338,30.522289317105766,31.12454536072547,34.64324900574755,51.39970729574886,69.45339769306645,62.000429146243306,60.93452867879526
LGBMRegressor,"LocalBoxCox(lower=0.0, method=loglik, season_length=None, stats_=[[4.10226185e-05 0.00000000e+00]], upper=2.0)","[1, 2, 3, 4, 5, 6, 7, 8, 9, 12, 13, 14, 15, 16, 17, 18, 21, 22, 23, 27, 28, 33, 34, 36, 37, 40, 42, 43, 45, 64, 72, 73, 74, 78, 97, 105, 118, 129, 130, 131, 144, 147, 150, 152, 154, 156, 157, 159, 163, 170, 172, 174, 176, 181, 185, 186, 187, 188, 189, 191, 192, 193, 194, 195, 196, 198]","{1: [<function rolling_mean_14 at 0x000002C5930FAA20>], 7: [<function rolling_mean_30 at 0x000002C58DBF9260>], 30: [<function expanding_mean at 0x000002C58F7A04A0>]}",lags_200_features_66,18.406312220871747,23.87075730112298,24.407998484844427,25.5065630162222,28.832177132566006,28.946360238323045,34.571711051834825,48.64103219600321,75.94114815795767,70.8582611817577,69.63099562960376
XGBRegressor,"LocalBoxCox(lower=0.0, method=loglik, season_length=None, stats_=[[4.10226185e-05 0.00000000e+00]], upper=2.0)","[1, 2, 3, 4, 5, 6, 7, 8, 9, 12, 13, 14, 15, 16, 17, 18, 21, 22, 23, 27, 28, 33, 34, 36, 37, 40, 42, 43, 45, 64, 72, 73, 74, 78, 97, 105, 118, 129, 130, 131, 144, 147, 150, 152, 154, 156, 157, 159, 163, 170, 172, 174, 176, 181, 185, 186, 187, 188, 189, 191, 192, 193, 194, 195, 196, 198]","{7: [RollingMean(window_size=7)], 30: [RollingMean(window_size=30)], 60: [RollingMean(window_size=60)]}",lags_200_features_66,18.339821007284737,25.107352361231072,26.10145254724762,27.23284302825627,30.487564036742597,29.796321865992496,33.12913896486654,44.19210540240908,67.59730383597676,63.68853485425664,62.589229727337205
LGBMRegressor,"LocalBoxCox(lower=0.0, method=loglik, season_length=None, stats_=[[4.10226185e-05 0.00000000e+00]], upper=2.0)","[1, 2, 3, 4, 5, 6, 7, 8, 9, 12, 13, 14, 15, 16, 17, 18, 21, 22, 23, 27, 28, 33, 34, 36, 37, 40, 42, 43, 45, 64, 72, 73, 74, 78, 97, 105, 118, 129, 130, 131, 144, 147, 150, 152, 154, 156, 157, 159, 163, 170, 172, 174, 176, 181, 185, 186, 187, 188, 189, 191, 192, 193, 194, 195, 196, 198]","{7: [RollingMean(window_size=7)], 30: [RollingMean(window_size=30)], 60: [RollingMean(window_size=60)]}",lags_200_features_66,18.47948636795404,24.453238870401904,24.533593266173177,25.034455677449536,27.17666460095841,27.11563697122133,31.10161906922014,42.463021281834195,52.394940672819146,47.830345181955515,47.0929722434213
XGBRegressor,"LocalBoxCox(lower=0.0, method=loglik, season_length=None, stats_=[[4.10226185e-05 0.00000000e+00]], upper=2.0)","[1, 2, 3, 4, 5, 6, 7, 8, 9, 12, 13, 14, 15, 16, 17, 18, 21, 22, 23, 27, 28, 33, 34, 36, 37, 40, 42, 43, 45, 64, 72, 73, 74, 78, 97, 105, 118, 129, 130, 131, 144, 147, 150, 152, 154, 156, 157, 159, 163, 170, 172, 174, 176, 181, 185, 186, 187, 188, 189, 191, 192, 193, 194, 195, 196, 198]","{7: [RollingMean(window_size=7), RollingStd(window_size=7)], 30: [RollingMean(window_size=30)], 60: [ExpandingMean()], 14: [ExponentiallyWeightedMean(alpha=0.3)]}",lags_200_features_66,16.64692262771615,22.16958389779436,23.345106561617232,24.846438845654227,28.207882379141115,28.562100615692376,33.944628444502015,33.303688570272506,38.20936366946038,41.37797135724766,40.87831563554574
LGBMRegressor,"LocalBoxCox(lower=0.0, method=loglik, season_length=None, stats_=[[4.10226185e-05 0.00000000e+00]], upper=2.0)","[1, 2, 3, 4, 5, 6, 7, 8, 9, 12, 13, 14, 15, 16, 17, 18, 21, 22, 23, 27, 28, 33, 34, 36, 37, 40, 42, 43, 45, 64, 72, 73, 74, 78, 97, 105, 118, 129, 130, 131, 144, 147, 150, 152, 154, 156, 157, 159, 163, 170, 172, 174, 176, 181, 185, 186, 187, 188, 189, 191, 192, 193, 194, 195, 196, 198]","{7: [RollingMean(window_size=7), RollingStd(window_size=7)], 30: [RollingMean(window_size=30)], 60: [ExpandingMean()], 14: [ExponentiallyWeightedMean(alpha=0.3)]}",lags_200_features_66,17.830758972037625,24.50254063299723,25.415821581384613,26.685607215335256,29.802735212084457,29.63586738807949,34.36011704688744,49.51565410908794,68.99300750503376,63.312065938636216,62.32218181536817
SGD_EarlyStopping,AutoDifferences(max_diffs=380) | LocalStandardScaler(stats_=[[-2.09155811e-02  2.20585897e+01]]),"[1, 2, 3, 4, 5, 6, 7, 8, 9, 12, 13, 14, 15, 16, 17, 18, 21, 22, 23, 27, 28, 33, 34, 36, 37, 40, 42, 43, 45, 64, 72, 73, 74, 78, 97, 105, 118, 129, 130, 131, 144, 147, 150, 152, 154, 156, 157, 159, 163, 170, 172, 174, 176, 181, 185, 186, 187, 188, 189, 191, 192, 193, 194, 195, 196, 198]","{1: [<function expanding_mean at 0x000002C58F7A04A0>], 7: [<function rolling_mean_14 at 0x000002C5930FAA20>], 30: [<function expanding_mean at 0x000002C58F7A04A0>]}",lags_200_features_66,107.21912157752611,200.59615690619918,298.52192941262206,367.19485263673334,403.1154071800711,435.20159180853193,447.27414840534436,548.8663058822219,916.4535237438902,1616.620818656785,1652.0668111031835
SGD_ElasticNet,AutoDifferences(max_diffs=380) | LocalStandardScaler(stats_=[[-2.09155811e-02  2.20585897e+01]]),"[1, 2, 3, 4, 5, 6, 7, 8, 9, 12, 13, 14, 15, 16, 17, 18, 21, 22, 23, 27, 28, 33, 34, 36, 37, 40, 42, 43, 45, 64, 72, 73, 74, 78, 97, 105, 118, 129, 130, 131, 144, 147, 150, 152, 154, 156, 157, 159, 163, 170, 172, 174, 176, 181, 185, 186, 187, 188, 189, 191, 192, 193, 194, 195, 196, 198]","{1: [<function expanding_mean at 0x000002C58F7A04A0>], 7: [<function rolling_mean_14 at 0x000002C5930FAA20>], 30: [<function expanding_mean at 0x000002C58F7A04A0>]}",lags_200_features_66,55.18238278635399,100.83517664983317,144.02299193137173,175.53411407183495,193.55972340282548,209.09392389763616,218.54970974989502,265.2217078325648,425.9718632799891,734.8589561324312,750.685888418878
SGD_Lasso,AutoDifferences(max_diffs=380) | LocalStandardScaler(stats_=[[-2.09155811e-02  2.20585897e+01]]),"[1, 2, 3, 4, 5, 6, 7, 8, 9, 12, 13, 14, 15, 16, 17, 18, 21, 22, 23, 27, 28, 33, 34, 36, 37, 40, 42, 43, 45, 64, 72, 73, 74, 78, 97, 105, 118, 129, 130, 131, 144, 147, 150, 152, 154, 156, 157, 159, 163, 170, 172, 174, 176, 181, 185, 186, 187, 188, 189, 191, 192, 193, 194, 195, 196, 198]","{1: [<function expanding_mean at 0x000002C58F7A04A0>], 7: [<function rolling_mean_14 at 0x000002C5930FAA20>], 30: [<function expanding_mean at 0x000002C58F7A04A0>]}",lags_200_features_66,10.08244523438872,21.547135129048957,28.53823320110417,36.894826266447396,45.5921807695625,52.829370705849655,64.48922004293361,74.43264799267075,90.19518017583553,123.8754559932081,126.33016458512081
SGD_Ridge,AutoDifferences(max_diffs=380) | LocalStandardScaler(stats_=[[-2.09155811e-02  2.20585897e+01]]),"[1, 2, 3, 4, 5, 6, 7, 8, 9, 12, 13, 14, 15, 16, 17, 18, 21, 22, 23, 27, 28, 33, 34, 36, 37, 40, 42, 43, 45, 64, 72, 73, 74, 78, 97, 105, 118, 129, 130, 131, 144, 147, 150, 152, 154, 156, 157, 159, 163, 170, 172, 174, 176, 181, 185, 186, 187, 188, 189, 191, 192, 193, 194, 195, 196, 198]","{1: [<function expanding_mean at 0x000002C58F7A04A0>], 7: [<function rolling_mean_14 at 0x000002C5930FAA20>], 30: [<function expanding_mean at 0x000002C58F7A04A0>]}",lags_200_features_66,68.65115001271958,121.7874157718402,195.20317666242056,245.85273385919186,270.33952589436507,296.8041673725977,301.0920808181724,370.5831600910995,632.7494110076319,1117.0409392463323,1141.8058542424894
SGDRegressor,AutoDifferences(max_diffs=380) | LocalStandardScaler(stats_=[[-2.09155811e-02  2.20585897e+01]]),"[1, 2, 3, 4, 5, 6, 7, 8, 9, 12, 13, 14, 15, 16, 17, 18, 21, 22, 23, 27, 28, 33, 34, 36, 37, 40, 42, 43, 45, 64, 72, 73, 74, 78, 97, 105, 118, 129, 130, 131, 144, 147, 150, 152, 154, 156, 157, 159, 163, 170, 172, 174, 176, 181, 185, 186, 187, 188, 189, 191, 192, 193, 194, 195, 196, 198]","{1: [<function expanding_mean at 0x000002C58F7A04A0>], 7: [<function rolling_mean_14 at 0x000002C5930FAA20>], 30: [<function expanding_mean at 0x000002C58F7A04A0>]}",lags_200_features_66,53.12908571861408,97.49390385329765,140.8284630963206,173.74880090977157,193.6767580533709,211.54823393671634,223.99739141874684,270.43358564959806,425.340428220833,721.9479316578193,737.5055200186182
XGBRegressor,AutoDifferences(max_diffs=380) | LocalStandardScaler(stats_=[[-2.09155811e-02  2.20585897e+01]]),"[1, 2, 3, 4, 5, 6, 7, 8, 9, 12, 13, 14, 15, 16, 17, 18, 21, 22, 23, 27, 28, 33, 34, 36, 37, 40, 42, 43, 45, 64, 72, 73, 74, 78, 97, 105, 118, 129, 130, 131, 144, 147, 150, 152, 154, 156, 157, 159, 163, 170, 172, 174, 176, 181, 185, 186, 187, 188, 189, 191, 192, 193, 194, 195, 196, 198]","{1: [<function expanding_mean at 0x000002C58F7A04A0>], 7: [<function rolling_mean_14 at 0x000002C5930FAA20>], 30: [<function expanding_mean at 0x000002C58F7A04A0>]}",lags_200_features_66,11.669622060857526,17.168815435631288,18.51310355532459,19.406116735255143,21.159766532400383,22.712392473933242,26.128972220010212,27.54664142371832,31.931116163786292,40.82352776031237,40.48914301467171
LGBMRegressor,AutoDifferences(max_diffs=380) | LocalStandardScaler(stats_=[[-2.09155811e-02  2.20585897e+01]]),"[1, 2, 3, 4, 5, 6, 7, 8, 9, 12, 13, 14, 15, 16, 17, 18, 21, 22, 23, 27, 28, 33, 34, 36, 37, 40, 42, 43, 45, 64, 72, 73, 74, 78, 97, 105, 118, 129, 130, 131, 144, 147, 150, 152, 154, 156, 157, 159, 163, 170, 172, 174, 176, 181, 185, 186, 187, 188, 189, 191, 192, 193, 194, 195, 196, 198]","{1: [<function expanding_mean at 0x000002C58F7A04A0>], 7: [<function rolling_mean_14 at 0x000002C5930FAA20>], 30: [<function expanding_mean at 0x000002C58F7A04A0>]}",lags_200_features_66,15.732233675382165,37.05068928177008,42.28266620568124,37.82307351486695,34.737572048956245,33.69881752125108,39.9060028895067,41.1023915284088,46.791885891246714,54.48444791907643,53.70256755644427
SGD_EarlyStopping,AutoDifferences(max_diffs=380) | LocalStandardScaler(stats_=[[-2.09155811e-02  2.20585897e+01]]),"[1, 2, 3, 4, 5, 6, 7, 8, 9, 12, 13, 14, 15, 16, 17, 18, 21, 22, 23, 27, 28, 33, 34, 36, 37, 40, 42, 43, 45, 64, 72, 73, 74, 78, 97, 105, 118, 129, 130, 131, 144, 147, 150, 152, 154, 156, 157, 159, 163, 170, 172, 174, 176, 181, 185, 186, 187, 188, 189, 191, 192, 193, 194, 195, 196, 198]","{1: [<function rolling_mean_14 at 0x000002C5930FAA20>], 7: [<function rolling_mean_30 at 0x000002C58DBF9260>], 30: [<function expanding_mean at 0x000002C58F7A04A0>]}",lags_200_features_66,100.47961921626944,186.6348741498842,275.58911020979025,337.63801538183486,369.910495002716,398.4566250636458,409.0178558107201,501.7164143303489,837.4841435954357,1477.664307812626,1509.9983883407629
SGD_ElasticNet,AutoDifferences(max_diffs=380) | LocalStandardScaler(stats_=[[-2.09155811e-02  2.20585897e+01]]),"[1, 2, 3, 4, 5, 6, 7, 8, 9, 12, 13, 14, 15, 16, 17, 18, 21, 22, 23, 27, 28, 33, 34, 36, 37, 40, 42, 43, 45, 64, 72, 73, 74, 78, 97, 105, 118, 129, 130, 131, 144, 147, 150, 152, 154, 156, 157, 159, 163, 170, 172, 174, 176, 181, 185, 186, 187, 188, 189, 191, 192, 193, 194, 195, 196, 198]","{1: [<function rolling_mean_14 at 0x000002C5930FAA20>], 7: [<function rolling_mean_30 at 0x000002C58DBF9260>], 30: [<function expanding_mean at 0x000002C58F7A04A0>]}",lags_200_features_66,50.91850496487239,92.36309570586421,130.5070616960502,158.30533429079233,174.24552401086112,187.67543879166496,196.1668645143451,238.10120753846564,382.00899190770906,659.323208394675,673.4817725232346
SGD_Lasso,AutoDifferences(max_diffs=380) | LocalStandardScaler(stats_=[[-2.09155811e-02  2.20585897e+01]]),"[1, 2, 3, 4, 5, 6, 7, 8, 9, 12, 13, 14, 15, 16, 17, 18, 21, 22, 23, 27, 28, 33, 34, 36, 37, 40, 42, 43, 45, 64, 72, 73, 74, 78, 97, 105, 118, 129, 130, 131, 144, 147, 150, 152, 154, 156, 157, 159, 163, 170, 172, 174, 176, 181, 185, 186, 187, 188, 189, 191, 192, 193, 194, 195, 196, 198]","{1: [<function rolling_mean_14 at 0x000002C5930FAA20>], 7: [<function rolling_mean_30 at 0x000002C58DBF9260>], 30: [<function expanding_mean at 0x000002C58F7A04A0>]}",lags_200_features_66,10.08244523438872,21.547135129048957,28.53823320110417,36.894826266447396,45.5921807695625,52.829370705849655,64.48922004293361,74.43264799267075,90.19518017583553,123.8754559932081,126.33016458512081
SGD_Ridge,AutoDifferences(max_diffs=380) | LocalStandardScaler(stats_=[[-2.09155811e-02  2.20585897e+01]]),"[1, 2, 3, 4, 5, 6, 7, 8, 9, 12, 13, 14, 15, 16, 17, 18, 21, 22, 23, 27, 28, 33, 34, 36, 37, 40, 42, 43, 45, 64, 72, 73, 74, 78, 97, 105, 118, 129, 130, 131, 144, 147, 150, 152, 154, 156, 157, 159, 163, 170, 172, 174, 176, 181, 185, 186, 187, 188, 189, 191, 192, 193, 194, 195, 196, 198]","{1: [<function rolling_mean_14 at 0x000002C5930FAA20>], 7: [<function rolling_mean_30 at 0x000002C58DBF9260>], 30: [<function expanding_mean at 0x000002C58F7A04A0>]}",lags_200_features_66,66.72120070696039,117.50127170703774,188.16629860570208,236.8383313392189,260.27845403201,285.75228409421743,289.65334572625153,356.24797218393263,608.2181085342867,1073.496123691066,1097.2987174572115
SGDRegressor,AutoDifferences(max_diffs=380) | LocalStandardScaler(stats_=[[-2.09155811e-02  2.20585897e+01]]),"[1, 2, 3, 4, 5, 6, 7, 8, 9, 12, 13, 14, 15, 16, 17, 18, 21, 22, 23, 27, 28, 33, 34, 36, 37, 40, 42, 43, 45, 64, 72, 73, 74, 78, 97, 105, 118, 129, 130, 131, 144, 147, 150, 152, 154, 156, 157, 159, 163, 170, 172, 174, 176, 181, 185, 186, 187, 188, 189, 191, 192, 193, 194, 195, 196, 198]","{1: [<function rolling_mean_14 at 0x000002C5930FAA20>], 7: [<function rolling_mean_30 at 0x000002C58DBF9260>], 30: [<function expanding_mean at 0x000002C58F7A04A0>]}",lags_200_features_66,48.836274767386925,89.01155539374827,127.24784042678338,156.34338363380698,174.06004564223608,189.66793748698007,200.94581947669096,242.54804978769297,380.7362841631794,646.2249739543696,660.120398754484
XGBRegressor,AutoDifferences(max_diffs=380) | LocalStandardScaler(stats_=[[-2.09155811e-02  2.20585897e+01]]),"[1, 2, 3, 4, 5, 6, 7, 8, 9, 12, 13, 14, 15, 16, 17, 18, 21, 22, 23, 27, 28, 33, 34, 36, 37, 40, 42, 43, 45, 64, 72, 73, 74, 78, 97, 105, 118, 129, 130, 131, 144, 147, 150, 152, 154, 156, 157, 159, 163, 170, 172, 174, 176, 181, 185, 186, 187, 188, 189, 191, 192, 193, 194, 195, 196, 198]","{1: [<function rolling_mean_14 at 0x000002C5930FAA20>], 7: [<function rolling_mean_30 at 0x000002C58DBF9260>], 30: [<function expanding_mean at 0x000002C58F7A04A0>]}",lags_200_features_66,15.41511162020553,24.16591317649362,22.85551238335883,21.26620510209397,22.638492156193237,24.374339834093018,32.147950780016885,33.89069169381855,34.94413807840707,34.49988692170016,34.265168684023564
LGBMRegressor,AutoDifferences(max_diffs=380) | LocalStandardScaler(stats_=[[-2.09155811e-02  2.20585897e+01]]),"[1, 2, 3, 4, 5, 6, 7, 8, 9, 12, 13, 14, 15, 16, 17, 18, 21, 22, 23, 27, 28, 33, 34, 36, 37, 40, 42, 43, 45, 64, 72, 73, 74, 78, 97, 105, 118, 129, 130, 131, 144, 147, 150, 152, 154, 156, 157, 159, 163, 170, 172, 174, 176, 181, 185, 186, 187, 188, 189, 191, 192, 193, 194, 195, 196, 198]","{1: [<function rolling_mean_14 at 0x000002C5930FAA20>], 7: [<function rolling_mean_30 at 0x000002C58DBF9260>], 30: [<function expanding_mean at 0x000002C58F7A04A0>]}",lags_200_features_66,12.692918095406322,18.213972274098687,19.45758308551238,18.838465431329457,18.464583961573137,20.38786973524366,33.202741722073625,77.11395119973825,201.0964781448008,421.3782154237184,437.02580001024864
SGD_EarlyStopping,AutoDifferences(max_diffs=380) | LocalStandardScaler(stats_=[[-2.09155811e-02  2.20585897e+01]]),"[1, 2, 3, 4, 5, 6, 7, 8, 9, 12, 13, 14, 15, 16, 17, 18, 21, 22, 23, 27, 28, 33, 34, 36, 37, 40, 42, 43, 45, 64, 72, 73, 74, 78, 97, 105, 118, 129, 130, 131, 144, 147, 150, 152, 154, 156, 157, 159, 163, 170, 172, 174, 176, 181, 185, 186, 187, 188, 189, 191, 192, 193, 194, 195, 196, 198]","{7: [RollingMean(window_size=7)], 30: [RollingMean(window_size=30)], 60: [RollingMean(window_size=60)]}",lags_200_features_66,95.84723642717455,177.61778801098004,261.3777680521366,319.72103217411444,350.0163234849599,376.63731642202276,386.50888463124903,474.0631832305105,791.103034707809,1395.8583016710281,1426.3646060951976
SGD_ElasticNet,AutoDifferences(max_diffs=380) | LocalStandardScaler(stats_=[[-2.09155811e-02  2.20585897e+01]]),"[1, 2, 3, 4, 5, 6, 7, 8, 9, 12, 13, 14, 15, 16, 17, 18, 21, 22, 23, 27, 28, 33, 34, 36, 37, 40, 42, 43, 45, 64, 72, 73, 74, 78, 97, 105, 118, 129, 130, 131, 144, 147, 150, 152, 154, 156, 157, 159, 163, 170, 172, 174, 176, 181, 185, 186, 187, 188, 189, 191, 192, 193, 194, 195, 196, 198]","{7: [RollingMean(window_size=7)], 30: [RollingMean(window_size=30)], 60: [RollingMean(window_size=60)]}",lags_200_features_66,44.6743527994948,80.06748611538657,111.32550834478478,134.23955704928383,147.56078913005138,158.36926277989392,165.87047100105957,201.38787119348427,322.05068684833395,555.7726802961389,567.6625498885847
SGD_Lasso,AutoDifferences(max_diffs=380) | LocalStandardScaler(stats_=[[-2.09155811e-02  2.20585897e+01]]),"[1, 2, 3, 4, 5, 6, 7, 8, 9, 12, 13, 14, 15, 16, 17, 18, 21, 22, 23, 27, 28, 33, 34, 36, 37, 40, 42, 43, 45, 64, 72, 73, 74, 78, 97, 105, 118, 129, 130, 131, 144, 147, 150, 152, 154, 156, 157, 159, 163, 170, 172, 174, 176, 181, 185, 186, 187, 188, 189, 191, 192, 193, 194, 195, 196, 198]","{7: [RollingMean(window_size=7)], 30: [RollingMean(window_size=30)], 60: [RollingMean(window_size=60)]}",lags_200_features_66,10.08244523438872,21.547135129048957,28.53823320110417,36.894826266447396,45.5921807695625,52.829370705849655,64.48922004293361,74.43264799267075,90.19518017583553,123.8754559932081,126.33016458512081
SGD_Ridge,AutoDifferences(max_diffs=380) | LocalStandardScaler(stats_=[[-2.09155811e-02  2.20585897e+01]]),"[1, 2, 3, 4, 5, 6, 7, 8, 9, 12, 13, 14, 15, 16, 17, 18, 21, 22, 23, 27, 28, 33, 34, 36, 37, 40, 42, 43, 45, 64, 72, 73, 74, 78, 97, 105, 118, 129, 130, 131, 144, 147, 150, 152, 154, 156, 157, 159, 163, 170, 172, 174, 176, 181, 185, 186, 187, 188, 189, 191, 192, 193, 194, 195, 196, 198]","{7: [RollingMean(window_size=7)], 30: [RollingMean(window_size=30)], 60: [RollingMean(window_size=60)]}",lags_200_features_66,68.3435864276577,120.74371050257481,193.30712094539646,243.32490673723993,267.45974423065843,293.5935010334647,297.7122248174544,366.2821840256461,625.327203660278,1103.840709690525,1128.311978218449
SGDRegressor,AutoDifferences(max_diffs=380) | LocalStandardScaler(stats_=[[-2.09155811e-02  2.20585897e+01]]),"[1, 2, 3, 4, 5, 6, 7, 8, 9, 12, 13, 14, 15, 16, 17, 18, 21, 22, 23, 27, 28, 33, 34, 36, 37, 40, 42, 43, 45, 64, 72, 73, 74, 78, 97, 105, 118, 129, 130, 131, 144, 147, 150, 152, 154, 156, 157, 159, 163, 170, 172, 174, 176, 181, 185, 186, 187, 188, 189, 191, 192, 193, 194, 195, 196, 198]","{7: [RollingMean(window_size=7)], 30: [RollingMean(window_size=30)], 60: [RollingMean(window_size=60)]}",lags_200_features_66,42.87301989085079,77.43306282980012,109.20148559226499,133.64416666177493,148.80102172735164,161.810369919383,171.97513378304237,207.56145604438188,324.2935903241785,549.6583335728386,561.4431466729894
XGBRegressor,AutoDifferences(max_diffs=380) | LocalStandardScaler(stats_=[[-2.09155811e-02  2.20585897e+01]]),"[1, 2, 3, 4, 5, 6, 7, 8, 9, 12, 13, 14, 15, 16, 17, 18, 21, 22, 23, 27, 28, 33, 34, 36, 37, 40, 42, 43, 45, 64, 72, 73, 74, 78, 97, 105, 118, 129, 130, 131, 144, 147, 150, 152, 154, 156, 157, 159, 163, 170, 172, 174, 176, 181, 185, 186, 187, 188, 189, 191, 192, 193, 194, 195, 196, 198]","{7: [RollingMean(window_size=7)], 30: [RollingMean(window_size=30)], 60: [RollingMean(window_size=60)]}",lags_200_features_66,26.69644338184919,25.651671320879395,23.38822231575099,28.378369785470074,32.770523405597416,43.90330478600988,77.14764193537225,224.1909326516394,666.440041726816,1277.4120505521137,1296.7707455479328
LGBMRegressor,AutoDifferences(max_diffs=380) | LocalStandardScaler(stats_=[[-2.09155811e-02  2.20585897e+01]]),"[1, 2, 3, 4, 5, 6, 7, 8, 9, 12, 13, 14, 15, 16, 17, 18, 21, 22, 23, 27, 28, 33, 34, 36, 37, 40, 42, 43, 45, 64, 72, 73, 74, 78, 97, 105, 118, 129, 130, 131, 144, 147, 150, 152, 154, 156, 157, 159, 163, 170, 172, 174, 176, 181, 185, 186, 187, 188, 189, 191, 192, 193, 194, 195, 196, 198]","{7: [RollingMean(window_size=7)], 30: [RollingMean(window_size=30)], 60: [RollingMean(window_size=60)]}",lags_200_features_66,12.778218779152725,16.679693424511083,28.131665614968803,40.1066276330849,45.52715982179363,51.08473235247446,70.63310745049766,79.64734365171029,75.89760578825891,84.04968911966876,83.2545055082992
SGD_EarlyStopping,AutoDifferences(max_diffs=380) | LocalStandardScaler(stats_=[[-2.09155811e-02  2.20585897e+01]]),"[1, 2, 3, 4, 5, 6, 7, 8, 9, 12, 13, 14, 15, 16, 17, 18, 21, 22, 23, 27, 28, 33, 34, 36, 37, 40, 42, 43, 45, 64, 72, 73, 74, 78, 97, 105, 118, 129, 130, 131, 144, 147, 150, 152, 154, 156, 157, 159, 163, 170, 172, 174, 176, 181, 185, 186, 187, 188, 189, 191, 192, 193, 194, 195, 196, 198]","{7: [RollingMean(window_size=7), RollingStd(window_size=7)], 30: [RollingMean(window_size=30)], 60: [ExpandingMean()], 14: [ExponentiallyWeightedMean(alpha=0.3)]}",lags_200_features_66,88.4575954625902,167.03569356824394,248.85007600013523,306.30860928277895,336.3192349082375,362.62076286673016,373.02474026281146,453.23351442976553,741.7430357519311,1289.502247836618,1317.1468796308889
SGD_ElasticNet,AutoDifferences(max_diffs=380) | LocalStandardScaler(stats_=[[-2.09155811e-02  2.20585897e+01]]),"[1, 2, 3, 4, 5, 6, 7, 8, 9, 12, 13, 14, 15, 16, 17, 18, 21, 22, 23, 27, 28, 33, 34, 36, 37, 40, 42, 43, 45, 64, 72, 73, 74, 78, 97, 105, 118, 129, 130, 131, 144, 147, 150, 152, 154, 156, 157, 159, 163, 170, 172, 174, 176, 181, 185, 186, 187, 188, 189, 191, 192, 193, 194, 195, 196, 198]","{7: [RollingMean(window_size=7), RollingStd(window_size=7)], 30: [RollingMean(window_size=30)], 60: [ExpandingMean()], 14: [ExponentiallyWeightedMean(alpha=0.3)]}",lags_200_features_66,44.65057939739481,80.47143414469389,112.50542647307012,136.2870734382866,150.33724934534033,161.97209279419238,170.26624284167164,206.4010610628051,328.27272568284053,564.0595098071088,576.143879051645
SGD_Lasso,AutoDifferences(max_diffs=380) | LocalStandardScaler(stats_=[[-2.09155811e-02  2.20585897e+01]]),"[1, 2, 3, 4, 5, 6, 7, 8, 9, 12, 13, 14, 15, 16, 17, 18, 21, 22, 23, 27, 28, 33, 34, 36, 37, 40, 42, 43, 45, 64, 72, 73, 74, 78, 97, 105, 118, 129, 130, 131, 144, 147, 150, 152, 154, 156, 157, 159, 163, 170, 172, 174, 176, 181, 185, 186, 187, 188, 189, 191, 192, 193, 194, 195, 196, 198]","{7: [RollingMean(window_size=7), RollingStd(window_size=7)], 30: [RollingMean(window_size=30)], 60: [ExpandingMean()], 14: [ExponentiallyWeightedMean(alpha=0.3)]}",lags_200_features_66,10.08244523438872,21.547135129048957,28.53823320110417,36.894826266447396,45.5921807695625,52.829370705849655,64.48922004293361,74.43264799267075,90.19518017583553,123.8754559932081,126.33016458512081
SGD_Ridge,AutoDifferences(max_diffs=380) | LocalStandardScaler(stats_=[[-2.09155811e-02  2.20585897e+01]]),"[1, 2, 3, 4, 5, 6, 7, 8, 9, 12, 13, 14, 15, 16, 17, 18, 21, 22, 23, 27, 28, 33, 34, 36, 37, 40, 42, 43, 45, 64, 72, 73, 74, 78, 97, 105, 118, 129, 130, 131, 144, 147, 150, 152, 154, 156, 157, 159, 163, 170, 172, 174, 176, 181, 185, 186, 187, 188, 189, 191, 192, 193, 194, 195, 196, 198]","{7: [RollingMean(window_size=7), RollingStd(window_size=7)], 30: [RollingMean(window_size=30)], 60: [ExpandingMean()], 14: [ExponentiallyWeightedMean(alpha=0.3)]}",lags_200_features_66,64.0791850339019,112.89728888042549,181.40958891203218,228.47775692035887,251.08330844711136,275.74595992027866,279.43650063096544,343.2432965533804,584.5006867034941,1028.9264917732512,1051.6581424901815
SGDRegressor,AutoDifferences(max_diffs=380) | LocalStandardScaler(stats_=[[-2.09155811e-02  2.20585897e+01]]),"[1, 2, 3, 4, 5, 6, 7, 8, 9, 12, 13, 14, 15, 16, 17, 18, 21, 22, 23, 27, 28, 33, 34, 36, 37, 40, 42, 43, 45, 64, 72, 73, 74, 78, 97, 105, 118, 129, 130, 131, 144, 147, 150, 152, 154, 156, 157, 159, 163, 170, 172, 174, 176, 181, 185, 186, 187, 188, 189, 191, 192, 193, 194, 195, 196, 198]","{7: [RollingMean(window_size=7), RollingStd(window_size=7)], 30: [RollingMean(window_size=30)], 60: [ExpandingMean()], 14: [ExponentiallyWeightedMean(alpha=0.3)]}",lags_200_features_66,42.82043641448781,77.827812648261,110.44515769358433,135.9049828215531,151.9572846786764,165.99640098617186,177.1896839687529,213.54816858725917,331.6735752526356,559.4069456277698,571.4279301460223
XGBRegressor,AutoDifferences(max_diffs=380) | LocalStandardScaler(stats_=[[-2.09155811e-02  2.20585897e+01]]),"[1, 2, 3, 4, 5, 6, 7, 8, 9, 12, 13, 14, 15, 16, 17, 18, 21, 22, 23, 27, 28, 33, 34, 36, 37, 40, 42, 43, 45, 64, 72, 73, 74, 78, 97, 105, 118, 129, 130, 131, 144, 147, 150, 152, 154, 156, 157, 159, 163, 170, 172, 174, 176, 181, 185, 186, 187, 188, 189, 191, 192, 193, 194, 195, 196, 198]","{7: [RollingMean(window_size=7), RollingStd(window_size=7)], 30: [RollingMean(window_size=30)], 60: [ExpandingMean()], 14: [ExponentiallyWeightedMean(alpha=0.3)]}",lags_200_features_66,27.75269460989451,27.442122767059203,32.962306984497566,47.45861367753317,57.04017595920491,79.32410900832063,117.3643608491774,269.33137812106196,743.0164369938053,1446.294447446188,1471.5466860901327
LGBMRegressor,AutoDifferences(max_diffs=380) | LocalStandardScaler(stats_=[[-2.09155811e-02  2.20585897e+01]]),"[1, 2, 3, 4, 5, 6, 7, 8, 9, 12, 13, 14, 15, 16, 17, 18, 21, 22, 23, 27, 28, 33, 34, 36, 37, 40, 42, 43, 45, 64, 72, 73, 74, 78, 97, 105, 118, 129, 130, 131, 144, 147, 150, 152, 154, 156, 157, 159, 163, 170, 172, 174, 176, 181, 185, 186, 187, 188, 189, 191, 192, 193, 194, 195, 196, 198]","{7: [RollingMean(window_size=7), RollingStd(window_size=7)], 30: [RollingMean(window_size=30)], 60: [ExpandingMean()], 14: [ExponentiallyWeightedMean(alpha=0.3)]}",lags_200_features_66,14.77499940627628,19.426132944562926,19.80056909355195,32.60803657146417,51.763866837865336,83.86247777309302,137.44913407379343,183.22310708950405,287.1959124311062,526.7332127125169,548.0858987656152
SGD_EarlyStopping,AutoDifferences(max_diffs=380) | LocalMinMaxScaler(stats_=[[-214.51499032  437.2315826 ]]),"[1, 2, 3, 4, 5, 6, 7, 8, 9, 12, 13, 14, 15, 16, 17, 18, 21, 22, 23, 27, 28, 33, 34, 36, 37, 40, 42, 43, 45, 64, 72, 73, 74, 78, 97, 105, 118, 129, 130, 131, 144, 147, 150, 152, 154, 156, 157, 159, 163, 170, 172, 174, 176, 181, 185, 186, 187, 188, 189, 191, 192, 193, 194, 195, 196, 198]","{1: [<function expanding_mean at 0x000002C58F7A04A0>], 7: [<function rolling_mean_14 at 0x000002C5930FAA20>], 30: [<function expanding_mean at 0x000002C58F7A04A0>]}",lags_200_features_66,230.6407523481082,434.6893200422645,694.1586838349294,890.4896104813793,1003.1641238116054,1126.2177706130096,1219.4156867296701,1715.300907510024,3500.689926818085,7390.399597122868,7635.103923748753
SGD_ElasticNet,AutoDifferences(max_diffs=380) | LocalMinMaxScaler(stats_=[[-214.51499032  437.2315826 ]]),"[1, 2, 3, 4, 5, 6, 7, 8, 9, 12, 13, 14, 15, 16, 17, 18, 21, 22, 23, 27, 28, 33, 34, 36, 37, 40, 42, 43, 45, 64, 72, 73, 74, 78, 97, 105, 118, 129, 130, 131, 144, 147, 150, 152, 154, 156, 157, 159, 163, 170, 172, 174, 176, 181, 185, 186, 187, 188, 189, 191, 192, 193, 194, 195, 196, 198]","{1: [<function expanding_mean at 0x000002C58F7A04A0>], 7: [<function rolling_mean_14 at 0x000002C5930FAA20>], 30: [<function expanding_mean at 0x000002C58F7A04A0>]}",lags_200_features_66,189.02076242188264,385.65991533322045,620.9024301615053,797.009947510619,894.3668295961805,986.1090900424974,1042.1678658287378,1424.8682522613879,2835.000360682735,5894.433854446694,6085.219619234757
SGD_Lasso,AutoDifferences(max_diffs=380) | LocalMinMaxScaler(stats_=[[-214.51499032  437.2315826 ]]),"[1, 2, 3, 4, 5, 6, 7, 8, 9, 12, 13, 14, 15, 16, 17, 18, 21, 22, 23, 27, 28, 33, 34, 36, 37, 40, 42, 43, 45, 64, 72, 73, 74, 78, 97, 105, 118, 129, 130, 131, 144, 147, 150, 152, 154, 156, 157, 159, 163, 170, 172, 174, 176, 181, 185, 186, 187, 188, 189, 191, 192, 193, 194, 195, 196, 198]","{1: [<function expanding_mean at 0x000002C58F7A04A0>], 7: [<function rolling_mean_14 at 0x000002C5930FAA20>], 30: [<function expanding_mean at 0x000002C58F7A04A0>]}",lags_200_features_66,11.008061790515345,23.59184304867867,31.447129713409854,41.11752956837078,50.47149096681118,58.269565345408935,70.14777366574839,81.67103435790261,103.09979190832085,147.47305406199692,150.4650650039732
SGD_Ridge,AutoDifferences(max_diffs=380) | LocalMinMaxScaler(stats_=[[-214.51499032  437.2315826 ]]),"[1, 2, 3, 4, 5, 6, 7, 8, 9, 12, 13, 14, 15, 16, 17, 18, 21, 22, 23, 27, 28, 33, 34, 36, 37, 40, 42, 43, 45, 64, 72, 73, 74, 78, 97, 105, 118, 129, 130, 131, 144, 147, 150, 152, 154, 156, 157, 159, 163, 170, 172, 174, 176, 181, 185, 186, 187, 188, 189, 191, 192, 193, 194, 195, 196, 198]","{1: [<function expanding_mean at 0x000002C58F7A04A0>], 7: [<function rolling_mean_14 at 0x000002C5930FAA20>], 30: [<function expanding_mean at 0x000002C58F7A04A0>]}",lags_200_features_66,575.7873588738365,980.6531498915037,1347.749807645779,1491.2846993756177,1462.3753220013232,1382.4452053921384,1144.4669158521476,1539.24331831327,3531.2882194510144,7864.283639642589,8102.6697613816605
SGDRegressor,AutoDifferences(max_diffs=380) | LocalMinMaxScaler(stats_=[[-214.51499032  437.2315826 ]]),"[1, 2, 3, 4, 5, 6, 7, 8, 9, 12, 13, 14, 15, 16, 17, 18, 21, 22, 23, 27, 28, 33, 34, 36, 37, 40, 42, 43, 45, 64, 72, 73, 74, 78, 97, 105, 118, 129, 130, 131, 144, 147, 150, 152, 154, 156, 157, 159, 163, 170, 172, 174, 176, 181, 185, 186, 187, 188, 189, 191, 192, 193, 194, 195, 196, 198]","{1: [<function expanding_mean at 0x000002C58F7A04A0>], 7: [<function rolling_mean_14 at 0x000002C5930FAA20>], 30: [<function expanding_mean at 0x000002C58F7A04A0>]}",lags_200_features_66,18.894105285448624,46.91376421405542,87.7579493904326,128.62793780952927,159.03942081822663,186.87184974375316,214.5573183384699,278.674567707973,475.05721751736286,869.4802544067733,892.491908263927
XGBRegressor,AutoDifferences(max_diffs=380) | LocalMinMaxScaler(stats_=[[-214.51499032  437.2315826 ]]),"[1, 2, 3, 4, 5, 6, 7, 8, 9, 12, 13, 14, 15, 16, 17, 18, 21, 22, 23, 27, 28, 33, 34, 36, 37, 40, 42, 43, 45, 64, 72, 73, 74, 78, 97, 105, 118, 129, 130, 131, 144, 147, 150, 152, 154, 156, 157, 159, 163, 170, 172, 174, 176, 181, 185, 186, 187, 188, 189, 191, 192, 193, 194, 195, 196, 198]","{1: [<function expanding_mean at 0x000002C58F7A04A0>], 7: [<function rolling_mean_14 at 0x000002C5930FAA20>], 30: [<function expanding_mean at 0x000002C58F7A04A0>]}",lags_200_features_66,17.111415672884604,19.810761039032545,21.60471602586483,21.14939408436511,20.67837879057248,21.699529494319375,25.313828616996265,27.683921285922576,40.269031420024945,56.507658155519735,56.975782736552475
LGBMRegressor,AutoDifferences(max_diffs=380) | LocalMinMaxScaler(stats_=[[-214.51499032  437.2315826 ]]),"[1, 2, 3, 4, 5, 6, 7, 8, 9, 12, 13, 14, 15, 16, 17, 18, 21, 22, 23, 27, 28, 33, 34, 36, 37, 40, 42, 43, 45, 64, 72, 73, 74, 78, 97, 105, 118, 129, 130, 131, 144, 147, 150, 152, 154, 156, 157, 159, 163, 170, 172, 174, 176, 181, 185, 186, 187, 188, 189, 191, 192, 193, 194, 195, 196, 198]","{1: [<function expanding_mean at 0x000002C58F7A04A0>], 7: [<function rolling_mean_14 at 0x000002C5930FAA20>], 30: [<function expanding_mean at 0x000002C58F7A04A0>]}",lags_200_features_66,27.04719667411286,49.50933463868681,60.83818613855468,57.65485694066428,50.984743798843056,47.28384023947633,45.240478939027575,50.340283253745135,66.77895722865948,71.3791944838095,69.85471738455207
SGD_EarlyStopping,AutoDifferences(max_diffs=380) | LocalMinMaxScaler(stats_=[[-214.51499032  437.2315826 ]]),"[1, 2, 3, 4, 5, 6, 7, 8, 9, 12, 13, 14, 15, 16, 17, 18, 21, 22, 23, 27, 28, 33, 34, 36, 37, 40, 42, 43, 45, 64, 72, 73, 74, 78, 97, 105, 118, 129, 130, 131, 144, 147, 150, 152, 154, 156, 157, 159, 163, 170, 172, 174, 176, 181, 185, 186, 187, 188, 189, 191, 192, 193, 194, 195, 196, 198]","{1: [<function rolling_mean_14 at 0x000002C5930FAA20>], 7: [<function rolling_mean_30 at 0x000002C58DBF9260>], 30: [<function expanding_mean at 0x000002C58F7A04A0>]}",lags_200_features_66,231.47939048990045,437.5949055076458,700.3961924355405,899.831831135657,1014.7061865016794,1140.1306744968642,1236.037915750365,1742.935544264373,3567.9563864090524,7555.837120342446,7807.7861304629905
SGD_ElasticNet,AutoDifferences(max_diffs=380) | LocalMinMaxScaler(stats_=[[-214.51499032  437.2315826 ]]),"[1, 2, 3, 4, 5, 6, 7, 8, 9, 12, 13, 14, 15, 16, 17, 18, 21, 22, 23, 27, 28, 33, 34, 36, 37, 40, 42, 43, 45, 64, 72, 73, 74, 78, 97, 105, 118, 129, 130, 131, 144, 147, 150, 152, 154, 156, 157, 159, 163, 170, 172, 174, 176, 181, 185, 186, 187, 188, 189, 191, 192, 193, 194, 195, 196, 198]","{1: [<function rolling_mean_14 at 0x000002C5930FAA20>], 7: [<function rolling_mean_30 at 0x000002C58DBF9260>], 30: [<function expanding_mean at 0x000002C58F7A04A0>]}",lags_200_features_66,190.282550451698,389.156919320813,627.8559295893428,807.0762304282131,906.4914934047131,1000.3156444019768,1058.2675218894883,1449.6867030165988,2892.3939842447753,6030.0393884229825,6226.440609471433
SGD_Lasso,AutoDifferences(max_diffs=380) | LocalMinMaxScaler(stats_=[[-214.51499032  437.2315826 ]]),"[1, 2, 3, 4, 5, 6, 7, 8, 9, 12, 13, 14, 15, 16, 17, 18, 21, 22, 23, 27, 28, 33, 34, 36, 37, 40, 42, 43, 45, 64, 72, 73, 74, 78, 97, 105, 118, 129, 130, 131, 144, 147, 150, 152, 154, 156, 157, 159, 163, 170, 172, 174, 176, 181, 185, 186, 187, 188, 189, 191, 192, 193, 194, 195, 196, 198]","{1: [<function rolling_mean_14 at 0x000002C5930FAA20>], 7: [<function rolling_mean_30 at 0x000002C58DBF9260>], 30: [<function expanding_mean at 0x000002C58F7A04A0>]}",lags_200_features_66,11.008061790515345,23.59184304867867,31.447129713409854,41.11752956837078,50.47149096681118,58.269565345408935,70.14777366574839,81.67103435790261,103.09979190832085,147.47305406199692,150.4650650039732
SGD_Ridge,AutoDifferences(max_diffs=380) | LocalMinMaxScaler(stats_=[[-214.51499032  437.2315826 ]]),"[1, 2, 3, 4, 5, 6, 7, 8, 9, 12, 13, 14, 15, 16, 17, 18, 21, 22, 23, 27, 28, 33, 34, 36, 37, 40, 42, 43, 45, 64, 72, 73, 74, 78, 97, 105, 118, 129, 130, 131, 144, 147, 150, 152, 154, 156, 157, 159, 163, 170, 172, 174, 176, 181, 185, 186, 187, 188, 189, 191, 192, 193, 194, 195, 196, 198]","{1: [<function rolling_mean_14 at 0x000002C5930FAA20>], 7: [<function rolling_mean_30 at 0x000002C58DBF9260>], 30: [<function expanding_mean at 0x000002C58F7A04A0>]}",lags_200_features_66,577.5921947597993,985.1971300658417,1355.5098871079317,1500.8320186409694,1472.271395982079,1392.1944146088913,1152.604001937024,1549.6824638689504,3557.5049770951173,7928.379547347825,8169.253106310938
SGDRegressor,AutoDifferences(max_diffs=380) | LocalMinMaxScaler(stats_=[[-214.51499032  437.2315826 ]]),"[1, 2, 3, 4, 5, 6, 7, 8, 9, 12, 13, 14, 15, 16, 17, 18, 21, 22, 23, 27, 28, 33, 34, 36, 37, 40, 42, 43, 45, 64, 72, 73, 74, 78, 97, 105, 118, 129, 130, 131, 144, 147, 150, 152, 154, 156, 157, 159, 163, 170, 172, 174, 176, 181, 185, 186, 187, 188, 189, 191, 192, 193, 194, 195, 196, 198]","{1: [<function rolling_mean_14 at 0x000002C5930FAA20>], 7: [<function rolling_mean_30 at 0x000002C58DBF9260>], 30: [<function expanding_mean at 0x000002C58F7A04A0>]}",lags_200_features_66,18.876939423546627,46.82143390581021,87.79597391109024,128.9700518280963,159.68792703702874,187.86400872643102,215.97226688668525,281.0465165589354,480.36477273274977,881.2870799837971,904.7246504377941
XGBRegressor,AutoDifferences(max_diffs=380) | LocalMinMaxScaler(stats_=[[-214.51499032  437.2315826 ]]),"[1, 2, 3, 4, 5, 6, 7, 8, 9, 12, 13, 14, 15, 16, 17, 18, 21, 22, 23, 27, 28, 33, 34, 36, 37, 40, 42, 43, 45, 64, 72, 73, 74, 78, 97, 105, 118, 129, 130, 131, 144, 147, 150, 152, 154, 156, 157, 159, 163, 170, 172, 174, 176, 181, 185, 186, 187, 188, 189, 191, 192, 193, 194, 195, 196, 198]","{1: [<function rolling_mean_14 at 0x000002C5930FAA20>], 7: [<function rolling_mean_30 at 0x000002C58DBF9260>], 30: [<function expanding_mean at 0x000002C58F7A04A0>]}",lags_200_features_66,22.389205186066437,26.91542089903794,24.597882681320492,23.12895689751502,21.722163004135723,22.383752698999512,30.67829362486763,62.95548952811381,160.67628492747372,305.90514061984544,311.3853812725262
LGBMRegressor,AutoDifferences(max_diffs=380) | LocalMinMaxScaler(stats_=[[-214.51499032  437.2315826 ]]),"[1, 2, 3, 4, 5, 6, 7, 8, 9, 12, 13, 14, 15, 16, 17, 18, 21, 22, 23, 27, 28, 33, 34, 36, 37, 40, 42, 43, 45, 64, 72, 73, 74, 78, 97, 105, 118, 129, 130, 131, 144, 147, 150, 152, 154, 156, 157, 159, 163, 170, 172, 174, 176, 181, 185, 186, 187, 188, 189, 191, 192, 193, 194, 195, 196, 198]","{1: [<function rolling_mean_14 at 0x000002C5930FAA20>], 7: [<function rolling_mean_30 at 0x000002C58DBF9260>], 30: [<function expanding_mean at 0x000002C58F7A04A0>]}",lags_200_features_66,19.296352649426012,20.49600185289773,27.36154241882819,34.002793904207415,32.80728083641807,32.28100120921699,41.21895324004081,108.79511406887357,388.7117238296216,954.2349957336402,986.7808173895826
SGD_EarlyStopping,AutoDifferences(max_diffs=380) | LocalMinMaxScaler(stats_=[[-214.51499032  437.2315826 ]]),"[1, 2, 3, 4, 5, 6, 7, 8, 9, 12, 13, 14, 15, 16, 17, 18, 21, 22, 23, 27, 28, 33, 34, 36, 37, 40, 42, 43, 45, 64, 72, 73, 74, 78, 97, 105, 118, 129, 130, 131, 144, 147, 150, 152, 154, 156, 157, 159, 163, 170, 172, 174, 176, 181, 185, 186, 187, 188, 189, 191, 192, 193, 194, 195, 196, 198]","{7: [RollingMean(window_size=7)], 30: [RollingMean(window_size=30)], 60: [RollingMean(window_size=60)]}",lags_200_features_66,229.17751736212878,432.19038520726497,692.1838209571816,890.8316117905722,1006.3928580378104,1133.0043597983256,1231.5447316614775,1743.5941128917327,3586.6091969726176,7626.881462795895,7883.511486408646
SGD_ElasticNet,AutoDifferences(max_diffs=380) | LocalMinMaxScaler(stats_=[[-214.51499032  437.2315826 ]]),"[1, 2, 3, 4, 5, 6, 7, 8, 9, 12, 13, 14, 15, 16, 17, 18, 21, 22, 23, 27, 28, 33, 34, 36, 37, 40, 42, 43, 45, 64, 72, 73, 74, 78, 97, 105, 118, 129, 130, 131, 144, 147, 150, 152, 154, 156, 157, 159, 163, 170, 172, 174, 176, 181, 185, 186, 187, 188, 189, 191, 192, 193, 194, 195, 196, 198]","{7: [RollingMean(window_size=7)], 30: [RollingMean(window_size=30)], 60: [RollingMean(window_size=60)]}",lags_200_features_66,189.58506656490493,386.77516986435745,623.4718155535587,801.7551867816035,901.2452378678182,995.4823678791131,1054.61012342443,1447.9250500991368,2898.8221094026235,6066.508428935494,6265.701690272075
SGD_Lasso,AutoDifferences(max_diffs=380) | LocalMinMaxScaler(stats_=[[-214.51499032  437.2315826 ]]),"[1, 2, 3, 4, 5, 6, 7, 8, 9, 12, 13, 14, 15, 16, 17, 18, 21, 22, 23, 27, 28, 33, 34, 36, 37, 40, 42, 43, 45, 64, 72, 73, 74, 78, 97, 105, 118, 129, 130, 131, 144, 147, 150, 152, 154, 156, 157, 159, 163, 170, 172, 174, 176, 181, 185, 186, 187, 188, 189, 191, 192, 193, 194, 195, 196, 198]","{7: [RollingMean(window_size=7)], 30: [RollingMean(window_size=30)], 60: [RollingMean(window_size=60)]}",lags_200_features_66,11.008061790515345,23.59184304867867,31.447129713409854,41.11752956837078,50.47149096681118,58.269565345408935,70.14777366574839,81.67103435790261,103.09979190832085,147.47305406199692,150.4650650039732
SGD_Ridge,AutoDifferences(max_diffs=380) | LocalMinMaxScaler(stats_=[[-214.51499032  437.2315826 ]]),"[1, 2, 3, 4, 5, 6, 7, 8, 9, 12, 13, 14, 15, 16, 17, 18, 21, 22, 23, 27, 28, 33, 34, 36, 37, 40, 42, 43, 45, 64, 72, 73, 74, 78, 97, 105, 118, 129, 130, 131, 144, 147, 150, 152, 154, 156, 157, 159, 163, 170, 172, 174, 176, 181, 185, 186, 187, 188, 189, 191, 192, 193, 194, 195, 196, 198]","{7: [RollingMean(window_size=7)], 30: [RollingMean(window_size=30)], 60: [RollingMean(window_size=60)]}",lags_200_features_66,576.6339562703866,982.3761364122729,1351.9322630834154,1498.2786299977797,1471.3436988426647,1392.9597469603393,1154.9232492134515,1550.7635350751243,3559.9894564360297,7953.901324602602,8196.885095067622
SGDRegressor,AutoDifferences(max_diffs=380) | LocalMinMaxScaler(stats_=[[-214.51499032  437.2315826 ]]),"[1, 2, 3, 4, 5, 6, 7, 8, 9, 12, 13, 14, 15, 16, 17, 18, 21, 22, 23, 27, 28, 33, 34, 36, 37, 40, 42, 43, 45, 64, 72, 73, 74, 78, 97, 105, 118, 129, 130, 131, 144, 147, 150, 152, 154, 156, 157, 159, 163, 170, 172, 174, 176, 181, 185, 186, 187, 188, 189, 191, 192, 193, 194, 195, 196, 198]","{7: [RollingMean(window_size=7)], 30: [RollingMean(window_size=30)], 60: [RollingMean(window_size=60)]}",lags_200_features_66,19.112255656220317,47.76715256530809,88.9406906471022,129.9760272927736,160.50010884391776,188.5215783314933,216.4843175960669,282.0969891270816,483.73218370570197,890.2918081719323,914.1440573595999
XGBRegressor,AutoDifferences(max_diffs=380) | LocalMinMaxScaler(stats_=[[-214.51499032  437.2315826 ]]),"[1, 2, 3, 4, 5, 6, 7, 8, 9, 12, 13, 14, 15, 16, 17, 18, 21, 22, 23, 27, 28, 33, 34, 36, 37, 40, 42, 43, 45, 64, 72, 73, 74, 78, 97, 105, 118, 129, 130, 131, 144, 147, 150, 152, 154, 156, 157, 159, 163, 170, 172, 174, 176, 181, 185, 186, 187, 188, 189, 191, 192, 193, 194, 195, 196, 198]","{7: [RollingMean(window_size=7)], 30: [RollingMean(window_size=30)], 60: [RollingMean(window_size=60)]}",lags_200_features_66,67.73200120226946,73.20435036723887,87.62882434026402,101.12397998630493,115.32268202569888,141.08758270688813,175.8269187480608,333.5453576938385,816.5186603551979,1486.7680467129633,1516.780900854955
LGBMRegressor,AutoDifferences(max_diffs=380) | LocalMinMaxScaler(stats_=[[-214.51499032  437.2315826 ]]),"[1, 2, 3, 4, 5, 6, 7, 8, 9, 12, 13, 14, 15, 16, 17, 18, 21, 22, 23, 27, 28, 33, 34, 36, 37, 40, 42, 43, 45, 64, 72, 73, 74, 78, 97, 105, 118, 129, 130, 131, 144, 147, 150, 152, 154, 156, 157, 159, 163, 170, 172, 174, 176, 181, 185, 186, 187, 188, 189, 191, 192, 193, 194, 195, 196, 198]","{7: [RollingMean(window_size=7)], 30: [RollingMean(window_size=30)], 60: [RollingMean(window_size=60)]}",lags_200_features_66,17.35316591328569,23.937125747730626,33.60699888405278,64.59457144021883,103.01873839391126,150.04563893983652,191.57084486744338,273.75275288261645,488.2674692607045,941.2935940097942,970.2535645036979
SGD_EarlyStopping,AutoDifferences(max_diffs=380) | LocalMinMaxScaler(stats_=[[-214.51499032  437.2315826 ]]),"[1, 2, 3, 4, 5, 6, 7, 8, 9, 12, 13, 14, 15, 16, 17, 18, 21, 22, 23, 27, 28, 33, 34, 36, 37, 40, 42, 43, 45, 64, 72, 73, 74, 78, 97, 105, 118, 129, 130, 131, 144, 147, 150, 152, 154, 156, 157, 159, 163, 170, 172, 174, 176, 181, 185, 186, 187, 188, 189, 191, 192, 193, 194, 195, 196, 198]","{7: [RollingMean(window_size=7), RollingStd(window_size=7)], 30: [RollingMean(window_size=30)], 60: [ExpandingMean()], 14: [ExponentiallyWeightedMean(alpha=0.3)]}",lags_200_features_66,228.84215689210095,433.22799405839214,694.8611039077836,894.0551375161677,1009.1432535936519,1134.7165269279933,1230.9945273968651,1737.7911927305477,3561.371850236363,7546.27159537508,7798.171617490732
SGD_ElasticNet,AutoDifferences(max_diffs=380) | LocalMinMaxScaler(stats_=[[-214.51499032  437.2315826 ]]),"[1, 2, 3, 4, 5, 6, 7, 8, 9, 12, 13, 14, 15, 16, 17, 18, 21, 22, 23, 27, 28, 33, 34, 36, 37, 40, 42, 43, 45, 64, 72, 73, 74, 78, 97, 105, 118, 129, 130, 131, 144, 147, 150, 152, 154, 156, 157, 159, 163, 170, 172, 174, 176, 181, 185, 186, 187, 188, 189, 191, 192, 193, 194, 195, 196, 198]","{7: [RollingMean(window_size=7), RollingStd(window_size=7)], 30: [RollingMean(window_size=30)], 60: [ExpandingMean()], 14: [ExponentiallyWeightedMean(alpha=0.3)]}",lags_200_features_66,191.64600423627599,392.1856471059654,633.6631255965345,815.7633280417709,917.3390895635803,1013.486976899708,1073.6074463810435,1471.7900328578103,2938.304427804744,6127.949199497557,6327.619275815482
SGD_Lasso,AutoDifferences(max_diffs=380) | LocalMinMaxScaler(stats_=[[-214.51499032  437.2315826 ]]),"[1, 2, 3, 4, 5, 6, 7, 8, 9, 12, 13, 14, 15, 16, 17, 18, 21, 22, 23, 27, 28, 33, 34, 36, 37, 40, 42, 43, 45, 64, 72, 73, 74, 78, 97, 105, 118, 129, 130, 131, 144, 147, 150, 152, 154, 156, 157, 159, 163, 170, 172, 174, 176, 181, 185, 186, 187, 188, 189, 191, 192, 193, 194, 195, 196, 198]","{7: [RollingMean(window_size=7), RollingStd(window_size=7)], 30: [RollingMean(window_size=30)], 60: [ExpandingMean()], 14: [ExponentiallyWeightedMean(alpha=0.3)]}",lags_200_features_66,11.008061790515345,23.59184304867867,31.447129713409854,41.11752956837078,50.47149096681118,58.269565345408935,70.14777366574839,81.67103435790261,103.09979190832085,147.47305406199692,150.4650650039732
SGD_Ridge,AutoDifferences(max_diffs=380) | LocalMinMaxScaler(stats_=[[-214.51499032  437.2315826 ]]),"[1, 2, 3, 4, 5, 6, 7, 8, 9, 12, 13, 14, 15, 16, 17, 18, 21, 22, 23, 27, 28, 33, 34, 36, 37, 40, 42, 43, 45, 64, 72, 73, 74, 78, 97, 105, 118, 129, 130, 131, 144, 147, 150, 152, 154, 156, 157, 159, 163, 170, 172, 174, 176, 181, 185, 186, 187, 188, 189, 191, 192, 193, 194, 195, 196, 198]","{7: [RollingMean(window_size=7), RollingStd(window_size=7)], 30: [RollingMean(window_size=30)], 60: [ExpandingMean()], 14: [ExponentiallyWeightedMean(alpha=0.3)]}",lags_200_features_66,573.9628557750561,980.1242614402636,1350.4227480381408,1496.9345877241578,1469.6986705134316,1390.8653562866095,1152.3398128243996,1547.5450115973904,3553.7364004681053,7926.451080072792,8167.6618834040355
SGDRegressor,AutoDifferences(max_diffs=380) | LocalMinMaxScaler(stats_=[[-214.51499032  437.2315826 ]]),"[1, 2, 3, 4, 5, 6, 7, 8, 9, 12, 13, 14, 15, 16, 17, 18, 21, 22, 23, 27, 28, 33, 34, 36, 37, 40, 42, 43, 45, 64, 72, 73, 74, 78, 97, 105, 118, 129, 130, 131, 144, 147, 150, 152, 154, 156, 157, 159, 163, 170, 172, 174, 176, 181, 185, 186, 187, 188, 189, 191, 192, 193, 194, 195, 196, 198]","{7: [RollingMean(window_size=7), RollingStd(window_size=7)], 30: [RollingMean(window_size=30)], 60: [ExpandingMean()], 14: [ExponentiallyWeightedMean(alpha=0.3)]}",lags_200_features_66,20.073245015906142,51.18070679971226,95.16238366074931,138.50904619554407,170.43389947390813,199.82031645107415,228.7458745629411,299.47503622295596,519.6932169926349,967.1425980840363,993.5831459052295
XGBRegressor,AutoDifferences(max_diffs=380) | LocalMinMaxScaler(stats_=[[-214.51499032  437.2315826 ]]),"[1, 2, 3, 4, 5, 6, 7, 8, 9, 12, 13, 14, 15, 16, 17, 18, 21, 22, 23, 27, 28, 33, 34, 36, 37, 40, 42, 43, 45, 64, 72, 73, 74, 78, 97, 105, 118, 129, 130, 131, 144, 147, 150, 152, 154, 156, 157, 159, 163, 170, 172, 174, 176, 181, 185, 186, 187, 188, 189, 191, 192, 193, 194, 195, 196, 198]","{7: [RollingMean(window_size=7), RollingStd(window_size=7)], 30: [RollingMean(window_size=30)], 60: [ExpandingMean()], 14: [ExponentiallyWeightedMean(alpha=0.3)]}",lags_200_features_66,44.460911830528865,40.59996431621906,47.46320516884168,62.48369868342743,71.48211295481175,88.56881734191573,116.3835570678272,278.0609911082389,795.7134455559599,1582.3064437496305,1612.7325865391847
LGBMRegressor,AutoDifferences(max_diffs=380) | LocalMinMaxScaler(stats_=[[-214.51499032  437.2315826 ]]),"[1, 2, 3, 4, 5, 6, 7, 8, 9, 12, 13, 14, 15, 16, 17, 18, 21, 22, 23, 27, 28, 33, 34, 36, 37, 40, 42, 43, 45, 64, 72, 73, 74, 78, 97, 105, 118, 129, 130, 131, 144, 147, 150, 152, 154, 156, 157, 159, 163, 170, 172, 174, 176, 181, 185, 186, 187, 188, 189, 191, 192, 193, 194, 195, 196, 198]","{7: [RollingMean(window_size=7), RollingStd(window_size=7)], 30: [RollingMean(window_size=30)], 60: [ExpandingMean()], 14: [ExponentiallyWeightedMean(alpha=0.3)]}",lags_200_features_66,12.56743300682979,17.540242710244048,27.354881050853596,40.020801737279335,53.968387290733,77.35717497838638,123.83466525365228,173.13664148394096,345.41639010027814,688.2957910540182,713.1468648757397
SGD_EarlyStopping,"AutoSeasonalDifferences(max_diffs=380, n_seasons=10, season_length=267) | LocalStandardScaler(stats_=[[47.42372721 38.3630083 ]])","[1, 2, 3, 4, 5, 6, 7, 8, 9, 12, 13, 14, 15, 16, 17, 18, 21, 22, 23, 27, 28, 33, 34, 36, 37, 40, 42, 43, 45, 64, 72, 73, 74, 78, 97, 105, 118, 129, 130, 131, 144, 147, 150, 152, 154, 156, 157, 159, 163, 170, 172, 174, 176, 181, 185, 186, 187, 188, 189, 191, 192, 193, 194, 195, 196, 198]","{1: [<function expanding_mean at 0x000002C58F7A04A0>], 7: [<function rolling_mean_14 at 0x000002C5930FAA20>], 30: [<function expanding_mean at 0x000002C58F7A04A0>]}",lags_200_features_66,48.875383132452995,96.39841833119347,138.58504967793957,158.14584706581618,158.9973688855472,149.67824877493825,122.96317876351253,148.38924186467756,314.00372038612454,445.0356254057411,442.15239563458937
SGD_ElasticNet,"AutoSeasonalDifferences(max_diffs=380, n_seasons=10, season_length=267) | LocalStandardScaler(stats_=[[47.42372721 38.3630083 ]])","[1, 2, 3, 4, 5, 6, 7, 8, 9, 12, 13, 14, 15, 16, 17, 18, 21, 22, 23, 27, 28, 33, 34, 36, 37, 40, 42, 43, 45, 64, 72, 73, 74, 78, 97, 105, 118, 129, 130, 131, 144, 147, 150, 152, 154, 156, 157, 159, 163, 170, 172, 174, 176, 181, 185, 186, 187, 188, 189, 191, 192, 193, 194, 195, 196, 198]","{1: [<function expanding_mean at 0x000002C58F7A04A0>], 7: [<function rolling_mean_14 at 0x000002C5930FAA20>], 30: [<function expanding_mean at 0x000002C58F7A04A0>]}",lags_200_features_66,58.25527609270094,107.73252539028522,140.65012730121705,143.51570681866502,129.1715487670288,112.17416507158401,95.60553301760372,115.76240231414911,174.16847950284722,219.29170586463934,227.33101432999226
SGD_Lasso,"AutoSeasonalDifferences(max_diffs=380, n_seasons=10, season_length=267) | LocalStandardScaler(stats_=[[47.42372721 38.3630083 ]])","[1, 2, 3, 4, 5, 6, 7, 8, 9, 12, 13, 14, 15, 16, 17, 18, 21, 22, 23, 27, 28, 33, 34, 36, 37, 40, 42, 43, 45, 64, 72, 73, 74, 78, 97, 105, 118, 129, 130, 131, 144, 147, 150, 152, 154, 156, 157, 159, 163, 170, 172, 174, 176, 181, 185, 186, 187, 188, 189, 191, 192, 193, 194, 195, 196, 198]","{1: [<function expanding_mean at 0x000002C58F7A04A0>], 7: [<function rolling_mean_14 at 0x000002C5930FAA20>], 30: [<function expanding_mean at 0x000002C58F7A04A0>]}",lags_200_features_66,145.3486003083818,128.13634984913136,126.24703525945526,113.89292643587197,96.60822913827096,85.23553083166401,73.8316621731163,66.59824895949956,85.89418612921607,116.17462348195777,115.70369533749225
SGD_Ridge,"AutoSeasonalDifferences(max_diffs=380, n_seasons=10, season_length=267) | LocalStandardScaler(stats_=[[47.42372721 38.3630083 ]])","[1, 2, 3, 4, 5, 6, 7, 8, 9, 12, 13, 14, 15, 16, 17, 18, 21, 22, 23, 27, 28, 33, 34, 36, 37, 40, 42, 43, 45, 64, 72, 73, 74, 78, 97, 105, 118, 129, 130, 131, 144, 147, 150, 152, 154, 156, 157, 159, 163, 170, 172, 174, 176, 181, 185, 186, 187, 188, 189, 191, 192, 193, 194, 195, 196, 198]","{1: [<function expanding_mean at 0x000002C58F7A04A0>], 7: [<function rolling_mean_14 at 0x000002C5930FAA20>], 30: [<function expanding_mean at 0x000002C58F7A04A0>]}",lags_200_features_66,49.30629046553424,72.1906671495833,70.271476505808,58.93844113327506,55.360278066503824,59.84112481456509,57.19385988673764,62.05872058982913,65.65137302386978,78.87659955017452,77.66394677176866
SGDRegressor,"AutoSeasonalDifferences(max_diffs=380, n_seasons=10, season_length=267) | LocalStandardScaler(stats_=[[47.42372721 38.3630083 ]])","[1, 2, 3, 4, 5, 6, 7, 8, 9, 12, 13, 14, 15, 16, 17, 18, 21, 22, 23, 27, 28, 33, 34, 36, 37, 40, 42, 43, 45, 64, 72, 73, 74, 78, 97, 105, 118, 129, 130, 131, 144, 147, 150, 152, 154, 156, 157, 159, 163, 170, 172, 174, 176, 181, 185, 186, 187, 188, 189, 191, 192, 193, 194, 195, 196, 198]","{1: [<function expanding_mean at 0x000002C58F7A04A0>], 7: [<function rolling_mean_14 at 0x000002C5930FAA20>], 30: [<function expanding_mean at 0x000002C58F7A04A0>]}",lags_200_features_66,54.12813577166248,96.40963116240397,122.76898695563419,121.55198463015007,105.94083029898493,95.47498434674361,85.90196924767227,107.54829505855082,157.01280810661225,210.18462637185783,217.55920086149877
XGBRegressor,"AutoSeasonalDifferences(max_diffs=380, n_seasons=10, season_length=267) | LocalStandardScaler(stats_=[[47.42372721 38.3630083 ]])","[1, 2, 3, 4, 5, 6, 7, 8, 9, 12, 13, 14, 15, 16, 17, 18, 21, 22, 23, 27, 28, 33, 34, 36, 37, 40, 42, 43, 45, 64, 72, 73, 74, 78, 97, 105, 118, 129, 130, 131, 144, 147, 150, 152, 154, 156, 157, 159, 163, 170, 172, 174, 176, 181, 185, 186, 187, 188, 189, 191, 192, 193, 194, 195, 196, 198]","{1: [<function expanding_mean at 0x000002C58F7A04A0>], 7: [<function rolling_mean_14 at 0x000002C5930FAA20>], 30: [<function expanding_mean at 0x000002C58F7A04A0>]}",lags_200_features_66,15.912011542417961,24.501898558771256,25.09210883422256,25.25438407650984,28.171764413558602,29.060528676848673,36.23314272816524,36.92635075421799,41.44009234005141,48.77215299866371,47.99592773285605
LGBMRegressor,"AutoSeasonalDifferences(max_diffs=380, n_seasons=10, season_length=267) | LocalStandardScaler(stats_=[[47.42372721 38.3630083 ]])","[1, 2, 3, 4, 5, 6, 7, 8, 9, 12, 13, 14, 15, 16, 17, 18, 21, 22, 23, 27, 28, 33, 34, 36, 37, 40, 42, 43, 45, 64, 72, 73, 74, 78, 97, 105, 118, 129, 130, 131, 144, 147, 150, 152, 154, 156, 157, 159, 163, 170, 172, 174, 176, 181, 185, 186, 187, 188, 189, 191, 192, 193, 194, 195, 196, 198]","{1: [<function expanding_mean at 0x000002C58F7A04A0>], 7: [<function rolling_mean_14 at 0x000002C5930FAA20>], 30: [<function expanding_mean at 0x000002C58F7A04A0>]}",lags_200_features_66,14.329199346668783,20.80432125768716,22.72775437955018,23.78243224923442,27.114177666436863,27.34403127715572,33.30906644564367,33.12858723014401,39.04734301678081,39.3966617088147,38.926590401550904
SGD_EarlyStopping,"AutoSeasonalDifferences(max_diffs=380, n_seasons=10, season_length=267) | LocalStandardScaler(stats_=[[47.42372721 38.3630083 ]])","[1, 2, 3, 4, 5, 6, 7, 8, 9, 12, 13, 14, 15, 16, 17, 18, 21, 22, 23, 27, 28, 33, 34, 36, 37, 40, 42, 43, 45, 64, 72, 73, 74, 78, 97, 105, 118, 129, 130, 131, 144, 147, 150, 152, 154, 156, 157, 159, 163, 170, 172, 174, 176, 181, 185, 186, 187, 188, 189, 191, 192, 193, 194, 195, 196, 198]","{1: [<function rolling_mean_14 at 0x000002C5930FAA20>], 7: [<function rolling_mean_30 at 0x000002C58DBF9260>], 30: [<function expanding_mean at 0x000002C58F7A04A0>]}",lags_200_features_66,48.55422912935288,96.14989126884552,138.95083983734605,159.50600860711498,161.29235612287647,152.93527309248432,126.14607553559635,149.95308338830466,319.23952721181314,469.05807166924234,463.2065528892276
SGD_ElasticNet,"AutoSeasonalDifferences(max_diffs=380, n_seasons=10, season_length=267) | LocalStandardScaler(stats_=[[47.42372721 38.3630083 ]])","[1, 2, 3, 4, 5, 6, 7, 8, 9, 12, 13, 14, 15, 16, 17, 18, 21, 22, 23, 27, 28, 33, 34, 36, 37, 40, 42, 43, 45, 64, 72, 73, 74, 78, 97, 105, 118, 129, 130, 131, 144, 147, 150, 152, 154, 156, 157, 159, 163, 170, 172, 174, 176, 181, 185, 186, 187, 188, 189, 191, 192, 193, 194, 195, 196, 198]","{1: [<function rolling_mean_14 at 0x000002C5930FAA20>], 7: [<function rolling_mean_30 at 0x000002C58DBF9260>], 30: [<function expanding_mean at 0x000002C58F7A04A0>]}",lags_200_features_66,58.167711732254745,107.62493362623617,140.46247157404534,143.271098216824,128.91924177730894,111.96883277714508,95.42941757566498,115.4623128064353,173.50929742429747,218.36219961317713,226.3329968775236
SGD_Lasso,"AutoSeasonalDifferences(max_diffs=380, n_seasons=10, season_length=267) | LocalStandardScaler(stats_=[[47.42372721 38.3630083 ]])","[1, 2, 3, 4, 5, 6, 7, 8, 9, 12, 13, 14, 15, 16, 17, 18, 21, 22, 23, 27, 28, 33, 34, 36, 37, 40, 42, 43, 45, 64, 72, 73, 74, 78, 97, 105, 118, 129, 130, 131, 144, 147, 150, 152, 154, 156, 157, 159, 163, 170, 172, 174, 176, 181, 185, 186, 187, 188, 189, 191, 192, 193, 194, 195, 196, 198]","{1: [<function rolling_mean_14 at 0x000002C5930FAA20>], 7: [<function rolling_mean_30 at 0x000002C58DBF9260>], 30: [<function expanding_mean at 0x000002C58F7A04A0>]}",lags_200_features_66,145.34859958849665,128.13634917974923,126.2470345956166,113.8929258082819,96.60822858095732,85.23553034032084,73.83166183178385,66.59824865455056,85.89418573700486,116.17462296259305,115.70369481625247
SGD_Ridge,"AutoSeasonalDifferences(max_diffs=380, n_seasons=10, season_length=267) | LocalStandardScaler(stats_=[[47.42372721 38.3630083 ]])","[1, 2, 3, 4, 5, 6, 7, 8, 9, 12, 13, 14, 15, 16, 17, 18, 21, 22, 23, 27, 28, 33, 34, 36, 37, 40, 42, 43, 45, 64, 72, 73, 74, 78, 97, 105, 118, 129, 130, 131, 144, 147, 150, 152, 154, 156, 157, 159, 163, 170, 172, 174, 176, 181, 185, 186, 187, 188, 189, 191, 192, 193, 194, 195, 196, 198]","{1: [<function rolling_mean_14 at 0x000002C5930FAA20>], 7: [<function rolling_mean_30 at 0x000002C58DBF9260>], 30: [<function expanding_mean at 0x000002C58F7A04A0>]}",lags_200_features_66,49.512129799601695,72.5804332843779,70.97362036905454,59.51298631251286,55.74194686497302,60.21078811245415,57.62091146176459,62.77894667371474,66.60385517882342,81.1466784872861,79.7167868825022
SGDRegressor,"AutoSeasonalDifferences(max_diffs=380, n_seasons=10, season_length=267) | LocalStandardScaler(stats_=[[47.42372721 38.3630083 ]])","[1, 2, 3, 4, 5, 6, 7, 8, 9, 12, 13, 14, 15, 16, 17, 18, 21, 22, 23, 27, 28, 33, 34, 36, 37, 40, 42, 43, 45, 64, 72, 73, 74, 78, 97, 105, 118, 129, 130, 131, 144, 147, 150, 152, 154, 156, 157, 159, 163, 170, 172, 174, 176, 181, 185, 186, 187, 188, 189, 191, 192, 193, 194, 195, 196, 198]","{1: [<function rolling_mean_14 at 0x000002C5930FAA20>], 7: [<function rolling_mean_30 at 0x000002C58DBF9260>], 30: [<function expanding_mean at 0x000002C58F7A04A0>]}",lags_200_features_66,54.053697069763494,96.55463227561503,123.31000354303414,122.47830252574194,107.03150110526816,96.16973377443898,86.33628787009549,108.40066207466967,159.85147226270814,212.66690223768916,220.33008082923985
XGBRegressor,"AutoSeasonalDifferences(max_diffs=380, n_seasons=10, season_length=267) | LocalStandardScaler(stats_=[[47.42372721 38.3630083 ]])","[1, 2, 3, 4, 5, 6, 7, 8, 9, 12, 13, 14, 15, 16, 17, 18, 21, 22, 23, 27, 28, 33, 34, 36, 37, 40, 42, 43, 45, 64, 72, 73, 74, 78, 97, 105, 118, 129, 130, 131, 144, 147, 150, 152, 154, 156, 157, 159, 163, 170, 172, 174, 176, 181, 185, 186, 187, 188, 189, 191, 192, 193, 194, 195, 196, 198]","{1: [<function rolling_mean_14 at 0x000002C5930FAA20>], 7: [<function rolling_mean_30 at 0x000002C58DBF9260>], 30: [<function expanding_mean at 0x000002C58F7A04A0>]}",lags_200_features_66,14.330561469691853,22.998858667805905,25.2419978349336,26.424599284975248,29.23124733665865,28.36385628584368,32.81989528551174,32.76975092167515,38.62985082120686,47.761148975124364,47.1187510327781
LGBMRegressor,"AutoSeasonalDifferences(max_diffs=380, n_seasons=10, season_length=267) | LocalStandardScaler(stats_=[[47.42372721 38.3630083 ]])","[1, 2, 3, 4, 5, 6, 7, 8, 9, 12, 13, 14, 15, 16, 17, 18, 21, 22, 23, 27, 28, 33, 34, 36, 37, 40, 42, 43, 45, 64, 72, 73, 74, 78, 97, 105, 118, 129, 130, 131, 144, 147, 150, 152, 154, 156, 157, 159, 163, 170, 172, 174, 176, 181, 185, 186, 187, 188, 189, 191, 192, 193, 194, 195, 196, 198]","{1: [<function rolling_mean_14 at 0x000002C5930FAA20>], 7: [<function rolling_mean_30 at 0x000002C58DBF9260>], 30: [<function expanding_mean at 0x000002C58F7A04A0>]}",lags_200_features_66,16.62818305479161,23.83751639465172,24.587921767909318,25.831240656513167,29.165047894022774,29.08416608959032,33.61253446240001,33.18800903166837,38.55218343952222,38.389235800381186,37.93362642888417
SGD_EarlyStopping,"AutoSeasonalDifferences(max_diffs=380, n_seasons=10, season_length=267) | LocalStandardScaler(stats_=[[47.42372721 38.3630083 ]])","[1, 2, 3, 4, 5, 6, 7, 8, 9, 12, 13, 14, 15, 16, 17, 18, 21, 22, 23, 27, 28, 33, 34, 36, 37, 40, 42, 43, 45, 64, 72, 73, 74, 78, 97, 105, 118, 129, 130, 131, 144, 147, 150, 152, 154, 156, 157, 159, 163, 170, 172, 174, 176, 181, 185, 186, 187, 188, 189, 191, 192, 193, 194, 195, 196, 198]","{7: [RollingMean(window_size=7)], 30: [RollingMean(window_size=30)], 60: [RollingMean(window_size=60)]}",lags_200_features_66,49.05419587954072,97.34301253607995,140.46349502925398,160.78767598627203,161.9429873025513,152.87270050387627,125.69254894948885,150.99166071227776,319.7900444389967,455.0679822496287,452.0804411676366
SGD_ElasticNet,"AutoSeasonalDifferences(max_diffs=380, n_seasons=10, season_length=267) | LocalStandardScaler(stats_=[[47.42372721 38.3630083 ]])","[1, 2, 3, 4, 5, 6, 7, 8, 9, 12, 13, 14, 15, 16, 17, 18, 21, 22, 23, 27, 28, 33, 34, 36, 37, 40, 42, 43, 45, 64, 72, 73, 74, 78, 97, 105, 118, 129, 130, 131, 144, 147, 150, 152, 154, 156, 157, 159, 163, 170, 172, 174, 176, 181, 185, 186, 187, 188, 189, 191, 192, 193, 194, 195, 196, 198]","{7: [RollingMean(window_size=7)], 30: [RollingMean(window_size=30)], 60: [RollingMean(window_size=60)]}",lags_200_features_66,58.23666100745797,108.587772880913,142.4778285780567,145.8527205553918,131.53011959013168,114.01478944608039,96.77742657276542,116.92899296858074,176.49741488827823,221.68928597694432,229.83937378802307
SGD_Lasso,"AutoSeasonalDifferences(max_diffs=380, n_seasons=10, season_length=267) | LocalStandardScaler(stats_=[[47.42372721 38.3630083 ]])","[1, 2, 3, 4, 5, 6, 7, 8, 9, 12, 13, 14, 15, 16, 17, 18, 21, 22, 23, 27, 28, 33, 34, 36, 37, 40, 42, 43, 45, 64, 72, 73, 74, 78, 97, 105, 118, 129, 130, 131, 144, 147, 150, 152, 154, 156, 157, 159, 163, 170, 172, 174, 176, 181, 185, 186, 187, 188, 189, 191, 192, 193, 194, 195, 196, 198]","{7: [RollingMean(window_size=7)], 30: [RollingMean(window_size=30)], 60: [RollingMean(window_size=60)]}",lags_200_features_66,145.34861920497227,128.13636742004542,126.24705268485548,113.89294290976677,96.60824376744716,85.23554372915176,73.83167113290564,66.59825696424275,85.8941964245442,116.17463711499605,115.7037090197504
SGD_Ridge,"AutoSeasonalDifferences(max_diffs=380, n_seasons=10, season_length=267) | LocalStandardScaler(stats_=[[47.42372721 38.3630083 ]])","[1, 2, 3, 4, 5, 6, 7, 8, 9, 12, 13, 14, 15, 16, 17, 18, 21, 22, 23, 27, 28, 33, 34, 36, 37, 40, 42, 43, 45, 64, 72, 73, 74, 78, 97, 105, 118, 129, 130, 131, 144, 147, 150, 152, 154, 156, 157, 159, 163, 170, 172, 174, 176, 181, 185, 186, 187, 188, 189, 191, 192, 193, 194, 195, 196, 198]","{7: [RollingMean(window_size=7)], 30: [RollingMean(window_size=30)], 60: [RollingMean(window_size=60)]}",lags_200_features_66,49.456745920407336,72.097834142317,69.88137467243376,58.61514803627978,55.245767826786086,59.76792242534567,57.02503634867462,61.63437449074021,64.90311622129126,77.31617992761173,76.30725111484587
SGDRegressor,"AutoSeasonalDifferences(max_diffs=380, n_seasons=10, season_length=267) | LocalStandardScaler(stats_=[[47.42372721 38.3630083 ]])","[1, 2, 3, 4, 5, 6, 7, 8, 9, 12, 13, 14, 15, 16, 17, 18, 21, 22, 23, 27, 28, 33, 34, 36, 37, 40, 42, 43, 45, 64, 72, 73, 74, 78, 97, 105, 118, 129, 130, 131, 144, 147, 150, 152, 154, 156, 157, 159, 163, 170, 172, 174, 176, 181, 185, 186, 187, 188, 189, 191, 192, 193, 194, 195, 196, 198]","{7: [RollingMean(window_size=7)], 30: [RollingMean(window_size=30)], 60: [RollingMean(window_size=60)]}",lags_200_features_66,54.67841092153303,98.19795645654473,125.91872479217945,125.5652405994059,110.05745977108315,98.33414413858527,87.59674629683101,109.74198200593945,163.21634068517633,215.071189330431,222.90200546724233
XGBRegressor,"AutoSeasonalDifferences(max_diffs=380, n_seasons=10, season_length=267) | LocalStandardScaler(stats_=[[47.42372721 38.3630083 ]])","[1, 2, 3, 4, 5, 6, 7, 8, 9, 12, 13, 14, 15, 16, 17, 18, 21, 22, 23, 27, 28, 33, 34, 36, 37, 40, 42, 43, 45, 64, 72, 73, 74, 78, 97, 105, 118, 129, 130, 131, 144, 147, 150, 152, 154, 156, 157, 159, 163, 170, 172, 174, 176, 181, 185, 186, 187, 188, 189, 191, 192, 193, 194, 195, 196, 198]","{7: [RollingMean(window_size=7)], 30: [RollingMean(window_size=30)], 60: [RollingMean(window_size=60)]}",lags_200_features_66,13.265163937206529,22.256768106222506,23.94343614426,25.372314236018983,27.53679331927199,27.1569613569297,33.11904215766539,32.96369856471609,41.46370308131104,44.12012356936727,43.3589242639511
LGBMRegressor,"AutoSeasonalDifferences(max_diffs=380, n_seasons=10, season_length=267) | LocalStandardScaler(stats_=[[47.42372721 38.3630083 ]])","[1, 2, 3, 4, 5, 6, 7, 8, 9, 12, 13, 14, 15, 16, 17, 18, 21, 22, 23, 27, 28, 33, 34, 36, 37, 40, 42, 43, 45, 64, 72, 73, 74, 78, 97, 105, 118, 129, 130, 131, 144, 147, 150, 152, 154, 156, 157, 159, 163, 170, 172, 174, 176, 181, 185, 186, 187, 188, 189, 191, 192, 193, 194, 195, 196, 198]","{7: [RollingMean(window_size=7)], 30: [RollingMean(window_size=30)], 60: [RollingMean(window_size=60)]}",lags_200_features_66,16.304424451765435,23.2716568664518,23.273769536260165,23.23233843877702,24.861483708547638,24.67074153912656,31.413637867023613,32.583413409662604,34.62875108721868,39.810137933480945,39.31427114607328
SGD_EarlyStopping,"AutoSeasonalDifferences(max_diffs=380, n_seasons=10, season_length=267) | LocalStandardScaler(stats_=[[47.42372721 38.3630083 ]])","[1, 2, 3, 4, 5, 6, 7, 8, 9, 12, 13, 14, 15, 16, 17, 18, 21, 22, 23, 27, 28, 33, 34, 36, 37, 40, 42, 43, 45, 64, 72, 73, 74, 78, 97, 105, 118, 129, 130, 131, 144, 147, 150, 152, 154, 156, 157, 159, 163, 170, 172, 174, 176, 181, 185, 186, 187, 188, 189, 191, 192, 193, 194, 195, 196, 198]","{7: [RollingMean(window_size=7), RollingStd(window_size=7)], 30: [RollingMean(window_size=30)], 60: [ExpandingMean()], 14: [ExponentiallyWeightedMean(alpha=0.3)]}",lags_200_features_66,48.5703843055943,94.18919324115197,131.4986029738402,145.83193242437645,142.89959394071826,130.6654679480116,107.00686891948064,131.65220866164293,254.4166163137789,310.2663136758334,316.84678051641686
SGD_ElasticNet,"AutoSeasonalDifferences(max_diffs=380, n_seasons=10, season_length=267) | LocalStandardScaler(stats_=[[47.42372721 38.3630083 ]])","[1, 2, 3, 4, 5, 6, 7, 8, 9, 12, 13, 14, 15, 16, 17, 18, 21, 22, 23, 27, 28, 33, 34, 36, 37, 40, 42, 43, 45, 64, 72, 73, 74, 78, 97, 105, 118, 129, 130, 131, 144, 147, 150, 152, 154, 156, 157, 159, 163, 170, 172, 174, 176, 181, 185, 186, 187, 188, 189, 191, 192, 193, 194, 195, 196, 198]","{7: [RollingMean(window_size=7), RollingStd(window_size=7)], 30: [RollingMean(window_size=30)], 60: [ExpandingMean()], 14: [ExponentiallyWeightedMean(alpha=0.3)]}",lags_200_features_66,58.65514276314829,108.41357417944091,140.50345420333502,142.15227099595344,126.89107499082574,110.52593747429866,94.26745258271268,112.50832498616512,162.93956367131534,208.34557720760714,215.37452004160676
SGD_Lasso,"AutoSeasonalDifferences(max_diffs=380, n_seasons=10, season_length=267) | LocalStandardScaler(stats_=[[47.42372721 38.3630083 ]])","[1, 2, 3, 4, 5, 6, 7, 8, 9, 12, 13, 14, 15, 16, 17, 18, 21, 22, 23, 27, 28, 33, 34, 36, 37, 40, 42, 43, 45, 64, 72, 73, 74, 78, 97, 105, 118, 129, 130, 131, 144, 147, 150, 152, 154, 156, 157, 159, 163, 170, 172, 174, 176, 181, 185, 186, 187, 188, 189, 191, 192, 193, 194, 195, 196, 198]","{7: [RollingMean(window_size=7), RollingStd(window_size=7)], 30: [RollingMean(window_size=30)], 60: [ExpandingMean()], 14: [ExponentiallyWeightedMean(alpha=0.3)]}",lags_200_features_66,145.3485963380788,128.136346157362,126.24703159825934,113.89292297459386,96.60822606458085,85.2355281218135,73.8316602906032,66.59824727764818,85.89418396609712,116.17462061756308,115.70369246275614
SGD_Ridge,"AutoSeasonalDifferences(max_diffs=380, n_seasons=10, season_length=267) | LocalStandardScaler(stats_=[[47.42372721 38.3630083 ]])","[1, 2, 3, 4, 5, 6, 7, 8, 9, 12, 13, 14, 15, 16, 17, 18, 21, 22, 23, 27, 28, 33, 34, 36, 37, 40, 42, 43, 45, 64, 72, 73, 74, 78, 97, 105, 118, 129, 130, 131, 144, 147, 150, 152, 154, 156, 157, 159, 163, 170, 172, 174, 176, 181, 185, 186, 187, 188, 189, 191, 192, 193, 194, 195, 196, 198]","{7: [RollingMean(window_size=7), RollingStd(window_size=7)], 30: [RollingMean(window_size=30)], 60: [ExpandingMean()], 14: [ExponentiallyWeightedMean(alpha=0.3)]}",lags_200_features_66,49.30355297106133,72.4880924764595,70.85803978567651,59.4091293567084,55.484499989975525,59.698296255291915,56.977262271721365,61.983907247030835,66.05921708326197,78.64923742899666,77.32678399489954
SGDRegressor,"AutoSeasonalDifferences(max_diffs=380, n_seasons=10, season_length=267) | LocalStandardScaler(stats_=[[47.42372721 38.3630083 ]])","[1, 2, 3, 4, 5, 6, 7, 8, 9, 12, 13, 14, 15, 16, 17, 18, 21, 22, 23, 27, 28, 33, 34, 36, 37, 40, 42, 43, 45, 64, 72, 73, 74, 78, 97, 105, 118, 129, 130, 131, 144, 147, 150, 152, 154, 156, 157, 159, 163, 170, 172, 174, 176, 181, 185, 186, 187, 188, 189, 191, 192, 193, 194, 195, 196, 198]","{7: [RollingMean(window_size=7), RollingStd(window_size=7)], 30: [RollingMean(window_size=30)], 60: [ExpandingMean()], 14: [ExponentiallyWeightedMean(alpha=0.3)]}",lags_200_features_66,54.813570166646805,97.25971425893107,122.56389985190981,120.1164585918042,103.92474060325041,94.15460523578587,84.4012232296658,103.55502241868726,145.52435549233874,196.6181818832718,202.65120416402956
XGBRegressor,"AutoSeasonalDifferences(max_diffs=380, n_seasons=10, season_length=267) | LocalStandardScaler(stats_=[[47.42372721 38.3630083 ]])","[1, 2, 3, 4, 5, 6, 7, 8, 9, 12, 13, 14, 15, 16, 17, 18, 21, 22, 23, 27, 28, 33, 34, 36, 37, 40, 42, 43, 45, 64, 72, 73, 74, 78, 97, 105, 118, 129, 130, 131, 144, 147, 150, 152, 154, 156, 157, 159, 163, 170, 172, 174, 176, 181, 185, 186, 187, 188, 189, 191, 192, 193, 194, 195, 196, 198]","{7: [RollingMean(window_size=7), RollingStd(window_size=7)], 30: [RollingMean(window_size=30)], 60: [ExpandingMean()], 14: [ExponentiallyWeightedMean(alpha=0.3)]}",lags_200_features_66,13.910241043531546,20.95076364425106,23.02338631213835,24.05054246546838,27.376634475880167,28.548979609985558,34.19153614922062,35.11187779677009,36.5121181877241,37.61531086739194,37.27713865715189
LGBMRegressor,"AutoSeasonalDifferences(max_diffs=380, n_seasons=10, season_length=267) | LocalStandardScaler(stats_=[[47.42372721 38.3630083 ]])","[1, 2, 3, 4, 5, 6, 7, 8, 9, 12, 13, 14, 15, 16, 17, 18, 21, 22, 23, 27, 28, 33, 34, 36, 37, 40, 42, 43, 45, 64, 72, 73, 74, 78, 97, 105, 118, 129, 130, 131, 144, 147, 150, 152, 154, 156, 157, 159, 163, 170, 172, 174, 176, 181, 185, 186, 187, 188, 189, 191, 192, 193, 194, 195, 196, 198]","{7: [RollingMean(window_size=7), RollingStd(window_size=7)], 30: [RollingMean(window_size=30)], 60: [ExpandingMean()], 14: [ExponentiallyWeightedMean(alpha=0.3)]}",lags_200_features_66,16.919106484138126,24.26284535048308,24.62505492157696,24.475549955114033,26.18009637312818,25.72181379672057,31.85240810129662,32.08491076824571,34.538335328507934,38.955385374189504,38.35669158552583
SGD_EarlyStopping,"AutoSeasonalDifferences(max_diffs=380, n_seasons=10, season_length=267) | LocalMinMaxScaler(stats_=[[  5.11211699 325.92896936]])","[1, 2, 3, 4, 5, 6, 7, 8, 9, 12, 13, 14, 15, 16, 17, 18, 21, 22, 23, 27, 28, 33, 34, 36, 37, 40, 42, 43, 45, 64, 72, 73, 74, 78, 97, 105, 118, 129, 130, 131, 144, 147, 150, 152, 154, 156, 157, 159, 163, 170, 172, 174, 176, 181, 185, 186, 187, 188, 189, 191, 192, 193, 194, 195, 196, 198]","{1: [<function expanding_mean at 0x000002C58F7A04A0>], 7: [<function rolling_mean_14 at 0x000002C5930FAA20>], 30: [<function expanding_mean at 0x000002C58F7A04A0>]}",lags_200_features_66,29.888035921087415,37.74449067059245,70.24768509354433,97.74518089676678,112.63494968715247,127.66868535386263,119.70645000881849,104.97649227298554,101.6482863336542,111.48612721144376,116.61245994347466
SGD_ElasticNet,"AutoSeasonalDifferences(max_diffs=380, n_seasons=10, season_length=267) | LocalMinMaxScaler(stats_=[[  5.11211699 325.92896936]])","[1, 2, 3, 4, 5, 6, 7, 8, 9, 12, 13, 14, 15, 16, 17, 18, 21, 22, 23, 27, 28, 33, 34, 36, 37, 40, 42, 43, 45, 64, 72, 73, 74, 78, 97, 105, 118, 129, 130, 131, 144, 147, 150, 152, 154, 156, 157, 159, 163, 170, 172, 174, 176, 181, 185, 186, 187, 188, 189, 191, 192, 193, 194, 195, 196, 198]","{1: [<function expanding_mean at 0x000002C58F7A04A0>], 7: [<function rolling_mean_14 at 0x000002C5930FAA20>], 30: [<function expanding_mean at 0x000002C58F7A04A0>]}",lags_200_features_66,17.782880054880014,24.233251377190268,23.982995823506016,28.101134585221033,30.40399864036524,35.19374522171668,35.73851595600766,35.40601722910874,43.9376388309283,60.80396677618089,62.584015101210156
SGD_Lasso,"AutoSeasonalDifferences(max_diffs=380, n_seasons=10, season_length=267) | LocalMinMaxScaler(stats_=[[  5.11211699 325.92896936]])","[1, 2, 3, 4, 5, 6, 7, 8, 9, 12, 13, 14, 15, 16, 17, 18, 21, 22, 23, 27, 28, 33, 34, 36, 37, 40, 42, 43, 45, 64, 72, 73, 74, 78, 97, 105, 118, 129, 130, 131, 144, 147, 150, 152, 154, 156, 157, 159, 163, 170, 172, 174, 176, 181, 185, 186, 187, 188, 189, 191, 192, 193, 194, 195, 196, 198]","{1: [<function expanding_mean at 0x000002C58F7A04A0>], 7: [<function rolling_mean_14 at 0x000002C5930FAA20>], 30: [<function expanding_mean at 0x000002C58F7A04A0>]}",lags_200_features_66,145.18139251088863,127.98087239159355,126.09284539080488,113.74715602966725,96.4787818527622,85.12140651211986,73.75275077277924,66.52771436736525,85.80333381384227,116.0541755524978,115.58280664087495
SGD_Ridge,"AutoSeasonalDifferences(max_diffs=380, n_seasons=10, season_length=267) | LocalMinMaxScaler(stats_=[[  5.11211699 325.92896936]])","[1, 2, 3, 4, 5, 6, 7, 8, 9, 12, 13, 14, 15, 16, 17, 18, 21, 22, 23, 27, 28, 33, 34, 36, 37, 40, 42, 43, 45, 64, 72, 73, 74, 78, 97, 105, 118, 129, 130, 131, 144, 147, 150, 152, 154, 156, 157, 159, 163, 170, 172, 174, 176, 181, 185, 186, 187, 188, 189, 191, 192, 193, 194, 195, 196, 198]","{1: [<function expanding_mean at 0x000002C58F7A04A0>], 7: [<function rolling_mean_14 at 0x000002C5930FAA20>], 30: [<function expanding_mean at 0x000002C58F7A04A0>]}",lags_200_features_66,101.18456086592134,95.12440791119438,102.7447549401334,99.16985618898063,87.91478493543643,80.06514525485898,70.34091784746835,62.69026840619897,78.29445705781912,111.3016952338326,111.50688357349966
SGDRegressor,"AutoSeasonalDifferences(max_diffs=380, n_seasons=10, season_length=267) | LocalMinMaxScaler(stats_=[[  5.11211699 325.92896936]])","[1, 2, 3, 4, 5, 6, 7, 8, 9, 12, 13, 14, 15, 16, 17, 18, 21, 22, 23, 27, 28, 33, 34, 36, 37, 40, 42, 43, 45, 64, 72, 73, 74, 78, 97, 105, 118, 129, 130, 131, 144, 147, 150, 152, 154, 156, 157, 159, 163, 170, 172, 174, 176, 181, 185, 186, 187, 188, 189, 191, 192, 193, 194, 195, 196, 198]","{1: [<function expanding_mean at 0x000002C58F7A04A0>], 7: [<function rolling_mean_14 at 0x000002C5930FAA20>], 30: [<function expanding_mean at 0x000002C58F7A04A0>]}",lags_200_features_66,35.36284307144438,46.32770062569133,40.4755352971652,36.54872125030785,36.142695845605154,40.81398607473927,40.87934015818318,41.154008346642115,46.22925823332729,46.633015561907214,48.14031854483531
XGBRegressor,"AutoSeasonalDifferences(max_diffs=380, n_seasons=10, season_length=267) | LocalMinMaxScaler(stats_=[[  5.11211699 325.92896936]])","[1, 2, 3, 4, 5, 6, 7, 8, 9, 12, 13, 14, 15, 16, 17, 18, 21, 22, 23, 27, 28, 33, 34, 36, 37, 40, 42, 43, 45, 64, 72, 73, 74, 78, 97, 105, 118, 129, 130, 131, 144, 147, 150, 152, 154, 156, 157, 159, 163, 170, 172, 174, 176, 181, 185, 186, 187, 188, 189, 191, 192, 193, 194, 195, 196, 198]","{1: [<function expanding_mean at 0x000002C58F7A04A0>], 7: [<function rolling_mean_14 at 0x000002C5930FAA20>], 30: [<function expanding_mean at 0x000002C58F7A04A0>]}",lags_200_features_66,14.44770366382622,22.133077878330724,23.717430240160635,24.327853641565557,27.50956911440686,28.050440360329677,35.8748678845518,36.52240647736234,41.489734357488146,45.917182559290666,45.1663412252106
LGBMRegressor,"AutoSeasonalDifferences(max_diffs=380, n_seasons=10, season_length=267) | LocalMinMaxScaler(stats_=[[  5.11211699 325.92896936]])","[1, 2, 3, 4, 5, 6, 7, 8, 9, 12, 13, 14, 15, 16, 17, 18, 21, 22, 23, 27, 28, 33, 34, 36, 37, 40, 42, 43, 45, 64, 72, 73, 74, 78, 97, 105, 118, 129, 130, 131, 144, 147, 150, 152, 154, 156, 157, 159, 163, 170, 172, 174, 176, 181, 185, 186, 187, 188, 189, 191, 192, 193, 194, 195, 196, 198]","{1: [<function expanding_mean at 0x000002C58F7A04A0>], 7: [<function rolling_mean_14 at 0x000002C5930FAA20>], 30: [<function expanding_mean at 0x000002C58F7A04A0>]}",lags_200_features_66,15.58113312264836,22.013987292752105,23.597065046920722,24.85279350253207,28.117229663442266,28.72563477444205,35.38959569246561,35.022327857688495,37.8486304858707,38.67292669161244,38.12784287733638
SGD_EarlyStopping,"AutoSeasonalDifferences(max_diffs=380, n_seasons=10, season_length=267) | LocalMinMaxScaler(stats_=[[  5.11211699 325.92896936]])","[1, 2, 3, 4, 5, 6, 7, 8, 9, 12, 13, 14, 15, 16, 17, 18, 21, 22, 23, 27, 28, 33, 34, 36, 37, 40, 42, 43, 45, 64, 72, 73, 74, 78, 97, 105, 118, 129, 130, 131, 144, 147, 150, 152, 154, 156, 157, 159, 163, 170, 172, 174, 176, 181, 185, 186, 187, 188, 189, 191, 192, 193, 194, 195, 196, 198]","{1: [<function rolling_mean_14 at 0x000002C5930FAA20>], 7: [<function rolling_mean_30 at 0x000002C58DBF9260>], 30: [<function expanding_mean at 0x000002C58F7A04A0>]}",lags_200_features_66,31.029801368512967,39.46132829808722,72.49856975923757,100.28488788961782,115.27850820746066,130.4428189880686,122.33213759743336,107.26047392749666,103.78334268919593,113.43764903061684,118.50326835252791
SGD_ElasticNet,"AutoSeasonalDifferences(max_diffs=380, n_seasons=10, season_length=267) | LocalMinMaxScaler(stats_=[[  5.11211699 325.92896936]])","[1, 2, 3, 4, 5, 6, 7, 8, 9, 12, 13, 14, 15, 16, 17, 18, 21, 22, 23, 27, 28, 33, 34, 36, 37, 40, 42, 43, 45, 64, 72, 73, 74, 78, 97, 105, 118, 129, 130, 131, 144, 147, 150, 152, 154, 156, 157, 159, 163, 170, 172, 174, 176, 181, 185, 186, 187, 188, 189, 191, 192, 193, 194, 195, 196, 198]","{1: [<function rolling_mean_14 at 0x000002C5930FAA20>], 7: [<function rolling_mean_30 at 0x000002C58DBF9260>], 30: [<function expanding_mean at 0x000002C58F7A04A0>]}",lags_200_features_66,17.57716448725615,24.00357540831273,23.859703942569084,28.089879533672974,30.478004325109424,35.34579682078225,35.89481077052996,35.56144198148712,44.04165617153729,60.71324005136477,62.50526988757977
SGD_Lasso,"AutoSeasonalDifferences(max_diffs=380, n_seasons=10, season_length=267) | LocalMinMaxScaler(stats_=[[  5.11211699 325.92896936]])","[1, 2, 3, 4, 5, 6, 7, 8, 9, 12, 13, 14, 15, 16, 17, 18, 21, 22, 23, 27, 28, 33, 34, 36, 37, 40, 42, 43, 45, 64, 72, 73, 74, 78, 97, 105, 118, 129, 130, 131, 144, 147, 150, 152, 154, 156, 157, 159, 163, 170, 172, 174, 176, 181, 185, 186, 187, 188, 189, 191, 192, 193, 194, 195, 196, 198]","{1: [<function rolling_mean_14 at 0x000002C5930FAA20>], 7: [<function rolling_mean_30 at 0x000002C58DBF9260>], 30: [<function expanding_mean at 0x000002C58F7A04A0>]}",lags_200_features_66,145.18139251088863,127.98087239159355,126.09284539080488,113.74715602966725,96.4787818527622,85.12140651211986,73.75275077277924,66.52771436736525,85.80333381384227,116.0541755524978,115.58280664087495
SGD_Ridge,"AutoSeasonalDifferences(max_diffs=380, n_seasons=10, season_length=267) | LocalMinMaxScaler(stats_=[[  5.11211699 325.92896936]])","[1, 2, 3, 4, 5, 6, 7, 8, 9, 12, 13, 14, 15, 16, 17, 18, 21, 22, 23, 27, 28, 33, 34, 36, 37, 40, 42, 43, 45, 64, 72, 73, 74, 78, 97, 105, 118, 129, 130, 131, 144, 147, 150, 152, 154, 156, 157, 159, 163, 170, 172, 174, 176, 181, 185, 186, 187, 188, 189, 191, 192, 193, 194, 195, 196, 198]","{1: [<function rolling_mean_14 at 0x000002C5930FAA20>], 7: [<function rolling_mean_30 at 0x000002C58DBF9260>], 30: [<function expanding_mean at 0x000002C58F7A04A0>]}",lags_200_features_66,100.85302651264207,94.94192153940237,102.65208830800145,99.13796232472146,87.9253586040031,80.10139371499221,70.36414467938314,62.70313058658816,78.25250111294886,111.28735608770617,111.50091532343826
SGDRegressor,"AutoSeasonalDifferences(max_diffs=380, n_seasons=10, season_length=267) | LocalMinMaxScaler(stats_=[[  5.11211699 325.92896936]])","[1, 2, 3, 4, 5, 6, 7, 8, 9, 12, 13, 14, 15, 16, 17, 18, 21, 22, 23, 27, 28, 33, 34, 36, 37, 40, 42, 43, 45, 64, 72, 73, 74, 78, 97, 105, 118, 129, 130, 131, 144, 147, 150, 152, 154, 156, 157, 159, 163, 170, 172, 174, 176, 181, 185, 186, 187, 188, 189, 191, 192, 193, 194, 195, 196, 198]","{1: [<function rolling_mean_14 at 0x000002C5930FAA20>], 7: [<function rolling_mean_30 at 0x000002C58DBF9260>], 30: [<function expanding_mean at 0x000002C58F7A04A0>]}",lags_200_features_66,35.43464426843626,46.50064832708656,40.732947872599354,36.675383731606104,36.22771985632596,40.94748787465917,41.040777543263054,41.36889088781915,46.38362810474613,46.30579404692015,47.78505005597713
XGBRegressor,"AutoSeasonalDifferences(max_diffs=380, n_seasons=10, season_length=267) | LocalMinMaxScaler(stats_=[[  5.11211699 325.92896936]])","[1, 2, 3, 4, 5, 6, 7, 8, 9, 12, 13, 14, 15, 16, 17, 18, 21, 22, 23, 27, 28, 33, 34, 36, 37, 40, 42, 43, 45, 64, 72, 73, 74, 78, 97, 105, 118, 129, 130, 131, 144, 147, 150, 152, 154, 156, 157, 159, 163, 170, 172, 174, 176, 181, 185, 186, 187, 188, 189, 191, 192, 193, 194, 195, 196, 198]","{1: [<function rolling_mean_14 at 0x000002C5930FAA20>], 7: [<function rolling_mean_30 at 0x000002C58DBF9260>], 30: [<function expanding_mean at 0x000002C58F7A04A0>]}",lags_200_features_66,15.840189698356491,24.37319602529399,26.135062836808686,27.340420926380027,30.045903544052,29.301486802444742,33.83434306963905,33.9845322490844,39.84266047237284,49.52870068986031,48.807231150022375
LGBMRegressor,"AutoSeasonalDifferences(max_diffs=380, n_seasons=10, season_length=267) | LocalMinMaxScaler(stats_=[[  5.11211699 325.92896936]])","[1, 2, 3, 4, 5, 6, 7, 8, 9, 12, 13, 14, 15, 16, 17, 18, 21, 22, 23, 27, 28, 33, 34, 36, 37, 40, 42, 43, 45, 64, 72, 73, 74, 78, 97, 105, 118, 129, 130, 131, 144, 147, 150, 152, 154, 156, 157, 159, 163, 170, 172, 174, 176, 181, 185, 186, 187, 188, 189, 191, 192, 193, 194, 195, 196, 198]","{1: [<function rolling_mean_14 at 0x000002C5930FAA20>], 7: [<function rolling_mean_30 at 0x000002C58DBF9260>], 30: [<function expanding_mean at 0x000002C58F7A04A0>]}",lags_200_features_66,16.16964952652101,23.110604528439506,23.6371000484357,24.80439254787005,27.686655396384825,27.714280046976974,32.920687733355145,32.94434404609451,35.187796070275404,38.00272810247757,37.41742054875958
SGD_EarlyStopping,"AutoSeasonalDifferences(max_diffs=380, n_seasons=10, season_length=267) | LocalMinMaxScaler(stats_=[[  5.11211699 325.92896936]])","[1, 2, 3, 4, 5, 6, 7, 8, 9, 12, 13, 14, 15, 16, 17, 18, 21, 22, 23, 27, 28, 33, 34, 36, 37, 40, 42, 43, 45, 64, 72, 73, 74, 78, 97, 105, 118, 129, 130, 131, 144, 147, 150, 152, 154, 156, 157, 159, 163, 170, 172, 174, 176, 181, 185, 186, 187, 188, 189, 191, 192, 193, 194, 195, 196, 198]","{7: [RollingMean(window_size=7)], 30: [RollingMean(window_size=30)], 60: [RollingMean(window_size=60)]}",lags_200_features_66,30.916040020202672,39.47273925135041,72.604308787873,100.32370886857707,115.12767054875303,129.97920414853854,121.40867973835438,106.07729203228632,103.79872283402614,114.16627569209965,119.52000740761662
SGD_ElasticNet,"AutoSeasonalDifferences(max_diffs=380, n_seasons=10, season_length=267) | LocalMinMaxScaler(stats_=[[  5.11211699 325.92896936]])","[1, 2, 3, 4, 5, 6, 7, 8, 9, 12, 13, 14, 15, 16, 17, 18, 21, 22, 23, 27, 28, 33, 34, 36, 37, 40, 42, 43, 45, 64, 72, 73, 74, 78, 97, 105, 118, 129, 130, 131, 144, 147, 150, 152, 154, 156, 157, 159, 163, 170, 172, 174, 176, 181, 185, 186, 187, 188, 189, 191, 192, 193, 194, 195, 196, 198]","{7: [RollingMean(window_size=7)], 30: [RollingMean(window_size=30)], 60: [RollingMean(window_size=60)]}",lags_200_features_66,17.804034774424842,24.2040279273904,23.969898575181634,28.11657493183469,30.4475296287759,35.269968572379426,35.83082247101299,35.451018021377934,43.766841441285514,60.50938000692454,62.31034814089939
SGD_Lasso,"AutoSeasonalDifferences(max_diffs=380, n_seasons=10, season_length=267) | LocalMinMaxScaler(stats_=[[  5.11211699 325.92896936]])","[1, 2, 3, 4, 5, 6, 7, 8, 9, 12, 13, 14, 15, 16, 17, 18, 21, 22, 23, 27, 28, 33, 34, 36, 37, 40, 42, 43, 45, 64, 72, 73, 74, 78, 97, 105, 118, 129, 130, 131, 144, 147, 150, 152, 154, 156, 157, 159, 163, 170, 172, 174, 176, 181, 185, 186, 187, 188, 189, 191, 192, 193, 194, 195, 196, 198]","{7: [RollingMean(window_size=7)], 30: [RollingMean(window_size=30)], 60: [RollingMean(window_size=60)]}",lags_200_features_66,145.18139251088863,127.98087239159355,126.09284539080488,113.74715602966725,96.4787818527622,85.12140651211986,73.75275077277924,66.52771436736525,85.80333381384227,116.0541755524978,115.58280664087495
SGD_Ridge,"AutoSeasonalDifferences(max_diffs=380, n_seasons=10, season_length=267) | LocalMinMaxScaler(stats_=[[  5.11211699 325.92896936]])","[1, 2, 3, 4, 5, 6, 7, 8, 9, 12, 13, 14, 15, 16, 17, 18, 21, 22, 23, 27, 28, 33, 34, 36, 37, 40, 42, 43, 45, 64, 72, 73, 74, 78, 97, 105, 118, 129, 130, 131, 144, 147, 150, 152, 154, 156, 157, 159, 163, 170, 172, 174, 176, 181, 185, 186, 187, 188, 189, 191, 192, 193, 194, 195, 196, 198]","{7: [RollingMean(window_size=7)], 30: [RollingMean(window_size=30)], 60: [RollingMean(window_size=60)]}",lags_200_features_66,100.8619490397153,94.83216196628288,102.54770334713965,99.04804337206082,87.8482905428551,80.03721666659231,70.32063260945854,62.66217633759579,78.19675991676809,111.22124594671013,111.43617673534561
SGDRegressor,"AutoSeasonalDifferences(max_diffs=380, n_seasons=10, season_length=267) | LocalMinMaxScaler(stats_=[[  5.11211699 325.92896936]])","[1, 2, 3, 4, 5, 6, 7, 8, 9, 12, 13, 14, 15, 16, 17, 18, 21, 22, 23, 27, 28, 33, 34, 36, 37, 40, 42, 43, 45, 64, 72, 73, 74, 78, 97, 105, 118, 129, 130, 131, 144, 147, 150, 152, 154, 156, 157, 159, 163, 170, 172, 174, 176, 181, 185, 186, 187, 188, 189, 191, 192, 193, 194, 195, 196, 198]","{7: [RollingMean(window_size=7)], 30: [RollingMean(window_size=30)], 60: [RollingMean(window_size=60)]}",lags_200_features_66,35.41321027505891,46.12341513675221,40.2339072067646,36.40174014433788,36.09749491438464,40.87067521859153,40.97045325666559,41.146223192851735,45.828927050651046,46.19293045567894,47.74344808449767
XGBRegressor,"AutoSeasonalDifferences(max_diffs=380, n_seasons=10, season_length=267) | LocalMinMaxScaler(stats_=[[  5.11211699 325.92896936]])","[1, 2, 3, 4, 5, 6, 7, 8, 9, 12, 13, 14, 15, 16, 17, 18, 21, 22, 23, 27, 28, 33, 34, 36, 37, 40, 42, 43, 45, 64, 72, 73, 74, 78, 97, 105, 118, 129, 130, 131, 144, 147, 150, 152, 154, 156, 157, 159, 163, 170, 172, 174, 176, 181, 185, 186, 187, 188, 189, 191, 192, 193, 194, 195, 196, 198]","{7: [RollingMean(window_size=7)], 30: [RollingMean(window_size=30)], 60: [RollingMean(window_size=60)]}",lags_200_features_66,15.878402863082231,23.51964425071066,24.766849355266487,25.95619384216284,28.490821699316815,28.2784046466599,34.40814318684929,34.093712779141114,42.895269614216915,46.843829602833225,46.04948285617198
LGBMRegressor,"AutoSeasonalDifferences(max_diffs=380, n_seasons=10, season_length=267) | LocalMinMaxScaler(stats_=[[  5.11211699 325.92896936]])","[1, 2, 3, 4, 5, 6, 7, 8, 9, 12, 13, 14, 15, 16, 17, 18, 21, 22, 23, 27, 28, 33, 34, 36, 37, 40, 42, 43, 45, 64, 72, 73, 74, 78, 97, 105, 118, 129, 130, 131, 144, 147, 150, 152, 154, 156, 157, 159, 163, 170, 172, 174, 176, 181, 185, 186, 187, 188, 189, 191, 192, 193, 194, 195, 196, 198]","{7: [RollingMean(window_size=7)], 30: [RollingMean(window_size=30)], 60: [RollingMean(window_size=60)]}",lags_200_features_66,16.892477080016494,23.622659118119003,24.21658022126486,24.575289019866062,26.548590447406013,26.356335809179658,32.04993813277366,32.00508848078394,37.11314803369871,37.9558650425534,37.38923538205906
SGD_EarlyStopping,"AutoSeasonalDifferences(max_diffs=380, n_seasons=10, season_length=267) | LocalMinMaxScaler(stats_=[[  5.11211699 325.92896936]])","[1, 2, 3, 4, 5, 6, 7, 8, 9, 12, 13, 14, 15, 16, 17, 18, 21, 22, 23, 27, 28, 33, 34, 36, 37, 40, 42, 43, 45, 64, 72, 73, 74, 78, 97, 105, 118, 129, 130, 131, 144, 147, 150, 152, 154, 156, 157, 159, 163, 170, 172, 174, 176, 181, 185, 186, 187, 188, 189, 191, 192, 193, 194, 195, 196, 198]","{7: [RollingMean(window_size=7), RollingStd(window_size=7)], 30: [RollingMean(window_size=30)], 60: [ExpandingMean()], 14: [ExponentiallyWeightedMean(alpha=0.3)]}",lags_200_features_66,31.18237235462394,39.46628964316671,72.23002694544745,99.6692578665311,114.36150548839619,129.22617399782496,120.96506025953757,105.93293655366669,102.20281788086929,111.44989995468919,116.58861299141925
SGD_ElasticNet,"AutoSeasonalDifferences(max_diffs=380, n_seasons=10, season_length=267) | LocalMinMaxScaler(stats_=[[  5.11211699 325.92896936]])","[1, 2, 3, 4, 5, 6, 7, 8, 9, 12, 13, 14, 15, 16, 17, 18, 21, 22, 23, 27, 28, 33, 34, 36, 37, 40, 42, 43, 45, 64, 72, 73, 74, 78, 97, 105, 118, 129, 130, 131, 144, 147, 150, 152, 154, 156, 157, 159, 163, 170, 172, 174, 176, 181, 185, 186, 187, 188, 189, 191, 192, 193, 194, 195, 196, 198]","{7: [RollingMean(window_size=7), RollingStd(window_size=7)], 30: [RollingMean(window_size=30)], 60: [ExpandingMean()], 14: [ExponentiallyWeightedMean(alpha=0.3)]}",lags_200_features_66,17.87096988575717,24.431525728888325,23.945447936161347,27.73428227737245,29.88015842635661,34.636058448923876,35.303532838836226,35.004867123573405,43.3870343654028,59.947617133642986,61.72022831866628
SGD_Lasso,"AutoSeasonalDifferences(max_diffs=380, n_seasons=10, season_length=267) | LocalMinMaxScaler(stats_=[[  5.11211699 325.92896936]])","[1, 2, 3, 4, 5, 6, 7, 8, 9, 12, 13, 14, 15, 16, 17, 18, 21, 22, 23, 27, 28, 33, 34, 36, 37, 40, 42, 43, 45, 64, 72, 73, 74, 78, 97, 105, 118, 129, 130, 131, 144, 147, 150, 152, 154, 156, 157, 159, 163, 170, 172, 174, 176, 181, 185, 186, 187, 188, 189, 191, 192, 193, 194, 195, 196, 198]","{7: [RollingMean(window_size=7), RollingStd(window_size=7)], 30: [RollingMean(window_size=30)], 60: [ExpandingMean()], 14: [ExponentiallyWeightedMean(alpha=0.3)]}",lags_200_features_66,145.18139251088863,127.98087239159355,126.09284539080488,113.74715602966725,96.4787818527622,85.12140651211986,73.75275077277924,66.52771436736525,85.80333381384227,116.0541755524978,115.58280664087495
SGD_Ridge,"AutoSeasonalDifferences(max_diffs=380, n_seasons=10, season_length=267) | LocalMinMaxScaler(stats_=[[  5.11211699 325.92896936]])","[1, 2, 3, 4, 5, 6, 7, 8, 9, 12, 13, 14, 15, 16, 17, 18, 21, 22, 23, 27, 28, 33, 34, 36, 37, 40, 42, 43, 45, 64, 72, 73, 74, 78, 97, 105, 118, 129, 130, 131, 144, 147, 150, 152, 154, 156, 157, 159, 163, 170, 172, 174, 176, 181, 185, 186, 187, 188, 189, 191, 192, 193, 194, 195, 196, 198]","{7: [RollingMean(window_size=7), RollingStd(window_size=7)], 30: [RollingMean(window_size=30)], 60: [ExpandingMean()], 14: [ExponentiallyWeightedMean(alpha=0.3)]}",lags_200_features_66,100.23737665589071,94.37826793559975,102.1726887433571,98.74160757636044,87.60301907134091,79.8388849478413,70.173014136734,62.536023022385734,77.99522041878068,111.00001713539291,111.222428336386
SGDRegressor,"AutoSeasonalDifferences(max_diffs=380, n_seasons=10, season_length=267) | LocalMinMaxScaler(stats_=[[  5.11211699 325.92896936]])","[1, 2, 3, 4, 5, 6, 7, 8, 9, 12, 13, 14, 15, 16, 17, 18, 21, 22, 23, 27, 28, 33, 34, 36, 37, 40, 42, 43, 45, 64, 72, 73, 74, 78, 97, 105, 118, 129, 130, 131, 144, 147, 150, 152, 154, 156, 157, 159, 163, 170, 172, 174, 176, 181, 185, 186, 187, 188, 189, 191, 192, 193, 194, 195, 196, 198]","{7: [RollingMean(window_size=7), RollingStd(window_size=7)], 30: [RollingMean(window_size=30)], 60: [ExpandingMean()], 14: [ExponentiallyWeightedMean(alpha=0.3)]}",lags_200_features_66,35.770787987496156,47.02576836279953,41.377069432280585,36.904588217256254,36.08585295377982,40.46882662389652,40.550321589544716,40.77835115001936,45.74349907042573,45.89868525894672,47.35988475084026
XGBRegressor,"AutoSeasonalDifferences(max_diffs=380, n_seasons=10, season_length=267) | LocalMinMaxScaler(stats_=[[  5.11211699 325.92896936]])","[1, 2, 3, 4, 5, 6, 7, 8, 9, 12, 13, 14, 15, 16, 17, 18, 21, 22, 23, 27, 28, 33, 34, 36, 37, 40, 42, 43, 45, 64, 72, 73, 74, 78, 97, 105, 118, 129, 130, 131, 144, 147, 150, 152, 154, 156, 157, 159, 163, 170, 172, 174, 176, 181, 185, 186, 187, 188, 189, 191, 192, 193, 194, 195, 196, 198]","{7: [RollingMean(window_size=7), RollingStd(window_size=7)], 30: [RollingMean(window_size=30)], 60: [ExpandingMean()], 14: [ExponentiallyWeightedMean(alpha=0.3)]}",lags_200_features_66,12.754000395668063,20.760540153686943,22.946940433987074,24.211862117231753,27.48848348730589,28.931482258479914,35.514971877969295,36.24710061998594,37.64529199156226,40.21782695017719,39.77565138967582
LGBMRegressor,"AutoSeasonalDifferences(max_diffs=380, n_seasons=10, season_length=267) | LocalMinMaxScaler(stats_=[[  5.11211699 325.92896936]])","[1, 2, 3, 4, 5, 6, 7, 8, 9, 12, 13, 14, 15, 16, 17, 18, 21, 22, 23, 27, 28, 33, 34, 36, 37, 40, 42, 43, 45, 64, 72, 73, 74, 78, 97, 105, 118, 129, 130, 131, 144, 147, 150, 152, 154, 156, 157, 159, 163, 170, 172, 174, 176, 181, 185, 186, 187, 188, 189, 191, 192, 193, 194, 195, 196, 198]","{7: [RollingMean(window_size=7), RollingStd(window_size=7)], 30: [RollingMean(window_size=30)], 60: [ExpandingMean()], 14: [ExponentiallyWeightedMean(alpha=0.3)]}",lags_200_features_66,15.33752632668826,21.829535519678462,22.378368343938213,22.69275464492365,24.802297158406816,25.111757785486343,31.394609311466265,32.05014266999247,34.64936158554078,39.81042938644265,39.2011888908954
XGBRegressor,"AutoSeasonalDifferences(max_diffs=380, n_seasons=10, season_length=267) | LocalBoxCox(lower=0.0, method=loglik, season_length=None, stats_=[[4.10226185e-05 0.00000000e+00]], upper=2.0)","[1, 2, 3, 4, 5, 6, 7, 8, 9, 12, 13, 14, 15, 16, 17, 18, 21, 22, 23, 27, 28, 33, 34, 36, 37, 40, 42, 43, 45, 64, 72, 73, 74, 78, 97, 105, 118, 129, 130, 131, 144, 147, 150, 152, 154, 156, 157, 159, 163, 170, 172, 174, 176, 181, 185, 186, 187, 188, 189, 191, 192, 193, 194, 195, 196, 198]","{1: [<function expanding_mean at 0x000002C58F7A04A0>], 7: [<function rolling_mean_14 at 0x000002C5930FAA20>], 30: [<function expanding_mean at 0x000002C58F7A04A0>]}",lags_200_features_66,15.230539762990128,23.474548994638067,23.509014675762486,23.97757188023325,26.5950022160187,27.58827425482222,31.61703642990651,47.18226308875914,67.0395417200021,61.570857840995906,60.53253628569281
LGBMRegressor,"AutoSeasonalDifferences(max_diffs=380, n_seasons=10, season_length=267) | LocalBoxCox(lower=0.0, method=loglik, season_length=None, stats_=[[4.10226185e-05 0.00000000e+00]], upper=2.0)","[1, 2, 3, 4, 5, 6, 7, 8, 9, 12, 13, 14, 15, 16, 17, 18, 21, 22, 23, 27, 28, 33, 34, 36, 37, 40, 42, 43, 45, 64, 72, 73, 74, 78, 97, 105, 118, 129, 130, 131, 144, 147, 150, 152, 154, 156, 157, 159, 163, 170, 172, 174, 176, 181, 185, 186, 187, 188, 189, 191, 192, 193, 194, 195, 196, 198]","{1: [<function expanding_mean at 0x000002C58F7A04A0>], 7: [<function rolling_mean_14 at 0x000002C5930FAA20>], 30: [<function expanding_mean at 0x000002C58F7A04A0>]}",lags_200_features_66,19.329462474253344,24.76069964076574,24.912300235260272,25.306103438531807,28.281138578980876,29.078091477406044,33.91040110581303,34.39235463054277,48.543472413819835,49.29356976185673,48.52101624159852
XGBRegressor,"AutoSeasonalDifferences(max_diffs=380, n_seasons=10, season_length=267) | LocalBoxCox(lower=0.0, method=loglik, season_length=None, stats_=[[4.10226185e-05 0.00000000e+00]], upper=2.0)","[1, 2, 3, 4, 5, 6, 7, 8, 9, 12, 13, 14, 15, 16, 17, 18, 21, 22, 23, 27, 28, 33, 34, 36, 37, 40, 42, 43, 45, 64, 72, 73, 74, 78, 97, 105, 118, 129, 130, 131, 144, 147, 150, 152, 154, 156, 157, 159, 163, 170, 172, 174, 176, 181, 185, 186, 187, 188, 189, 191, 192, 193, 194, 195, 196, 198]","{1: [<function rolling_mean_14 at 0x000002C5930FAA20>], 7: [<function rolling_mean_30 at 0x000002C58DBF9260>], 30: [<function expanding_mean at 0x000002C58F7A04A0>]}",lags_200_features_66,19.212038450055815,25.10730411423995,26.42012462286089,27.561714635211338,30.522289317105766,31.12454536072547,34.64324900574755,51.39970729574886,69.45339769306645,62.000429146243306,60.93452867879526
LGBMRegressor,"AutoSeasonalDifferences(max_diffs=380, n_seasons=10, season_length=267) | LocalBoxCox(lower=0.0, method=loglik, season_length=None, stats_=[[4.10226185e-05 0.00000000e+00]], upper=2.0)","[1, 2, 3, 4, 5, 6, 7, 8, 9, 12, 13, 14, 15, 16, 17, 18, 21, 22, 23, 27, 28, 33, 34, 36, 37, 40, 42, 43, 45, 64, 72, 73, 74, 78, 97, 105, 118, 129, 130, 131, 144, 147, 150, 152, 154, 156, 157, 159, 163, 170, 172, 174, 176, 181, 185, 186, 187, 188, 189, 191, 192, 193, 194, 195, 196, 198]","{1: [<function rolling_mean_14 at 0x000002C5930FAA20>], 7: [<function rolling_mean_30 at 0x000002C58DBF9260>], 30: [<function expanding_mean at 0x000002C58F7A04A0>]}",lags_200_features_66,18.406312220871747,23.87075730112298,24.407998484844427,25.5065630162222,28.832177132566006,28.946360238323045,34.571711051834825,48.64103219600321,75.94114815795767,70.8582611817577,69.63099562960376
XGBRegressor,"AutoSeasonalDifferences(max_diffs=380, n_seasons=10, season_length=267) | LocalBoxCox(lower=0.0, method=loglik, season_length=None, stats_=[[4.10226185e-05 0.00000000e+00]], upper=2.0)","[1, 2, 3, 4, 5, 6, 7, 8, 9, 12, 13, 14, 15, 16, 17, 18, 21, 22, 23, 27, 28, 33, 34, 36, 37, 40, 42, 43, 45, 64, 72, 73, 74, 78, 97, 105, 118, 129, 130, 131, 144, 147, 150, 152, 154, 156, 157, 159, 163, 170, 172, 174, 176, 181, 185, 186, 187, 188, 189, 191, 192, 193, 194, 195, 196, 198]","{7: [RollingMean(window_size=7)], 30: [RollingMean(window_size=30)], 60: [RollingMean(window_size=60)]}",lags_200_features_66,18.339821007284737,25.107352361231072,26.10145254724762,27.23284302825627,30.487564036742597,29.796321865992496,33.12913896486654,44.19210540240908,67.59730383597676,63.68853485425664,62.589229727337205
LGBMRegressor,"AutoSeasonalDifferences(max_diffs=380, n_seasons=10, season_length=267) | LocalBoxCox(lower=0.0, method=loglik, season_length=None, stats_=[[4.10226185e-05 0.00000000e+00]], upper=2.0)","[1, 2, 3, 4, 5, 6, 7, 8, 9, 12, 13, 14, 15, 16, 17, 18, 21, 22, 23, 27, 28, 33, 34, 36, 37, 40, 42, 43, 45, 64, 72, 73, 74, 78, 97, 105, 118, 129, 130, 131, 144, 147, 150, 152, 154, 156, 157, 159, 163, 170, 172, 174, 176, 181, 185, 186, 187, 188, 189, 191, 192, 193, 194, 195, 196, 198]","{7: [RollingMean(window_size=7)], 30: [RollingMean(window_size=30)], 60: [RollingMean(window_size=60)]}",lags_200_features_66,18.47948636795404,24.453238870401904,24.533593266173177,25.034455677449536,27.17666460095841,27.11563697122133,31.10161906922014,42.463021281834195,52.394940672819146,47.830345181955515,47.0929722434213
XGBRegressor,"AutoSeasonalDifferences(max_diffs=380, n_seasons=10, season_length=267) | LocalBoxCox(lower=0.0, method=loglik, season_length=None, stats_=[[4.10226185e-05 0.00000000e+00]], upper=2.0)","[1, 2, 3, 4, 5, 6, 7, 8, 9, 12, 13, 14, 15, 16, 17, 18, 21, 22, 23, 27, 28, 33, 34, 36, 37, 40, 42, 43, 45, 64, 72, 73, 74, 78, 97, 105, 118, 129, 130, 131, 144, 147, 150, 152, 154, 156, 157, 159, 163, 170, 172, 174, 176, 181, 185, 186, 187, 188, 189, 191, 192, 193, 194, 195, 196, 198]","{7: [RollingMean(window_size=7), RollingStd(window_size=7)], 30: [RollingMean(window_size=30)], 60: [ExpandingMean()], 14: [ExponentiallyWeightedMean(alpha=0.3)]}",lags_200_features_66,16.64692262771615,22.16958389779436,23.345106561617232,24.846438845654227,28.207882379141115,28.562100615692376,33.944628444502015,33.303688570272506,38.20936366946038,41.37797135724766,40.87831563554574
LGBMRegressor,"AutoSeasonalDifferences(max_diffs=380, n_seasons=10, season_length=267) | LocalBoxCox(lower=0.0, method=loglik, season_length=None, stats_=[[4.10226185e-05 0.00000000e+00]], upper=2.0)","[1, 2, 3, 4, 5, 6, 7, 8, 9, 12, 13, 14, 15, 16, 17, 18, 21, 22, 23, 27, 28, 33, 34, 36, 37, 40, 42, 43, 45, 64, 72, 73, 74, 78, 97, 105, 118, 129, 130, 131, 144, 147, 150, 152, 154, 156, 157, 159, 163, 170, 172, 174, 176, 181, 185, 186, 187, 188, 189, 191, 192, 193, 194, 195, 196, 198]","{7: [RollingMean(window_size=7), RollingStd(window_size=7)], 30: [RollingMean(window_size=30)], 60: [ExpandingMean()], 14: [ExponentiallyWeightedMean(alpha=0.3)]}",lags_200_features_66,17.830758972037625,24.50254063299723,25.415821581384613,26.685607215335256,29.802735212084457,29.63586738807949,34.36011704688744,49.51565410908794,68.99300750503376,63.312065938636216,62.32218181536817
SGD_EarlyStopping,"AutoSeasonalityAndDifferences(max_diffs=380, max_season_length=267, n_seasons=10) | LocalStandardScaler(stats_=[[47.42372721 38.3630083 ]])","[1, 2, 3, 4, 5, 6, 7, 8, 9, 12, 13, 14, 15, 16, 17, 18, 21, 22, 23, 27, 28, 33, 34, 36, 37, 40, 42, 43, 45, 64, 72, 73, 74, 78, 97, 105, 118, 129, 130, 131, 144, 147, 150, 152, 154, 156, 157, 159, 163, 170, 172, 174, 176, 181, 185, 186, 187, 188, 189, 191, 192, 193, 194, 195, 196, 198]","{1: [<function expanding_mean at 0x000002C58F7A04A0>], 7: [<function rolling_mean_14 at 0x000002C5930FAA20>], 30: [<function expanding_mean at 0x000002C58F7A04A0>]}",lags_200_features_66,48.875383132452995,96.39841833119347,138.58504967793957,158.14584706581618,158.9973688855472,149.67824877493825,122.96317876351253,148.38924186467756,314.00372038612454,445.0356254057411,442.15239563458937
SGD_ElasticNet,"AutoSeasonalityAndDifferences(max_diffs=380, max_season_length=267, n_seasons=10) | LocalStandardScaler(stats_=[[47.42372721 38.3630083 ]])","[1, 2, 3, 4, 5, 6, 7, 8, 9, 12, 13, 14, 15, 16, 17, 18, 21, 22, 23, 27, 28, 33, 34, 36, 37, 40, 42, 43, 45, 64, 72, 73, 74, 78, 97, 105, 118, 129, 130, 131, 144, 147, 150, 152, 154, 156, 157, 159, 163, 170, 172, 174, 176, 181, 185, 186, 187, 188, 189, 191, 192, 193, 194, 195, 196, 198]","{1: [<function expanding_mean at 0x000002C58F7A04A0>], 7: [<function rolling_mean_14 at 0x000002C5930FAA20>], 30: [<function expanding_mean at 0x000002C58F7A04A0>]}",lags_200_features_66,58.25527609270094,107.73252539028522,140.65012730121705,143.51570681866502,129.1715487670288,112.17416507158401,95.60553301760372,115.76240231414911,174.16847950284722,219.29170586463934,227.33101432999226
SGD_Lasso,"AutoSeasonalityAndDifferences(max_diffs=380, max_season_length=267, n_seasons=10) | LocalStandardScaler(stats_=[[47.42372721 38.3630083 ]])","[1, 2, 3, 4, 5, 6, 7, 8, 9, 12, 13, 14, 15, 16, 17, 18, 21, 22, 23, 27, 28, 33, 34, 36, 37, 40, 42, 43, 45, 64, 72, 73, 74, 78, 97, 105, 118, 129, 130, 131, 144, 147, 150, 152, 154, 156, 157, 159, 163, 170, 172, 174, 176, 181, 185, 186, 187, 188, 189, 191, 192, 193, 194, 195, 196, 198]","{1: [<function expanding_mean at 0x000002C58F7A04A0>], 7: [<function rolling_mean_14 at 0x000002C5930FAA20>], 30: [<function expanding_mean at 0x000002C58F7A04A0>]}",lags_200_features_66,145.3486003083818,128.13634984913136,126.24703525945526,113.89292643587197,96.60822913827096,85.23553083166401,73.8316621731163,66.59824895949956,85.89418612921607,116.17462348195777,115.70369533749225
SGD_Ridge,"AutoSeasonalityAndDifferences(max_diffs=380, max_season_length=267, n_seasons=10) | LocalStandardScaler(stats_=[[47.42372721 38.3630083 ]])","[1, 2, 3, 4, 5, 6, 7, 8, 9, 12, 13, 14, 15, 16, 17, 18, 21, 22, 23, 27, 28, 33, 34, 36, 37, 40, 42, 43, 45, 64, 72, 73, 74, 78, 97, 105, 118, 129, 130, 131, 144, 147, 150, 152, 154, 156, 157, 159, 163, 170, 172, 174, 176, 181, 185, 186, 187, 188, 189, 191, 192, 193, 194, 195, 196, 198]","{1: [<function expanding_mean at 0x000002C58F7A04A0>], 7: [<function rolling_mean_14 at 0x000002C5930FAA20>], 30: [<function expanding_mean at 0x000002C58F7A04A0>]}",lags_200_features_66,49.30629046553424,72.1906671495833,70.271476505808,58.93844113327506,55.360278066503824,59.84112481456509,57.19385988673764,62.05872058982913,65.65137302386978,78.87659955017452,77.66394677176866
SGDRegressor,"AutoSeasonalityAndDifferences(max_diffs=380, max_season_length=267, n_seasons=10) | LocalStandardScaler(stats_=[[47.42372721 38.3630083 ]])","[1, 2, 3, 4, 5, 6, 7, 8, 9, 12, 13, 14, 15, 16, 17, 18, 21, 22, 23, 27, 28, 33, 34, 36, 37, 40, 42, 43, 45, 64, 72, 73, 74, 78, 97, 105, 118, 129, 130, 131, 144, 147, 150, 152, 154, 156, 157, 159, 163, 170, 172, 174, 176, 181, 185, 186, 187, 188, 189, 191, 192, 193, 194, 195, 196, 198]","{1: [<function expanding_mean at 0x000002C58F7A04A0>], 7: [<function rolling_mean_14 at 0x000002C5930FAA20>], 30: [<function expanding_mean at 0x000002C58F7A04A0>]}",lags_200_features_66,54.12813577166248,96.40963116240397,122.76898695563419,121.55198463015007,105.94083029898493,95.47498434674361,85.90196924767227,107.54829505855082,157.01280810661225,210.18462637185783,217.55920086149877
XGBRegressor,"AutoSeasonalityAndDifferences(max_diffs=380, max_season_length=267, n_seasons=10) | LocalStandardScaler(stats_=[[47.42372721 38.3630083 ]])","[1, 2, 3, 4, 5, 6, 7, 8, 9, 12, 13, 14, 15, 16, 17, 18, 21, 22, 23, 27, 28, 33, 34, 36, 37, 40, 42, 43, 45, 64, 72, 73, 74, 78, 97, 105, 118, 129, 130, 131, 144, 147, 150, 152, 154, 156, 157, 159, 163, 170, 172, 174, 176, 181, 185, 186, 187, 188, 189, 191, 192, 193, 194, 195, 196, 198]","{1: [<function expanding_mean at 0x000002C58F7A04A0>], 7: [<function rolling_mean_14 at 0x000002C5930FAA20>], 30: [<function expanding_mean at 0x000002C58F7A04A0>]}",lags_200_features_66,15.912011542417961,24.501898558771256,25.09210883422256,25.25438407650984,28.171764413558602,29.060528676848673,36.23314272816524,36.92635075421799,41.44009234005141,48.77215299866371,47.99592773285605
LGBMRegressor,"AutoSeasonalityAndDifferences(max_diffs=380, max_season_length=267, n_seasons=10) | LocalStandardScaler(stats_=[[47.42372721 38.3630083 ]])","[1, 2, 3, 4, 5, 6, 7, 8, 9, 12, 13, 14, 15, 16, 17, 18, 21, 22, 23, 27, 28, 33, 34, 36, 37, 40, 42, 43, 45, 64, 72, 73, 74, 78, 97, 105, 118, 129, 130, 131, 144, 147, 150, 152, 154, 156, 157, 159, 163, 170, 172, 174, 176, 181, 185, 186, 187, 188, 189, 191, 192, 193, 194, 195, 196, 198]","{1: [<function expanding_mean at 0x000002C58F7A04A0>], 7: [<function rolling_mean_14 at 0x000002C5930FAA20>], 30: [<function expanding_mean at 0x000002C58F7A04A0>]}",lags_200_features_66,14.329199346668783,20.80432125768716,22.72775437955018,23.78243224923442,27.114177666436863,27.34403127715572,33.30906644564367,33.12858723014401,39.04734301678081,39.3966617088147,38.926590401550904
SGD_EarlyStopping,"AutoSeasonalityAndDifferences(max_diffs=380, max_season_length=267, n_seasons=10) | LocalStandardScaler(stats_=[[47.42372721 38.3630083 ]])","[1, 2, 3, 4, 5, 6, 7, 8, 9, 12, 13, 14, 15, 16, 17, 18, 21, 22, 23, 27, 28, 33, 34, 36, 37, 40, 42, 43, 45, 64, 72, 73, 74, 78, 97, 105, 118, 129, 130, 131, 144, 147, 150, 152, 154, 156, 157, 159, 163, 170, 172, 174, 176, 181, 185, 186, 187, 188, 189, 191, 192, 193, 194, 195, 196, 198]","{1: [<function rolling_mean_14 at 0x000002C5930FAA20>], 7: [<function rolling_mean_30 at 0x000002C58DBF9260>], 30: [<function expanding_mean at 0x000002C58F7A04A0>]}",lags_200_features_66,48.55422912935288,96.14989126884552,138.95083983734605,159.50600860711498,161.29235612287647,152.93527309248432,126.14607553559635,149.95308338830466,319.23952721181314,469.05807166924234,463.2065528892276
SGD_ElasticNet,"AutoSeasonalityAndDifferences(max_diffs=380, max_season_length=267, n_seasons=10) | LocalStandardScaler(stats_=[[47.42372721 38.3630083 ]])","[1, 2, 3, 4, 5, 6, 7, 8, 9, 12, 13, 14, 15, 16, 17, 18, 21, 22, 23, 27, 28, 33, 34, 36, 37, 40, 42, 43, 45, 64, 72, 73, 74, 78, 97, 105, 118, 129, 130, 131, 144, 147, 150, 152, 154, 156, 157, 159, 163, 170, 172, 174, 176, 181, 185, 186, 187, 188, 189, 191, 192, 193, 194, 195, 196, 198]","{1: [<function rolling_mean_14 at 0x000002C5930FAA20>], 7: [<function rolling_mean_30 at 0x000002C58DBF9260>], 30: [<function expanding_mean at 0x000002C58F7A04A0>]}",lags_200_features_66,58.167711732254745,107.62493362623617,140.46247157404534,143.271098216824,128.91924177730894,111.96883277714508,95.42941757566498,115.4623128064353,173.50929742429747,218.36219961317713,226.3329968775236
SGD_Lasso,"AutoSeasonalityAndDifferences(max_diffs=380, max_season_length=267, n_seasons=10) | LocalStandardScaler(stats_=[[47.42372721 38.3630083 ]])","[1, 2, 3, 4, 5, 6, 7, 8, 9, 12, 13, 14, 15, 16, 17, 18, 21, 22, 23, 27, 28, 33, 34, 36, 37, 40, 42, 43, 45, 64, 72, 73, 74, 78, 97, 105, 118, 129, 130, 131, 144, 147, 150, 152, 154, 156, 157, 159, 163, 170, 172, 174, 176, 181, 185, 186, 187, 188, 189, 191, 192, 193, 194, 195, 196, 198]","{1: [<function rolling_mean_14 at 0x000002C5930FAA20>], 7: [<function rolling_mean_30 at 0x000002C58DBF9260>], 30: [<function expanding_mean at 0x000002C58F7A04A0>]}",lags_200_features_66,145.34859958849665,128.13634917974923,126.2470345956166,113.8929258082819,96.60822858095732,85.23553034032084,73.83166183178385,66.59824865455056,85.89418573700486,116.17462296259305,115.70369481625247
SGD_Ridge,"AutoSeasonalityAndDifferences(max_diffs=380, max_season_length=267, n_seasons=10) | LocalStandardScaler(stats_=[[47.42372721 38.3630083 ]])","[1, 2, 3, 4, 5, 6, 7, 8, 9, 12, 13, 14, 15, 16, 17, 18, 21, 22, 23, 27, 28, 33, 34, 36, 37, 40, 42, 43, 45, 64, 72, 73, 74, 78, 97, 105, 118, 129, 130, 131, 144, 147, 150, 152, 154, 156, 157, 159, 163, 170, 172, 174, 176, 181, 185, 186, 187, 188, 189, 191, 192, 193, 194, 195, 196, 198]","{1: [<function rolling_mean_14 at 0x000002C5930FAA20>], 7: [<function rolling_mean_30 at 0x000002C58DBF9260>], 30: [<function expanding_mean at 0x000002C58F7A04A0>]}",lags_200_features_66,49.512129799601695,72.5804332843779,70.97362036905454,59.51298631251286,55.74194686497302,60.21078811245415,57.62091146176459,62.77894667371474,66.60385517882342,81.1466784872861,79.7167868825022
SGDRegressor,"AutoSeasonalityAndDifferences(max_diffs=380, max_season_length=267, n_seasons=10) | LocalStandardScaler(stats_=[[47.42372721 38.3630083 ]])","[1, 2, 3, 4, 5, 6, 7, 8, 9, 12, 13, 14, 15, 16, 17, 18, 21, 22, 23, 27, 28, 33, 34, 36, 37, 40, 42, 43, 45, 64, 72, 73, 74, 78, 97, 105, 118, 129, 130, 131, 144, 147, 150, 152, 154, 156, 157, 159, 163, 170, 172, 174, 176, 181, 185, 186, 187, 188, 189, 191, 192, 193, 194, 195, 196, 198]","{1: [<function rolling_mean_14 at 0x000002C5930FAA20>], 7: [<function rolling_mean_30 at 0x000002C58DBF9260>], 30: [<function expanding_mean at 0x000002C58F7A04A0>]}",lags_200_features_66,54.053697069763494,96.55463227561503,123.31000354303414,122.47830252574194,107.03150110526816,96.16973377443898,86.33628787009549,108.40066207466967,159.85147226270814,212.66690223768916,220.33008082923985
XGBRegressor,"AutoSeasonalityAndDifferences(max_diffs=380, max_season_length=267, n_seasons=10) | LocalStandardScaler(stats_=[[47.42372721 38.3630083 ]])","[1, 2, 3, 4, 5, 6, 7, 8, 9, 12, 13, 14, 15, 16, 17, 18, 21, 22, 23, 27, 28, 33, 34, 36, 37, 40, 42, 43, 45, 64, 72, 73, 74, 78, 97, 105, 118, 129, 130, 131, 144, 147, 150, 152, 154, 156, 157, 159, 163, 170, 172, 174, 176, 181, 185, 186, 187, 188, 189, 191, 192, 193, 194, 195, 196, 198]","{1: [<function rolling_mean_14 at 0x000002C5930FAA20>], 7: [<function rolling_mean_30 at 0x000002C58DBF9260>], 30: [<function expanding_mean at 0x000002C58F7A04A0>]}",lags_200_features_66,14.330561469691853,22.998858667805905,25.2419978349336,26.424599284975248,29.23124733665865,28.36385628584368,32.81989528551174,32.76975092167515,38.62985082120686,47.761148975124364,47.1187510327781
LGBMRegressor,"AutoSeasonalityAndDifferences(max_diffs=380, max_season_length=267, n_seasons=10) | LocalStandardScaler(stats_=[[47.42372721 38.3630083 ]])","[1, 2, 3, 4, 5, 6, 7, 8, 9, 12, 13, 14, 15, 16, 17, 18, 21, 22, 23, 27, 28, 33, 34, 36, 37, 40, 42, 43, 45, 64, 72, 73, 74, 78, 97, 105, 118, 129, 130, 131, 144, 147, 150, 152, 154, 156, 157, 159, 163, 170, 172, 174, 176, 181, 185, 186, 187, 188, 189, 191, 192, 193, 194, 195, 196, 198]","{1: [<function rolling_mean_14 at 0x000002C5930FAA20>], 7: [<function rolling_mean_30 at 0x000002C58DBF9260>], 30: [<function expanding_mean at 0x000002C58F7A04A0>]}",lags_200_features_66,16.62818305479161,23.83751639465172,24.587921767909318,25.831240656513167,29.165047894022774,29.08416608959032,33.61253446240001,33.18800903166837,38.55218343952222,38.389235800381186,37.93362642888417
SGD_EarlyStopping,"AutoSeasonalityAndDifferences(max_diffs=380, max_season_length=267, n_seasons=10) | LocalStandardScaler(stats_=[[47.42372721 38.3630083 ]])","[1, 2, 3, 4, 5, 6, 7, 8, 9, 12, 13, 14, 15, 16, 17, 18, 21, 22, 23, 27, 28, 33, 34, 36, 37, 40, 42, 43, 45, 64, 72, 73, 74, 78, 97, 105, 118, 129, 130, 131, 144, 147, 150, 152, 154, 156, 157, 159, 163, 170, 172, 174, 176, 181, 185, 186, 187, 188, 189, 191, 192, 193, 194, 195, 196, 198]","{7: [RollingMean(window_size=7)], 30: [RollingMean(window_size=30)], 60: [RollingMean(window_size=60)]}",lags_200_features_66,49.05419587954072,97.34301253607995,140.46349502925398,160.78767598627203,161.9429873025513,152.87270050387627,125.69254894948885,150.99166071227776,319.7900444389967,455.0679822496287,452.0804411676366
SGD_ElasticNet,"AutoSeasonalityAndDifferences(max_diffs=380, max_season_length=267, n_seasons=10) | LocalStandardScaler(stats_=[[47.42372721 38.3630083 ]])","[1, 2, 3, 4, 5, 6, 7, 8, 9, 12, 13, 14, 15, 16, 17, 18, 21, 22, 23, 27, 28, 33, 34, 36, 37, 40, 42, 43, 45, 64, 72, 73, 74, 78, 97, 105, 118, 129, 130, 131, 144, 147, 150, 152, 154, 156, 157, 159, 163, 170, 172, 174, 176, 181, 185, 186, 187, 188, 189, 191, 192, 193, 194, 195, 196, 198]","{7: [RollingMean(window_size=7)], 30: [RollingMean(window_size=30)], 60: [RollingMean(window_size=60)]}",lags_200_features_66,58.23666100745797,108.587772880913,142.4778285780567,145.8527205553918,131.53011959013168,114.01478944608039,96.77742657276542,116.92899296858074,176.49741488827823,221.68928597694432,229.83937378802307
SGD_Lasso,"AutoSeasonalityAndDifferences(max_diffs=380, max_season_length=267, n_seasons=10) | LocalStandardScaler(stats_=[[47.42372721 38.3630083 ]])","[1, 2, 3, 4, 5, 6, 7, 8, 9, 12, 13, 14, 15, 16, 17, 18, 21, 22, 23, 27, 28, 33, 34, 36, 37, 40, 42, 43, 45, 64, 72, 73, 74, 78, 97, 105, 118, 129, 130, 131, 144, 147, 150, 152, 154, 156, 157, 159, 163, 170, 172, 174, 176, 181, 185, 186, 187, 188, 189, 191, 192, 193, 194, 195, 196, 198]","{7: [RollingMean(window_size=7)], 30: [RollingMean(window_size=30)], 60: [RollingMean(window_size=60)]}",lags_200_features_66,145.34861920497227,128.13636742004542,126.24705268485548,113.89294290976677,96.60824376744716,85.23554372915176,73.83167113290564,66.59825696424275,85.8941964245442,116.17463711499605,115.7037090197504
SGD_Ridge,"AutoSeasonalityAndDifferences(max_diffs=380, max_season_length=267, n_seasons=10) | LocalStandardScaler(stats_=[[47.42372721 38.3630083 ]])","[1, 2, 3, 4, 5, 6, 7, 8, 9, 12, 13, 14, 15, 16, 17, 18, 21, 22, 23, 27, 28, 33, 34, 36, 37, 40, 42, 43, 45, 64, 72, 73, 74, 78, 97, 105, 118, 129, 130, 131, 144, 147, 150, 152, 154, 156, 157, 159, 163, 170, 172, 174, 176, 181, 185, 186, 187, 188, 189, 191, 192, 193, 194, 195, 196, 198]","{7: [RollingMean(window_size=7)], 30: [RollingMean(window_size=30)], 60: [RollingMean(window_size=60)]}",lags_200_features_66,49.456745920407336,72.097834142317,69.88137467243376,58.61514803627978,55.245767826786086,59.76792242534567,57.02503634867462,61.63437449074021,64.90311622129126,77.31617992761173,76.30725111484587
SGDRegressor,"AutoSeasonalityAndDifferences(max_diffs=380, max_season_length=267, n_seasons=10) | LocalStandardScaler(stats_=[[47.42372721 38.3630083 ]])","[1, 2, 3, 4, 5, 6, 7, 8, 9, 12, 13, 14, 15, 16, 17, 18, 21, 22, 23, 27, 28, 33, 34, 36, 37, 40, 42, 43, 45, 64, 72, 73, 74, 78, 97, 105, 118, 129, 130, 131, 144, 147, 150, 152, 154, 156, 157, 159, 163, 170, 172, 174, 176, 181, 185, 186, 187, 188, 189, 191, 192, 193, 194, 195, 196, 198]","{7: [RollingMean(window_size=7)], 30: [RollingMean(window_size=30)], 60: [RollingMean(window_size=60)]}",lags_200_features_66,54.67841092153303,98.19795645654473,125.91872479217945,125.5652405994059,110.05745977108315,98.33414413858527,87.59674629683101,109.74198200593945,163.21634068517633,215.071189330431,222.90200546724233
XGBRegressor,"AutoSeasonalityAndDifferences(max_diffs=380, max_season_length=267, n_seasons=10) | LocalStandardScaler(stats_=[[47.42372721 38.3630083 ]])","[1, 2, 3, 4, 5, 6, 7, 8, 9, 12, 13, 14, 15, 16, 17, 18, 21, 22, 23, 27, 28, 33, 34, 36, 37, 40, 42, 43, 45, 64, 72, 73, 74, 78, 97, 105, 118, 129, 130, 131, 144, 147, 150, 152, 154, 156, 157, 159, 163, 170, 172, 174, 176, 181, 185, 186, 187, 188, 189, 191, 192, 193, 194, 195, 196, 198]","{7: [RollingMean(window_size=7)], 30: [RollingMean(window_size=30)], 60: [RollingMean(window_size=60)]}",lags_200_features_66,13.265163937206529,22.256768106222506,23.94343614426,25.372314236018983,27.53679331927199,27.1569613569297,33.11904215766539,32.96369856471609,41.46370308131104,44.12012356936727,43.3589242639511
LGBMRegressor,"AutoSeasonalityAndDifferences(max_diffs=380, max_season_length=267, n_seasons=10) | LocalStandardScaler(stats_=[[47.42372721 38.3630083 ]])","[1, 2, 3, 4, 5, 6, 7, 8, 9, 12, 13, 14, 15, 16, 17, 18, 21, 22, 23, 27, 28, 33, 34, 36, 37, 40, 42, 43, 45, 64, 72, 73, 74, 78, 97, 105, 118, 129, 130, 131, 144, 147, 150, 152, 154, 156, 157, 159, 163, 170, 172, 174, 176, 181, 185, 186, 187, 188, 189, 191, 192, 193, 194, 195, 196, 198]","{7: [RollingMean(window_size=7)], 30: [RollingMean(window_size=30)], 60: [RollingMean(window_size=60)]}",lags_200_features_66,16.304424451765435,23.2716568664518,23.273769536260165,23.23233843877702,24.861483708547638,24.67074153912656,31.413637867023613,32.583413409662604,34.62875108721868,39.810137933480945,39.31427114607328
SGD_EarlyStopping,"AutoSeasonalityAndDifferences(max_diffs=380, max_season_length=267, n_seasons=10) | LocalStandardScaler(stats_=[[47.42372721 38.3630083 ]])","[1, 2, 3, 4, 5, 6, 7, 8, 9, 12, 13, 14, 15, 16, 17, 18, 21, 22, 23, 27, 28, 33, 34, 36, 37, 40, 42, 43, 45, 64, 72, 73, 74, 78, 97, 105, 118, 129, 130, 131, 144, 147, 150, 152, 154, 156, 157, 159, 163, 170, 172, 174, 176, 181, 185, 186, 187, 188, 189, 191, 192, 193, 194, 195, 196, 198]","{7: [RollingMean(window_size=7), RollingStd(window_size=7)], 30: [RollingMean(window_size=30)], 60: [ExpandingMean()], 14: [ExponentiallyWeightedMean(alpha=0.3)]}",lags_200_features_66,48.5703843055943,94.18919324115197,131.4986029738402,145.83193242437645,142.89959394071826,130.6654679480116,107.00686891948064,131.65220866164293,254.4166163137789,310.2663136758334,316.84678051641686
SGD_ElasticNet,"AutoSeasonalityAndDifferences(max_diffs=380, max_season_length=267, n_seasons=10) | LocalStandardScaler(stats_=[[47.42372721 38.3630083 ]])","[1, 2, 3, 4, 5, 6, 7, 8, 9, 12, 13, 14, 15, 16, 17, 18, 21, 22, 23, 27, 28, 33, 34, 36, 37, 40, 42, 43, 45, 64, 72, 73, 74, 78, 97, 105, 118, 129, 130, 131, 144, 147, 150, 152, 154, 156, 157, 159, 163, 170, 172, 174, 176, 181, 185, 186, 187, 188, 189, 191, 192, 193, 194, 195, 196, 198]","{7: [RollingMean(window_size=7), RollingStd(window_size=7)], 30: [RollingMean(window_size=30)], 60: [ExpandingMean()], 14: [ExponentiallyWeightedMean(alpha=0.3)]}",lags_200_features_66,58.65514276314829,108.41357417944091,140.50345420333502,142.15227099595344,126.89107499082574,110.52593747429866,94.26745258271268,112.50832498616512,162.93956367131534,208.34557720760714,215.37452004160676
SGD_Lasso,"AutoSeasonalityAndDifferences(max_diffs=380, max_season_length=267, n_seasons=10) | LocalStandardScaler(stats_=[[47.42372721 38.3630083 ]])","[1, 2, 3, 4, 5, 6, 7, 8, 9, 12, 13, 14, 15, 16, 17, 18, 21, 22, 23, 27, 28, 33, 34, 36, 37, 40, 42, 43, 45, 64, 72, 73, 74, 78, 97, 105, 118, 129, 130, 131, 144, 147, 150, 152, 154, 156, 157, 159, 163, 170, 172, 174, 176, 181, 185, 186, 187, 188, 189, 191, 192, 193, 194, 195, 196, 198]","{7: [RollingMean(window_size=7), RollingStd(window_size=7)], 30: [RollingMean(window_size=30)], 60: [ExpandingMean()], 14: [ExponentiallyWeightedMean(alpha=0.3)]}",lags_200_features_66,145.3485963380788,128.136346157362,126.24703159825934,113.89292297459386,96.60822606458085,85.2355281218135,73.8316602906032,66.59824727764818,85.89418396609712,116.17462061756308,115.70369246275614
SGD_Ridge,"AutoSeasonalityAndDifferences(max_diffs=380, max_season_length=267, n_seasons=10) | LocalStandardScaler(stats_=[[47.42372721 38.3630083 ]])","[1, 2, 3, 4, 5, 6, 7, 8, 9, 12, 13, 14, 15, 16, 17, 18, 21, 22, 23, 27, 28, 33, 34, 36, 37, 40, 42, 43, 45, 64, 72, 73, 74, 78, 97, 105, 118, 129, 130, 131, 144, 147, 150, 152, 154, 156, 157, 159, 163, 170, 172, 174, 176, 181, 185, 186, 187, 188, 189, 191, 192, 193, 194, 195, 196, 198]","{7: [RollingMean(window_size=7), RollingStd(window_size=7)], 30: [RollingMean(window_size=30)], 60: [ExpandingMean()], 14: [ExponentiallyWeightedMean(alpha=0.3)]}",lags_200_features_66,49.30355297106133,72.4880924764595,70.85803978567651,59.4091293567084,55.484499989975525,59.698296255291915,56.977262271721365,61.983907247030835,66.05921708326197,78.64923742899666,77.32678399489954
SGDRegressor,"AutoSeasonalityAndDifferences(max_diffs=380, max_season_length=267, n_seasons=10) | LocalStandardScaler(stats_=[[47.42372721 38.3630083 ]])","[1, 2, 3, 4, 5, 6, 7, 8, 9, 12, 13, 14, 15, 16, 17, 18, 21, 22, 23, 27, 28, 33, 34, 36, 37, 40, 42, 43, 45, 64, 72, 73, 74, 78, 97, 105, 118, 129, 130, 131, 144, 147, 150, 152, 154, 156, 157, 159, 163, 170, 172, 174, 176, 181, 185, 186, 187, 188, 189, 191, 192, 193, 194, 195, 196, 198]","{7: [RollingMean(window_size=7), RollingStd(window_size=7)], 30: [RollingMean(window_size=30)], 60: [ExpandingMean()], 14: [ExponentiallyWeightedMean(alpha=0.3)]}",lags_200_features_66,54.813570166646805,97.25971425893107,122.56389985190981,120.1164585918042,103.92474060325041,94.15460523578587,84.4012232296658,103.55502241868726,145.52435549233874,196.6181818832718,202.65120416402956
XGBRegressor,"AutoSeasonalityAndDifferences(max_diffs=380, max_season_length=267, n_seasons=10) | LocalStandardScaler(stats_=[[47.42372721 38.3630083 ]])","[1, 2, 3, 4, 5, 6, 7, 8, 9, 12, 13, 14, 15, 16, 17, 18, 21, 22, 23, 27, 28, 33, 34, 36, 37, 40, 42, 43, 45, 64, 72, 73, 74, 78, 97, 105, 118, 129, 130, 131, 144, 147, 150, 152, 154, 156, 157, 159, 163, 170, 172, 174, 176, 181, 185, 186, 187, 188, 189, 191, 192, 193, 194, 195, 196, 198]","{7: [RollingMean(window_size=7), RollingStd(window_size=7)], 30: [RollingMean(window_size=30)], 60: [ExpandingMean()], 14: [ExponentiallyWeightedMean(alpha=0.3)]}",lags_200_features_66,13.910241043531546,20.95076364425106,23.02338631213835,24.05054246546838,27.376634475880167,28.548979609985558,34.19153614922062,35.11187779677009,36.5121181877241,37.61531086739194,37.27713865715189
LGBMRegressor,"AutoSeasonalityAndDifferences(max_diffs=380, max_season_length=267, n_seasons=10) | LocalStandardScaler(stats_=[[47.42372721 38.3630083 ]])","[1, 2, 3, 4, 5, 6, 7, 8, 9, 12, 13, 14, 15, 16, 17, 18, 21, 22, 23, 27, 28, 33, 34, 36, 37, 40, 42, 43, 45, 64, 72, 73, 74, 78, 97, 105, 118, 129, 130, 131, 144, 147, 150, 152, 154, 156, 157, 159, 163, 170, 172, 174, 176, 181, 185, 186, 187, 188, 189, 191, 192, 193, 194, 195, 196, 198]","{7: [RollingMean(window_size=7), RollingStd(window_size=7)], 30: [RollingMean(window_size=30)], 60: [ExpandingMean()], 14: [ExponentiallyWeightedMean(alpha=0.3)]}",lags_200_features_66,16.919106484138126,24.26284535048308,24.62505492157696,24.475549955114033,26.18009637312818,25.72181379672057,31.85240810129662,32.08491076824571,34.538335328507934,38.955385374189504,38.35669158552583
SGD_EarlyStopping,"AutoSeasonalityAndDifferences(max_diffs=380, max_season_length=267, n_seasons=10) | LocalMinMaxScaler(stats_=[[  5.11211699 325.92896936]])","[1, 2, 3, 4, 5, 6, 7, 8, 9, 12, 13, 14, 15, 16, 17, 18, 21, 22, 23, 27, 28, 33, 34, 36, 37, 40, 42, 43, 45, 64, 72, 73, 74, 78, 97, 105, 118, 129, 130, 131, 144, 147, 150, 152, 154, 156, 157, 159, 163, 170, 172, 174, 176, 181, 185, 186, 187, 188, 189, 191, 192, 193, 194, 195, 196, 198]","{1: [<function expanding_mean at 0x000002C58F7A04A0>], 7: [<function rolling_mean_14 at 0x000002C5930FAA20>], 30: [<function expanding_mean at 0x000002C58F7A04A0>]}",lags_200_features_66,29.888035921087415,37.74449067059245,70.24768509354433,97.74518089676678,112.63494968715247,127.66868535386263,119.70645000881849,104.97649227298554,101.6482863336542,111.48612721144376,116.61245994347466
SGD_ElasticNet,"AutoSeasonalityAndDifferences(max_diffs=380, max_season_length=267, n_seasons=10) | LocalMinMaxScaler(stats_=[[  5.11211699 325.92896936]])","[1, 2, 3, 4, 5, 6, 7, 8, 9, 12, 13, 14, 15, 16, 17, 18, 21, 22, 23, 27, 28, 33, 34, 36, 37, 40, 42, 43, 45, 64, 72, 73, 74, 78, 97, 105, 118, 129, 130, 131, 144, 147, 150, 152, 154, 156, 157, 159, 163, 170, 172, 174, 176, 181, 185, 186, 187, 188, 189, 191, 192, 193, 194, 195, 196, 198]","{1: [<function expanding_mean at 0x000002C58F7A04A0>], 7: [<function rolling_mean_14 at 0x000002C5930FAA20>], 30: [<function expanding_mean at 0x000002C58F7A04A0>]}",lags_200_features_66,17.782880054880014,24.233251377190268,23.982995823506016,28.101134585221033,30.40399864036524,35.19374522171668,35.73851595600766,35.40601722910874,43.9376388309283,60.80396677618089,62.584015101210156
SGD_Lasso,"AutoSeasonalityAndDifferences(max_diffs=380, max_season_length=267, n_seasons=10) | LocalMinMaxScaler(stats_=[[  5.11211699 325.92896936]])","[1, 2, 3, 4, 5, 6, 7, 8, 9, 12, 13, 14, 15, 16, 17, 18, 21, 22, 23, 27, 28, 33, 34, 36, 37, 40, 42, 43, 45, 64, 72, 73, 74, 78, 97, 105, 118, 129, 130, 131, 144, 147, 150, 152, 154, 156, 157, 159, 163, 170, 172, 174, 176, 181, 185, 186, 187, 188, 189, 191, 192, 193, 194, 195, 196, 198]","{1: [<function expanding_mean at 0x000002C58F7A04A0>], 7: [<function rolling_mean_14 at 0x000002C5930FAA20>], 30: [<function expanding_mean at 0x000002C58F7A04A0>]}",lags_200_features_66,145.18139251088863,127.98087239159355,126.09284539080488,113.74715602966725,96.4787818527622,85.12140651211986,73.75275077277924,66.52771436736525,85.80333381384227,116.0541755524978,115.58280664087495
SGD_Ridge,"AutoSeasonalityAndDifferences(max_diffs=380, max_season_length=267, n_seasons=10) | LocalMinMaxScaler(stats_=[[  5.11211699 325.92896936]])","[1, 2, 3, 4, 5, 6, 7, 8, 9, 12, 13, 14, 15, 16, 17, 18, 21, 22, 23, 27, 28, 33, 34, 36, 37, 40, 42, 43, 45, 64, 72, 73, 74, 78, 97, 105, 118, 129, 130, 131, 144, 147, 150, 152, 154, 156, 157, 159, 163, 170, 172, 174, 176, 181, 185, 186, 187, 188, 189, 191, 192, 193, 194, 195, 196, 198]","{1: [<function expanding_mean at 0x000002C58F7A04A0>], 7: [<function rolling_mean_14 at 0x000002C5930FAA20>], 30: [<function expanding_mean at 0x000002C58F7A04A0>]}",lags_200_features_66,101.18456086592134,95.12440791119438,102.7447549401334,99.16985618898063,87.91478493543643,80.06514525485898,70.34091784746835,62.69026840619897,78.29445705781912,111.3016952338326,111.50688357349966
SGDRegressor,"AutoSeasonalityAndDifferences(max_diffs=380, max_season_length=267, n_seasons=10) | LocalMinMaxScaler(stats_=[[  5.11211699 325.92896936]])","[1, 2, 3, 4, 5, 6, 7, 8, 9, 12, 13, 14, 15, 16, 17, 18, 21, 22, 23, 27, 28, 33, 34, 36, 37, 40, 42, 43, 45, 64, 72, 73, 74, 78, 97, 105, 118, 129, 130, 131, 144, 147, 150, 152, 154, 156, 157, 159, 163, 170, 172, 174, 176, 181, 185, 186, 187, 188, 189, 191, 192, 193, 194, 195, 196, 198]","{1: [<function expanding_mean at 0x000002C58F7A04A0>], 7: [<function rolling_mean_14 at 0x000002C5930FAA20>], 30: [<function expanding_mean at 0x000002C58F7A04A0>]}",lags_200_features_66,35.36284307144438,46.32770062569133,40.4755352971652,36.54872125030785,36.142695845605154,40.81398607473927,40.87934015818318,41.154008346642115,46.22925823332729,46.633015561907214,48.14031854483531
XGBRegressor,"AutoSeasonalityAndDifferences(max_diffs=380, max_season_length=267, n_seasons=10) | LocalMinMaxScaler(stats_=[[  5.11211699 325.92896936]])","[1, 2, 3, 4, 5, 6, 7, 8, 9, 12, 13, 14, 15, 16, 17, 18, 21, 22, 23, 27, 28, 33, 34, 36, 37, 40, 42, 43, 45, 64, 72, 73, 74, 78, 97, 105, 118, 129, 130, 131, 144, 147, 150, 152, 154, 156, 157, 159, 163, 170, 172, 174, 176, 181, 185, 186, 187, 188, 189, 191, 192, 193, 194, 195, 196, 198]","{1: [<function expanding_mean at 0x000002C58F7A04A0>], 7: [<function rolling_mean_14 at 0x000002C5930FAA20>], 30: [<function expanding_mean at 0x000002C58F7A04A0>]}",lags_200_features_66,14.44770366382622,22.133077878330724,23.717430240160635,24.327853641565557,27.50956911440686,28.050440360329677,35.8748678845518,36.52240647736234,41.489734357488146,45.917182559290666,45.1663412252106
LGBMRegressor,"AutoSeasonalityAndDifferences(max_diffs=380, max_season_length=267, n_seasons=10) | LocalMinMaxScaler(stats_=[[  5.11211699 325.92896936]])","[1, 2, 3, 4, 5, 6, 7, 8, 9, 12, 13, 14, 15, 16, 17, 18, 21, 22, 23, 27, 28, 33, 34, 36, 37, 40, 42, 43, 45, 64, 72, 73, 74, 78, 97, 105, 118, 129, 130, 131, 144, 147, 150, 152, 154, 156, 157, 159, 163, 170, 172, 174, 176, 181, 185, 186, 187, 188, 189, 191, 192, 193, 194, 195, 196, 198]","{1: [<function expanding_mean at 0x000002C58F7A04A0>], 7: [<function rolling_mean_14 at 0x000002C5930FAA20>], 30: [<function expanding_mean at 0x000002C58F7A04A0>]}",lags_200_features_66,15.58113312264836,22.013987292752105,23.597065046920722,24.85279350253207,28.117229663442266,28.72563477444205,35.38959569246561,35.022327857688495,37.8486304858707,38.67292669161244,38.12784287733638
SGD_EarlyStopping,"AutoSeasonalityAndDifferences(max_diffs=380, max_season_length=267, n_seasons=10) | LocalMinMaxScaler(stats_=[[  5.11211699 325.92896936]])","[1, 2, 3, 4, 5, 6, 7, 8, 9, 12, 13, 14, 15, 16, 17, 18, 21, 22, 23, 27, 28, 33, 34, 36, 37, 40, 42, 43, 45, 64, 72, 73, 74, 78, 97, 105, 118, 129, 130, 131, 144, 147, 150, 152, 154, 156, 157, 159, 163, 170, 172, 174, 176, 181, 185, 186, 187, 188, 189, 191, 192, 193, 194, 195, 196, 198]","{1: [<function rolling_mean_14 at 0x000002C5930FAA20>], 7: [<function rolling_mean_30 at 0x000002C58DBF9260>], 30: [<function expanding_mean at 0x000002C58F7A04A0>]}",lags_200_features_66,31.029801368512967,39.46132829808722,72.49856975923757,100.28488788961782,115.27850820746066,130.4428189880686,122.33213759743336,107.26047392749666,103.78334268919593,113.43764903061684,118.50326835252791
SGD_ElasticNet,"AutoSeasonalityAndDifferences(max_diffs=380, max_season_length=267, n_seasons=10) | LocalMinMaxScaler(stats_=[[  5.11211699 325.92896936]])","[1, 2, 3, 4, 5, 6, 7, 8, 9, 12, 13, 14, 15, 16, 17, 18, 21, 22, 23, 27, 28, 33, 34, 36, 37, 40, 42, 43, 45, 64, 72, 73, 74, 78, 97, 105, 118, 129, 130, 131, 144, 147, 150, 152, 154, 156, 157, 159, 163, 170, 172, 174, 176, 181, 185, 186, 187, 188, 189, 191, 192, 193, 194, 195, 196, 198]","{1: [<function rolling_mean_14 at 0x000002C5930FAA20>], 7: [<function rolling_mean_30 at 0x000002C58DBF9260>], 30: [<function expanding_mean at 0x000002C58F7A04A0>]}",lags_200_features_66,17.57716448725615,24.00357540831273,23.859703942569084,28.089879533672974,30.478004325109424,35.34579682078225,35.89481077052996,35.56144198148712,44.04165617153729,60.71324005136477,62.50526988757977
SGD_Lasso,"AutoSeasonalityAndDifferences(max_diffs=380, max_season_length=267, n_seasons=10) | LocalMinMaxScaler(stats_=[[  5.11211699 325.92896936]])","[1, 2, 3, 4, 5, 6, 7, 8, 9, 12, 13, 14, 15, 16, 17, 18, 21, 22, 23, 27, 28, 33, 34, 36, 37, 40, 42, 43, 45, 64, 72, 73, 74, 78, 97, 105, 118, 129, 130, 131, 144, 147, 150, 152, 154, 156, 157, 159, 163, 170, 172, 174, 176, 181, 185, 186, 187, 188, 189, 191, 192, 193, 194, 195, 196, 198]","{1: [<function rolling_mean_14 at 0x000002C5930FAA20>], 7: [<function rolling_mean_30 at 0x000002C58DBF9260>], 30: [<function expanding_mean at 0x000002C58F7A04A0>]}",lags_200_features_66,145.18139251088863,127.98087239159355,126.09284539080488,113.74715602966725,96.4787818527622,85.12140651211986,73.75275077277924,66.52771436736525,85.80333381384227,116.0541755524978,115.58280664087495
SGD_Ridge,"AutoSeasonalityAndDifferences(max_diffs=380, max_season_length=267, n_seasons=10) | LocalMinMaxScaler(stats_=[[  5.11211699 325.92896936]])","[1, 2, 3, 4, 5, 6, 7, 8, 9, 12, 13, 14, 15, 16, 17, 18, 21, 22, 23, 27, 28, 33, 34, 36, 37, 40, 42, 43, 45, 64, 72, 73, 74, 78, 97, 105, 118, 129, 130, 131, 144, 147, 150, 152, 154, 156, 157, 159, 163, 170, 172, 174, 176, 181, 185, 186, 187, 188, 189, 191, 192, 193, 194, 195, 196, 198]","{1: [<function rolling_mean_14 at 0x000002C5930FAA20>], 7: [<function rolling_mean_30 at 0x000002C58DBF9260>], 30: [<function expanding_mean at 0x000002C58F7A04A0>]}",lags_200_features_66,100.85302651264207,94.94192153940237,102.65208830800145,99.13796232472146,87.9253586040031,80.10139371499221,70.36414467938314,62.70313058658816,78.25250111294886,111.28735608770617,111.50091532343826
SGDRegressor,"AutoSeasonalityAndDifferences(max_diffs=380, max_season_length=267, n_seasons=10) | LocalMinMaxScaler(stats_=[[  5.11211699 325.92896936]])","[1, 2, 3, 4, 5, 6, 7, 8, 9, 12, 13, 14, 15, 16, 17, 18, 21, 22, 23, 27, 28, 33, 34, 36, 37, 40, 42, 43, 45, 64, 72, 73, 74, 78, 97, 105, 118, 129, 130, 131, 144, 147, 150, 152, 154, 156, 157, 159, 163, 170, 172, 174, 176, 181, 185, 186, 187, 188, 189, 191, 192, 193, 194, 195, 196, 198]","{1: [<function rolling_mean_14 at 0x000002C5930FAA20>], 7: [<function rolling_mean_30 at 0x000002C58DBF9260>], 30: [<function expanding_mean at 0x000002C58F7A04A0>]}",lags_200_features_66,35.43464426843626,46.50064832708656,40.732947872599354,36.675383731606104,36.22771985632596,40.94748787465917,41.040777543263054,41.36889088781915,46.38362810474613,46.30579404692015,47.78505005597713
XGBRegressor,"AutoSeasonalityAndDifferences(max_diffs=380, max_season_length=267, n_seasons=10) | LocalMinMaxScaler(stats_=[[  5.11211699 325.92896936]])","[1, 2, 3, 4, 5, 6, 7, 8, 9, 12, 13, 14, 15, 16, 17, 18, 21, 22, 23, 27, 28, 33, 34, 36, 37, 40, 42, 43, 45, 64, 72, 73, 74, 78, 97, 105, 118, 129, 130, 131, 144, 147, 150, 152, 154, 156, 157, 159, 163, 170, 172, 174, 176, 181, 185, 186, 187, 188, 189, 191, 192, 193, 194, 195, 196, 198]","{1: [<function rolling_mean_14 at 0x000002C5930FAA20>], 7: [<function rolling_mean_30 at 0x000002C58DBF9260>], 30: [<function expanding_mean at 0x000002C58F7A04A0>]}",lags_200_features_66,15.840189698356491,24.37319602529399,26.135062836808686,27.340420926380027,30.045903544052,29.301486802444742,33.83434306963905,33.9845322490844,39.84266047237284,49.52870068986031,48.807231150022375
LGBMRegressor,"AutoSeasonalityAndDifferences(max_diffs=380, max_season_length=267, n_seasons=10) | LocalMinMaxScaler(stats_=[[  5.11211699 325.92896936]])","[1, 2, 3, 4, 5, 6, 7, 8, 9, 12, 13, 14, 15, 16, 17, 18, 21, 22, 23, 27, 28, 33, 34, 36, 37, 40, 42, 43, 45, 64, 72, 73, 74, 78, 97, 105, 118, 129, 130, 131, 144, 147, 150, 152, 154, 156, 157, 159, 163, 170, 172, 174, 176, 181, 185, 186, 187, 188, 189, 191, 192, 193, 194, 195, 196, 198]","{1: [<function rolling_mean_14 at 0x000002C5930FAA20>], 7: [<function rolling_mean_30 at 0x000002C58DBF9260>], 30: [<function expanding_mean at 0x000002C58F7A04A0>]}",lags_200_features_66,16.16964952652101,23.110604528439506,23.6371000484357,24.80439254787005,27.686655396384825,27.714280046976974,32.920687733355145,32.94434404609451,35.187796070275404,38.00272810247757,37.41742054875958
SGD_EarlyStopping,"AutoSeasonalityAndDifferences(max_diffs=380, max_season_length=267, n_seasons=10) | LocalMinMaxScaler(stats_=[[  5.11211699 325.92896936]])","[1, 2, 3, 4, 5, 6, 7, 8, 9, 12, 13, 14, 15, 16, 17, 18, 21, 22, 23, 27, 28, 33, 34, 36, 37, 40, 42, 43, 45, 64, 72, 73, 74, 78, 97, 105, 118, 129, 130, 131, 144, 147, 150, 152, 154, 156, 157, 159, 163, 170, 172, 174, 176, 181, 185, 186, 187, 188, 189, 191, 192, 193, 194, 195, 196, 198]","{7: [RollingMean(window_size=7)], 30: [RollingMean(window_size=30)], 60: [RollingMean(window_size=60)]}",lags_200_features_66,30.916040020202672,39.47273925135041,72.604308787873,100.32370886857707,115.12767054875303,129.97920414853854,121.40867973835438,106.07729203228632,103.79872283402614,114.16627569209965,119.52000740761662
SGD_ElasticNet,"AutoSeasonalityAndDifferences(max_diffs=380, max_season_length=267, n_seasons=10) | LocalMinMaxScaler(stats_=[[  5.11211699 325.92896936]])","[1, 2, 3, 4, 5, 6, 7, 8, 9, 12, 13, 14, 15, 16, 17, 18, 21, 22, 23, 27, 28, 33, 34, 36, 37, 40, 42, 43, 45, 64, 72, 73, 74, 78, 97, 105, 118, 129, 130, 131, 144, 147, 150, 152, 154, 156, 157, 159, 163, 170, 172, 174, 176, 181, 185, 186, 187, 188, 189, 191, 192, 193, 194, 195, 196, 198]","{7: [RollingMean(window_size=7)], 30: [RollingMean(window_size=30)], 60: [RollingMean(window_size=60)]}",lags_200_features_66,17.804034774424842,24.2040279273904,23.969898575181634,28.11657493183469,30.4475296287759,35.269968572379426,35.83082247101299,35.451018021377934,43.766841441285514,60.50938000692454,62.31034814089939
SGD_Lasso,"AutoSeasonalityAndDifferences(max_diffs=380, max_season_length=267, n_seasons=10) | LocalMinMaxScaler(stats_=[[  5.11211699 325.92896936]])","[1, 2, 3, 4, 5, 6, 7, 8, 9, 12, 13, 14, 15, 16, 17, 18, 21, 22, 23, 27, 28, 33, 34, 36, 37, 40, 42, 43, 45, 64, 72, 73, 74, 78, 97, 105, 118, 129, 130, 131, 144, 147, 150, 152, 154, 156, 157, 159, 163, 170, 172, 174, 176, 181, 185, 186, 187, 188, 189, 191, 192, 193, 194, 195, 196, 198]","{7: [RollingMean(window_size=7)], 30: [RollingMean(window_size=30)], 60: [RollingMean(window_size=60)]}",lags_200_features_66,145.18139251088863,127.98087239159355,126.09284539080488,113.74715602966725,96.4787818527622,85.12140651211986,73.75275077277924,66.52771436736525,85.80333381384227,116.0541755524978,115.58280664087495
SGD_Ridge,"AutoSeasonalityAndDifferences(max_diffs=380, max_season_length=267, n_seasons=10) | LocalMinMaxScaler(stats_=[[  5.11211699 325.92896936]])","[1, 2, 3, 4, 5, 6, 7, 8, 9, 12, 13, 14, 15, 16, 17, 18, 21, 22, 23, 27, 28, 33, 34, 36, 37, 40, 42, 43, 45, 64, 72, 73, 74, 78, 97, 105, 118, 129, 130, 131, 144, 147, 150, 152, 154, 156, 157, 159, 163, 170, 172, 174, 176, 181, 185, 186, 187, 188, 189, 191, 192, 193, 194, 195, 196, 198]","{7: [RollingMean(window_size=7)], 30: [RollingMean(window_size=30)], 60: [RollingMean(window_size=60)]}",lags_200_features_66,100.8619490397153,94.83216196628288,102.54770334713965,99.04804337206082,87.8482905428551,80.03721666659231,70.32063260945854,62.66217633759579,78.19675991676809,111.22124594671013,111.43617673534561
SGDRegressor,"AutoSeasonalityAndDifferences(max_diffs=380, max_season_length=267, n_seasons=10) | LocalMinMaxScaler(stats_=[[  5.11211699 325.92896936]])","[1, 2, 3, 4, 5, 6, 7, 8, 9, 12, 13, 14, 15, 16, 17, 18, 21, 22, 23, 27, 28, 33, 34, 36, 37, 40, 42, 43, 45, 64, 72, 73, 74, 78, 97, 105, 118, 129, 130, 131, 144, 147, 150, 152, 154, 156, 157, 159, 163, 170, 172, 174, 176, 181, 185, 186, 187, 188, 189, 191, 192, 193, 194, 195, 196, 198]","{7: [RollingMean(window_size=7)], 30: [RollingMean(window_size=30)], 60: [RollingMean(window_size=60)]}",lags_200_features_66,35.41321027505891,46.12341513675221,40.2339072067646,36.40174014433788,36.09749491438464,40.87067521859153,40.97045325666559,41.146223192851735,45.828927050651046,46.19293045567894,47.74344808449767
XGBRegressor,"AutoSeasonalityAndDifferences(max_diffs=380, max_season_length=267, n_seasons=10) | LocalMinMaxScaler(stats_=[[  5.11211699 325.92896936]])","[1, 2, 3, 4, 5, 6, 7, 8, 9, 12, 13, 14, 15, 16, 17, 18, 21, 22, 23, 27, 28, 33, 34, 36, 37, 40, 42, 43, 45, 64, 72, 73, 74, 78, 97, 105, 118, 129, 130, 131, 144, 147, 150, 152, 154, 156, 157, 159, 163, 170, 172, 174, 176, 181, 185, 186, 187, 188, 189, 191, 192, 193, 194, 195, 196, 198]","{7: [RollingMean(window_size=7)], 30: [RollingMean(window_size=30)], 60: [RollingMean(window_size=60)]}",lags_200_features_66,15.878402863082231,23.51964425071066,24.766849355266487,25.95619384216284,28.490821699316815,28.2784046466599,34.40814318684929,34.093712779141114,42.895269614216915,46.843829602833225,46.04948285617198
LGBMRegressor,"AutoSeasonalityAndDifferences(max_diffs=380, max_season_length=267, n_seasons=10) | LocalMinMaxScaler(stats_=[[  5.11211699 325.92896936]])","[1, 2, 3, 4, 5, 6, 7, 8, 9, 12, 13, 14, 15, 16, 17, 18, 21, 22, 23, 27, 28, 33, 34, 36, 37, 40, 42, 43, 45, 64, 72, 73, 74, 78, 97, 105, 118, 129, 130, 131, 144, 147, 150, 152, 154, 156, 157, 159, 163, 170, 172, 174, 176, 181, 185, 186, 187, 188, 189, 191, 192, 193, 194, 195, 196, 198]","{7: [RollingMean(window_size=7)], 30: [RollingMean(window_size=30)], 60: [RollingMean(window_size=60)]}",lags_200_features_66,16.892477080016494,23.622659118119003,24.21658022126486,24.575289019866062,26.548590447406013,26.356335809179658,32.04993813277366,32.00508848078394,37.11314803369871,37.9558650425534,37.38923538205906
SGD_EarlyStopping,"AutoSeasonalityAndDifferences(max_diffs=380, max_season_length=267, n_seasons=10) | LocalMinMaxScaler(stats_=[[  5.11211699 325.92896936]])","[1, 2, 3, 4, 5, 6, 7, 8, 9, 12, 13, 14, 15, 16, 17, 18, 21, 22, 23, 27, 28, 33, 34, 36, 37, 40, 42, 43, 45, 64, 72, 73, 74, 78, 97, 105, 118, 129, 130, 131, 144, 147, 150, 152, 154, 156, 157, 159, 163, 170, 172, 174, 176, 181, 185, 186, 187, 188, 189, 191, 192, 193, 194, 195, 196, 198]","{7: [RollingMean(window_size=7), RollingStd(window_size=7)], 30: [RollingMean(window_size=30)], 60: [ExpandingMean()], 14: [ExponentiallyWeightedMean(alpha=0.3)]}",lags_200_features_66,31.18237235462394,39.46628964316671,72.23002694544745,99.6692578665311,114.36150548839619,129.22617399782496,120.96506025953757,105.93293655366669,102.20281788086929,111.44989995468919,116.58861299141925
SGD_ElasticNet,"AutoSeasonalityAndDifferences(max_diffs=380, max_season_length=267, n_seasons=10) | LocalMinMaxScaler(stats_=[[  5.11211699 325.92896936]])","[1, 2, 3, 4, 5, 6, 7, 8, 9, 12, 13, 14, 15, 16, 17, 18, 21, 22, 23, 27, 28, 33, 34, 36, 37, 40, 42, 43, 45, 64, 72, 73, 74, 78, 97, 105, 118, 129, 130, 131, 144, 147, 150, 152, 154, 156, 157, 159, 163, 170, 172, 174, 176, 181, 185, 186, 187, 188, 189, 191, 192, 193, 194, 195, 196, 198]","{7: [RollingMean(window_size=7), RollingStd(window_size=7)], 30: [RollingMean(window_size=30)], 60: [ExpandingMean()], 14: [ExponentiallyWeightedMean(alpha=0.3)]}",lags_200_features_66,17.87096988575717,24.431525728888325,23.945447936161347,27.73428227737245,29.88015842635661,34.636058448923876,35.303532838836226,35.004867123573405,43.3870343654028,59.947617133642986,61.72022831866628
SGD_Lasso,"AutoSeasonalityAndDifferences(max_diffs=380, max_season_length=267, n_seasons=10) | LocalMinMaxScaler(stats_=[[  5.11211699 325.92896936]])","[1, 2, 3, 4, 5, 6, 7, 8, 9, 12, 13, 14, 15, 16, 17, 18, 21, 22, 23, 27, 28, 33, 34, 36, 37, 40, 42, 43, 45, 64, 72, 73, 74, 78, 97, 105, 118, 129, 130, 131, 144, 147, 150, 152, 154, 156, 157, 159, 163, 170, 172, 174, 176, 181, 185, 186, 187, 188, 189, 191, 192, 193, 194, 195, 196, 198]","{7: [RollingMean(window_size=7), RollingStd(window_size=7)], 30: [RollingMean(window_size=30)], 60: [ExpandingMean()], 14: [ExponentiallyWeightedMean(alpha=0.3)]}",lags_200_features_66,145.18139251088863,127.98087239159355,126.09284539080488,113.74715602966725,96.4787818527622,85.12140651211986,73.75275077277924,66.52771436736525,85.80333381384227,116.0541755524978,115.58280664087495
SGD_Ridge,"AutoSeasonalityAndDifferences(max_diffs=380, max_season_length=267, n_seasons=10) | LocalMinMaxScaler(stats_=[[  5.11211699 325.92896936]])","[1, 2, 3, 4, 5, 6, 7, 8, 9, 12, 13, 14, 15, 16, 17, 18, 21, 22, 23, 27, 28, 33, 34, 36, 37, 40, 42, 43, 45, 64, 72, 73, 74, 78, 97, 105, 118, 129, 130, 131, 144, 147, 150, 152, 154, 156, 157, 159, 163, 170, 172, 174, 176, 181, 185, 186, 187, 188, 189, 191, 192, 193, 194, 195, 196, 198]","{7: [RollingMean(window_size=7), RollingStd(window_size=7)], 30: [RollingMean(window_size=30)], 60: [ExpandingMean()], 14: [ExponentiallyWeightedMean(alpha=0.3)]}",lags_200_features_66,100.23737665589071,94.37826793559975,102.1726887433571,98.74160757636044,87.60301907134091,79.8388849478413,70.173014136734,62.536023022385734,77.99522041878068,111.00001713539291,111.222428336386
SGDRegressor,"AutoSeasonalityAndDifferences(max_diffs=380, max_season_length=267, n_seasons=10) | LocalMinMaxScaler(stats_=[[  5.11211699 325.92896936]])","[1, 2, 3, 4, 5, 6, 7, 8, 9, 12, 13, 14, 15, 16, 17, 18, 21, 22, 23, 27, 28, 33, 34, 36, 37, 40, 42, 43, 45, 64, 72, 73, 74, 78, 97, 105, 118, 129, 130, 131, 144, 147, 150, 152, 154, 156, 157, 159, 163, 170, 172, 174, 176, 181, 185, 186, 187, 188, 189, 191, 192, 193, 194, 195, 196, 198]","{7: [RollingMean(window_size=7), RollingStd(window_size=7)], 30: [RollingMean(window_size=30)], 60: [ExpandingMean()], 14: [ExponentiallyWeightedMean(alpha=0.3)]}",lags_200_features_66,35.770787987496156,47.02576836279953,41.377069432280585,36.904588217256254,36.08585295377982,40.46882662389652,40.550321589544716,40.77835115001936,45.74349907042573,45.89868525894672,47.35988475084026
XGBRegressor,"AutoSeasonalityAndDifferences(max_diffs=380, max_season_length=267, n_seasons=10) | LocalMinMaxScaler(stats_=[[  5.11211699 325.92896936]])","[1, 2, 3, 4, 5, 6, 7, 8, 9, 12, 13, 14, 15, 16, 17, 18, 21, 22, 23, 27, 28, 33, 34, 36, 37, 40, 42, 43, 45, 64, 72, 73, 74, 78, 97, 105, 118, 129, 130, 131, 144, 147, 150, 152, 154, 156, 157, 159, 163, 170, 172, 174, 176, 181, 185, 186, 187, 188, 189, 191, 192, 193, 194, 195, 196, 198]","{7: [RollingMean(window_size=7), RollingStd(window_size=7)], 30: [RollingMean(window_size=30)], 60: [ExpandingMean()], 14: [ExponentiallyWeightedMean(alpha=0.3)]}",lags_200_features_66,12.754000395668063,20.760540153686943,22.946940433987074,24.211862117231753,27.48848348730589,28.931482258479914,35.514971877969295,36.24710061998594,37.64529199156226,40.21782695017719,39.77565138967582
LGBMRegressor,"AutoSeasonalityAndDifferences(max_diffs=380, max_season_length=267, n_seasons=10) | LocalMinMaxScaler(stats_=[[  5.11211699 325.92896936]])","[1, 2, 3, 4, 5, 6, 7, 8, 9, 12, 13, 14, 15, 16, 17, 18, 21, 22, 23, 27, 28, 33, 34, 36, 37, 40, 42, 43, 45, 64, 72, 73, 74, 78, 97, 105, 118, 129, 130, 131, 144, 147, 150, 152, 154, 156, 157, 159, 163, 170, 172, 174, 176, 181, 185, 186, 187, 188, 189, 191, 192, 193, 194, 195, 196, 198]","{7: [RollingMean(window_size=7), RollingStd(window_size=7)], 30: [RollingMean(window_size=30)], 60: [ExpandingMean()], 14: [ExponentiallyWeightedMean(alpha=0.3)]}",lags_200_features_66,15.33752632668826,21.829535519678462,22.378368343938213,22.69275464492365,24.802297158406816,25.111757785486343,31.394609311466265,32.05014266999247,34.64936158554078,39.81042938644265,39.2011888908954
XGBRegressor,"AutoSeasonalityAndDifferences(max_diffs=380, max_season_length=267, n_seasons=10) | LocalBoxCox(lower=0.0, method=loglik, season_length=None, stats_=[[4.10226185e-05 0.00000000e+00]], upper=2.0)","[1, 2, 3, 4, 5, 6, 7, 8, 9, 12, 13, 14, 15, 16, 17, 18, 21, 22, 23, 27, 28, 33, 34, 36, 37, 40, 42, 43, 45, 64, 72, 73, 74, 78, 97, 105, 118, 129, 130, 131, 144, 147, 150, 152, 154, 156, 157, 159, 163, 170, 172, 174, 176, 181, 185, 186, 187, 188, 189, 191, 192, 193, 194, 195, 196, 198]","{1: [<function expanding_mean at 0x000002C58F7A04A0>], 7: [<function rolling_mean_14 at 0x000002C5930FAA20>], 30: [<function expanding_mean at 0x000002C58F7A04A0>]}",lags_200_features_66,15.230539762990128,23.474548994638067,23.509014675762486,23.97757188023325,26.5950022160187,27.58827425482222,31.61703642990651,47.18226308875914,67.0395417200021,61.570857840995906,60.53253628569281
LGBMRegressor,"AutoSeasonalityAndDifferences(max_diffs=380, max_season_length=267, n_seasons=10) | LocalBoxCox(lower=0.0, method=loglik, season_length=None, stats_=[[4.10226185e-05 0.00000000e+00]], upper=2.0)","[1, 2, 3, 4, 5, 6, 7, 8, 9, 12, 13, 14, 15, 16, 17, 18, 21, 22, 23, 27, 28, 33, 34, 36, 37, 40, 42, 43, 45, 64, 72, 73, 74, 78, 97, 105, 118, 129, 130, 131, 144, 147, 150, 152, 154, 156, 157, 159, 163, 170, 172, 174, 176, 181, 185, 186, 187, 188, 189, 191, 192, 193, 194, 195, 196, 198]","{1: [<function expanding_mean at 0x000002C58F7A04A0>], 7: [<function rolling_mean_14 at 0x000002C5930FAA20>], 30: [<function expanding_mean at 0x000002C58F7A04A0>]}",lags_200_features_66,19.329462474253344,24.76069964076574,24.912300235260272,25.306103438531807,28.281138578980876,29.078091477406044,33.91040110581303,34.39235463054277,48.543472413819835,49.29356976185673,48.52101624159852
XGBRegressor,"AutoSeasonalityAndDifferences(max_diffs=380, max_season_length=267, n_seasons=10) | LocalBoxCox(lower=0.0, method=loglik, season_length=None, stats_=[[4.10226185e-05 0.00000000e+00]], upper=2.0)","[1, 2, 3, 4, 5, 6, 7, 8, 9, 12, 13, 14, 15, 16, 17, 18, 21, 22, 23, 27, 28, 33, 34, 36, 37, 40, 42, 43, 45, 64, 72, 73, 74, 78, 97, 105, 118, 129, 130, 131, 144, 147, 150, 152, 154, 156, 157, 159, 163, 170, 172, 174, 176, 181, 185, 186, 187, 188, 189, 191, 192, 193, 194, 195, 196, 198]","{1: [<function rolling_mean_14 at 0x000002C5930FAA20>], 7: [<function rolling_mean_30 at 0x000002C58DBF9260>], 30: [<function expanding_mean at 0x000002C58F7A04A0>]}",lags_200_features_66,19.212038450055815,25.10730411423995,26.42012462286089,27.561714635211338,30.522289317105766,31.12454536072547,34.64324900574755,51.39970729574886,69.45339769306645,62.000429146243306,60.93452867879526
LGBMRegressor,"AutoSeasonalityAndDifferences(max_diffs=380, max_season_length=267, n_seasons=10) | LocalBoxCox(lower=0.0, method=loglik, season_length=None, stats_=[[4.10226185e-05 0.00000000e+00]], upper=2.0)","[1, 2, 3, 4, 5, 6, 7, 8, 9, 12, 13, 14, 15, 16, 17, 18, 21, 22, 23, 27, 28, 33, 34, 36, 37, 40, 42, 43, 45, 64, 72, 73, 74, 78, 97, 105, 118, 129, 130, 131, 144, 147, 150, 152, 154, 156, 157, 159, 163, 170, 172, 174, 176, 181, 185, 186, 187, 188, 189, 191, 192, 193, 194, 195, 196, 198]","{1: [<function rolling_mean_14 at 0x000002C5930FAA20>], 7: [<function rolling_mean_30 at 0x000002C58DBF9260>], 30: [<function expanding_mean at 0x000002C58F7A04A0>]}",lags_200_features_66,18.406312220871747,23.87075730112298,24.407998484844427,25.5065630162222,28.832177132566006,28.946360238323045,34.571711051834825,48.64103219600321,75.94114815795767,70.8582611817577,69.63099562960376
XGBRegressor,"AutoSeasonalityAndDifferences(max_diffs=380, max_season_length=267, n_seasons=10) | LocalBoxCox(lower=0.0, method=loglik, season_length=None, stats_=[[4.10226185e-05 0.00000000e+00]], upper=2.0)","[1, 2, 3, 4, 5, 6, 7, 8, 9, 12, 13, 14, 15, 16, 17, 18, 21, 22, 23, 27, 28, 33, 34, 36, 37, 40, 42, 43, 45, 64, 72, 73, 74, 78, 97, 105, 118, 129, 130, 131, 144, 147, 150, 152, 154, 156, 157, 159, 163, 170, 172, 174, 176, 181, 185, 186, 187, 188, 189, 191, 192, 193, 194, 195, 196, 198]","{7: [RollingMean(window_size=7)], 30: [RollingMean(window_size=30)], 60: [RollingMean(window_size=60)]}",lags_200_features_66,18.339821007284737,25.107352361231072,26.10145254724762,27.23284302825627,30.487564036742597,29.796321865992496,33.12913896486654,44.19210540240908,67.59730383597676,63.68853485425664,62.589229727337205
LGBMRegressor,"AutoSeasonalityAndDifferences(max_diffs=380, max_season_length=267, n_seasons=10) | LocalBoxCox(lower=0.0, method=loglik, season_length=None, stats_=[[4.10226185e-05 0.00000000e+00]], upper=2.0)","[1, 2, 3, 4, 5, 6, 7, 8, 9, 12, 13, 14, 15, 16, 17, 18, 21, 22, 23, 27, 28, 33, 34, 36, 37, 40, 42, 43, 45, 64, 72, 73, 74, 78, 97, 105, 118, 129, 130, 131, 144, 147, 150, 152, 154, 156, 157, 159, 163, 170, 172, 174, 176, 181, 185, 186, 187, 188, 189, 191, 192, 193, 194, 195, 196, 198]","{7: [RollingMean(window_size=7)], 30: [RollingMean(window_size=30)], 60: [RollingMean(window_size=60)]}",lags_200_features_66,18.47948636795404,24.453238870401904,24.533593266173177,25.034455677449536,27.17666460095841,27.11563697122133,31.10161906922014,42.463021281834195,52.394940672819146,47.830345181955515,47.0929722434213
XGBRegressor,"AutoSeasonalityAndDifferences(max_diffs=380, max_season_length=267, n_seasons=10) | LocalBoxCox(lower=0.0, method=loglik, season_length=None, stats_=[[4.10226185e-05 0.00000000e+00]], upper=2.0)","[1, 2, 3, 4, 5, 6, 7, 8, 9, 12, 13, 14, 15, 16, 17, 18, 21, 22, 23, 27, 28, 33, 34, 36, 37, 40, 42, 43, 45, 64, 72, 73, 74, 78, 97, 105, 118, 129, 130, 131, 144, 147, 150, 152, 154, 156, 157, 159, 163, 170, 172, 174, 176, 181, 185, 186, 187, 188, 189, 191, 192, 193, 194, 195, 196, 198]","{7: [RollingMean(window_size=7), RollingStd(window_size=7)], 30: [RollingMean(window_size=30)], 60: [ExpandingMean()], 14: [ExponentiallyWeightedMean(alpha=0.3)]}",lags_200_features_66,16.64692262771615,22.16958389779436,23.345106561617232,24.846438845654227,28.207882379141115,28.562100615692376,33.944628444502015,33.303688570272506,38.20936366946038,41.37797135724766,40.87831563554574
LGBMRegressor,"AutoSeasonalityAndDifferences(max_diffs=380, max_season_length=267, n_seasons=10) | LocalBoxCox(lower=0.0, method=loglik, season_length=None, stats_=[[4.10226185e-05 0.00000000e+00]], upper=2.0)","[1, 2, 3, 4, 5, 6, 7, 8, 9, 12, 13, 14, 15, 16, 17, 18, 21, 22, 23, 27, 28, 33, 34, 36, 37, 40, 42, 43, 45, 64, 72, 73, 74, 78, 97, 105, 118, 129, 130, 131, 144, 147, 150, 152, 154, 156, 157, 159, 163, 170, 172, 174, 176, 181, 185, 186, 187, 188, 189, 191, 192, 193, 194, 195, 196, 198]","{7: [RollingMean(window_size=7), RollingStd(window_size=7)], 30: [RollingMean(window_size=30)], 60: [ExpandingMean()], 14: [ExponentiallyWeightedMean(alpha=0.3)]}",lags_200_features_66,17.830758972037625,24.50254063299723,25.415821581384613,26.685607215335256,29.802735212084457,29.63586738807949,34.36011704688744,49.51565410908794,68.99300750503376,63.312065938636216,62.32218181536817
XGBRegressor,,"[1, 2, 3, 4, 5, 6, 7, 8, 9, 10, 11, 12, 13, 14, 15, 16, 17, 18, 19, 20, 21, 22, 23, 24, 27, 28, 32, 33, 34, 36, 37, 39, 40, 41, 42, 43, 44, 45, 51, 55, 57, 60, 62, 64, 67, 68, 71, 72, 73, 74, 75, 76, 77, 78, 79, 80, 81, 86, 89, 91, 92, 97, 98, 99, 105, 109, 110, 112, 113, 115, 117, 118, 120, 123, 125, 129, 130, 131, 135, 136, 139, 140, 143, 144, 145, 146, 147, 149, 150, 151, 152, 154, 155, 156, 157, 158, 159, 160, 161, 162, 163, 164, 166, 167, 168, 169, 170, 172, 173, 174, 175, 176, 177, 181, 182, 183, 185, 186, 187, 188, 189, 190, 191, 192, 193, 194, 195, 196, 197, 198, 199, 200]","{1: [<function expanding_mean at 0x000002C58F7A04A0>], 7: [<function rolling_mean_14 at 0x000002C5930FAA20>], 30: [<function expanding_mean at 0x000002C58F7A04A0>]}",lags_200_features_132,19.949440897624697,27.38330950005311,26.668232682947952,26.691986917798687,29.420468838714896,29.551920481170452,33.4166431235746,33.095674575770104,48.82989417584767,49.38258545261456,48.73502364039439
LGBMRegressor,,"[1, 2, 3, 4, 5, 6, 7, 8, 9, 10, 11, 12, 13, 14, 15, 16, 17, 18, 19, 20, 21, 22, 23, 24, 27, 28, 32, 33, 34, 36, 37, 39, 40, 41, 42, 43, 44, 45, 51, 55, 57, 60, 62, 64, 67, 68, 71, 72, 73, 74, 75, 76, 77, 78, 79, 80, 81, 86, 89, 91, 92, 97, 98, 99, 105, 109, 110, 112, 113, 115, 117, 118, 120, 123, 125, 129, 130, 131, 135, 136, 139, 140, 143, 144, 145, 146, 147, 149, 150, 151, 152, 154, 155, 156, 157, 158, 159, 160, 161, 162, 163, 164, 166, 167, 168, 169, 170, 172, 173, 174, 175, 176, 177, 181, 182, 183, 185, 186, 187, 188, 189, 190, 191, 192, 193, 194, 195, 196, 197, 198, 199, 200]","{1: [<function expanding_mean at 0x000002C58F7A04A0>], 7: [<function rolling_mean_14 at 0x000002C5930FAA20>], 30: [<function expanding_mean at 0x000002C58F7A04A0>]}",lags_200_features_132,13.45836653465635,22.297890478262637,23.03736910754343,23.835310321183947,25.446102106741208,25.886378529801974,32.279641572185035,32.942983410599766,34.45725641075557,37.52864336140762,37.144501947885125
XGBRegressor,,"[1, 2, 3, 4, 5, 6, 7, 8, 9, 10, 11, 12, 13, 14, 15, 16, 17, 18, 19, 20, 21, 22, 23, 24, 27, 28, 32, 33, 34, 36, 37, 39, 40, 41, 42, 43, 44, 45, 51, 55, 57, 60, 62, 64, 67, 68, 71, 72, 73, 74, 75, 76, 77, 78, 79, 80, 81, 86, 89, 91, 92, 97, 98, 99, 105, 109, 110, 112, 113, 115, 117, 118, 120, 123, 125, 129, 130, 131, 135, 136, 139, 140, 143, 144, 145, 146, 147, 149, 150, 151, 152, 154, 155, 156, 157, 158, 159, 160, 161, 162, 163, 164, 166, 167, 168, 169, 170, 172, 173, 174, 175, 176, 177, 181, 182, 183, 185, 186, 187, 188, 189, 190, 191, 192, 193, 194, 195, 196, 197, 198, 199, 200]","{1: [<function rolling_mean_14 at 0x000002C5930FAA20>], 7: [<function rolling_mean_30 at 0x000002C58DBF9260>], 30: [<function expanding_mean at 0x000002C58F7A04A0>]}",lags_200_features_132,15.316738869514127,21.355284315882635,22.84561537764109,23.872581399921224,25.10271887608415,26.083170016528673,33.68392391147182,33.96039147597606,37.131258595698235,39.03134383730585,38.498357693926465
LGBMRegressor,,"[1, 2, 3, 4, 5, 6, 7, 8, 9, 10, 11, 12, 13, 14, 15, 16, 17, 18, 19, 20, 21, 22, 23, 24, 27, 28, 32, 33, 34, 36, 37, 39, 40, 41, 42, 43, 44, 45, 51, 55, 57, 60, 62, 64, 67, 68, 71, 72, 73, 74, 75, 76, 77, 78, 79, 80, 81, 86, 89, 91, 92, 97, 98, 99, 105, 109, 110, 112, 113, 115, 117, 118, 120, 123, 125, 129, 130, 131, 135, 136, 139, 140, 143, 144, 145, 146, 147, 149, 150, 151, 152, 154, 155, 156, 157, 158, 159, 160, 161, 162, 163, 164, 166, 167, 168, 169, 170, 172, 173, 174, 175, 176, 177, 181, 182, 183, 185, 186, 187, 188, 189, 190, 191, 192, 193, 194, 195, 196, 197, 198, 199, 200]","{1: [<function rolling_mean_14 at 0x000002C5930FAA20>], 7: [<function rolling_mean_30 at 0x000002C58DBF9260>], 30: [<function expanding_mean at 0x000002C58F7A04A0>]}",lags_200_features_132,13.12198480277572,21.712607850105236,22.940869442317428,23.420278880410333,25.335698577355593,26.18173879631679,32.22359429921827,32.94190675730317,34.84147694955633,37.685060272541854,37.20376878679756
XGBRegressor,,"[1, 2, 3, 4, 5, 6, 7, 8, 9, 10, 11, 12, 13, 14, 15, 16, 17, 18, 19, 20, 21, 22, 23, 24, 27, 28, 32, 33, 34, 36, 37, 39, 40, 41, 42, 43, 44, 45, 51, 55, 57, 60, 62, 64, 67, 68, 71, 72, 73, 74, 75, 76, 77, 78, 79, 80, 81, 86, 89, 91, 92, 97, 98, 99, 105, 109, 110, 112, 113, 115, 117, 118, 120, 123, 125, 129, 130, 131, 135, 136, 139, 140, 143, 144, 145, 146, 147, 149, 150, 151, 152, 154, 155, 156, 157, 158, 159, 160, 161, 162, 163, 164, 166, 167, 168, 169, 170, 172, 173, 174, 175, 176, 177, 181, 182, 183, 185, 186, 187, 188, 189, 190, 191, 192, 193, 194, 195, 196, 197, 198, 199, 200]","{7: [RollingMean(window_size=7)], 30: [RollingMean(window_size=30)], 60: [RollingMean(window_size=60)]}",lags_200_features_132,16.927233845811166,24.795309518523702,25.8263401191668,26.408619180589366,28.268436021267867,28.968025426195744,35.790807003171885,35.67353040968243,42.549218637225295,50.72122582007111,49.9108785278315
LGBMRegressor,,"[1, 2, 3, 4, 5, 6, 7, 8, 9, 10, 11, 12, 13, 14, 15, 16, 17, 18, 19, 20, 21, 22, 23, 24, 27, 28, 32, 33, 34, 36, 37, 39, 40, 41, 42, 43, 44, 45, 51, 55, 57, 60, 62, 64, 67, 68, 71, 72, 73, 74, 75, 76, 77, 78, 79, 80, 81, 86, 89, 91, 92, 97, 98, 99, 105, 109, 110, 112, 113, 115, 117, 118, 120, 123, 125, 129, 130, 131, 135, 136, 139, 140, 143, 144, 145, 146, 147, 149, 150, 151, 152, 154, 155, 156, 157, 158, 159, 160, 161, 162, 163, 164, 166, 167, 168, 169, 170, 172, 173, 174, 175, 176, 177, 181, 182, 183, 185, 186, 187, 188, 189, 190, 191, 192, 193, 194, 195, 196, 197, 198, 199, 200]","{7: [RollingMean(window_size=7)], 30: [RollingMean(window_size=30)], 60: [RollingMean(window_size=60)]}",lags_200_features_132,15.324337595330606,23.848828484810934,24.606011416615186,25.48441948970057,27.131565710131877,27.07738030413518,33.268928283147936,33.991419806583,34.41674229500937,38.106613343222605,38.26868719425428
XGBRegressor,,"[1, 2, 3, 4, 5, 6, 7, 8, 9, 10, 11, 12, 13, 14, 15, 16, 17, 18, 19, 20, 21, 22, 23, 24, 27, 28, 32, 33, 34, 36, 37, 39, 40, 41, 42, 43, 44, 45, 51, 55, 57, 60, 62, 64, 67, 68, 71, 72, 73, 74, 75, 76, 77, 78, 79, 80, 81, 86, 89, 91, 92, 97, 98, 99, 105, 109, 110, 112, 113, 115, 117, 118, 120, 123, 125, 129, 130, 131, 135, 136, 139, 140, 143, 144, 145, 146, 147, 149, 150, 151, 152, 154, 155, 156, 157, 158, 159, 160, 161, 162, 163, 164, 166, 167, 168, 169, 170, 172, 173, 174, 175, 176, 177, 181, 182, 183, 185, 186, 187, 188, 189, 190, 191, 192, 193, 194, 195, 196, 197, 198, 199, 200]","{7: [RollingMean(window_size=7), RollingStd(window_size=7)], 30: [RollingMean(window_size=30)], 60: [ExpandingMean()], 14: [ExponentiallyWeightedMean(alpha=0.3)]}",lags_200_features_132,13.994881049593788,22.309842391681748,24.076078957798313,24.848884343559536,26.794626147960038,27.474933278673447,32.121942809114316,31.859673730305776,36.237831596397605,35.1157665692093,34.6309231569133
LGBMRegressor,,"[1, 2, 3, 4, 5, 6, 7, 8, 9, 10, 11, 12, 13, 14, 15, 16, 17, 18, 19, 20, 21, 22, 23, 24, 27, 28, 32, 33, 34, 36, 37, 39, 40, 41, 42, 43, 44, 45, 51, 55, 57, 60, 62, 64, 67, 68, 71, 72, 73, 74, 75, 76, 77, 78, 79, 80, 81, 86, 89, 91, 92, 97, 98, 99, 105, 109, 110, 112, 113, 115, 117, 118, 120, 123, 125, 129, 130, 131, 135, 136, 139, 140, 143, 144, 145, 146, 147, 149, 150, 151, 152, 154, 155, 156, 157, 158, 159, 160, 161, 162, 163, 164, 166, 167, 168, 169, 170, 172, 173, 174, 175, 176, 177, 181, 182, 183, 185, 186, 187, 188, 189, 190, 191, 192, 193, 194, 195, 196, 197, 198, 199, 200]","{7: [RollingMean(window_size=7), RollingStd(window_size=7)], 30: [RollingMean(window_size=30)], 60: [ExpandingMean()], 14: [ExponentiallyWeightedMean(alpha=0.3)]}",lags_200_features_132,11.962601682295599,20.34215818760427,22.476362984804062,23.996289241863032,25.8047682198058,26.495805435420294,33.2478280083084,33.27339113085304,36.09055801481481,36.73965661408503,36.13379466738238
XGBRegressor,AutoDifferences(max_diffs=380),"[1, 2, 3, 4, 5, 6, 7, 8, 9, 10, 11, 12, 13, 14, 15, 16, 17, 18, 19, 20, 21, 22, 23, 24, 27, 28, 32, 33, 34, 36, 37, 39, 40, 41, 42, 43, 44, 45, 51, 55, 57, 60, 62, 64, 67, 68, 71, 72, 73, 74, 75, 76, 77, 78, 79, 80, 81, 86, 89, 91, 92, 97, 98, 99, 105, 109, 110, 112, 113, 115, 117, 118, 120, 123, 125, 129, 130, 131, 135, 136, 139, 140, 143, 144, 145, 146, 147, 149, 150, 151, 152, 154, 155, 156, 157, 158, 159, 160, 161, 162, 163, 164, 166, 167, 168, 169, 170, 172, 173, 174, 175, 176, 177, 181, 182, 183, 185, 186, 187, 188, 189, 190, 191, 192, 193, 194, 195, 196, 197, 198, 199, 200]","{1: [<function expanding_mean at 0x000002C58F7A04A0>], 7: [<function rolling_mean_14 at 0x000002C5930FAA20>], 30: [<function expanding_mean at 0x000002C58F7A04A0>]}",lags_200_features_132,14.947214562726947,18.028935983078302,20.136077622954716,20.34582678988922,20.891877224336955,24.442194574163658,27.853404489424786,28.76883202977023,32.92927903967659,43.72602012830885,43.462862121746554
LGBMRegressor,AutoDifferences(max_diffs=380),"[1, 2, 3, 4, 5, 6, 7, 8, 9, 10, 11, 12, 13, 14, 15, 16, 17, 18, 19, 20, 21, 22, 23, 24, 27, 28, 32, 33, 34, 36, 37, 39, 40, 41, 42, 43, 44, 45, 51, 55, 57, 60, 62, 64, 67, 68, 71, 72, 73, 74, 75, 76, 77, 78, 79, 80, 81, 86, 89, 91, 92, 97, 98, 99, 105, 109, 110, 112, 113, 115, 117, 118, 120, 123, 125, 129, 130, 131, 135, 136, 139, 140, 143, 144, 145, 146, 147, 149, 150, 151, 152, 154, 155, 156, 157, 158, 159, 160, 161, 162, 163, 164, 166, 167, 168, 169, 170, 172, 173, 174, 175, 176, 177, 181, 182, 183, 185, 186, 187, 188, 189, 190, 191, 192, 193, 194, 195, 196, 197, 198, 199, 200]","{1: [<function expanding_mean at 0x000002C58F7A04A0>], 7: [<function rolling_mean_14 at 0x000002C5930FAA20>], 30: [<function expanding_mean at 0x000002C58F7A04A0>]}",lags_200_features_132,17.754240925438427,31.111694199101862,33.359321518340906,35.82321782464403,38.40530037488135,37.88372157055734,39.63897194299727,38.72570780623369,37.73903683001733,37.70089475046177,37.89318201924271
XGBRegressor,AutoDifferences(max_diffs=380),"[1, 2, 3, 4, 5, 6, 7, 8, 9, 10, 11, 12, 13, 14, 15, 16, 17, 18, 19, 20, 21, 22, 23, 24, 27, 28, 32, 33, 34, 36, 37, 39, 40, 41, 42, 43, 44, 45, 51, 55, 57, 60, 62, 64, 67, 68, 71, 72, 73, 74, 75, 76, 77, 78, 79, 80, 81, 86, 89, 91, 92, 97, 98, 99, 105, 109, 110, 112, 113, 115, 117, 118, 120, 123, 125, 129, 130, 131, 135, 136, 139, 140, 143, 144, 145, 146, 147, 149, 150, 151, 152, 154, 155, 156, 157, 158, 159, 160, 161, 162, 163, 164, 166, 167, 168, 169, 170, 172, 173, 174, 175, 176, 177, 181, 182, 183, 185, 186, 187, 188, 189, 190, 191, 192, 193, 194, 195, 196, 197, 198, 199, 200]","{1: [<function rolling_mean_14 at 0x000002C5930FAA20>], 7: [<function rolling_mean_30 at 0x000002C58DBF9260>], 30: [<function expanding_mean at 0x000002C58F7A04A0>]}",lags_200_features_132,17.004848987981056,20.6678863642789,33.103391305023294,37.21442726142701,33.85226988653458,33.20451446413749,34.10345646290371,38.69605134777645,78.84028207639874,151.5415925437442,154.6133738323856
LGBMRegressor,AutoDifferences(max_diffs=380),"[1, 2, 3, 4, 5, 6, 7, 8, 9, 10, 11, 12, 13, 14, 15, 16, 17, 18, 19, 20, 21, 22, 23, 24, 27, 28, 32, 33, 34, 36, 37, 39, 40, 41, 42, 43, 44, 45, 51, 55, 57, 60, 62, 64, 67, 68, 71, 72, 73, 74, 75, 76, 77, 78, 79, 80, 81, 86, 89, 91, 92, 97, 98, 99, 105, 109, 110, 112, 113, 115, 117, 118, 120, 123, 125, 129, 130, 131, 135, 136, 139, 140, 143, 144, 145, 146, 147, 149, 150, 151, 152, 154, 155, 156, 157, 158, 159, 160, 161, 162, 163, 164, 166, 167, 168, 169, 170, 172, 173, 174, 175, 176, 177, 181, 182, 183, 185, 186, 187, 188, 189, 190, 191, 192, 193, 194, 195, 196, 197, 198, 199, 200]","{1: [<function rolling_mean_14 at 0x000002C5930FAA20>], 7: [<function rolling_mean_30 at 0x000002C58DBF9260>], 30: [<function expanding_mean at 0x000002C58F7A04A0>]}",lags_200_features_132,14.910690867178559,18.259057496117368,25.16245410582546,28.471090621512307,27.557831369669373,29.525977232228616,43.8842275610542,105.93035806605194,333.32368976088844,760.8666259369741,783.5604713624549
XGBRegressor,AutoDifferences(max_diffs=380),"[1, 2, 3, 4, 5, 6, 7, 8, 9, 10, 11, 12, 13, 14, 15, 16, 17, 18, 19, 20, 21, 22, 23, 24, 27, 28, 32, 33, 34, 36, 37, 39, 40, 41, 42, 43, 44, 45, 51, 55, 57, 60, 62, 64, 67, 68, 71, 72, 73, 74, 75, 76, 77, 78, 79, 80, 81, 86, 89, 91, 92, 97, 98, 99, 105, 109, 110, 112, 113, 115, 117, 118, 120, 123, 125, 129, 130, 131, 135, 136, 139, 140, 143, 144, 145, 146, 147, 149, 150, 151, 152, 154, 155, 156, 157, 158, 159, 160, 161, 162, 163, 164, 166, 167, 168, 169, 170, 172, 173, 174, 175, 176, 177, 181, 182, 183, 185, 186, 187, 188, 189, 190, 191, 192, 193, 194, 195, 196, 197, 198, 199, 200]","{7: [RollingMean(window_size=7)], 30: [RollingMean(window_size=30)], 60: [RollingMean(window_size=60)]}",lags_200_features_132,19.705560753126434,26.880926315390507,63.59258709110159,128.1909937025206,197.08937466243353,274.7710637962966,351.45042325842786,584.866370227755,1293.4083930715785,2614.0739310430417,2682.9542969280424
LGBMRegressor,AutoDifferences(max_diffs=380),"[1, 2, 3, 4, 5, 6, 7, 8, 9, 10, 11, 12, 13, 14, 15, 16, 17, 18, 19, 20, 21, 22, 23, 24, 27, 28, 32, 33, 34, 36, 37, 39, 40, 41, 42, 43, 44, 45, 51, 55, 57, 60, 62, 64, 67, 68, 71, 72, 73, 74, 75, 76, 77, 78, 79, 80, 81, 86, 89, 91, 92, 97, 98, 99, 105, 109, 110, 112, 113, 115, 117, 118, 120, 123, 125, 129, 130, 131, 135, 136, 139, 140, 143, 144, 145, 146, 147, 149, 150, 151, 152, 154, 155, 156, 157, 158, 159, 160, 161, 162, 163, 164, 166, 167, 168, 169, 170, 172, 173, 174, 175, 176, 177, 181, 182, 183, 185, 186, 187, 188, 189, 190, 191, 192, 193, 194, 195, 196, 197, 198, 199, 200]","{7: [RollingMean(window_size=7)], 30: [RollingMean(window_size=30)], 60: [RollingMean(window_size=60)]}",lags_200_features_132,17.29097251977907,20.313784715911606,46.08097978923218,68.76290686839113,84.97859165011168,106.40262154119277,154.02722564497898,226.16480093696438,471.94632494670594,1006.5383065583761,1032.2820367391594
XGBRegressor,AutoDifferences(max_diffs=380),"[1, 2, 3, 4, 5, 6, 7, 8, 9, 10, 11, 12, 13, 14, 15, 16, 17, 18, 19, 20, 21, 22, 23, 24, 27, 28, 32, 33, 34, 36, 37, 39, 40, 41, 42, 43, 44, 45, 51, 55, 57, 60, 62, 64, 67, 68, 71, 72, 73, 74, 75, 76, 77, 78, 79, 80, 81, 86, 89, 91, 92, 97, 98, 99, 105, 109, 110, 112, 113, 115, 117, 118, 120, 123, 125, 129, 130, 131, 135, 136, 139, 140, 143, 144, 145, 146, 147, 149, 150, 151, 152, 154, 155, 156, 157, 158, 159, 160, 161, 162, 163, 164, 166, 167, 168, 169, 170, 172, 173, 174, 175, 176, 177, 181, 182, 183, 185, 186, 187, 188, 189, 190, 191, 192, 193, 194, 195, 196, 197, 198, 199, 200]","{7: [RollingMean(window_size=7), RollingStd(window_size=7)], 30: [RollingMean(window_size=30)], 60: [ExpandingMean()], 14: [ExponentiallyWeightedMean(alpha=0.3)]}",lags_200_features_132,39.03526818447524,68.14520012053858,95.83079267842731,105.83874658791494,108.33861947101067,107.5322902320138,94.94392888918685,181.2646316901882,573.3878829005073,1441.1221765626083,1495.8925667491892
LGBMRegressor,AutoDifferences(max_diffs=380),"[1, 2, 3, 4, 5, 6, 7, 8, 9, 10, 11, 12, 13, 14, 15, 16, 17, 18, 19, 20, 21, 22, 23, 24, 27, 28, 32, 33, 34, 36, 37, 39, 40, 41, 42, 43, 44, 45, 51, 55, 57, 60, 62, 64, 67, 68, 71, 72, 73, 74, 75, 76, 77, 78, 79, 80, 81, 86, 89, 91, 92, 97, 98, 99, 105, 109, 110, 112, 113, 115, 117, 118, 120, 123, 125, 129, 130, 131, 135, 136, 139, 140, 143, 144, 145, 146, 147, 149, 150, 151, 152, 154, 155, 156, 157, 158, 159, 160, 161, 162, 163, 164, 166, 167, 168, 169, 170, 172, 173, 174, 175, 176, 177, 181, 182, 183, 185, 186, 187, 188, 189, 190, 191, 192, 193, 194, 195, 196, 197, 198, 199, 200]","{7: [RollingMean(window_size=7), RollingStd(window_size=7)], 30: [RollingMean(window_size=30)], 60: [ExpandingMean()], 14: [ExponentiallyWeightedMean(alpha=0.3)]}",lags_200_features_132,40.99172613866331,47.799434799080245,80.51764745069758,128.78777539338674,174.28536683430048,208.23376252920892,250.10075274349356,377.3641317353777,778.3242205986235,1555.671775612792,1589.1640254722126
XGBRegressor,"AutoSeasonalDifferences(max_diffs=380, n_seasons=10, season_length=267)","[1, 2, 3, 4, 5, 6, 7, 8, 9, 10, 11, 12, 13, 14, 15, 16, 17, 18, 19, 20, 21, 22, 23, 24, 27, 28, 32, 33, 34, 36, 37, 39, 40, 41, 42, 43, 44, 45, 51, 55, 57, 60, 62, 64, 67, 68, 71, 72, 73, 74, 75, 76, 77, 78, 79, 80, 81, 86, 89, 91, 92, 97, 98, 99, 105, 109, 110, 112, 113, 115, 117, 118, 120, 123, 125, 129, 130, 131, 135, 136, 139, 140, 143, 144, 145, 146, 147, 149, 150, 151, 152, 154, 155, 156, 157, 158, 159, 160, 161, 162, 163, 164, 166, 167, 168, 169, 170, 172, 173, 174, 175, 176, 177, 181, 182, 183, 185, 186, 187, 188, 189, 190, 191, 192, 193, 194, 195, 196, 197, 198, 199, 200]","{1: [<function expanding_mean at 0x000002C58F7A04A0>], 7: [<function rolling_mean_14 at 0x000002C5930FAA20>], 30: [<function expanding_mean at 0x000002C58F7A04A0>]}",lags_200_features_132,19.949440897624697,27.38330950005311,26.668232682947952,26.691986917798687,29.420468838714896,29.551920481170452,33.4166431235746,33.095674575770104,48.82989417584767,49.38258545261456,48.73502364039439
LGBMRegressor,"AutoSeasonalDifferences(max_diffs=380, n_seasons=10, season_length=267)","[1, 2, 3, 4, 5, 6, 7, 8, 9, 10, 11, 12, 13, 14, 15, 16, 17, 18, 19, 20, 21, 22, 23, 24, 27, 28, 32, 33, 34, 36, 37, 39, 40, 41, 42, 43, 44, 45, 51, 55, 57, 60, 62, 64, 67, 68, 71, 72, 73, 74, 75, 76, 77, 78, 79, 80, 81, 86, 89, 91, 92, 97, 98, 99, 105, 109, 110, 112, 113, 115, 117, 118, 120, 123, 125, 129, 130, 131, 135, 136, 139, 140, 143, 144, 145, 146, 147, 149, 150, 151, 152, 154, 155, 156, 157, 158, 159, 160, 161, 162, 163, 164, 166, 167, 168, 169, 170, 172, 173, 174, 175, 176, 177, 181, 182, 183, 185, 186, 187, 188, 189, 190, 191, 192, 193, 194, 195, 196, 197, 198, 199, 200]","{1: [<function expanding_mean at 0x000002C58F7A04A0>], 7: [<function rolling_mean_14 at 0x000002C5930FAA20>], 30: [<function expanding_mean at 0x000002C58F7A04A0>]}",lags_200_features_132,13.45836653465635,22.297890478262637,23.03736910754343,23.835310321183947,25.446102106741208,25.886378529801974,32.279641572185035,32.942983410599766,34.45725641075557,37.52864336140762,37.144501947885125
XGBRegressor,"AutoSeasonalDifferences(max_diffs=380, n_seasons=10, season_length=267)","[1, 2, 3, 4, 5, 6, 7, 8, 9, 10, 11, 12, 13, 14, 15, 16, 17, 18, 19, 20, 21, 22, 23, 24, 27, 28, 32, 33, 34, 36, 37, 39, 40, 41, 42, 43, 44, 45, 51, 55, 57, 60, 62, 64, 67, 68, 71, 72, 73, 74, 75, 76, 77, 78, 79, 80, 81, 86, 89, 91, 92, 97, 98, 99, 105, 109, 110, 112, 113, 115, 117, 118, 120, 123, 125, 129, 130, 131, 135, 136, 139, 140, 143, 144, 145, 146, 147, 149, 150, 151, 152, 154, 155, 156, 157, 158, 159, 160, 161, 162, 163, 164, 166, 167, 168, 169, 170, 172, 173, 174, 175, 176, 177, 181, 182, 183, 185, 186, 187, 188, 189, 190, 191, 192, 193, 194, 195, 196, 197, 198, 199, 200]","{1: [<function rolling_mean_14 at 0x000002C5930FAA20>], 7: [<function rolling_mean_30 at 0x000002C58DBF9260>], 30: [<function expanding_mean at 0x000002C58F7A04A0>]}",lags_200_features_132,15.316738869514127,21.355284315882635,22.84561537764109,23.872581399921224,25.10271887608415,26.083170016528673,33.68392391147182,33.96039147597606,37.131258595698235,39.03134383730585,38.498357693926465
LGBMRegressor,"AutoSeasonalDifferences(max_diffs=380, n_seasons=10, season_length=267)","[1, 2, 3, 4, 5, 6, 7, 8, 9, 10, 11, 12, 13, 14, 15, 16, 17, 18, 19, 20, 21, 22, 23, 24, 27, 28, 32, 33, 34, 36, 37, 39, 40, 41, 42, 43, 44, 45, 51, 55, 57, 60, 62, 64, 67, 68, 71, 72, 73, 74, 75, 76, 77, 78, 79, 80, 81, 86, 89, 91, 92, 97, 98, 99, 105, 109, 110, 112, 113, 115, 117, 118, 120, 123, 125, 129, 130, 131, 135, 136, 139, 140, 143, 144, 145, 146, 147, 149, 150, 151, 152, 154, 155, 156, 157, 158, 159, 160, 161, 162, 163, 164, 166, 167, 168, 169, 170, 172, 173, 174, 175, 176, 177, 181, 182, 183, 185, 186, 187, 188, 189, 190, 191, 192, 193, 194, 195, 196, 197, 198, 199, 200]","{1: [<function rolling_mean_14 at 0x000002C5930FAA20>], 7: [<function rolling_mean_30 at 0x000002C58DBF9260>], 30: [<function expanding_mean at 0x000002C58F7A04A0>]}",lags_200_features_132,13.12198480277572,21.712607850105236,22.940869442317428,23.420278880410333,25.335698577355593,26.18173879631679,32.22359429921827,32.94190675730317,34.84147694955633,37.685060272541854,37.20376878679756
XGBRegressor,"AutoSeasonalDifferences(max_diffs=380, n_seasons=10, season_length=267)","[1, 2, 3, 4, 5, 6, 7, 8, 9, 10, 11, 12, 13, 14, 15, 16, 17, 18, 19, 20, 21, 22, 23, 24, 27, 28, 32, 33, 34, 36, 37, 39, 40, 41, 42, 43, 44, 45, 51, 55, 57, 60, 62, 64, 67, 68, 71, 72, 73, 74, 75, 76, 77, 78, 79, 80, 81, 86, 89, 91, 92, 97, 98, 99, 105, 109, 110, 112, 113, 115, 117, 118, 120, 123, 125, 129, 130, 131, 135, 136, 139, 140, 143, 144, 145, 146, 147, 149, 150, 151, 152, 154, 155, 156, 157, 158, 159, 160, 161, 162, 163, 164, 166, 167, 168, 169, 170, 172, 173, 174, 175, 176, 177, 181, 182, 183, 185, 186, 187, 188, 189, 190, 191, 192, 193, 194, 195, 196, 197, 198, 199, 200]","{7: [RollingMean(window_size=7)], 30: [RollingMean(window_size=30)], 60: [RollingMean(window_size=60)]}",lags_200_features_132,16.927233845811166,24.795309518523702,25.8263401191668,26.408619180589366,28.268436021267867,28.968025426195744,35.790807003171885,35.67353040968243,42.549218637225295,50.72122582007111,49.9108785278315
LGBMRegressor,"AutoSeasonalDifferences(max_diffs=380, n_seasons=10, season_length=267)","[1, 2, 3, 4, 5, 6, 7, 8, 9, 10, 11, 12, 13, 14, 15, 16, 17, 18, 19, 20, 21, 22, 23, 24, 27, 28, 32, 33, 34, 36, 37, 39, 40, 41, 42, 43, 44, 45, 51, 55, 57, 60, 62, 64, 67, 68, 71, 72, 73, 74, 75, 76, 77, 78, 79, 80, 81, 86, 89, 91, 92, 97, 98, 99, 105, 109, 110, 112, 113, 115, 117, 118, 120, 123, 125, 129, 130, 131, 135, 136, 139, 140, 143, 144, 145, 146, 147, 149, 150, 151, 152, 154, 155, 156, 157, 158, 159, 160, 161, 162, 163, 164, 166, 167, 168, 169, 170, 172, 173, 174, 175, 176, 177, 181, 182, 183, 185, 186, 187, 188, 189, 190, 191, 192, 193, 194, 195, 196, 197, 198, 199, 200]","{7: [RollingMean(window_size=7)], 30: [RollingMean(window_size=30)], 60: [RollingMean(window_size=60)]}",lags_200_features_132,15.324337595330606,23.848828484810934,24.606011416615186,25.48441948970057,27.131565710131877,27.07738030413518,33.268928283147936,33.991419806583,34.41674229500937,38.106613343222605,38.26868719425428
XGBRegressor,"AutoSeasonalDifferences(max_diffs=380, n_seasons=10, season_length=267)","[1, 2, 3, 4, 5, 6, 7, 8, 9, 10, 11, 12, 13, 14, 15, 16, 17, 18, 19, 20, 21, 22, 23, 24, 27, 28, 32, 33, 34, 36, 37, 39, 40, 41, 42, 43, 44, 45, 51, 55, 57, 60, 62, 64, 67, 68, 71, 72, 73, 74, 75, 76, 77, 78, 79, 80, 81, 86, 89, 91, 92, 97, 98, 99, 105, 109, 110, 112, 113, 115, 117, 118, 120, 123, 125, 129, 130, 131, 135, 136, 139, 140, 143, 144, 145, 146, 147, 149, 150, 151, 152, 154, 155, 156, 157, 158, 159, 160, 161, 162, 163, 164, 166, 167, 168, 169, 170, 172, 173, 174, 175, 176, 177, 181, 182, 183, 185, 186, 187, 188, 189, 190, 191, 192, 193, 194, 195, 196, 197, 198, 199, 200]","{7: [RollingMean(window_size=7), RollingStd(window_size=7)], 30: [RollingMean(window_size=30)], 60: [ExpandingMean()], 14: [ExponentiallyWeightedMean(alpha=0.3)]}",lags_200_features_132,13.994881049593788,22.309842391681748,24.076078957798313,24.848884343559536,26.794626147960038,27.474933278673447,32.121942809114316,31.859673730305776,36.237831596397605,35.1157665692093,34.6309231569133
LGBMRegressor,"AutoSeasonalDifferences(max_diffs=380, n_seasons=10, season_length=267)","[1, 2, 3, 4, 5, 6, 7, 8, 9, 10, 11, 12, 13, 14, 15, 16, 17, 18, 19, 20, 21, 22, 23, 24, 27, 28, 32, 33, 34, 36, 37, 39, 40, 41, 42, 43, 44, 45, 51, 55, 57, 60, 62, 64, 67, 68, 71, 72, 73, 74, 75, 76, 77, 78, 79, 80, 81, 86, 89, 91, 92, 97, 98, 99, 105, 109, 110, 112, 113, 115, 117, 118, 120, 123, 125, 129, 130, 131, 135, 136, 139, 140, 143, 144, 145, 146, 147, 149, 150, 151, 152, 154, 155, 156, 157, 158, 159, 160, 161, 162, 163, 164, 166, 167, 168, 169, 170, 172, 173, 174, 175, 176, 177, 181, 182, 183, 185, 186, 187, 188, 189, 190, 191, 192, 193, 194, 195, 196, 197, 198, 199, 200]","{7: [RollingMean(window_size=7), RollingStd(window_size=7)], 30: [RollingMean(window_size=30)], 60: [ExpandingMean()], 14: [ExponentiallyWeightedMean(alpha=0.3)]}",lags_200_features_132,11.962601682295599,20.34215818760427,22.476362984804062,23.996289241863032,25.8047682198058,26.495805435420294,33.2478280083084,33.27339113085304,36.09055801481481,36.73965661408503,36.13379466738238
XGBRegressor,"AutoSeasonalityAndDifferences(max_diffs=380, max_season_length=267, n_seasons=10)","[1, 2, 3, 4, 5, 6, 7, 8, 9, 10, 11, 12, 13, 14, 15, 16, 17, 18, 19, 20, 21, 22, 23, 24, 27, 28, 32, 33, 34, 36, 37, 39, 40, 41, 42, 43, 44, 45, 51, 55, 57, 60, 62, 64, 67, 68, 71, 72, 73, 74, 75, 76, 77, 78, 79, 80, 81, 86, 89, 91, 92, 97, 98, 99, 105, 109, 110, 112, 113, 115, 117, 118, 120, 123, 125, 129, 130, 131, 135, 136, 139, 140, 143, 144, 145, 146, 147, 149, 150, 151, 152, 154, 155, 156, 157, 158, 159, 160, 161, 162, 163, 164, 166, 167, 168, 169, 170, 172, 173, 174, 175, 176, 177, 181, 182, 183, 185, 186, 187, 188, 189, 190, 191, 192, 193, 194, 195, 196, 197, 198, 199, 200]","{1: [<function expanding_mean at 0x000002C58F7A04A0>], 7: [<function rolling_mean_14 at 0x000002C5930FAA20>], 30: [<function expanding_mean at 0x000002C58F7A04A0>]}",lags_200_features_132,19.949440897624697,27.38330950005311,26.668232682947952,26.691986917798687,29.420468838714896,29.551920481170452,33.4166431235746,33.095674575770104,48.82989417584767,49.38258545261456,48.73502364039439
LGBMRegressor,"AutoSeasonalityAndDifferences(max_diffs=380, max_season_length=267, n_seasons=10)","[1, 2, 3, 4, 5, 6, 7, 8, 9, 10, 11, 12, 13, 14, 15, 16, 17, 18, 19, 20, 21, 22, 23, 24, 27, 28, 32, 33, 34, 36, 37, 39, 40, 41, 42, 43, 44, 45, 51, 55, 57, 60, 62, 64, 67, 68, 71, 72, 73, 74, 75, 76, 77, 78, 79, 80, 81, 86, 89, 91, 92, 97, 98, 99, 105, 109, 110, 112, 113, 115, 117, 118, 120, 123, 125, 129, 130, 131, 135, 136, 139, 140, 143, 144, 145, 146, 147, 149, 150, 151, 152, 154, 155, 156, 157, 158, 159, 160, 161, 162, 163, 164, 166, 167, 168, 169, 170, 172, 173, 174, 175, 176, 177, 181, 182, 183, 185, 186, 187, 188, 189, 190, 191, 192, 193, 194, 195, 196, 197, 198, 199, 200]","{1: [<function expanding_mean at 0x000002C58F7A04A0>], 7: [<function rolling_mean_14 at 0x000002C5930FAA20>], 30: [<function expanding_mean at 0x000002C58F7A04A0>]}",lags_200_features_132,13.45836653465635,22.297890478262637,23.03736910754343,23.835310321183947,25.446102106741208,25.886378529801974,32.279641572185035,32.942983410599766,34.45725641075557,37.52864336140762,37.144501947885125
XGBRegressor,"AutoSeasonalityAndDifferences(max_diffs=380, max_season_length=267, n_seasons=10)","[1, 2, 3, 4, 5, 6, 7, 8, 9, 10, 11, 12, 13, 14, 15, 16, 17, 18, 19, 20, 21, 22, 23, 24, 27, 28, 32, 33, 34, 36, 37, 39, 40, 41, 42, 43, 44, 45, 51, 55, 57, 60, 62, 64, 67, 68, 71, 72, 73, 74, 75, 76, 77, 78, 79, 80, 81, 86, 89, 91, 92, 97, 98, 99, 105, 109, 110, 112, 113, 115, 117, 118, 120, 123, 125, 129, 130, 131, 135, 136, 139, 140, 143, 144, 145, 146, 147, 149, 150, 151, 152, 154, 155, 156, 157, 158, 159, 160, 161, 162, 163, 164, 166, 167, 168, 169, 170, 172, 173, 174, 175, 176, 177, 181, 182, 183, 185, 186, 187, 188, 189, 190, 191, 192, 193, 194, 195, 196, 197, 198, 199, 200]","{1: [<function rolling_mean_14 at 0x000002C5930FAA20>], 7: [<function rolling_mean_30 at 0x000002C58DBF9260>], 30: [<function expanding_mean at 0x000002C58F7A04A0>]}",lags_200_features_132,15.316738869514127,21.355284315882635,22.84561537764109,23.872581399921224,25.10271887608415,26.083170016528673,33.68392391147182,33.96039147597606,37.131258595698235,39.03134383730585,38.498357693926465
LGBMRegressor,"AutoSeasonalityAndDifferences(max_diffs=380, max_season_length=267, n_seasons=10)","[1, 2, 3, 4, 5, 6, 7, 8, 9, 10, 11, 12, 13, 14, 15, 16, 17, 18, 19, 20, 21, 22, 23, 24, 27, 28, 32, 33, 34, 36, 37, 39, 40, 41, 42, 43, 44, 45, 51, 55, 57, 60, 62, 64, 67, 68, 71, 72, 73, 74, 75, 76, 77, 78, 79, 80, 81, 86, 89, 91, 92, 97, 98, 99, 105, 109, 110, 112, 113, 115, 117, 118, 120, 123, 125, 129, 130, 131, 135, 136, 139, 140, 143, 144, 145, 146, 147, 149, 150, 151, 152, 154, 155, 156, 157, 158, 159, 160, 161, 162, 163, 164, 166, 167, 168, 169, 170, 172, 173, 174, 175, 176, 177, 181, 182, 183, 185, 186, 187, 188, 189, 190, 191, 192, 193, 194, 195, 196, 197, 198, 199, 200]","{1: [<function rolling_mean_14 at 0x000002C5930FAA20>], 7: [<function rolling_mean_30 at 0x000002C58DBF9260>], 30: [<function expanding_mean at 0x000002C58F7A04A0>]}",lags_200_features_132,13.12198480277572,21.712607850105236,22.940869442317428,23.420278880410333,25.335698577355593,26.18173879631679,32.22359429921827,32.94190675730317,34.84147694955633,37.685060272541854,37.20376878679756
XGBRegressor,"AutoSeasonalityAndDifferences(max_diffs=380, max_season_length=267, n_seasons=10)","[1, 2, 3, 4, 5, 6, 7, 8, 9, 10, 11, 12, 13, 14, 15, 16, 17, 18, 19, 20, 21, 22, 23, 24, 27, 28, 32, 33, 34, 36, 37, 39, 40, 41, 42, 43, 44, 45, 51, 55, 57, 60, 62, 64, 67, 68, 71, 72, 73, 74, 75, 76, 77, 78, 79, 80, 81, 86, 89, 91, 92, 97, 98, 99, 105, 109, 110, 112, 113, 115, 117, 118, 120, 123, 125, 129, 130, 131, 135, 136, 139, 140, 143, 144, 145, 146, 147, 149, 150, 151, 152, 154, 155, 156, 157, 158, 159, 160, 161, 162, 163, 164, 166, 167, 168, 169, 170, 172, 173, 174, 175, 176, 177, 181, 182, 183, 185, 186, 187, 188, 189, 190, 191, 192, 193, 194, 195, 196, 197, 198, 199, 200]","{7: [RollingMean(window_size=7)], 30: [RollingMean(window_size=30)], 60: [RollingMean(window_size=60)]}",lags_200_features_132,16.927233845811166,24.795309518523702,25.8263401191668,26.408619180589366,28.268436021267867,28.968025426195744,35.790807003171885,35.67353040968243,42.549218637225295,50.72122582007111,49.9108785278315
LGBMRegressor,"AutoSeasonalityAndDifferences(max_diffs=380, max_season_length=267, n_seasons=10)","[1, 2, 3, 4, 5, 6, 7, 8, 9, 10, 11, 12, 13, 14, 15, 16, 17, 18, 19, 20, 21, 22, 23, 24, 27, 28, 32, 33, 34, 36, 37, 39, 40, 41, 42, 43, 44, 45, 51, 55, 57, 60, 62, 64, 67, 68, 71, 72, 73, 74, 75, 76, 77, 78, 79, 80, 81, 86, 89, 91, 92, 97, 98, 99, 105, 109, 110, 112, 113, 115, 117, 118, 120, 123, 125, 129, 130, 131, 135, 136, 139, 140, 143, 144, 145, 146, 147, 149, 150, 151, 152, 154, 155, 156, 157, 158, 159, 160, 161, 162, 163, 164, 166, 167, 168, 169, 170, 172, 173, 174, 175, 176, 177, 181, 182, 183, 185, 186, 187, 188, 189, 190, 191, 192, 193, 194, 195, 196, 197, 198, 199, 200]","{7: [RollingMean(window_size=7)], 30: [RollingMean(window_size=30)], 60: [RollingMean(window_size=60)]}",lags_200_features_132,15.324337595330606,23.848828484810934,24.606011416615186,25.48441948970057,27.131565710131877,27.07738030413518,33.268928283147936,33.991419806583,34.41674229500937,38.106613343222605,38.26868719425428
XGBRegressor,"AutoSeasonalityAndDifferences(max_diffs=380, max_season_length=267, n_seasons=10)","[1, 2, 3, 4, 5, 6, 7, 8, 9, 10, 11, 12, 13, 14, 15, 16, 17, 18, 19, 20, 21, 22, 23, 24, 27, 28, 32, 33, 34, 36, 37, 39, 40, 41, 42, 43, 44, 45, 51, 55, 57, 60, 62, 64, 67, 68, 71, 72, 73, 74, 75, 76, 77, 78, 79, 80, 81, 86, 89, 91, 92, 97, 98, 99, 105, 109, 110, 112, 113, 115, 117, 118, 120, 123, 125, 129, 130, 131, 135, 136, 139, 140, 143, 144, 145, 146, 147, 149, 150, 151, 152, 154, 155, 156, 157, 158, 159, 160, 161, 162, 163, 164, 166, 167, 168, 169, 170, 172, 173, 174, 175, 176, 177, 181, 182, 183, 185, 186, 187, 188, 189, 190, 191, 192, 193, 194, 195, 196, 197, 198, 199, 200]","{7: [RollingMean(window_size=7), RollingStd(window_size=7)], 30: [RollingMean(window_size=30)], 60: [ExpandingMean()], 14: [ExponentiallyWeightedMean(alpha=0.3)]}",lags_200_features_132,13.994881049593788,22.309842391681748,24.076078957798313,24.848884343559536,26.794626147960038,27.474933278673447,32.121942809114316,31.859673730305776,36.237831596397605,35.1157665692093,34.6309231569133
LGBMRegressor,"AutoSeasonalityAndDifferences(max_diffs=380, max_season_length=267, n_seasons=10)","[1, 2, 3, 4, 5, 6, 7, 8, 9, 10, 11, 12, 13, 14, 15, 16, 17, 18, 19, 20, 21, 22, 23, 24, 27, 28, 32, 33, 34, 36, 37, 39, 40, 41, 42, 43, 44, 45, 51, 55, 57, 60, 62, 64, 67, 68, 71, 72, 73, 74, 75, 76, 77, 78, 79, 80, 81, 86, 89, 91, 92, 97, 98, 99, 105, 109, 110, 112, 113, 115, 117, 118, 120, 123, 125, 129, 130, 131, 135, 136, 139, 140, 143, 144, 145, 146, 147, 149, 150, 151, 152, 154, 155, 156, 157, 158, 159, 160, 161, 162, 163, 164, 166, 167, 168, 169, 170, 172, 173, 174, 175, 176, 177, 181, 182, 183, 185, 186, 187, 188, 189, 190, 191, 192, 193, 194, 195, 196, 197, 198, 199, 200]","{7: [RollingMean(window_size=7), RollingStd(window_size=7)], 30: [RollingMean(window_size=30)], 60: [ExpandingMean()], 14: [ExponentiallyWeightedMean(alpha=0.3)]}",lags_200_features_132,11.962601682295599,20.34215818760427,22.476362984804062,23.996289241863032,25.8047682198058,26.495805435420294,33.2478280083084,33.27339113085304,36.09055801481481,36.73965661408503,36.13379466738238
SGD_EarlyStopping,LocalStandardScaler(stats_=[[47.42372721 38.3630083 ]]),"[1, 2, 3, 4, 5, 6, 7, 8, 9, 10, 11, 12, 13, 14, 15, 16, 17, 18, 19, 20, 21, 22, 23, 24, 27, 28, 32, 33, 34, 36, 37, 39, 40, 41, 42, 43, 44, 45, 51, 55, 57, 60, 62, 64, 67, 68, 71, 72, 73, 74, 75, 76, 77, 78, 79, 80, 81, 86, 89, 91, 92, 97, 98, 99, 105, 109, 110, 112, 113, 115, 117, 118, 120, 123, 125, 129, 130, 131, 135, 136, 139, 140, 143, 144, 145, 146, 147, 149, 150, 151, 152, 154, 155, 156, 157, 158, 159, 160, 161, 162, 163, 164, 166, 167, 168, 169, 170, 172, 173, 174, 175, 176, 177, 181, 182, 183, 185, 186, 187, 188, 189, 190, 191, 192, 193, 194, 195, 196, 197, 198, 199, 200]","{1: [<function expanding_mean at 0x000002C58F7A04A0>], 7: [<function rolling_mean_14 at 0x000002C5930FAA20>], 30: [<function expanding_mean at 0x000002C58F7A04A0>]}",lags_200_features_132,49.41226341199423,71.30036681956005,112.83109787797929,150.46994593906996,173.50611433246968,186.93481809986483,179.26898746074446,158.99918874095727,272.03234306202427,740.7199840810774,769.123853127542
SGD_ElasticNet,LocalStandardScaler(stats_=[[47.42372721 38.3630083 ]]),"[1, 2, 3, 4, 5, 6, 7, 8, 9, 10, 11, 12, 13, 14, 15, 16, 17, 18, 19, 20, 21, 22, 23, 24, 27, 28, 32, 33, 34, 36, 37, 39, 40, 41, 42, 43, 44, 45, 51, 55, 57, 60, 62, 64, 67, 68, 71, 72, 73, 74, 75, 76, 77, 78, 79, 80, 81, 86, 89, 91, 92, 97, 98, 99, 105, 109, 110, 112, 113, 115, 117, 118, 120, 123, 125, 129, 130, 131, 135, 136, 139, 140, 143, 144, 145, 146, 147, 149, 150, 151, 152, 154, 155, 156, 157, 158, 159, 160, 161, 162, 163, 164, 166, 167, 168, 169, 170, 172, 173, 174, 175, 176, 177, 181, 182, 183, 185, 186, 187, 188, 189, 190, 191, 192, 193, 194, 195, 196, 197, 198, 199, 200]","{1: [<function expanding_mean at 0x000002C58F7A04A0>], 7: [<function rolling_mean_14 at 0x000002C5930FAA20>], 30: [<function expanding_mean at 0x000002C58F7A04A0>]}",lags_200_features_132,42.46496186443001,34.191422867104585,31.66320638416373,40.9561473040876,50.134124471841254,63.91807706169237,64.59024820465174,61.90710136651686,97.36878519199463,131.51377218027707,140.05363832066863
SGD_Lasso,LocalStandardScaler(stats_=[[47.42372721 38.3630083 ]]),"[1, 2, 3, 4, 5, 6, 7, 8, 9, 10, 11, 12, 13, 14, 15, 16, 17, 18, 19, 20, 21, 22, 23, 24, 27, 28, 32, 33, 34, 36, 37, 39, 40, 41, 42, 43, 44, 45, 51, 55, 57, 60, 62, 64, 67, 68, 71, 72, 73, 74, 75, 76, 77, 78, 79, 80, 81, 86, 89, 91, 92, 97, 98, 99, 105, 109, 110, 112, 113, 115, 117, 118, 120, 123, 125, 129, 130, 131, 135, 136, 139, 140, 143, 144, 145, 146, 147, 149, 150, 151, 152, 154, 155, 156, 157, 158, 159, 160, 161, 162, 163, 164, 166, 167, 168, 169, 170, 172, 173, 174, 175, 176, 177, 181, 182, 183, 185, 186, 187, 188, 189, 190, 191, 192, 193, 194, 195, 196, 197, 198, 199, 200]","{1: [<function expanding_mean at 0x000002C58F7A04A0>], 7: [<function rolling_mean_14 at 0x000002C5930FAA20>], 30: [<function expanding_mean at 0x000002C58F7A04A0>]}",lags_200_features_132,146.0912704773475,128.82691853905547,126.93188499445651,114.54038028568824,97.18318221367912,85.7424254200123,74.18379809357222,66.91428163146553,86.30000429912832,116.71132140479472,116.24230232919876
SGD_Ridge,LocalStandardScaler(stats_=[[47.42372721 38.3630083 ]]),"[1, 2, 3, 4, 5, 6, 7, 8, 9, 10, 11, 12, 13, 14, 15, 16, 17, 18, 19, 20, 21, 22, 23, 24, 27, 28, 32, 33, 34, 36, 37, 39, 40, 41, 42, 43, 44, 45, 51, 55, 57, 60, 62, 64, 67, 68, 71, 72, 73, 74, 75, 76, 77, 78, 79, 80, 81, 86, 89, 91, 92, 97, 98, 99, 105, 109, 110, 112, 113, 115, 117, 118, 120, 123, 125, 129, 130, 131, 135, 136, 139, 140, 143, 144, 145, 146, 147, 149, 150, 151, 152, 154, 155, 156, 157, 158, 159, 160, 161, 162, 163, 164, 166, 167, 168, 169, 170, 172, 173, 174, 175, 176, 177, 181, 182, 183, 185, 186, 187, 188, 189, 190, 191, 192, 193, 194, 195, 196, 197, 198, 199, 200]","{1: [<function expanding_mean at 0x000002C58F7A04A0>], 7: [<function rolling_mean_14 at 0x000002C5930FAA20>], 30: [<function expanding_mean at 0x000002C58F7A04A0>]}",lags_200_features_132,20.632896299455744,24.68321187328667,32.7794150936764,55.39931655398682,74.44711670032537,95.15960567144911,96.065168452127,86.56203715138997,110.11340105169862,155.21462640197413,161.25094354426864
SGDRegressor,LocalStandardScaler(stats_=[[47.42372721 38.3630083 ]]),"[1, 2, 3, 4, 5, 6, 7, 8, 9, 10, 11, 12, 13, 14, 15, 16, 17, 18, 19, 20, 21, 22, 23, 24, 27, 28, 32, 33, 34, 36, 37, 39, 40, 41, 42, 43, 44, 45, 51, 55, 57, 60, 62, 64, 67, 68, 71, 72, 73, 74, 75, 76, 77, 78, 79, 80, 81, 86, 89, 91, 92, 97, 98, 99, 105, 109, 110, 112, 113, 115, 117, 118, 120, 123, 125, 129, 130, 131, 135, 136, 139, 140, 143, 144, 145, 146, 147, 149, 150, 151, 152, 154, 155, 156, 157, 158, 159, 160, 161, 162, 163, 164, 166, 167, 168, 169, 170, 172, 173, 174, 175, 176, 177, 181, 182, 183, 185, 186, 187, 188, 189, 190, 191, 192, 193, 194, 195, 196, 197, 198, 199, 200]","{1: [<function expanding_mean at 0x000002C58F7A04A0>], 7: [<function rolling_mean_14 at 0x000002C5930FAA20>], 30: [<function expanding_mean at 0x000002C58F7A04A0>]}",lags_200_features_132,45.59873763864298,35.20288334559731,35.54542198353446,46.292744100155524,55.30022666733271,68.24778436957766,67.260979942435,65.40858264828256,101.62699196494613,142.11077968093724,151.2253233984569
XGBRegressor,LocalStandardScaler(stats_=[[47.42372721 38.3630083 ]]),"[1, 2, 3, 4, 5, 6, 7, 8, 9, 10, 11, 12, 13, 14, 15, 16, 17, 18, 19, 20, 21, 22, 23, 24, 27, 28, 32, 33, 34, 36, 37, 39, 40, 41, 42, 43, 44, 45, 51, 55, 57, 60, 62, 64, 67, 68, 71, 72, 73, 74, 75, 76, 77, 78, 79, 80, 81, 86, 89, 91, 92, 97, 98, 99, 105, 109, 110, 112, 113, 115, 117, 118, 120, 123, 125, 129, 130, 131, 135, 136, 139, 140, 143, 144, 145, 146, 147, 149, 150, 151, 152, 154, 155, 156, 157, 158, 159, 160, 161, 162, 163, 164, 166, 167, 168, 169, 170, 172, 173, 174, 175, 176, 177, 181, 182, 183, 185, 186, 187, 188, 189, 190, 191, 192, 193, 194, 195, 196, 197, 198, 199, 200]","{1: [<function expanding_mean at 0x000002C58F7A04A0>], 7: [<function rolling_mean_14 at 0x000002C5930FAA20>], 30: [<function expanding_mean at 0x000002C58F7A04A0>]}",lags_200_features_132,19.73707535786237,27.27052034422512,26.760821574559717,26.802656851427336,29.52108610699208,30.003521919938613,34.41292996346002,33.886866491090295,50.18616964590681,50.807988003569335,50.129893662417366
LGBMRegressor,LocalStandardScaler(stats_=[[47.42372721 38.3630083 ]]),"[1, 2, 3, 4, 5, 6, 7, 8, 9, 10, 11, 12, 13, 14, 15, 16, 17, 18, 19, 20, 21, 22, 23, 24, 27, 28, 32, 33, 34, 36, 37, 39, 40, 41, 42, 43, 44, 45, 51, 55, 57, 60, 62, 64, 67, 68, 71, 72, 73, 74, 75, 76, 77, 78, 79, 80, 81, 86, 89, 91, 92, 97, 98, 99, 105, 109, 110, 112, 113, 115, 117, 118, 120, 123, 125, 129, 130, 131, 135, 136, 139, 140, 143, 144, 145, 146, 147, 149, 150, 151, 152, 154, 155, 156, 157, 158, 159, 160, 161, 162, 163, 164, 166, 167, 168, 169, 170, 172, 173, 174, 175, 176, 177, 181, 182, 183, 185, 186, 187, 188, 189, 190, 191, 192, 193, 194, 195, 196, 197, 198, 199, 200]","{1: [<function expanding_mean at 0x000002C58F7A04A0>], 7: [<function rolling_mean_14 at 0x000002C5930FAA20>], 30: [<function expanding_mean at 0x000002C58F7A04A0>]}",lags_200_features_132,12.804828980757952,21.275941720920436,22.47104658589442,23.479344486642383,25.463789007223852,26.230740089839482,32.395182779746285,32.97916369500793,36.62256146149828,39.61276614738601,39.152280936681116
SGD_EarlyStopping,LocalStandardScaler(stats_=[[47.42372721 38.3630083 ]]),"[1, 2, 3, 4, 5, 6, 7, 8, 9, 10, 11, 12, 13, 14, 15, 16, 17, 18, 19, 20, 21, 22, 23, 24, 27, 28, 32, 33, 34, 36, 37, 39, 40, 41, 42, 43, 44, 45, 51, 55, 57, 60, 62, 64, 67, 68, 71, 72, 73, 74, 75, 76, 77, 78, 79, 80, 81, 86, 89, 91, 92, 97, 98, 99, 105, 109, 110, 112, 113, 115, 117, 118, 120, 123, 125, 129, 130, 131, 135, 136, 139, 140, 143, 144, 145, 146, 147, 149, 150, 151, 152, 154, 155, 156, 157, 158, 159, 160, 161, 162, 163, 164, 166, 167, 168, 169, 170, 172, 173, 174, 175, 176, 177, 181, 182, 183, 185, 186, 187, 188, 189, 190, 191, 192, 193, 194, 195, 196, 197, 198, 199, 200]","{1: [<function rolling_mean_14 at 0x000002C5930FAA20>], 7: [<function rolling_mean_30 at 0x000002C58DBF9260>], 30: [<function expanding_mean at 0x000002C58F7A04A0>]}",lags_200_features_132,49.278391199261556,70.85801055128714,112.62526875961724,151.07142478021254,175.1590146355386,189.97719322998466,184.35479210335234,163.07617451699969,261.52611277071696,734.2869163455571,766.7412762456175
SGD_ElasticNet,LocalStandardScaler(stats_=[[47.42372721 38.3630083 ]]),"[1, 2, 3, 4, 5, 6, 7, 8, 9, 10, 11, 12, 13, 14, 15, 16, 17, 18, 19, 20, 21, 22, 23, 24, 27, 28, 32, 33, 34, 36, 37, 39, 40, 41, 42, 43, 44, 45, 51, 55, 57, 60, 62, 64, 67, 68, 71, 72, 73, 74, 75, 76, 77, 78, 79, 80, 81, 86, 89, 91, 92, 97, 98, 99, 105, 109, 110, 112, 113, 115, 117, 118, 120, 123, 125, 129, 130, 131, 135, 136, 139, 140, 143, 144, 145, 146, 147, 149, 150, 151, 152, 154, 155, 156, 157, 158, 159, 160, 161, 162, 163, 164, 166, 167, 168, 169, 170, 172, 173, 174, 175, 176, 177, 181, 182, 183, 185, 186, 187, 188, 189, 190, 191, 192, 193, 194, 195, 196, 197, 198, 199, 200]","{1: [<function rolling_mean_14 at 0x000002C5930FAA20>], 7: [<function rolling_mean_30 at 0x000002C58DBF9260>], 30: [<function expanding_mean at 0x000002C58F7A04A0>]}",lags_200_features_132,42.49285496642143,34.035119742087474,31.725769221391115,41.079406743632866,50.150505352093354,63.75179661209619,64.27128156706667,61.75113558884263,97.00284602997472,131.0746315982967,139.56260030055682
SGD_Lasso,LocalStandardScaler(stats_=[[47.42372721 38.3630083 ]]),"[1, 2, 3, 4, 5, 6, 7, 8, 9, 10, 11, 12, 13, 14, 15, 16, 17, 18, 19, 20, 21, 22, 23, 24, 27, 28, 32, 33, 34, 36, 37, 39, 40, 41, 42, 43, 44, 45, 51, 55, 57, 60, 62, 64, 67, 68, 71, 72, 73, 74, 75, 76, 77, 78, 79, 80, 81, 86, 89, 91, 92, 97, 98, 99, 105, 109, 110, 112, 113, 115, 117, 118, 120, 123, 125, 129, 130, 131, 135, 136, 139, 140, 143, 144, 145, 146, 147, 149, 150, 151, 152, 154, 155, 156, 157, 158, 159, 160, 161, 162, 163, 164, 166, 167, 168, 169, 170, 172, 173, 174, 175, 176, 177, 181, 182, 183, 185, 186, 187, 188, 189, 190, 191, 192, 193, 194, 195, 196, 197, 198, 199, 200]","{1: [<function rolling_mean_14 at 0x000002C5930FAA20>], 7: [<function rolling_mean_30 at 0x000002C58DBF9260>], 30: [<function expanding_mean at 0x000002C58F7A04A0>]}",lags_200_features_132,146.0912704773475,128.82691853905547,126.93188499445651,114.54038028568824,97.18318221367912,85.7424254200123,74.18379809357222,66.91428163146553,86.30000429912832,116.71132140479472,116.24230232919876
SGD_Ridge,LocalStandardScaler(stats_=[[47.42372721 38.3630083 ]]),"[1, 2, 3, 4, 5, 6, 7, 8, 9, 10, 11, 12, 13, 14, 15, 16, 17, 18, 19, 20, 21, 22, 23, 24, 27, 28, 32, 33, 34, 36, 37, 39, 40, 41, 42, 43, 44, 45, 51, 55, 57, 60, 62, 64, 67, 68, 71, 72, 73, 74, 75, 76, 77, 78, 79, 80, 81, 86, 89, 91, 92, 97, 98, 99, 105, 109, 110, 112, 113, 115, 117, 118, 120, 123, 125, 129, 130, 131, 135, 136, 139, 140, 143, 144, 145, 146, 147, 149, 150, 151, 152, 154, 155, 156, 157, 158, 159, 160, 161, 162, 163, 164, 166, 167, 168, 169, 170, 172, 173, 174, 175, 176, 177, 181, 182, 183, 185, 186, 187, 188, 189, 190, 191, 192, 193, 194, 195, 196, 197, 198, 199, 200]","{1: [<function rolling_mean_14 at 0x000002C5930FAA20>], 7: [<function rolling_mean_30 at 0x000002C58DBF9260>], 30: [<function expanding_mean at 0x000002C58F7A04A0>]}",lags_200_features_132,20.368547174051255,24.260200976763233,32.72756395519051,55.474651708444036,74.59978809317882,95.43559685395326,96.54625189478642,87.0416474377718,110.3007299247394,156.14826461253648,161.95007562848966
SGDRegressor,LocalStandardScaler(stats_=[[47.42372721 38.3630083 ]]),"[1, 2, 3, 4, 5, 6, 7, 8, 9, 10, 11, 12, 13, 14, 15, 16, 17, 18, 19, 20, 21, 22, 23, 24, 27, 28, 32, 33, 34, 36, 37, 39, 40, 41, 42, 43, 44, 45, 51, 55, 57, 60, 62, 64, 67, 68, 71, 72, 73, 74, 75, 76, 77, 78, 79, 80, 81, 86, 89, 91, 92, 97, 98, 99, 105, 109, 110, 112, 113, 115, 117, 118, 120, 123, 125, 129, 130, 131, 135, 136, 139, 140, 143, 144, 145, 146, 147, 149, 150, 151, 152, 154, 155, 156, 157, 158, 159, 160, 161, 162, 163, 164, 166, 167, 168, 169, 170, 172, 173, 174, 175, 176, 177, 181, 182, 183, 185, 186, 187, 188, 189, 190, 191, 192, 193, 194, 195, 196, 197, 198, 199, 200]","{1: [<function rolling_mean_14 at 0x000002C5930FAA20>], 7: [<function rolling_mean_30 at 0x000002C58DBF9260>], 30: [<function expanding_mean at 0x000002C58F7A04A0>]}",lags_200_features_132,45.465744772167035,35.06536562099251,35.48530530037283,46.06398249507771,54.876609715936354,67.63623428764322,66.65858161489773,64.92330454064799,101.33567547026917,141.6995894717185,150.74275951540793
XGBRegressor,LocalStandardScaler(stats_=[[47.42372721 38.3630083 ]]),"[1, 2, 3, 4, 5, 6, 7, 8, 9, 10, 11, 12, 13, 14, 15, 16, 17, 18, 19, 20, 21, 22, 23, 24, 27, 28, 32, 33, 34, 36, 37, 39, 40, 41, 42, 43, 44, 45, 51, 55, 57, 60, 62, 64, 67, 68, 71, 72, 73, 74, 75, 76, 77, 78, 79, 80, 81, 86, 89, 91, 92, 97, 98, 99, 105, 109, 110, 112, 113, 115, 117, 118, 120, 123, 125, 129, 130, 131, 135, 136, 139, 140, 143, 144, 145, 146, 147, 149, 150, 151, 152, 154, 155, 156, 157, 158, 159, 160, 161, 162, 163, 164, 166, 167, 168, 169, 170, 172, 173, 174, 175, 176, 177, 181, 182, 183, 185, 186, 187, 188, 189, 190, 191, 192, 193, 194, 195, 196, 197, 198, 199, 200]","{1: [<function rolling_mean_14 at 0x000002C5930FAA20>], 7: [<function rolling_mean_30 at 0x000002C58DBF9260>], 30: [<function expanding_mean at 0x000002C58F7A04A0>]}",lags_200_features_132,15.330748435560201,21.316551408075092,22.906039621149368,23.945304164633406,25.252332926048098,26.100801693952185,33.361196180098304,33.592988003965715,37.05307947700075,38.869351711105416,38.359366357618676
LGBMRegressor,LocalStandardScaler(stats_=[[47.42372721 38.3630083 ]]),"[1, 2, 3, 4, 5, 6, 7, 8, 9, 10, 11, 12, 13, 14, 15, 16, 17, 18, 19, 20, 21, 22, 23, 24, 27, 28, 32, 33, 34, 36, 37, 39, 40, 41, 42, 43, 44, 45, 51, 55, 57, 60, 62, 64, 67, 68, 71, 72, 73, 74, 75, 76, 77, 78, 79, 80, 81, 86, 89, 91, 92, 97, 98, 99, 105, 109, 110, 112, 113, 115, 117, 118, 120, 123, 125, 129, 130, 131, 135, 136, 139, 140, 143, 144, 145, 146, 147, 149, 150, 151, 152, 154, 155, 156, 157, 158, 159, 160, 161, 162, 163, 164, 166, 167, 168, 169, 170, 172, 173, 174, 175, 176, 177, 181, 182, 183, 185, 186, 187, 188, 189, 190, 191, 192, 193, 194, 195, 196, 197, 198, 199, 200]","{1: [<function rolling_mean_14 at 0x000002C5930FAA20>], 7: [<function rolling_mean_30 at 0x000002C58DBF9260>], 30: [<function expanding_mean at 0x000002C58F7A04A0>]}",lags_200_features_132,13.627117655745167,22.20233081661604,22.88200710170699,23.180802740027566,24.728988345708625,25.097989091303564,32.26316181505526,33.5113967073671,34.90049350078496,40.04512302129827,39.62827785760478
SGD_EarlyStopping,LocalStandardScaler(stats_=[[47.42372721 38.3630083 ]]),"[1, 2, 3, 4, 5, 6, 7, 8, 9, 10, 11, 12, 13, 14, 15, 16, 17, 18, 19, 20, 21, 22, 23, 24, 27, 28, 32, 33, 34, 36, 37, 39, 40, 41, 42, 43, 44, 45, 51, 55, 57, 60, 62, 64, 67, 68, 71, 72, 73, 74, 75, 76, 77, 78, 79, 80, 81, 86, 89, 91, 92, 97, 98, 99, 105, 109, 110, 112, 113, 115, 117, 118, 120, 123, 125, 129, 130, 131, 135, 136, 139, 140, 143, 144, 145, 146, 147, 149, 150, 151, 152, 154, 155, 156, 157, 158, 159, 160, 161, 162, 163, 164, 166, 167, 168, 169, 170, 172, 173, 174, 175, 176, 177, 181, 182, 183, 185, 186, 187, 188, 189, 190, 191, 192, 193, 194, 195, 196, 197, 198, 199, 200]","{7: [RollingMean(window_size=7)], 30: [RollingMean(window_size=30)], 60: [RollingMean(window_size=60)]}",lags_200_features_132,49.11485321129612,72.01912199866068,114.3832531243724,152.71808298249653,176.24424095029013,190.18334387348654,182.7720412180434,162.1275888553428,276.9390412180512,755.6634626555729,784.6390676678734
SGD_ElasticNet,LocalStandardScaler(stats_=[[47.42372721 38.3630083 ]]),"[1, 2, 3, 4, 5, 6, 7, 8, 9, 10, 11, 12, 13, 14, 15, 16, 17, 18, 19, 20, 21, 22, 23, 24, 27, 28, 32, 33, 34, 36, 37, 39, 40, 41, 42, 43, 44, 45, 51, 55, 57, 60, 62, 64, 67, 68, 71, 72, 73, 74, 75, 76, 77, 78, 79, 80, 81, 86, 89, 91, 92, 97, 98, 99, 105, 109, 110, 112, 113, 115, 117, 118, 120, 123, 125, 129, 130, 131, 135, 136, 139, 140, 143, 144, 145, 146, 147, 149, 150, 151, 152, 154, 155, 156, 157, 158, 159, 160, 161, 162, 163, 164, 166, 167, 168, 169, 170, 172, 173, 174, 175, 176, 177, 181, 182, 183, 185, 186, 187, 188, 189, 190, 191, 192, 193, 194, 195, 196, 197, 198, 199, 200]","{7: [RollingMean(window_size=7)], 30: [RollingMean(window_size=30)], 60: [RollingMean(window_size=60)]}",lags_200_features_132,42.14661099452877,34.033357634212194,31.69957060673778,41.21271669337935,50.37061797941895,63.90160708198308,64.10143111856901,62.14001628867533,97.85101239859148,133.53917792550757,142.2016514681536
SGD_Lasso,LocalStandardScaler(stats_=[[47.42372721 38.3630083 ]]),"[1, 2, 3, 4, 5, 6, 7, 8, 9, 10, 11, 12, 13, 14, 15, 16, 17, 18, 19, 20, 21, 22, 23, 24, 27, 28, 32, 33, 34, 36, 37, 39, 40, 41, 42, 43, 44, 45, 51, 55, 57, 60, 62, 64, 67, 68, 71, 72, 73, 74, 75, 76, 77, 78, 79, 80, 81, 86, 89, 91, 92, 97, 98, 99, 105, 109, 110, 112, 113, 115, 117, 118, 120, 123, 125, 129, 130, 131, 135, 136, 139, 140, 143, 144, 145, 146, 147, 149, 150, 151, 152, 154, 155, 156, 157, 158, 159, 160, 161, 162, 163, 164, 166, 167, 168, 169, 170, 172, 173, 174, 175, 176, 177, 181, 182, 183, 185, 186, 187, 188, 189, 190, 191, 192, 193, 194, 195, 196, 197, 198, 199, 200]","{7: [RollingMean(window_size=7)], 30: [RollingMean(window_size=30)], 60: [RollingMean(window_size=60)]}",lags_200_features_132,146.0912704773475,128.82691853905547,126.93188499445651,114.54038028568824,97.18318221367912,85.7424254200123,74.18379809357222,66.91428163146553,86.30000429912832,116.71132140479472,116.24230232919876
SGD_Ridge,LocalStandardScaler(stats_=[[47.42372721 38.3630083 ]]),"[1, 2, 3, 4, 5, 6, 7, 8, 9, 10, 11, 12, 13, 14, 15, 16, 17, 18, 19, 20, 21, 22, 23, 24, 27, 28, 32, 33, 34, 36, 37, 39, 40, 41, 42, 43, 44, 45, 51, 55, 57, 60, 62, 64, 67, 68, 71, 72, 73, 74, 75, 76, 77, 78, 79, 80, 81, 86, 89, 91, 92, 97, 98, 99, 105, 109, 110, 112, 113, 115, 117, 118, 120, 123, 125, 129, 130, 131, 135, 136, 139, 140, 143, 144, 145, 146, 147, 149, 150, 151, 152, 154, 155, 156, 157, 158, 159, 160, 161, 162, 163, 164, 166, 167, 168, 169, 170, 172, 173, 174, 175, 176, 177, 181, 182, 183, 185, 186, 187, 188, 189, 190, 191, 192, 193, 194, 195, 196, 197, 198, 199, 200]","{7: [RollingMean(window_size=7)], 30: [RollingMean(window_size=30)], 60: [RollingMean(window_size=60)]}",lags_200_features_132,20.808374582840962,24.884655577933493,32.819332583781794,55.31378906808537,74.20455905843735,94.67968331079926,95.29832616310976,85.80842401458119,108.88386062531346,152.45502802692067,158.63395171895198
SGDRegressor,LocalStandardScaler(stats_=[[47.42372721 38.3630083 ]]),"[1, 2, 3, 4, 5, 6, 7, 8, 9, 10, 11, 12, 13, 14, 15, 16, 17, 18, 19, 20, 21, 22, 23, 24, 27, 28, 32, 33, 34, 36, 37, 39, 40, 41, 42, 43, 44, 45, 51, 55, 57, 60, 62, 64, 67, 68, 71, 72, 73, 74, 75, 76, 77, 78, 79, 80, 81, 86, 89, 91, 92, 97, 98, 99, 105, 109, 110, 112, 113, 115, 117, 118, 120, 123, 125, 129, 130, 131, 135, 136, 139, 140, 143, 144, 145, 146, 147, 149, 150, 151, 152, 154, 155, 156, 157, 158, 159, 160, 161, 162, 163, 164, 166, 167, 168, 169, 170, 172, 173, 174, 175, 176, 177, 181, 182, 183, 185, 186, 187, 188, 189, 190, 191, 192, 193, 194, 195, 196, 197, 198, 199, 200]","{7: [RollingMean(window_size=7)], 30: [RollingMean(window_size=30)], 60: [RollingMean(window_size=60)]}",lags_200_features_132,44.988744068886,34.96466580570788,34.8600623385215,45.151036915256896,53.80032043273083,66.30848897856723,65.17954321619582,64.05538022745503,99.29071967436745,140.03081913980674,148.84694024499484
XGBRegressor,LocalStandardScaler(stats_=[[47.42372721 38.3630083 ]]),"[1, 2, 3, 4, 5, 6, 7, 8, 9, 10, 11, 12, 13, 14, 15, 16, 17, 18, 19, 20, 21, 22, 23, 24, 27, 28, 32, 33, 34, 36, 37, 39, 40, 41, 42, 43, 44, 45, 51, 55, 57, 60, 62, 64, 67, 68, 71, 72, 73, 74, 75, 76, 77, 78, 79, 80, 81, 86, 89, 91, 92, 97, 98, 99, 105, 109, 110, 112, 113, 115, 117, 118, 120, 123, 125, 129, 130, 131, 135, 136, 139, 140, 143, 144, 145, 146, 147, 149, 150, 151, 152, 154, 155, 156, 157, 158, 159, 160, 161, 162, 163, 164, 166, 167, 168, 169, 170, 172, 173, 174, 175, 176, 177, 181, 182, 183, 185, 186, 187, 188, 189, 190, 191, 192, 193, 194, 195, 196, 197, 198, 199, 200]","{7: [RollingMean(window_size=7)], 30: [RollingMean(window_size=30)], 60: [RollingMean(window_size=60)]}",lags_200_features_132,16.864329012339567,24.784461272850073,25.850755220791143,26.428631983484983,28.25372352898491,29.098422271677997,35.931691154550634,35.76876174096531,42.72794739619361,50.97576278456011,50.157573041240944
LGBMRegressor,LocalStandardScaler(stats_=[[47.42372721 38.3630083 ]]),"[1, 2, 3, 4, 5, 6, 7, 8, 9, 10, 11, 12, 13, 14, 15, 16, 17, 18, 19, 20, 21, 22, 23, 24, 27, 28, 32, 33, 34, 36, 37, 39, 40, 41, 42, 43, 44, 45, 51, 55, 57, 60, 62, 64, 67, 68, 71, 72, 73, 74, 75, 76, 77, 78, 79, 80, 81, 86, 89, 91, 92, 97, 98, 99, 105, 109, 110, 112, 113, 115, 117, 118, 120, 123, 125, 129, 130, 131, 135, 136, 139, 140, 143, 144, 145, 146, 147, 149, 150, 151, 152, 154, 155, 156, 157, 158, 159, 160, 161, 162, 163, 164, 166, 167, 168, 169, 170, 172, 173, 174, 175, 176, 177, 181, 182, 183, 185, 186, 187, 188, 189, 190, 191, 192, 193, 194, 195, 196, 197, 198, 199, 200]","{7: [RollingMean(window_size=7)], 30: [RollingMean(window_size=30)], 60: [RollingMean(window_size=60)]}",lags_200_features_132,14.09958510951734,22.603923311984396,23.740816944080713,24.8328654404909,26.613881246586363,26.978204630742553,33.27779589980109,33.426788056614605,35.90998621416324,37.492916546491344,36.97489186825752
SGD_EarlyStopping,LocalStandardScaler(stats_=[[47.42372721 38.3630083 ]]),"[1, 2, 3, 4, 5, 6, 7, 8, 9, 10, 11, 12, 13, 14, 15, 16, 17, 18, 19, 20, 21, 22, 23, 24, 27, 28, 32, 33, 34, 36, 37, 39, 40, 41, 42, 43, 44, 45, 51, 55, 57, 60, 62, 64, 67, 68, 71, 72, 73, 74, 75, 76, 77, 78, 79, 80, 81, 86, 89, 91, 92, 97, 98, 99, 105, 109, 110, 112, 113, 115, 117, 118, 120, 123, 125, 129, 130, 131, 135, 136, 139, 140, 143, 144, 145, 146, 147, 149, 150, 151, 152, 154, 155, 156, 157, 158, 159, 160, 161, 162, 163, 164, 166, 167, 168, 169, 170, 172, 173, 174, 175, 176, 177, 181, 182, 183, 185, 186, 187, 188, 189, 190, 191, 192, 193, 194, 195, 196, 197, 198, 199, 200]","{7: [RollingMean(window_size=7), RollingStd(window_size=7)], 30: [RollingMean(window_size=30)], 60: [ExpandingMean()], 14: [ExponentiallyWeightedMean(alpha=0.3)]}",lags_200_features_132,49.39954355159442,70.95899862740697,113.60681683253364,153.68421913499876,179.63902497316462,196.81982232810728,194.39834075694083,174.96419592939318,251.43536661965723,755.6750619374311,798.2046536530023
SGD_ElasticNet,LocalStandardScaler(stats_=[[47.42372721 38.3630083 ]]),"[1, 2, 3, 4, 5, 6, 7, 8, 9, 10, 11, 12, 13, 14, 15, 16, 17, 18, 19, 20, 21, 22, 23, 24, 27, 28, 32, 33, 34, 36, 37, 39, 40, 41, 42, 43, 44, 45, 51, 55, 57, 60, 62, 64, 67, 68, 71, 72, 73, 74, 75, 76, 77, 78, 79, 80, 81, 86, 89, 91, 92, 97, 98, 99, 105, 109, 110, 112, 113, 115, 117, 118, 120, 123, 125, 129, 130, 131, 135, 136, 139, 140, 143, 144, 145, 146, 147, 149, 150, 151, 152, 154, 155, 156, 157, 158, 159, 160, 161, 162, 163, 164, 166, 167, 168, 169, 170, 172, 173, 174, 175, 176, 177, 181, 182, 183, 185, 186, 187, 188, 189, 190, 191, 192, 193, 194, 195, 196, 197, 198, 199, 200]","{7: [RollingMean(window_size=7), RollingStd(window_size=7)], 30: [RollingMean(window_size=30)], 60: [ExpandingMean()], 14: [ExponentiallyWeightedMean(alpha=0.3)]}",lags_200_features_132,42.424621976839056,34.28878093496222,31.71638962945621,40.986893777408135,50.05345745026196,63.517469230195665,63.680357252833375,61.64517720404837,95.63134958634285,130.4450007778926,138.9807065574836
SGD_Lasso,LocalStandardScaler(stats_=[[47.42372721 38.3630083 ]]),"[1, 2, 3, 4, 5, 6, 7, 8, 9, 10, 11, 12, 13, 14, 15, 16, 17, 18, 19, 20, 21, 22, 23, 24, 27, 28, 32, 33, 34, 36, 37, 39, 40, 41, 42, 43, 44, 45, 51, 55, 57, 60, 62, 64, 67, 68, 71, 72, 73, 74, 75, 76, 77, 78, 79, 80, 81, 86, 89, 91, 92, 97, 98, 99, 105, 109, 110, 112, 113, 115, 117, 118, 120, 123, 125, 129, 130, 131, 135, 136, 139, 140, 143, 144, 145, 146, 147, 149, 150, 151, 152, 154, 155, 156, 157, 158, 159, 160, 161, 162, 163, 164, 166, 167, 168, 169, 170, 172, 173, 174, 175, 176, 177, 181, 182, 183, 185, 186, 187, 188, 189, 190, 191, 192, 193, 194, 195, 196, 197, 198, 199, 200]","{7: [RollingMean(window_size=7), RollingStd(window_size=7)], 30: [RollingMean(window_size=30)], 60: [ExpandingMean()], 14: [ExponentiallyWeightedMean(alpha=0.3)]}",lags_200_features_132,146.0912704773475,128.82691853905547,126.93188499445651,114.54038028568824,97.18318221367912,85.7424254200123,74.18379809357222,66.91428163146553,86.30000429912832,116.71132140479472,116.24230232919876
SGD_Ridge,LocalStandardScaler(stats_=[[47.42372721 38.3630083 ]]),"[1, 2, 3, 4, 5, 6, 7, 8, 9, 10, 11, 12, 13, 14, 15, 16, 17, 18, 19, 20, 21, 22, 23, 24, 27, 28, 32, 33, 34, 36, 37, 39, 40, 41, 42, 43, 44, 45, 51, 55, 57, 60, 62, 64, 67, 68, 71, 72, 73, 74, 75, 76, 77, 78, 79, 80, 81, 86, 89, 91, 92, 97, 98, 99, 105, 109, 110, 112, 113, 115, 117, 118, 120, 123, 125, 129, 130, 131, 135, 136, 139, 140, 143, 144, 145, 146, 147, 149, 150, 151, 152, 154, 155, 156, 157, 158, 159, 160, 161, 162, 163, 164, 166, 167, 168, 169, 170, 172, 173, 174, 175, 176, 177, 181, 182, 183, 185, 186, 187, 188, 189, 190, 191, 192, 193, 194, 195, 196, 197, 198, 199, 200]","{7: [RollingMean(window_size=7), RollingStd(window_size=7)], 30: [RollingMean(window_size=30)], 60: [ExpandingMean()], 14: [ExponentiallyWeightedMean(alpha=0.3)]}",lags_200_features_132,20.523551835476187,24.71677371597232,32.37235121660458,54.436995719702644,72.98338017603905,93.16695717386241,93.77629037483194,84.5017604902495,105.59764640505963,147.0982604241205,153.08774777750435
SGDRegressor,LocalStandardScaler(stats_=[[47.42372721 38.3630083 ]]),"[1, 2, 3, 4, 5, 6, 7, 8, 9, 10, 11, 12, 13, 14, 15, 16, 17, 18, 19, 20, 21, 22, 23, 24, 27, 28, 32, 33, 34, 36, 37, 39, 40, 41, 42, 43, 44, 45, 51, 55, 57, 60, 62, 64, 67, 68, 71, 72, 73, 74, 75, 76, 77, 78, 79, 80, 81, 86, 89, 91, 92, 97, 98, 99, 105, 109, 110, 112, 113, 115, 117, 118, 120, 123, 125, 129, 130, 131, 135, 136, 139, 140, 143, 144, 145, 146, 147, 149, 150, 151, 152, 154, 155, 156, 157, 158, 159, 160, 161, 162, 163, 164, 166, 167, 168, 169, 170, 172, 173, 174, 175, 176, 177, 181, 182, 183, 185, 186, 187, 188, 189, 190, 191, 192, 193, 194, 195, 196, 197, 198, 199, 200]","{7: [RollingMean(window_size=7), RollingStd(window_size=7)], 30: [RollingMean(window_size=30)], 60: [ExpandingMean()], 14: [ExponentiallyWeightedMean(alpha=0.3)]}",lags_200_features_132,45.24157781479118,35.180367577299,34.80438533296511,44.93033656306489,53.44346745609534,65.70217802751908,64.2985416236484,63.2254644006769,95.02042834618743,135.02490091135942,143.51233599891228
XGBRegressor,LocalStandardScaler(stats_=[[47.42372721 38.3630083 ]]),"[1, 2, 3, 4, 5, 6, 7, 8, 9, 10, 11, 12, 13, 14, 15, 16, 17, 18, 19, 20, 21, 22, 23, 24, 27, 28, 32, 33, 34, 36, 37, 39, 40, 41, 42, 43, 44, 45, 51, 55, 57, 60, 62, 64, 67, 68, 71, 72, 73, 74, 75, 76, 77, 78, 79, 80, 81, 86, 89, 91, 92, 97, 98, 99, 105, 109, 110, 112, 113, 115, 117, 118, 120, 123, 125, 129, 130, 131, 135, 136, 139, 140, 143, 144, 145, 146, 147, 149, 150, 151, 152, 154, 155, 156, 157, 158, 159, 160, 161, 162, 163, 164, 166, 167, 168, 169, 170, 172, 173, 174, 175, 176, 177, 181, 182, 183, 185, 186, 187, 188, 189, 190, 191, 192, 193, 194, 195, 196, 197, 198, 199, 200]","{7: [RollingMean(window_size=7), RollingStd(window_size=7)], 30: [RollingMean(window_size=30)], 60: [ExpandingMean()], 14: [ExponentiallyWeightedMean(alpha=0.3)]}",lags_200_features_132,13.952025592200867,22.329638758945407,24.146496337718773,24.91439889035452,26.799500877903338,27.532753322544973,32.1634302375009,31.90919227283472,36.322210587254524,35.16905138292152,34.67943583121536
LGBMRegressor,LocalStandardScaler(stats_=[[47.42372721 38.3630083 ]]),"[1, 2, 3, 4, 5, 6, 7, 8, 9, 10, 11, 12, 13, 14, 15, 16, 17, 18, 19, 20, 21, 22, 23, 24, 27, 28, 32, 33, 34, 36, 37, 39, 40, 41, 42, 43, 44, 45, 51, 55, 57, 60, 62, 64, 67, 68, 71, 72, 73, 74, 75, 76, 77, 78, 79, 80, 81, 86, 89, 91, 92, 97, 98, 99, 105, 109, 110, 112, 113, 115, 117, 118, 120, 123, 125, 129, 130, 131, 135, 136, 139, 140, 143, 144, 145, 146, 147, 149, 150, 151, 152, 154, 155, 156, 157, 158, 159, 160, 161, 162, 163, 164, 166, 167, 168, 169, 170, 172, 173, 174, 175, 176, 177, 181, 182, 183, 185, 186, 187, 188, 189, 190, 191, 192, 193, 194, 195, 196, 197, 198, 199, 200]","{7: [RollingMean(window_size=7), RollingStd(window_size=7)], 30: [RollingMean(window_size=30)], 60: [ExpandingMean()], 14: [ExponentiallyWeightedMean(alpha=0.3)]}",lags_200_features_132,12.960607974611241,22.82689634431264,23.62964789340478,24.537726634863883,26.426682290035913,26.749665762673075,33.572371876094756,34.722204767595294,35.153737432127905,38.76466689082505,38.50774058858763
SGD_EarlyStopping,LocalMinMaxScaler(stats_=[[  5.11211699 325.92896936]]),"[1, 2, 3, 4, 5, 6, 7, 8, 9, 10, 11, 12, 13, 14, 15, 16, 17, 18, 19, 20, 21, 22, 23, 24, 27, 28, 32, 33, 34, 36, 37, 39, 40, 41, 42, 43, 44, 45, 51, 55, 57, 60, 62, 64, 67, 68, 71, 72, 73, 74, 75, 76, 77, 78, 79, 80, 81, 86, 89, 91, 92, 97, 98, 99, 105, 109, 110, 112, 113, 115, 117, 118, 120, 123, 125, 129, 130, 131, 135, 136, 139, 140, 143, 144, 145, 146, 147, 149, 150, 151, 152, 154, 155, 156, 157, 158, 159, 160, 161, 162, 163, 164, 166, 167, 168, 169, 170, 172, 173, 174, 175, 176, 177, 181, 182, 183, 185, 186, 187, 188, 189, 190, 191, 192, 193, 194, 195, 196, 197, 198, 199, 200]","{1: [<function expanding_mean at 0x000002C58F7A04A0>], 7: [<function rolling_mean_14 at 0x000002C5930FAA20>], 30: [<function expanding_mean at 0x000002C58F7A04A0>]}",lags_200_features_132,44.022655266875496,69.50232683683188,77.43184640196363,71.01990232755927,60.739556944441766,57.11589300140909,51.47967731560761,48.16684677153288,47.581884907932206,44.32854138910301,44.829311935632454
SGD_ElasticNet,LocalMinMaxScaler(stats_=[[  5.11211699 325.92896936]]),"[1, 2, 3, 4, 5, 6, 7, 8, 9, 10, 11, 12, 13, 14, 15, 16, 17, 18, 19, 20, 21, 22, 23, 24, 27, 28, 32, 33, 34, 36, 37, 39, 40, 41, 42, 43, 44, 45, 51, 55, 57, 60, 62, 64, 67, 68, 71, 72, 73, 74, 75, 76, 77, 78, 79, 80, 81, 86, 89, 91, 92, 97, 98, 99, 105, 109, 110, 112, 113, 115, 117, 118, 120, 123, 125, 129, 130, 131, 135, 136, 139, 140, 143, 144, 145, 146, 147, 149, 150, 151, 152, 154, 155, 156, 157, 158, 159, 160, 161, 162, 163, 164, 166, 167, 168, 169, 170, 172, 173, 174, 175, 176, 177, 181, 182, 183, 185, 186, 187, 188, 189, 190, 191, 192, 193, 194, 195, 196, 197, 198, 199, 200]","{1: [<function expanding_mean at 0x000002C58F7A04A0>], 7: [<function rolling_mean_14 at 0x000002C5930FAA20>], 30: [<function expanding_mean at 0x000002C58F7A04A0>]}",lags_200_features_132,25.255815241914352,30.307790745417755,55.436439085777934,75.0228096889763,83.9297707824224,93.24855753917353,85.4725830941003,75.95761008783089,70.13679831638342,83.2831443288789,87.4563009226164
SGD_Lasso,LocalMinMaxScaler(stats_=[[  5.11211699 325.92896936]]),"[1, 2, 3, 4, 5, 6, 7, 8, 9, 10, 11, 12, 13, 14, 15, 16, 17, 18, 19, 20, 21, 22, 23, 24, 27, 28, 32, 33, 34, 36, 37, 39, 40, 41, 42, 43, 44, 45, 51, 55, 57, 60, 62, 64, 67, 68, 71, 72, 73, 74, 75, 76, 77, 78, 79, 80, 81, 86, 89, 91, 92, 97, 98, 99, 105, 109, 110, 112, 113, 115, 117, 118, 120, 123, 125, 129, 130, 131, 135, 136, 139, 140, 143, 144, 145, 146, 147, 149, 150, 151, 152, 154, 155, 156, 157, 158, 159, 160, 161, 162, 163, 164, 166, 167, 168, 169, 170, 172, 173, 174, 175, 176, 177, 181, 182, 183, 185, 186, 187, 188, 189, 190, 191, 192, 193, 194, 195, 196, 197, 198, 199, 200]","{1: [<function expanding_mean at 0x000002C58F7A04A0>], 7: [<function rolling_mean_14 at 0x000002C5930FAA20>], 30: [<function expanding_mean at 0x000002C58F7A04A0>]}",lags_200_features_132,145.91668242307156,128.66457858121706,126.77088945740431,114.38817583127974,97.04802135367676,85.62326385462183,74.10101743566766,66.83985079017535,86.2044894423342,116.58506775597499,116.11560232705554
SGD_Ridge,LocalMinMaxScaler(stats_=[[  5.11211699 325.92896936]]),"[1, 2, 3, 4, 5, 6, 7, 8, 9, 10, 11, 12, 13, 14, 15, 16, 17, 18, 19, 20, 21, 22, 23, 24, 27, 28, 32, 33, 34, 36, 37, 39, 40, 41, 42, 43, 44, 45, 51, 55, 57, 60, 62, 64, 67, 68, 71, 72, 73, 74, 75, 76, 77, 78, 79, 80, 81, 86, 89, 91, 92, 97, 98, 99, 105, 109, 110, 112, 113, 115, 117, 118, 120, 123, 125, 129, 130, 131, 135, 136, 139, 140, 143, 144, 145, 146, 147, 149, 150, 151, 152, 154, 155, 156, 157, 158, 159, 160, 161, 162, 163, 164, 166, 167, 168, 169, 170, 172, 173, 174, 175, 176, 177, 181, 182, 183, 185, 186, 187, 188, 189, 190, 191, 192, 193, 194, 195, 196, 197, 198, 199, 200]","{1: [<function expanding_mean at 0x000002C58F7A04A0>], 7: [<function rolling_mean_14 at 0x000002C5930FAA20>], 30: [<function expanding_mean at 0x000002C58F7A04A0>]}",lags_200_features_132,115.2802098346905,114.92691491948675,130.3344126129153,131.6130595116994,121.7465211376931,113.76814623571265,96.00551449628692,83.17946473441626,97.29459704413482,139.287817616034,140.2693916839673
SGDRegressor,LocalMinMaxScaler(stats_=[[  5.11211699 325.92896936]]),"[1, 2, 3, 4, 5, 6, 7, 8, 9, 10, 11, 12, 13, 14, 15, 16, 17, 18, 19, 20, 21, 22, 23, 24, 27, 28, 32, 33, 34, 36, 37, 39, 40, 41, 42, 43, 44, 45, 51, 55, 57, 60, 62, 64, 67, 68, 71, 72, 73, 74, 75, 76, 77, 78, 79, 80, 81, 86, 89, 91, 92, 97, 98, 99, 105, 109, 110, 112, 113, 115, 117, 118, 120, 123, 125, 129, 130, 131, 135, 136, 139, 140, 143, 144, 145, 146, 147, 149, 150, 151, 152, 154, 155, 156, 157, 158, 159, 160, 161, 162, 163, 164, 166, 167, 168, 169, 170, 172, 173, 174, 175, 176, 177, 181, 182, 183, 185, 186, 187, 188, 189, 190, 191, 192, 193, 194, 195, 196, 197, 198, 199, 200]","{1: [<function expanding_mean at 0x000002C58F7A04A0>], 7: [<function rolling_mean_14 at 0x000002C5930FAA20>], 30: [<function expanding_mean at 0x000002C58F7A04A0>]}",lags_200_features_132,12.967799919522141,18.025974974610108,43.200716677021084,66.67652132345926,80.17516106434688,94.21771085623202,89.80572231847106,80.43979917236014,77.30637436594517,86.78300875681626,91.44246197355794
XGBRegressor,LocalMinMaxScaler(stats_=[[  5.11211699 325.92896936]]),"[1, 2, 3, 4, 5, 6, 7, 8, 9, 10, 11, 12, 13, 14, 15, 16, 17, 18, 19, 20, 21, 22, 23, 24, 27, 28, 32, 33, 34, 36, 37, 39, 40, 41, 42, 43, 44, 45, 51, 55, 57, 60, 62, 64, 67, 68, 71, 72, 73, 74, 75, 76, 77, 78, 79, 80, 81, 86, 89, 91, 92, 97, 98, 99, 105, 109, 110, 112, 113, 115, 117, 118, 120, 123, 125, 129, 130, 131, 135, 136, 139, 140, 143, 144, 145, 146, 147, 149, 150, 151, 152, 154, 155, 156, 157, 158, 159, 160, 161, 162, 163, 164, 166, 167, 168, 169, 170, 172, 173, 174, 175, 176, 177, 181, 182, 183, 185, 186, 187, 188, 189, 190, 191, 192, 193, 194, 195, 196, 197, 198, 199, 200]","{1: [<function expanding_mean at 0x000002C58F7A04A0>], 7: [<function rolling_mean_14 at 0x000002C5930FAA20>], 30: [<function expanding_mean at 0x000002C58F7A04A0>]}",lags_200_features_132,19.717469743464513,27.189518253853485,27.042881251386795,26.974455788464496,29.62327913286079,29.724393481028827,36.150081322342,35.74840482841059,41.552022303534905,43.240007994289265,42.6570509183131
LGBMRegressor,LocalMinMaxScaler(stats_=[[  5.11211699 325.92896936]]),"[1, 2, 3, 4, 5, 6, 7, 8, 9, 10, 11, 12, 13, 14, 15, 16, 17, 18, 19, 20, 21, 22, 23, 24, 27, 28, 32, 33, 34, 36, 37, 39, 40, 41, 42, 43, 44, 45, 51, 55, 57, 60, 62, 64, 67, 68, 71, 72, 73, 74, 75, 76, 77, 78, 79, 80, 81, 86, 89, 91, 92, 97, 98, 99, 105, 109, 110, 112, 113, 115, 117, 118, 120, 123, 125, 129, 130, 131, 135, 136, 139, 140, 143, 144, 145, 146, 147, 149, 150, 151, 152, 154, 155, 156, 157, 158, 159, 160, 161, 162, 163, 164, 166, 167, 168, 169, 170, 172, 173, 174, 175, 176, 177, 181, 182, 183, 185, 186, 187, 188, 189, 190, 191, 192, 193, 194, 195, 196, 197, 198, 199, 200]","{1: [<function expanding_mean at 0x000002C58F7A04A0>], 7: [<function rolling_mean_14 at 0x000002C5930FAA20>], 30: [<function expanding_mean at 0x000002C58F7A04A0>]}",lags_200_features_132,13.635905548435542,22.011258919341703,23.177688855055727,23.927575595947168,25.663050248964925,26.13820625421405,32.4983243167892,32.368758353523056,34.21862113261919,36.12327230166969,35.666321197661944
SGD_EarlyStopping,LocalMinMaxScaler(stats_=[[  5.11211699 325.92896936]]),"[1, 2, 3, 4, 5, 6, 7, 8, 9, 10, 11, 12, 13, 14, 15, 16, 17, 18, 19, 20, 21, 22, 23, 24, 27, 28, 32, 33, 34, 36, 37, 39, 40, 41, 42, 43, 44, 45, 51, 55, 57, 60, 62, 64, 67, 68, 71, 72, 73, 74, 75, 76, 77, 78, 79, 80, 81, 86, 89, 91, 92, 97, 98, 99, 105, 109, 110, 112, 113, 115, 117, 118, 120, 123, 125, 129, 130, 131, 135, 136, 139, 140, 143, 144, 145, 146, 147, 149, 150, 151, 152, 154, 155, 156, 157, 158, 159, 160, 161, 162, 163, 164, 166, 167, 168, 169, 170, 172, 173, 174, 175, 176, 177, 181, 182, 183, 185, 186, 187, 188, 189, 190, 191, 192, 193, 194, 195, 196, 197, 198, 199, 200]","{1: [<function rolling_mean_14 at 0x000002C5930FAA20>], 7: [<function rolling_mean_30 at 0x000002C58DBF9260>], 30: [<function expanding_mean at 0x000002C58F7A04A0>]}",lags_200_features_132,41.424280105028686,60.31791564979252,61.184012884842176,52.97277283091716,46.647310678878604,47.09267136893744,44.52835788034128,42.41570725569511,41.32730562581612,41.197597933941246,42.66296130224765
SGD_ElasticNet,LocalMinMaxScaler(stats_=[[  5.11211699 325.92896936]]),"[1, 2, 3, 4, 5, 6, 7, 8, 9, 10, 11, 12, 13, 14, 15, 16, 17, 18, 19, 20, 21, 22, 23, 24, 27, 28, 32, 33, 34, 36, 37, 39, 40, 41, 42, 43, 44, 45, 51, 55, 57, 60, 62, 64, 67, 68, 71, 72, 73, 74, 75, 76, 77, 78, 79, 80, 81, 86, 89, 91, 92, 97, 98, 99, 105, 109, 110, 112, 113, 115, 117, 118, 120, 123, 125, 129, 130, 131, 135, 136, 139, 140, 143, 144, 145, 146, 147, 149, 150, 151, 152, 154, 155, 156, 157, 158, 159, 160, 161, 162, 163, 164, 166, 167, 168, 169, 170, 172, 173, 174, 175, 176, 177, 181, 182, 183, 185, 186, 187, 188, 189, 190, 191, 192, 193, 194, 195, 196, 197, 198, 199, 200]","{1: [<function rolling_mean_14 at 0x000002C5930FAA20>], 7: [<function rolling_mean_30 at 0x000002C58DBF9260>], 30: [<function expanding_mean at 0x000002C58F7A04A0>]}",lags_200_features_132,25.212745917285627,30.313913300773994,55.48879831409225,75.12661336606055,84.09583590085361,93.49352915525479,85.75582291519669,76.24300897237087,70.34466273354795,83.10315111960004,87.27373762999294
SGD_Lasso,LocalMinMaxScaler(stats_=[[  5.11211699 325.92896936]]),"[1, 2, 3, 4, 5, 6, 7, 8, 9, 10, 11, 12, 13, 14, 15, 16, 17, 18, 19, 20, 21, 22, 23, 24, 27, 28, 32, 33, 34, 36, 37, 39, 40, 41, 42, 43, 44, 45, 51, 55, 57, 60, 62, 64, 67, 68, 71, 72, 73, 74, 75, 76, 77, 78, 79, 80, 81, 86, 89, 91, 92, 97, 98, 99, 105, 109, 110, 112, 113, 115, 117, 118, 120, 123, 125, 129, 130, 131, 135, 136, 139, 140, 143, 144, 145, 146, 147, 149, 150, 151, 152, 154, 155, 156, 157, 158, 159, 160, 161, 162, 163, 164, 166, 167, 168, 169, 170, 172, 173, 174, 175, 176, 177, 181, 182, 183, 185, 186, 187, 188, 189, 190, 191, 192, 193, 194, 195, 196, 197, 198, 199, 200]","{1: [<function rolling_mean_14 at 0x000002C5930FAA20>], 7: [<function rolling_mean_30 at 0x000002C58DBF9260>], 30: [<function expanding_mean at 0x000002C58F7A04A0>]}",lags_200_features_132,145.91668242307156,128.66457858121706,126.77088945740431,114.38817583127974,97.04802135367676,85.62326385462183,74.10101743566766,66.83985079017535,86.2044894423342,116.58506775597499,116.11560232705554
SGD_Ridge,LocalMinMaxScaler(stats_=[[  5.11211699 325.92896936]]),"[1, 2, 3, 4, 5, 6, 7, 8, 9, 10, 11, 12, 13, 14, 15, 16, 17, 18, 19, 20, 21, 22, 23, 24, 27, 28, 32, 33, 34, 36, 37, 39, 40, 41, 42, 43, 44, 45, 51, 55, 57, 60, 62, 64, 67, 68, 71, 72, 73, 74, 75, 76, 77, 78, 79, 80, 81, 86, 89, 91, 92, 97, 98, 99, 105, 109, 110, 112, 113, 115, 117, 118, 120, 123, 125, 129, 130, 131, 135, 136, 139, 140, 143, 144, 145, 146, 147, 149, 150, 151, 152, 154, 155, 156, 157, 158, 159, 160, 161, 162, 163, 164, 166, 167, 168, 169, 170, 172, 173, 174, 175, 176, 177, 181, 182, 183, 185, 186, 187, 188, 189, 190, 191, 192, 193, 194, 195, 196, 197, 198, 199, 200]","{1: [<function rolling_mean_14 at 0x000002C5930FAA20>], 7: [<function rolling_mean_30 at 0x000002C58DBF9260>], 30: [<function expanding_mean at 0x000002C58F7A04A0>]}",lags_200_features_132,115.07262250724722,114.8706367036022,130.37744193237484,131.71956890342403,121.89296121831144,113.94476756938063,96.14474159952962,83.28351570373921,97.33356764393208,139.37040931242615,140.36308991855716
SGDRegressor,LocalMinMaxScaler(stats_=[[  5.11211699 325.92896936]]),"[1, 2, 3, 4, 5, 6, 7, 8, 9, 10, 11, 12, 13, 14, 15, 16, 17, 18, 19, 20, 21, 22, 23, 24, 27, 28, 32, 33, 34, 36, 37, 39, 40, 41, 42, 43, 44, 45, 51, 55, 57, 60, 62, 64, 67, 68, 71, 72, 73, 74, 75, 76, 77, 78, 79, 80, 81, 86, 89, 91, 92, 97, 98, 99, 105, 109, 110, 112, 113, 115, 117, 118, 120, 123, 125, 129, 130, 131, 135, 136, 139, 140, 143, 144, 145, 146, 147, 149, 150, 151, 152, 154, 155, 156, 157, 158, 159, 160, 161, 162, 163, 164, 166, 167, 168, 169, 170, 172, 173, 174, 175, 176, 177, 181, 182, 183, 185, 186, 187, 188, 189, 190, 191, 192, 193, 194, 195, 196, 197, 198, 199, 200]","{1: [<function rolling_mean_14 at 0x000002C5930FAA20>], 7: [<function rolling_mean_30 at 0x000002C58DBF9260>], 30: [<function expanding_mean at 0x000002C58F7A04A0>]}",lags_200_features_132,13.003221189652553,18.17524580096385,43.5305154732265,67.1424045240251,80.75073590806852,94.92439656556454,90.55577607181591,81.14400974358888,78.11284576760737,87.54503123217211,92.15794343128297
XGBRegressor,LocalMinMaxScaler(stats_=[[  5.11211699 325.92896936]]),"[1, 2, 3, 4, 5, 6, 7, 8, 9, 10, 11, 12, 13, 14, 15, 16, 17, 18, 19, 20, 21, 22, 23, 24, 27, 28, 32, 33, 34, 36, 37, 39, 40, 41, 42, 43, 44, 45, 51, 55, 57, 60, 62, 64, 67, 68, 71, 72, 73, 74, 75, 76, 77, 78, 79, 80, 81, 86, 89, 91, 92, 97, 98, 99, 105, 109, 110, 112, 113, 115, 117, 118, 120, 123, 125, 129, 130, 131, 135, 136, 139, 140, 143, 144, 145, 146, 147, 149, 150, 151, 152, 154, 155, 156, 157, 158, 159, 160, 161, 162, 163, 164, 166, 167, 168, 169, 170, 172, 173, 174, 175, 176, 177, 181, 182, 183, 185, 186, 187, 188, 189, 190, 191, 192, 193, 194, 195, 196, 197, 198, 199, 200]","{1: [<function rolling_mean_14 at 0x000002C5930FAA20>], 7: [<function rolling_mean_30 at 0x000002C58DBF9260>], 30: [<function expanding_mean at 0x000002C58F7A04A0>]}",lags_200_features_132,16.941913616616596,22.503207512236408,23.518130926678342,24.36949598463281,25.797456856502592,25.42772747708141,32.18055265622971,32.65076628512834,36.30456093262013,38.039669326330596,37.500275124248915
LGBMRegressor,LocalMinMaxScaler(stats_=[[  5.11211699 325.92896936]]),"[1, 2, 3, 4, 5, 6, 7, 8, 9, 10, 11, 12, 13, 14, 15, 16, 17, 18, 19, 20, 21, 22, 23, 24, 27, 28, 32, 33, 34, 36, 37, 39, 40, 41, 42, 43, 44, 45, 51, 55, 57, 60, 62, 64, 67, 68, 71, 72, 73, 74, 75, 76, 77, 78, 79, 80, 81, 86, 89, 91, 92, 97, 98, 99, 105, 109, 110, 112, 113, 115, 117, 118, 120, 123, 125, 129, 130, 131, 135, 136, 139, 140, 143, 144, 145, 146, 147, 149, 150, 151, 152, 154, 155, 156, 157, 158, 159, 160, 161, 162, 163, 164, 166, 167, 168, 169, 170, 172, 173, 174, 175, 176, 177, 181, 182, 183, 185, 186, 187, 188, 189, 190, 191, 192, 193, 194, 195, 196, 197, 198, 199, 200]","{1: [<function rolling_mean_14 at 0x000002C5930FAA20>], 7: [<function rolling_mean_30 at 0x000002C58DBF9260>], 30: [<function expanding_mean at 0x000002C58F7A04A0>]}",lags_200_features_132,15.545814280806036,23.253323568221013,23.50367984167689,23.806356287474586,25.566541133444957,26.36284805399718,32.713514686858076,33.63301511288214,34.91052625764412,37.50811731903714,37.04598660689387
SGD_EarlyStopping,LocalMinMaxScaler(stats_=[[  5.11211699 325.92896936]]),"[1, 2, 3, 4, 5, 6, 7, 8, 9, 10, 11, 12, 13, 14, 15, 16, 17, 18, 19, 20, 21, 22, 23, 24, 27, 28, 32, 33, 34, 36, 37, 39, 40, 41, 42, 43, 44, 45, 51, 55, 57, 60, 62, 64, 67, 68, 71, 72, 73, 74, 75, 76, 77, 78, 79, 80, 81, 86, 89, 91, 92, 97, 98, 99, 105, 109, 110, 112, 113, 115, 117, 118, 120, 123, 125, 129, 130, 131, 135, 136, 139, 140, 143, 144, 145, 146, 147, 149, 150, 151, 152, 154, 155, 156, 157, 158, 159, 160, 161, 162, 163, 164, 166, 167, 168, 169, 170, 172, 173, 174, 175, 176, 177, 181, 182, 183, 185, 186, 187, 188, 189, 190, 191, 192, 193, 194, 195, 196, 197, 198, 199, 200]","{7: [RollingMean(window_size=7)], 30: [RollingMean(window_size=30)], 60: [RollingMean(window_size=60)]}",lags_200_features_132,41.59178997559913,60.33220380867791,61.01893618883667,52.752279257818756,46.49385099546365,46.98050817130179,44.428606583266564,42.30769621171228,41.22928033916116,41.148302458015365,42.645849864469675
SGD_ElasticNet,LocalMinMaxScaler(stats_=[[  5.11211699 325.92896936]]),"[1, 2, 3, 4, 5, 6, 7, 8, 9, 10, 11, 12, 13, 14, 15, 16, 17, 18, 19, 20, 21, 22, 23, 24, 27, 28, 32, 33, 34, 36, 37, 39, 40, 41, 42, 43, 44, 45, 51, 55, 57, 60, 62, 64, 67, 68, 71, 72, 73, 74, 75, 76, 77, 78, 79, 80, 81, 86, 89, 91, 92, 97, 98, 99, 105, 109, 110, 112, 113, 115, 117, 118, 120, 123, 125, 129, 130, 131, 135, 136, 139, 140, 143, 144, 145, 146, 147, 149, 150, 151, 152, 154, 155, 156, 157, 158, 159, 160, 161, 162, 163, 164, 166, 167, 168, 169, 170, 172, 173, 174, 175, 176, 177, 181, 182, 183, 185, 186, 187, 188, 189, 190, 191, 192, 193, 194, 195, 196, 197, 198, 199, 200]","{7: [RollingMean(window_size=7)], 30: [RollingMean(window_size=30)], 60: [RollingMean(window_size=60)]}",lags_200_features_132,25.120809418583633,30.23540488671903,55.37688874236713,74.95643814689342,83.85171754849229,93.15584311696458,85.37825818786423,75.84358489151917,69.9600269725693,83.22061893959024,87.40416633860787
SGD_Lasso,LocalMinMaxScaler(stats_=[[  5.11211699 325.92896936]]),"[1, 2, 3, 4, 5, 6, 7, 8, 9, 10, 11, 12, 13, 14, 15, 16, 17, 18, 19, 20, 21, 22, 23, 24, 27, 28, 32, 33, 34, 36, 37, 39, 40, 41, 42, 43, 44, 45, 51, 55, 57, 60, 62, 64, 67, 68, 71, 72, 73, 74, 75, 76, 77, 78, 79, 80, 81, 86, 89, 91, 92, 97, 98, 99, 105, 109, 110, 112, 113, 115, 117, 118, 120, 123, 125, 129, 130, 131, 135, 136, 139, 140, 143, 144, 145, 146, 147, 149, 150, 151, 152, 154, 155, 156, 157, 158, 159, 160, 161, 162, 163, 164, 166, 167, 168, 169, 170, 172, 173, 174, 175, 176, 177, 181, 182, 183, 185, 186, 187, 188, 189, 190, 191, 192, 193, 194, 195, 196, 197, 198, 199, 200]","{7: [RollingMean(window_size=7)], 30: [RollingMean(window_size=30)], 60: [RollingMean(window_size=60)]}",lags_200_features_132,145.91668242307156,128.66457858121706,126.77088945740431,114.38817583127974,97.04802135367676,85.62326385462183,74.10101743566766,66.83985079017535,86.2044894423342,116.58506775597499,116.11560232705554
SGD_Ridge,LocalMinMaxScaler(stats_=[[  5.11211699 325.92896936]]),"[1, 2, 3, 4, 5, 6, 7, 8, 9, 10, 11, 12, 13, 14, 15, 16, 17, 18, 19, 20, 21, 22, 23, 24, 27, 28, 32, 33, 34, 36, 37, 39, 40, 41, 42, 43, 44, 45, 51, 55, 57, 60, 62, 64, 67, 68, 71, 72, 73, 74, 75, 76, 77, 78, 79, 80, 81, 86, 89, 91, 92, 97, 98, 99, 105, 109, 110, 112, 113, 115, 117, 118, 120, 123, 125, 129, 130, 131, 135, 136, 139, 140, 143, 144, 145, 146, 147, 149, 150, 151, 152, 154, 155, 156, 157, 158, 159, 160, 161, 162, 163, 164, 166, 167, 168, 169, 170, 172, 173, 174, 175, 176, 177, 181, 182, 183, 185, 186, 187, 188, 189, 190, 191, 192, 193, 194, 195, 196, 197, 198, 199, 200]","{7: [RollingMean(window_size=7)], 30: [RollingMean(window_size=30)], 60: [RollingMean(window_size=60)]}",lags_200_features_132,114.93559863113516,114.6012821772048,130.09021070747156,131.4397711454295,121.63204082052216,113.70270605289777,95.9646855293654,83.1321968794924,97.16703165160894,139.15224910885237,140.14421535389593
SGDRegressor,LocalMinMaxScaler(stats_=[[  5.11211699 325.92896936]]),"[1, 2, 3, 4, 5, 6, 7, 8, 9, 10, 11, 12, 13, 14, 15, 16, 17, 18, 19, 20, 21, 22, 23, 24, 27, 28, 32, 33, 34, 36, 37, 39, 40, 41, 42, 43, 44, 45, 51, 55, 57, 60, 62, 64, 67, 68, 71, 72, 73, 74, 75, 76, 77, 78, 79, 80, 81, 86, 89, 91, 92, 97, 98, 99, 105, 109, 110, 112, 113, 115, 117, 118, 120, 123, 125, 129, 130, 131, 135, 136, 139, 140, 143, 144, 145, 146, 147, 149, 150, 151, 152, 154, 155, 156, 157, 158, 159, 160, 161, 162, 163, 164, 166, 167, 168, 169, 170, 172, 173, 174, 175, 176, 177, 181, 182, 183, 185, 186, 187, 188, 189, 190, 191, 192, 193, 194, 195, 196, 197, 198, 199, 200]","{7: [RollingMean(window_size=7)], 30: [RollingMean(window_size=30)], 60: [RollingMean(window_size=60)]}",lags_200_features_132,12.82961546923137,17.947796538604532,43.0564042910967,66.45137311182538,79.89968230736703,93.90114604278318,89.50025436969628,80.14689764369895,77.13007379680575,86.60248647538874,91.25289584636643
XGBRegressor,LocalMinMaxScaler(stats_=[[  5.11211699 325.92896936]]),"[1, 2, 3, 4, 5, 6, 7, 8, 9, 10, 11, 12, 13, 14, 15, 16, 17, 18, 19, 20, 21, 22, 23, 24, 27, 28, 32, 33, 34, 36, 37, 39, 40, 41, 42, 43, 44, 45, 51, 55, 57, 60, 62, 64, 67, 68, 71, 72, 73, 74, 75, 76, 77, 78, 79, 80, 81, 86, 89, 91, 92, 97, 98, 99, 105, 109, 110, 112, 113, 115, 117, 118, 120, 123, 125, 129, 130, 131, 135, 136, 139, 140, 143, 144, 145, 146, 147, 149, 150, 151, 152, 154, 155, 156, 157, 158, 159, 160, 161, 162, 163, 164, 166, 167, 168, 169, 170, 172, 173, 174, 175, 176, 177, 181, 182, 183, 185, 186, 187, 188, 189, 190, 191, 192, 193, 194, 195, 196, 197, 198, 199, 200]","{7: [RollingMean(window_size=7)], 30: [RollingMean(window_size=30)], 60: [RollingMean(window_size=60)]}",lags_200_features_132,16.22157282450634,24.16054612983859,25.212883398005687,25.68001064623075,27.601595565498314,28.38684223804504,35.17605853781669,35.15367339093916,42.16185870513049,51.15610404619785,50.37191891359792
LGBMRegressor,LocalMinMaxScaler(stats_=[[  5.11211699 325.92896936]]),"[1, 2, 3, 4, 5, 6, 7, 8, 9, 10, 11, 12, 13, 14, 15, 16, 17, 18, 19, 20, 21, 22, 23, 24, 27, 28, 32, 33, 34, 36, 37, 39, 40, 41, 42, 43, 44, 45, 51, 55, 57, 60, 62, 64, 67, 68, 71, 72, 73, 74, 75, 76, 77, 78, 79, 80, 81, 86, 89, 91, 92, 97, 98, 99, 105, 109, 110, 112, 113, 115, 117, 118, 120, 123, 125, 129, 130, 131, 135, 136, 139, 140, 143, 144, 145, 146, 147, 149, 150, 151, 152, 154, 155, 156, 157, 158, 159, 160, 161, 162, 163, 164, 166, 167, 168, 169, 170, 172, 173, 174, 175, 176, 177, 181, 182, 183, 185, 186, 187, 188, 189, 190, 191, 192, 193, 194, 195, 196, 197, 198, 199, 200]","{7: [RollingMean(window_size=7)], 30: [RollingMean(window_size=30)], 60: [RollingMean(window_size=60)]}",lags_200_features_132,15.056092224735327,23.71828762823303,24.467154723242704,25.371401733959843,26.995518995691352,26.9882775690338,32.983203271123024,33.82766961723965,34.29628277494487,37.84880069206341,38.0209828903597
SGD_EarlyStopping,LocalMinMaxScaler(stats_=[[  5.11211699 325.92896936]]),"[1, 2, 3, 4, 5, 6, 7, 8, 9, 10, 11, 12, 13, 14, 15, 16, 17, 18, 19, 20, 21, 22, 23, 24, 27, 28, 32, 33, 34, 36, 37, 39, 40, 41, 42, 43, 44, 45, 51, 55, 57, 60, 62, 64, 67, 68, 71, 72, 73, 74, 75, 76, 77, 78, 79, 80, 81, 86, 89, 91, 92, 97, 98, 99, 105, 109, 110, 112, 113, 115, 117, 118, 120, 123, 125, 129, 130, 131, 135, 136, 139, 140, 143, 144, 145, 146, 147, 149, 150, 151, 152, 154, 155, 156, 157, 158, 159, 160, 161, 162, 163, 164, 166, 167, 168, 169, 170, 172, 173, 174, 175, 176, 177, 181, 182, 183, 185, 186, 187, 188, 189, 190, 191, 192, 193, 194, 195, 196, 197, 198, 199, 200]","{7: [RollingMean(window_size=7), RollingStd(window_size=7)], 30: [RollingMean(window_size=30)], 60: [ExpandingMean()], 14: [ExponentiallyWeightedMean(alpha=0.3)]}",lags_200_features_132,40.95870637985704,59.77034830288485,60.57906616429422,52.4752596166024,46.21123648222592,46.618629073187904,44.108834787192805,41.91497221737268,40.743883390234245,40.75822658064351,42.28800503374535
SGD_ElasticNet,LocalMinMaxScaler(stats_=[[  5.11211699 325.92896936]]),"[1, 2, 3, 4, 5, 6, 7, 8, 9, 10, 11, 12, 13, 14, 15, 16, 17, 18, 19, 20, 21, 22, 23, 24, 27, 28, 32, 33, 34, 36, 37, 39, 40, 41, 42, 43, 44, 45, 51, 55, 57, 60, 62, 64, 67, 68, 71, 72, 73, 74, 75, 76, 77, 78, 79, 80, 81, 86, 89, 91, 92, 97, 98, 99, 105, 109, 110, 112, 113, 115, 117, 118, 120, 123, 125, 129, 130, 131, 135, 136, 139, 140, 143, 144, 145, 146, 147, 149, 150, 151, 152, 154, 155, 156, 157, 158, 159, 160, 161, 162, 163, 164, 166, 167, 168, 169, 170, 172, 173, 174, 175, 176, 177, 181, 182, 183, 185, 186, 187, 188, 189, 190, 191, 192, 193, 194, 195, 196, 197, 198, 199, 200]","{7: [RollingMean(window_size=7), RollingStd(window_size=7)], 30: [RollingMean(window_size=30)], 60: [ExpandingMean()], 14: [ExponentiallyWeightedMean(alpha=0.3)]}",lags_200_features_132,26.123978377259345,31.3860413274467,56.80741854999201,76.50204644371709,85.40800242776051,94.73589312769845,86.75565588529317,77.00296602992027,70.91882983753364,83.9667733501114,88.16567009443213
SGD_Lasso,LocalMinMaxScaler(stats_=[[  5.11211699 325.92896936]]),"[1, 2, 3, 4, 5, 6, 7, 8, 9, 10, 11, 12, 13, 14, 15, 16, 17, 18, 19, 20, 21, 22, 23, 24, 27, 28, 32, 33, 34, 36, 37, 39, 40, 41, 42, 43, 44, 45, 51, 55, 57, 60, 62, 64, 67, 68, 71, 72, 73, 74, 75, 76, 77, 78, 79, 80, 81, 86, 89, 91, 92, 97, 98, 99, 105, 109, 110, 112, 113, 115, 117, 118, 120, 123, 125, 129, 130, 131, 135, 136, 139, 140, 143, 144, 145, 146, 147, 149, 150, 151, 152, 154, 155, 156, 157, 158, 159, 160, 161, 162, 163, 164, 166, 167, 168, 169, 170, 172, 173, 174, 175, 176, 177, 181, 182, 183, 185, 186, 187, 188, 189, 190, 191, 192, 193, 194, 195, 196, 197, 198, 199, 200]","{7: [RollingMean(window_size=7), RollingStd(window_size=7)], 30: [RollingMean(window_size=30)], 60: [ExpandingMean()], 14: [ExponentiallyWeightedMean(alpha=0.3)]}",lags_200_features_132,145.91668242307156,128.66457858121706,126.77088945740431,114.38817583127974,97.04802135367676,85.62326385462183,74.10101743566766,66.83985079017535,86.2044894423342,116.58506775597499,116.11560232705554
SGD_Ridge,LocalMinMaxScaler(stats_=[[  5.11211699 325.92896936]]),"[1, 2, 3, 4, 5, 6, 7, 8, 9, 10, 11, 12, 13, 14, 15, 16, 17, 18, 19, 20, 21, 22, 23, 24, 27, 28, 32, 33, 34, 36, 37, 39, 40, 41, 42, 43, 44, 45, 51, 55, 57, 60, 62, 64, 67, 68, 71, 72, 73, 74, 75, 76, 77, 78, 79, 80, 81, 86, 89, 91, 92, 97, 98, 99, 105, 109, 110, 112, 113, 115, 117, 118, 120, 123, 125, 129, 130, 131, 135, 136, 139, 140, 143, 144, 145, 146, 147, 149, 150, 151, 152, 154, 155, 156, 157, 158, 159, 160, 161, 162, 163, 164, 166, 167, 168, 169, 170, 172, 173, 174, 175, 176, 177, 181, 182, 183, 185, 186, 187, 188, 189, 190, 191, 192, 193, 194, 195, 196, 197, 198, 199, 200]","{7: [RollingMean(window_size=7), RollingStd(window_size=7)], 30: [RollingMean(window_size=30)], 60: [ExpandingMean()], 14: [ExponentiallyWeightedMean(alpha=0.3)]}",lags_200_features_132,114.782125966292,114.64417436611456,130.2574688511555,131.680958500988,121.91342479343048,114.01504690833369,96.2092544767302,83.32140596143589,97.28533143422911,139.3444370515181,140.35110231836714
SGDRegressor,LocalMinMaxScaler(stats_=[[  5.11211699 325.92896936]]),"[1, 2, 3, 4, 5, 6, 7, 8, 9, 10, 11, 12, 13, 14, 15, 16, 17, 18, 19, 20, 21, 22, 23, 24, 27, 28, 32, 33, 34, 36, 37, 39, 40, 41, 42, 43, 44, 45, 51, 55, 57, 60, 62, 64, 67, 68, 71, 72, 73, 74, 75, 76, 77, 78, 79, 80, 81, 86, 89, 91, 92, 97, 98, 99, 105, 109, 110, 112, 113, 115, 117, 118, 120, 123, 125, 129, 130, 131, 135, 136, 139, 140, 143, 144, 145, 146, 147, 149, 150, 151, 152, 154, 155, 156, 157, 158, 159, 160, 161, 162, 163, 164, 166, 167, 168, 169, 170, 172, 173, 174, 175, 176, 177, 181, 182, 183, 185, 186, 187, 188, 189, 190, 191, 192, 193, 194, 195, 196, 197, 198, 199, 200]","{7: [RollingMean(window_size=7), RollingStd(window_size=7)], 30: [RollingMean(window_size=30)], 60: [ExpandingMean()], 14: [ExponentiallyWeightedMean(alpha=0.3)]}",lags_200_features_132,13.314129148049222,18.55766048886367,44.03877905937165,67.58943072454021,81.06639646304211,95.09223096986915,90.56586262145615,81.01764797518088,77.91455875160747,87.2923093285154,91.95220862245208
XGBRegressor,LocalMinMaxScaler(stats_=[[  5.11211699 325.92896936]]),"[1, 2, 3, 4, 5, 6, 7, 8, 9, 10, 11, 12, 13, 14, 15, 16, 17, 18, 19, 20, 21, 22, 23, 24, 27, 28, 32, 33, 34, 36, 37, 39, 40, 41, 42, 43, 44, 45, 51, 55, 57, 60, 62, 64, 67, 68, 71, 72, 73, 74, 75, 76, 77, 78, 79, 80, 81, 86, 89, 91, 92, 97, 98, 99, 105, 109, 110, 112, 113, 115, 117, 118, 120, 123, 125, 129, 130, 131, 135, 136, 139, 140, 143, 144, 145, 146, 147, 149, 150, 151, 152, 154, 155, 156, 157, 158, 159, 160, 161, 162, 163, 164, 166, 167, 168, 169, 170, 172, 173, 174, 175, 176, 177, 181, 182, 183, 185, 186, 187, 188, 189, 190, 191, 192, 193, 194, 195, 196, 197, 198, 199, 200]","{7: [RollingMean(window_size=7), RollingStd(window_size=7)], 30: [RollingMean(window_size=30)], 60: [ExpandingMean()], 14: [ExponentiallyWeightedMean(alpha=0.3)]}",lags_200_features_132,14.095660683981814,22.37084135010402,23.990195863930346,24.660138213485393,26.546963885170484,27.152548317886783,32.18170791964736,31.828523574704338,34.12384781436917,34.16234436774143,33.69496493351102
LGBMRegressor,LocalMinMaxScaler(stats_=[[  5.11211699 325.92896936]]),"[1, 2, 3, 4, 5, 6, 7, 8, 9, 10, 11, 12, 13, 14, 15, 16, 17, 18, 19, 20, 21, 22, 23, 24, 27, 28, 32, 33, 34, 36, 37, 39, 40, 41, 42, 43, 44, 45, 51, 55, 57, 60, 62, 64, 67, 68, 71, 72, 73, 74, 75, 76, 77, 78, 79, 80, 81, 86, 89, 91, 92, 97, 98, 99, 105, 109, 110, 112, 113, 115, 117, 118, 120, 123, 125, 129, 130, 131, 135, 136, 139, 140, 143, 144, 145, 146, 147, 149, 150, 151, 152, 154, 155, 156, 157, 158, 159, 160, 161, 162, 163, 164, 166, 167, 168, 169, 170, 172, 173, 174, 175, 176, 177, 181, 182, 183, 185, 186, 187, 188, 189, 190, 191, 192, 193, 194, 195, 196, 197, 198, 199, 200]","{7: [RollingMean(window_size=7), RollingStd(window_size=7)], 30: [RollingMean(window_size=30)], 60: [ExpandingMean()], 14: [ExponentiallyWeightedMean(alpha=0.3)]}",lags_200_features_132,11.09541554386633,19.760441332230364,21.796696602440647,23.361078404173018,25.5875340551315,26.596034397690133,33.093303322492304,33.08558402221182,35.08152729283909,36.53002762924264,35.984940309587884
XGBRegressor,"LocalBoxCox(lower=0.0, method=loglik, season_length=None, stats_=[[4.10226185e-05 0.00000000e+00]], upper=2.0)","[1, 2, 3, 4, 5, 6, 7, 8, 9, 10, 11, 12, 13, 14, 15, 16, 17, 18, 19, 20, 21, 22, 23, 24, 27, 28, 32, 33, 34, 36, 37, 39, 40, 41, 42, 43, 44, 45, 51, 55, 57, 60, 62, 64, 67, 68, 71, 72, 73, 74, 75, 76, 77, 78, 79, 80, 81, 86, 89, 91, 92, 97, 98, 99, 105, 109, 110, 112, 113, 115, 117, 118, 120, 123, 125, 129, 130, 131, 135, 136, 139, 140, 143, 144, 145, 146, 147, 149, 150, 151, 152, 154, 155, 156, 157, 158, 159, 160, 161, 162, 163, 164, 166, 167, 168, 169, 170, 172, 173, 174, 175, 176, 177, 181, 182, 183, 185, 186, 187, 188, 189, 190, 191, 192, 193, 194, 195, 196, 197, 198, 199, 200]","{1: [<function expanding_mean at 0x000002C58F7A04A0>], 7: [<function rolling_mean_14 at 0x000002C5930FAA20>], 30: [<function expanding_mean at 0x000002C58F7A04A0>]}",lags_200_features_132,19.090027352575703,28.00280653705697,29.351276680888063,30.557245828857276,32.287623499447236,32.28131277405599,34.447237344673326,35.629454258661504,55.28656139933902,52.14713750107083,51.598172518984
LGBMRegressor,"LocalBoxCox(lower=0.0, method=loglik, season_length=None, stats_=[[4.10226185e-05 0.00000000e+00]], upper=2.0)","[1, 2, 3, 4, 5, 6, 7, 8, 9, 10, 11, 12, 13, 14, 15, 16, 17, 18, 19, 20, 21, 22, 23, 24, 27, 28, 32, 33, 34, 36, 37, 39, 40, 41, 42, 43, 44, 45, 51, 55, 57, 60, 62, 64, 67, 68, 71, 72, 73, 74, 75, 76, 77, 78, 79, 80, 81, 86, 89, 91, 92, 97, 98, 99, 105, 109, 110, 112, 113, 115, 117, 118, 120, 123, 125, 129, 130, 131, 135, 136, 139, 140, 143, 144, 145, 146, 147, 149, 150, 151, 152, 154, 155, 156, 157, 158, 159, 160, 161, 162, 163, 164, 166, 167, 168, 169, 170, 172, 173, 174, 175, 176, 177, 181, 182, 183, 185, 186, 187, 188, 189, 190, 191, 192, 193, 194, 195, 196, 197, 198, 199, 200]","{1: [<function expanding_mean at 0x000002C58F7A04A0>], 7: [<function rolling_mean_14 at 0x000002C5930FAA20>], 30: [<function expanding_mean at 0x000002C58F7A04A0>]}",lags_200_features_132,14.758879645691739,22.67852115045283,23.387820119631037,23.994161474109426,25.613650707883362,25.340769804621477,28.872702719232063,42.23605041240041,55.219441355278086,51.7649693412684,50.891674258087235
XGBRegressor,"LocalBoxCox(lower=0.0, method=loglik, season_length=None, stats_=[[4.10226185e-05 0.00000000e+00]], upper=2.0)","[1, 2, 3, 4, 5, 6, 7, 8, 9, 10, 11, 12, 13, 14, 15, 16, 17, 18, 19, 20, 21, 22, 23, 24, 27, 28, 32, 33, 34, 36, 37, 39, 40, 41, 42, 43, 44, 45, 51, 55, 57, 60, 62, 64, 67, 68, 71, 72, 73, 74, 75, 76, 77, 78, 79, 80, 81, 86, 89, 91, 92, 97, 98, 99, 105, 109, 110, 112, 113, 115, 117, 118, 120, 123, 125, 129, 130, 131, 135, 136, 139, 140, 143, 144, 145, 146, 147, 149, 150, 151, 152, 154, 155, 156, 157, 158, 159, 160, 161, 162, 163, 164, 166, 167, 168, 169, 170, 172, 173, 174, 175, 176, 177, 181, 182, 183, 185, 186, 187, 188, 189, 190, 191, 192, 193, 194, 195, 196, 197, 198, 199, 200]","{1: [<function rolling_mean_14 at 0x000002C5930FAA20>], 7: [<function rolling_mean_30 at 0x000002C58DBF9260>], 30: [<function expanding_mean at 0x000002C58F7A04A0>]}",lags_200_features_132,17.56337515747569,25.85238456644095,26.108136072424415,27.251048511422788,29.786127462595747,30.14288929855411,33.47289074183932,50.85146016492862,70.25378581863338,62.08258367845555,61.075415015567614
LGBMRegressor,"LocalBoxCox(lower=0.0, method=loglik, season_length=None, stats_=[[4.10226185e-05 0.00000000e+00]], upper=2.0)","[1, 2, 3, 4, 5, 6, 7, 8, 9, 10, 11, 12, 13, 14, 15, 16, 17, 18, 19, 20, 21, 22, 23, 24, 27, 28, 32, 33, 34, 36, 37, 39, 40, 41, 42, 43, 44, 45, 51, 55, 57, 60, 62, 64, 67, 68, 71, 72, 73, 74, 75, 76, 77, 78, 79, 80, 81, 86, 89, 91, 92, 97, 98, 99, 105, 109, 110, 112, 113, 115, 117, 118, 120, 123, 125, 129, 130, 131, 135, 136, 139, 140, 143, 144, 145, 146, 147, 149, 150, 151, 152, 154, 155, 156, 157, 158, 159, 160, 161, 162, 163, 164, 166, 167, 168, 169, 170, 172, 173, 174, 175, 176, 177, 181, 182, 183, 185, 186, 187, 188, 189, 190, 191, 192, 193, 194, 195, 196, 197, 198, 199, 200]","{1: [<function rolling_mean_14 at 0x000002C5930FAA20>], 7: [<function rolling_mean_30 at 0x000002C58DBF9260>], 30: [<function expanding_mean at 0x000002C58F7A04A0>]}",lags_200_features_132,14.971265117243874,21.679717561390635,22.051114252919295,22.00639658928561,23.872891482545953,24.765136549132865,29.767966343648162,45.02381321204579,63.795179212814176,64.836447739097,63.4970281699818
XGBRegressor,"LocalBoxCox(lower=0.0, method=loglik, season_length=None, stats_=[[4.10226185e-05 0.00000000e+00]], upper=2.0)","[1, 2, 3, 4, 5, 6, 7, 8, 9, 10, 11, 12, 13, 14, 15, 16, 17, 18, 19, 20, 21, 22, 23, 24, 27, 28, 32, 33, 34, 36, 37, 39, 40, 41, 42, 43, 44, 45, 51, 55, 57, 60, 62, 64, 67, 68, 71, 72, 73, 74, 75, 76, 77, 78, 79, 80, 81, 86, 89, 91, 92, 97, 98, 99, 105, 109, 110, 112, 113, 115, 117, 118, 120, 123, 125, 129, 130, 131, 135, 136, 139, 140, 143, 144, 145, 146, 147, 149, 150, 151, 152, 154, 155, 156, 157, 158, 159, 160, 161, 162, 163, 164, 166, 167, 168, 169, 170, 172, 173, 174, 175, 176, 177, 181, 182, 183, 185, 186, 187, 188, 189, 190, 191, 192, 193, 194, 195, 196, 197, 198, 199, 200]","{7: [RollingMean(window_size=7)], 30: [RollingMean(window_size=30)], 60: [RollingMean(window_size=60)]}",lags_200_features_132,17.629808657392797,25.277810938233987,26.192025807324566,27.094500048431318,28.863758968735443,28.958331203015863,35.25392525241383,35.05667938241335,37.8074624737532,40.36489880536304,39.723836694586915
LGBMRegressor,"LocalBoxCox(lower=0.0, method=loglik, season_length=None, stats_=[[4.10226185e-05 0.00000000e+00]], upper=2.0)","[1, 2, 3, 4, 5, 6, 7, 8, 9, 10, 11, 12, 13, 14, 15, 16, 17, 18, 19, 20, 21, 22, 23, 24, 27, 28, 32, 33, 34, 36, 37, 39, 40, 41, 42, 43, 44, 45, 51, 55, 57, 60, 62, 64, 67, 68, 71, 72, 73, 74, 75, 76, 77, 78, 79, 80, 81, 86, 89, 91, 92, 97, 98, 99, 105, 109, 110, 112, 113, 115, 117, 118, 120, 123, 125, 129, 130, 131, 135, 136, 139, 140, 143, 144, 145, 146, 147, 149, 150, 151, 152, 154, 155, 156, 157, 158, 159, 160, 161, 162, 163, 164, 166, 167, 168, 169, 170, 172, 173, 174, 175, 176, 177, 181, 182, 183, 185, 186, 187, 188, 189, 190, 191, 192, 193, 194, 195, 196, 197, 198, 199, 200]","{7: [RollingMean(window_size=7)], 30: [RollingMean(window_size=30)], 60: [RollingMean(window_size=60)]}",lags_200_features_132,14.595462579916157,22.352731296695428,22.990598639359266,23.049491076416693,24.73884210567933,24.82587534929348,29.565980892184424,42.373024238356116,56.37933608029464,53.50262425338463,52.53739380175128
XGBRegressor,"LocalBoxCox(lower=0.0, method=loglik, season_length=None, stats_=[[4.10226185e-05 0.00000000e+00]], upper=2.0)","[1, 2, 3, 4, 5, 6, 7, 8, 9, 10, 11, 12, 13, 14, 15, 16, 17, 18, 19, 20, 21, 22, 23, 24, 27, 28, 32, 33, 34, 36, 37, 39, 40, 41, 42, 43, 44, 45, 51, 55, 57, 60, 62, 64, 67, 68, 71, 72, 73, 74, 75, 76, 77, 78, 79, 80, 81, 86, 89, 91, 92, 97, 98, 99, 105, 109, 110, 112, 113, 115, 117, 118, 120, 123, 125, 129, 130, 131, 135, 136, 139, 140, 143, 144, 145, 146, 147, 149, 150, 151, 152, 154, 155, 156, 157, 158, 159, 160, 161, 162, 163, 164, 166, 167, 168, 169, 170, 172, 173, 174, 175, 176, 177, 181, 182, 183, 185, 186, 187, 188, 189, 190, 191, 192, 193, 194, 195, 196, 197, 198, 199, 200]","{7: [RollingMean(window_size=7), RollingStd(window_size=7)], 30: [RollingMean(window_size=30)], 60: [ExpandingMean()], 14: [ExponentiallyWeightedMean(alpha=0.3)]}",lags_200_features_132,18.77131123252587,27.117988939305576,28.089080179191896,27.781588748969117,29.06940665314761,29.57454795972024,35.807984386938685,38.589465277956236,81.66245293167904,92.88756348470005,91.3060830515902
LGBMRegressor,"LocalBoxCox(lower=0.0, method=loglik, season_length=None, stats_=[[4.10226185e-05 0.00000000e+00]], upper=2.0)","[1, 2, 3, 4, 5, 6, 7, 8, 9, 10, 11, 12, 13, 14, 15, 16, 17, 18, 19, 20, 21, 22, 23, 24, 27, 28, 32, 33, 34, 36, 37, 39, 40, 41, 42, 43, 44, 45, 51, 55, 57, 60, 62, 64, 67, 68, 71, 72, 73, 74, 75, 76, 77, 78, 79, 80, 81, 86, 89, 91, 92, 97, 98, 99, 105, 109, 110, 112, 113, 115, 117, 118, 120, 123, 125, 129, 130, 131, 135, 136, 139, 140, 143, 144, 145, 146, 147, 149, 150, 151, 152, 154, 155, 156, 157, 158, 159, 160, 161, 162, 163, 164, 166, 167, 168, 169, 170, 172, 173, 174, 175, 176, 177, 181, 182, 183, 185, 186, 187, 188, 189, 190, 191, 192, 193, 194, 195, 196, 197, 198, 199, 200]","{7: [RollingMean(window_size=7), RollingStd(window_size=7)], 30: [RollingMean(window_size=30)], 60: [ExpandingMean()], 14: [ExponentiallyWeightedMean(alpha=0.3)]}",lags_200_features_132,13.055473624933144,21.608791542958706,23.075979112365292,23.443231030411766,25.163511289910456,25.457384566371815,29.228962653027825,43.23659339819964,59.700911584782276,54.76372634171758,53.84039928438051
SGD_EarlyStopping,AutoDifferences(max_diffs=380) | LocalStandardScaler(stats_=[[-2.09155811e-02  2.20585897e+01]]),"[1, 2, 3, 4, 5, 6, 7, 8, 9, 10, 11, 12, 13, 14, 15, 16, 17, 18, 19, 20, 21, 22, 23, 24, 27, 28, 32, 33, 34, 36, 37, 39, 40, 41, 42, 43, 44, 45, 51, 55, 57, 60, 62, 64, 67, 68, 71, 72, 73, 74, 75, 76, 77, 78, 79, 80, 81, 86, 89, 91, 92, 97, 98, 99, 105, 109, 110, 112, 113, 115, 117, 118, 120, 123, 125, 129, 130, 131, 135, 136, 139, 140, 143, 144, 145, 146, 147, 149, 150, 151, 152, 154, 155, 156, 157, 158, 159, 160, 161, 162, 163, 164, 166, 167, 168, 169, 170, 172, 173, 174, 175, 176, 177, 181, 182, 183, 185, 186, 187, 188, 189, 190, 191, 192, 193, 194, 195, 196, 197, 198, 199, 200]","{1: [<function expanding_mean at 0x000002C58F7A04A0>], 7: [<function rolling_mean_14 at 0x000002C5930FAA20>], 30: [<function expanding_mean at 0x000002C58F7A04A0>]}",lags_200_features_132,42.52576980808436,67.65945577961439,92.68711648774085,112.86269147517261,124.52964634790233,133.06348423164093,139.1455307741466,170.94228389130905,277.71788440231705,482.9144921129851,493.4196518675735
SGD_ElasticNet,AutoDifferences(max_diffs=380) | LocalStandardScaler(stats_=[[-2.09155811e-02  2.20585897e+01]]),"[1, 2, 3, 4, 5, 6, 7, 8, 9, 10, 11, 12, 13, 14, 15, 16, 17, 18, 19, 20, 21, 22, 23, 24, 27, 28, 32, 33, 34, 36, 37, 39, 40, 41, 42, 43, 44, 45, 51, 55, 57, 60, 62, 64, 67, 68, 71, 72, 73, 74, 75, 76, 77, 78, 79, 80, 81, 86, 89, 91, 92, 97, 98, 99, 105, 109, 110, 112, 113, 115, 117, 118, 120, 123, 125, 129, 130, 131, 135, 136, 139, 140, 143, 144, 145, 146, 147, 149, 150, 151, 152, 154, 155, 156, 157, 158, 159, 160, 161, 162, 163, 164, 166, 167, 168, 169, 170, 172, 173, 174, 175, 176, 177, 181, 182, 183, 185, 186, 187, 188, 189, 190, 191, 192, 193, 194, 195, 196, 197, 198, 199, 200]","{1: [<function expanding_mean at 0x000002C58F7A04A0>], 7: [<function rolling_mean_14 at 0x000002C5930FAA20>], 30: [<function expanding_mean at 0x000002C58F7A04A0>]}",lags_200_features_132,82.56091030238612,150.66935342135508,217.68436617475513,265.6806339082665,291.3970458989384,314.7785446400721,326.21616010587,395.21391619401965,638.8812213316005,1103.24578036321,1127.0514441263497
SGD_Lasso,AutoDifferences(max_diffs=380) | LocalStandardScaler(stats_=[[-2.09155811e-02  2.20585897e+01]]),"[1, 2, 3, 4, 5, 6, 7, 8, 9, 10, 11, 12, 13, 14, 15, 16, 17, 18, 19, 20, 21, 22, 23, 24, 27, 28, 32, 33, 34, 36, 37, 39, 40, 41, 42, 43, 44, 45, 51, 55, 57, 60, 62, 64, 67, 68, 71, 72, 73, 74, 75, 76, 77, 78, 79, 80, 81, 86, 89, 91, 92, 97, 98, 99, 105, 109, 110, 112, 113, 115, 117, 118, 120, 123, 125, 129, 130, 131, 135, 136, 139, 140, 143, 144, 145, 146, 147, 149, 150, 151, 152, 154, 155, 156, 157, 158, 159, 160, 161, 162, 163, 164, 166, 167, 168, 169, 170, 172, 173, 174, 175, 176, 177, 181, 182, 183, 185, 186, 187, 188, 189, 190, 191, 192, 193, 194, 195, 196, 197, 198, 199, 200]","{1: [<function expanding_mean at 0x000002C58F7A04A0>], 7: [<function rolling_mean_14 at 0x000002C5930FAA20>], 30: [<function expanding_mean at 0x000002C58F7A04A0>]}",lags_200_features_132,15.898740268333974,17.295161827201802,21.864969327414176,21.662203205857235,20.704420512578096,21.0178022080358,27.034500611970103,29.559077604375165,61.46488426651903,121.51483461261137,123.51249129615071
SGD_Ridge,AutoDifferences(max_diffs=380) | LocalStandardScaler(stats_=[[-2.09155811e-02  2.20585897e+01]]),"[1, 2, 3, 4, 5, 6, 7, 8, 9, 10, 11, 12, 13, 14, 15, 16, 17, 18, 19, 20, 21, 22, 23, 24, 27, 28, 32, 33, 34, 36, 37, 39, 40, 41, 42, 43, 44, 45, 51, 55, 57, 60, 62, 64, 67, 68, 71, 72, 73, 74, 75, 76, 77, 78, 79, 80, 81, 86, 89, 91, 92, 97, 98, 99, 105, 109, 110, 112, 113, 115, 117, 118, 120, 123, 125, 129, 130, 131, 135, 136, 139, 140, 143, 144, 145, 146, 147, 149, 150, 151, 152, 154, 155, 156, 157, 158, 159, 160, 161, 162, 163, 164, 166, 167, 168, 169, 170, 172, 173, 174, 175, 176, 177, 181, 182, 183, 185, 186, 187, 188, 189, 190, 191, 192, 193, 194, 195, 196, 197, 198, 199, 200]","{1: [<function expanding_mean at 0x000002C58F7A04A0>], 7: [<function rolling_mean_14 at 0x000002C5930FAA20>], 30: [<function expanding_mean at 0x000002C58F7A04A0>]}",lags_200_features_132,358.6128123711761,666.419697681698,1018.645807824886,1270.9775536623579,1407.6301752598501,1542.7119979061408,1601.5147567430124,1956.3002885875417,3226.4307036349906,5619.184917113218,5743.337523362341
SGDRegressor,AutoDifferences(max_diffs=380) | LocalStandardScaler(stats_=[[-2.09155811e-02  2.20585897e+01]]),"[1, 2, 3, 4, 5, 6, 7, 8, 9, 10, 11, 12, 13, 14, 15, 16, 17, 18, 19, 20, 21, 22, 23, 24, 27, 28, 32, 33, 34, 36, 37, 39, 40, 41, 42, 43, 44, 45, 51, 55, 57, 60, 62, 64, 67, 68, 71, 72, 73, 74, 75, 76, 77, 78, 79, 80, 81, 86, 89, 91, 92, 97, 98, 99, 105, 109, 110, 112, 113, 115, 117, 118, 120, 123, 125, 129, 130, 131, 135, 136, 139, 140, 143, 144, 145, 146, 147, 149, 150, 151, 152, 154, 155, 156, 157, 158, 159, 160, 161, 162, 163, 164, 166, 167, 168, 169, 170, 172, 173, 174, 175, 176, 177, 181, 182, 183, 185, 186, 187, 188, 189, 190, 191, 192, 193, 194, 195, 196, 197, 198, 199, 200]","{1: [<function expanding_mean at 0x000002C58F7A04A0>], 7: [<function rolling_mean_14 at 0x000002C5930FAA20>], 30: [<function expanding_mean at 0x000002C58F7A04A0>]}",lags_200_features_132,96.01827082163491,175.03502964017045,254.48134017563558,311.2765699832989,341.6883895507619,369.9254122921466,383.18147367793824,462.8560541546245,746.0632994470949,1284.6322537288236,1312.3499319855098
XGBRegressor,AutoDifferences(max_diffs=380) | LocalStandardScaler(stats_=[[-2.09155811e-02  2.20585897e+01]]),"[1, 2, 3, 4, 5, 6, 7, 8, 9, 10, 11, 12, 13, 14, 15, 16, 17, 18, 19, 20, 21, 22, 23, 24, 27, 28, 32, 33, 34, 36, 37, 39, 40, 41, 42, 43, 44, 45, 51, 55, 57, 60, 62, 64, 67, 68, 71, 72, 73, 74, 75, 76, 77, 78, 79, 80, 81, 86, 89, 91, 92, 97, 98, 99, 105, 109, 110, 112, 113, 115, 117, 118, 120, 123, 125, 129, 130, 131, 135, 136, 139, 140, 143, 144, 145, 146, 147, 149, 150, 151, 152, 154, 155, 156, 157, 158, 159, 160, 161, 162, 163, 164, 166, 167, 168, 169, 170, 172, 173, 174, 175, 176, 177, 181, 182, 183, 185, 186, 187, 188, 189, 190, 191, 192, 193, 194, 195, 196, 197, 198, 199, 200]","{1: [<function expanding_mean at 0x000002C58F7A04A0>], 7: [<function rolling_mean_14 at 0x000002C5930FAA20>], 30: [<function expanding_mean at 0x000002C58F7A04A0>]}",lags_200_features_132,14.833367993514837,18.25823874401714,20.390836486958307,20.585483917965945,21.160474697656905,24.360054336172862,27.204186241006074,27.791213668091082,33.168346603316316,43.08146681299164,42.74309498145379
LGBMRegressor,AutoDifferences(max_diffs=380) | LocalStandardScaler(stats_=[[-2.09155811e-02  2.20585897e+01]]),"[1, 2, 3, 4, 5, 6, 7, 8, 9, 10, 11, 12, 13, 14, 15, 16, 17, 18, 19, 20, 21, 22, 23, 24, 27, 28, 32, 33, 34, 36, 37, 39, 40, 41, 42, 43, 44, 45, 51, 55, 57, 60, 62, 64, 67, 68, 71, 72, 73, 74, 75, 76, 77, 78, 79, 80, 81, 86, 89, 91, 92, 97, 98, 99, 105, 109, 110, 112, 113, 115, 117, 118, 120, 123, 125, 129, 130, 131, 135, 136, 139, 140, 143, 144, 145, 146, 147, 149, 150, 151, 152, 154, 155, 156, 157, 158, 159, 160, 161, 162, 163, 164, 166, 167, 168, 169, 170, 172, 173, 174, 175, 176, 177, 181, 182, 183, 185, 186, 187, 188, 189, 190, 191, 192, 193, 194, 195, 196, 197, 198, 199, 200]","{1: [<function expanding_mean at 0x000002C58F7A04A0>], 7: [<function rolling_mean_14 at 0x000002C5930FAA20>], 30: [<function expanding_mean at 0x000002C58F7A04A0>]}",lags_200_features_132,35.20916097725496,45.97791922630975,47.464852845626396,46.30939470263949,44.21121026304273,42.18332739885139,40.19881115248773,39.36878462805663,45.10258705065925,54.687614503346715,53.93506965959728
SGD_EarlyStopping,AutoDifferences(max_diffs=380) | LocalStandardScaler(stats_=[[-2.09155811e-02  2.20585897e+01]]),"[1, 2, 3, 4, 5, 6, 7, 8, 9, 10, 11, 12, 13, 14, 15, 16, 17, 18, 19, 20, 21, 22, 23, 24, 27, 28, 32, 33, 34, 36, 37, 39, 40, 41, 42, 43, 44, 45, 51, 55, 57, 60, 62, 64, 67, 68, 71, 72, 73, 74, 75, 76, 77, 78, 79, 80, 81, 86, 89, 91, 92, 97, 98, 99, 105, 109, 110, 112, 113, 115, 117, 118, 120, 123, 125, 129, 130, 131, 135, 136, 139, 140, 143, 144, 145, 146, 147, 149, 150, 151, 152, 154, 155, 156, 157, 158, 159, 160, 161, 162, 163, 164, 166, 167, 168, 169, 170, 172, 173, 174, 175, 176, 177, 181, 182, 183, 185, 186, 187, 188, 189, 190, 191, 192, 193, 194, 195, 196, 197, 198, 199, 200]","{1: [<function rolling_mean_14 at 0x000002C5930FAA20>], 7: [<function rolling_mean_30 at 0x000002C58DBF9260>], 30: [<function expanding_mean at 0x000002C58F7A04A0>]}",lags_200_features_132,41.95591607887193,66.24706755597026,89.88611986147637,109.05217047516524,120.16284294591676,128.19466228127496,134.0794523441925,164.76800610386434,267.39236131631037,464.8066813447665,474.89427876493124
SGD_ElasticNet,AutoDifferences(max_diffs=380) | LocalStandardScaler(stats_=[[-2.09155811e-02  2.20585897e+01]]),"[1, 2, 3, 4, 5, 6, 7, 8, 9, 10, 11, 12, 13, 14, 15, 16, 17, 18, 19, 20, 21, 22, 23, 24, 27, 28, 32, 33, 34, 36, 37, 39, 40, 41, 42, 43, 44, 45, 51, 55, 57, 60, 62, 64, 67, 68, 71, 72, 73, 74, 75, 76, 77, 78, 79, 80, 81, 86, 89, 91, 92, 97, 98, 99, 105, 109, 110, 112, 113, 115, 117, 118, 120, 123, 125, 129, 130, 131, 135, 136, 139, 140, 143, 144, 145, 146, 147, 149, 150, 151, 152, 154, 155, 156, 157, 158, 159, 160, 161, 162, 163, 164, 166, 167, 168, 169, 170, 172, 173, 174, 175, 176, 177, 181, 182, 183, 185, 186, 187, 188, 189, 190, 191, 192, 193, 194, 195, 196, 197, 198, 199, 200]","{1: [<function rolling_mean_14 at 0x000002C5930FAA20>], 7: [<function rolling_mean_30 at 0x000002C58DBF9260>], 30: [<function expanding_mean at 0x000002C58F7A04A0>]}",lags_200_features_132,82.30115915342823,150.08851437242475,216.6762608742495,264.4181438756396,290.02772175590377,313.3103096892928,324.73843441468586,393.3946836072143,635.7631430640961,1097.6845510349997,1121.369764248635
SGD_Lasso,AutoDifferences(max_diffs=380) | LocalStandardScaler(stats_=[[-2.09155811e-02  2.20585897e+01]]),"[1, 2, 3, 4, 5, 6, 7, 8, 9, 10, 11, 12, 13, 14, 15, 16, 17, 18, 19, 20, 21, 22, 23, 24, 27, 28, 32, 33, 34, 36, 37, 39, 40, 41, 42, 43, 44, 45, 51, 55, 57, 60, 62, 64, 67, 68, 71, 72, 73, 74, 75, 76, 77, 78, 79, 80, 81, 86, 89, 91, 92, 97, 98, 99, 105, 109, 110, 112, 113, 115, 117, 118, 120, 123, 125, 129, 130, 131, 135, 136, 139, 140, 143, 144, 145, 146, 147, 149, 150, 151, 152, 154, 155, 156, 157, 158, 159, 160, 161, 162, 163, 164, 166, 167, 168, 169, 170, 172, 173, 174, 175, 176, 177, 181, 182, 183, 185, 186, 187, 188, 189, 190, 191, 192, 193, 194, 195, 196, 197, 198, 199, 200]","{1: [<function rolling_mean_14 at 0x000002C5930FAA20>], 7: [<function rolling_mean_30 at 0x000002C58DBF9260>], 30: [<function expanding_mean at 0x000002C58F7A04A0>]}",lags_200_features_132,15.898740268333974,17.295161827201802,21.864969327414176,21.662203205857235,20.704420512578096,21.0178022080358,27.034500611970103,29.559077604375165,61.46488426651903,121.51483461261137,123.51249129615071
SGD_Ridge,AutoDifferences(max_diffs=380) | LocalStandardScaler(stats_=[[-2.09155811e-02  2.20585897e+01]]),"[1, 2, 3, 4, 5, 6, 7, 8, 9, 10, 11, 12, 13, 14, 15, 16, 17, 18, 19, 20, 21, 22, 23, 24, 27, 28, 32, 33, 34, 36, 37, 39, 40, 41, 42, 43, 44, 45, 51, 55, 57, 60, 62, 64, 67, 68, 71, 72, 73, 74, 75, 76, 77, 78, 79, 80, 81, 86, 89, 91, 92, 97, 98, 99, 105, 109, 110, 112, 113, 115, 117, 118, 120, 123, 125, 129, 130, 131, 135, 136, 139, 140, 143, 144, 145, 146, 147, 149, 150, 151, 152, 154, 155, 156, 157, 158, 159, 160, 161, 162, 163, 164, 166, 167, 168, 169, 170, 172, 173, 174, 175, 176, 177, 181, 182, 183, 185, 186, 187, 188, 189, 190, 191, 192, 193, 194, 195, 196, 197, 198, 199, 200]","{1: [<function rolling_mean_14 at 0x000002C5930FAA20>], 7: [<function rolling_mean_30 at 0x000002C58DBF9260>], 30: [<function expanding_mean at 0x000002C58F7A04A0>]}",lags_200_features_132,352.62988886239884,653.0203040457689,996.4325129052286,1242.3584822691498,1375.4333434903856,1506.9408939851128,1563.8957814221117,1909.641628974902,3148.3390170511484,5482.282696224206,5603.368743263695
SGDRegressor,AutoDifferences(max_diffs=380) | LocalStandardScaler(stats_=[[-2.09155811e-02  2.20585897e+01]]),"[1, 2, 3, 4, 5, 6, 7, 8, 9, 10, 11, 12, 13, 14, 15, 16, 17, 18, 19, 20, 21, 22, 23, 24, 27, 28, 32, 33, 34, 36, 37, 39, 40, 41, 42, 43, 44, 45, 51, 55, 57, 60, 62, 64, 67, 68, 71, 72, 73, 74, 75, 76, 77, 78, 79, 80, 81, 86, 89, 91, 92, 97, 98, 99, 105, 109, 110, 112, 113, 115, 117, 118, 120, 123, 125, 129, 130, 131, 135, 136, 139, 140, 143, 144, 145, 146, 147, 149, 150, 151, 152, 154, 155, 156, 157, 158, 159, 160, 161, 162, 163, 164, 166, 167, 168, 169, 170, 172, 173, 174, 175, 176, 177, 181, 182, 183, 185, 186, 187, 188, 189, 190, 191, 192, 193, 194, 195, 196, 197, 198, 199, 200]","{1: [<function rolling_mean_14 at 0x000002C5930FAA20>], 7: [<function rolling_mean_30 at 0x000002C58DBF9260>], 30: [<function expanding_mean at 0x000002C58F7A04A0>]}",lags_200_features_132,94.49054711830975,171.86168576189894,249.35001309341777,304.76239885356705,334.4304794389355,361.9159261738443,374.8448489361395,452.8617628068382,730.0559784219768,1257.3530847064246,1284.477436855953
XGBRegressor,AutoDifferences(max_diffs=380) | LocalStandardScaler(stats_=[[-2.09155811e-02  2.20585897e+01]]),"[1, 2, 3, 4, 5, 6, 7, 8, 9, 10, 11, 12, 13, 14, 15, 16, 17, 18, 19, 20, 21, 22, 23, 24, 27, 28, 32, 33, 34, 36, 37, 39, 40, 41, 42, 43, 44, 45, 51, 55, 57, 60, 62, 64, 67, 68, 71, 72, 73, 74, 75, 76, 77, 78, 79, 80, 81, 86, 89, 91, 92, 97, 98, 99, 105, 109, 110, 112, 113, 115, 117, 118, 120, 123, 125, 129, 130, 131, 135, 136, 139, 140, 143, 144, 145, 146, 147, 149, 150, 151, 152, 154, 155, 156, 157, 158, 159, 160, 161, 162, 163, 164, 166, 167, 168, 169, 170, 172, 173, 174, 175, 176, 177, 181, 182, 183, 185, 186, 187, 188, 189, 190, 191, 192, 193, 194, 195, 196, 197, 198, 199, 200]","{1: [<function rolling_mean_14 at 0x000002C5930FAA20>], 7: [<function rolling_mean_30 at 0x000002C58DBF9260>], 30: [<function expanding_mean at 0x000002C58F7A04A0>]}",lags_200_features_132,16.755274266284,18.32061258019186,25.132672886655726,26.143438797073827,23.932317820149734,23.708515530507825,27.160110608742354,33.02536133330493,77.28922660511974,161.03951581828267,164.20356016689252
LGBMRegressor,AutoDifferences(max_diffs=380) | LocalStandardScaler(stats_=[[-2.09155811e-02  2.20585897e+01]]),"[1, 2, 3, 4, 5, 6, 7, 8, 9, 10, 11, 12, 13, 14, 15, 16, 17, 18, 19, 20, 21, 22, 23, 24, 27, 28, 32, 33, 34, 36, 37, 39, 40, 41, 42, 43, 44, 45, 51, 55, 57, 60, 62, 64, 67, 68, 71, 72, 73, 74, 75, 76, 77, 78, 79, 80, 81, 86, 89, 91, 92, 97, 98, 99, 105, 109, 110, 112, 113, 115, 117, 118, 120, 123, 125, 129, 130, 131, 135, 136, 139, 140, 143, 144, 145, 146, 147, 149, 150, 151, 152, 154, 155, 156, 157, 158, 159, 160, 161, 162, 163, 164, 166, 167, 168, 169, 170, 172, 173, 174, 175, 176, 177, 181, 182, 183, 185, 186, 187, 188, 189, 190, 191, 192, 193, 194, 195, 196, 197, 198, 199, 200]","{1: [<function rolling_mean_14 at 0x000002C5930FAA20>], 7: [<function rolling_mean_30 at 0x000002C58DBF9260>], 30: [<function expanding_mean at 0x000002C58F7A04A0>]}",lags_200_features_132,16.819462150671,16.80959665377211,23.942253690859637,29.081479326960412,28.07982632662616,29.06562745301633,42.54165850872377,122.16878237618513,407.59165596182027,982.0994945836667,1014.507205225609
SGD_EarlyStopping,AutoDifferences(max_diffs=380) | LocalStandardScaler(stats_=[[-2.09155811e-02  2.20585897e+01]]),"[1, 2, 3, 4, 5, 6, 7, 8, 9, 10, 11, 12, 13, 14, 15, 16, 17, 18, 19, 20, 21, 22, 23, 24, 27, 28, 32, 33, 34, 36, 37, 39, 40, 41, 42, 43, 44, 45, 51, 55, 57, 60, 62, 64, 67, 68, 71, 72, 73, 74, 75, 76, 77, 78, 79, 80, 81, 86, 89, 91, 92, 97, 98, 99, 105, 109, 110, 112, 113, 115, 117, 118, 120, 123, 125, 129, 130, 131, 135, 136, 139, 140, 143, 144, 145, 146, 147, 149, 150, 151, 152, 154, 155, 156, 157, 158, 159, 160, 161, 162, 163, 164, 166, 167, 168, 169, 170, 172, 173, 174, 175, 176, 177, 181, 182, 183, 185, 186, 187, 188, 189, 190, 191, 192, 193, 194, 195, 196, 197, 198, 199, 200]","{7: [RollingMean(window_size=7)], 30: [RollingMean(window_size=30)], 60: [RollingMean(window_size=60)]}",lags_200_features_132,33.42011406181219,31.44488630527928,34.846541810503346,38.75729433287894,42.29528506813862,51.94656584054391,57.29265927126439,58.79992687795424,64.26634237257034,71.96383488667351,73.23469946674551
SGD_ElasticNet,AutoDifferences(max_diffs=380) | LocalStandardScaler(stats_=[[-2.09155811e-02  2.20585897e+01]]),"[1, 2, 3, 4, 5, 6, 7, 8, 9, 10, 11, 12, 13, 14, 15, 16, 17, 18, 19, 20, 21, 22, 23, 24, 27, 28, 32, 33, 34, 36, 37, 39, 40, 41, 42, 43, 44, 45, 51, 55, 57, 60, 62, 64, 67, 68, 71, 72, 73, 74, 75, 76, 77, 78, 79, 80, 81, 86, 89, 91, 92, 97, 98, 99, 105, 109, 110, 112, 113, 115, 117, 118, 120, 123, 125, 129, 130, 131, 135, 136, 139, 140, 143, 144, 145, 146, 147, 149, 150, 151, 152, 154, 155, 156, 157, 158, 159, 160, 161, 162, 163, 164, 166, 167, 168, 169, 170, 172, 173, 174, 175, 176, 177, 181, 182, 183, 185, 186, 187, 188, 189, 190, 191, 192, 193, 194, 195, 196, 197, 198, 199, 200]","{7: [RollingMean(window_size=7)], 30: [RollingMean(window_size=30)], 60: [RollingMean(window_size=60)]}",lags_200_features_132,82.2785182136058,150.21469210447893,216.9775836429273,264.8441447942316,290.5184770791618,313.858263844586,325.3133762036103,394.14034430087713,637.1138748611004,1100.1844724794037,1123.9282026414185
SGD_Lasso,AutoDifferences(max_diffs=380) | LocalStandardScaler(stats_=[[-2.09155811e-02  2.20585897e+01]]),"[1, 2, 3, 4, 5, 6, 7, 8, 9, 10, 11, 12, 13, 14, 15, 16, 17, 18, 19, 20, 21, 22, 23, 24, 27, 28, 32, 33, 34, 36, 37, 39, 40, 41, 42, 43, 44, 45, 51, 55, 57, 60, 62, 64, 67, 68, 71, 72, 73, 74, 75, 76, 77, 78, 79, 80, 81, 86, 89, 91, 92, 97, 98, 99, 105, 109, 110, 112, 113, 115, 117, 118, 120, 123, 125, 129, 130, 131, 135, 136, 139, 140, 143, 144, 145, 146, 147, 149, 150, 151, 152, 154, 155, 156, 157, 158, 159, 160, 161, 162, 163, 164, 166, 167, 168, 169, 170, 172, 173, 174, 175, 176, 177, 181, 182, 183, 185, 186, 187, 188, 189, 190, 191, 192, 193, 194, 195, 196, 197, 198, 199, 200]","{7: [RollingMean(window_size=7)], 30: [RollingMean(window_size=30)], 60: [RollingMean(window_size=60)]}",lags_200_features_132,15.898740268333974,17.295161827201802,21.864969327414176,21.662203205857235,20.704420512578096,21.0178022080358,27.034500611970103,29.559077604375165,61.46488426651903,121.51483461261137,123.51249129615071
SGD_Ridge,AutoDifferences(max_diffs=380) | LocalStandardScaler(stats_=[[-2.09155811e-02  2.20585897e+01]]),"[1, 2, 3, 4, 5, 6, 7, 8, 9, 10, 11, 12, 13, 14, 15, 16, 17, 18, 19, 20, 21, 22, 23, 24, 27, 28, 32, 33, 34, 36, 37, 39, 40, 41, 42, 43, 44, 45, 51, 55, 57, 60, 62, 64, 67, 68, 71, 72, 73, 74, 75, 76, 77, 78, 79, 80, 81, 86, 89, 91, 92, 97, 98, 99, 105, 109, 110, 112, 113, 115, 117, 118, 120, 123, 125, 129, 130, 131, 135, 136, 139, 140, 143, 144, 145, 146, 147, 149, 150, 151, 152, 154, 155, 156, 157, 158, 159, 160, 161, 162, 163, 164, 166, 167, 168, 169, 170, 172, 173, 174, 175, 176, 177, 181, 182, 183, 185, 186, 187, 188, 189, 190, 191, 192, 193, 194, 195, 196, 197, 198, 199, 200]","{7: [RollingMean(window_size=7)], 30: [RollingMean(window_size=30)], 60: [RollingMean(window_size=60)]}",lags_200_features_132,356.6969886834458,661.7138535743777,1010.5864268456928,1260.4550392840176,1395.7106688511503,1529.3989766359955,1587.4258759325544,1938.7232409657163,3196.9191195008784,5567.434181646401,5690.428030601583
SGDRegressor,AutoDifferences(max_diffs=380) | LocalStandardScaler(stats_=[[-2.09155811e-02  2.20585897e+01]]),"[1, 2, 3, 4, 5, 6, 7, 8, 9, 10, 11, 12, 13, 14, 15, 16, 17, 18, 19, 20, 21, 22, 23, 24, 27, 28, 32, 33, 34, 36, 37, 39, 40, 41, 42, 43, 44, 45, 51, 55, 57, 60, 62, 64, 67, 68, 71, 72, 73, 74, 75, 76, 77, 78, 79, 80, 81, 86, 89, 91, 92, 97, 98, 99, 105, 109, 110, 112, 113, 115, 117, 118, 120, 123, 125, 129, 130, 131, 135, 136, 139, 140, 143, 144, 145, 146, 147, 149, 150, 151, 152, 154, 155, 156, 157, 158, 159, 160, 161, 162, 163, 164, 166, 167, 168, 169, 170, 172, 173, 174, 175, 176, 177, 181, 182, 183, 185, 186, 187, 188, 189, 190, 191, 192, 193, 194, 195, 196, 197, 198, 199, 200]","{7: [RollingMean(window_size=7)], 30: [RollingMean(window_size=30)], 60: [RollingMean(window_size=60)]}",lags_200_features_132,94.89778513858181,172.89938362263698,251.19531518139607,307.21067282956113,337.2166982639609,365.03277721323167,378.1368340014123,456.9595812152777,736.9721245423573,1269.603989628194,1297.010287598571
XGBRegressor,AutoDifferences(max_diffs=380) | LocalStandardScaler(stats_=[[-2.09155811e-02  2.20585897e+01]]),"[1, 2, 3, 4, 5, 6, 7, 8, 9, 10, 11, 12, 13, 14, 15, 16, 17, 18, 19, 20, 21, 22, 23, 24, 27, 28, 32, 33, 34, 36, 37, 39, 40, 41, 42, 43, 44, 45, 51, 55, 57, 60, 62, 64, 67, 68, 71, 72, 73, 74, 75, 76, 77, 78, 79, 80, 81, 86, 89, 91, 92, 97, 98, 99, 105, 109, 110, 112, 113, 115, 117, 118, 120, 123, 125, 129, 130, 131, 135, 136, 139, 140, 143, 144, 145, 146, 147, 149, 150, 151, 152, 154, 155, 156, 157, 158, 159, 160, 161, 162, 163, 164, 166, 167, 168, 169, 170, 172, 173, 174, 175, 176, 177, 181, 182, 183, 185, 186, 187, 188, 189, 190, 191, 192, 193, 194, 195, 196, 197, 198, 199, 200]","{7: [RollingMean(window_size=7)], 30: [RollingMean(window_size=30)], 60: [RollingMean(window_size=60)]}",lags_200_features_132,18.54197980924574,22.991898568435236,52.9617126219639,109.02693296503885,169.67320394815982,237.5918565909389,311.54242249671574,540.1464454759035,1257.538602586994,2596.559035979015,2668.18151826094
LGBMRegressor,AutoDifferences(max_diffs=380) | LocalStandardScaler(stats_=[[-2.09155811e-02  2.20585897e+01]]),"[1, 2, 3, 4, 5, 6, 7, 8, 9, 10, 11, 12, 13, 14, 15, 16, 17, 18, 19, 20, 21, 22, 23, 24, 27, 28, 32, 33, 34, 36, 37, 39, 40, 41, 42, 43, 44, 45, 51, 55, 57, 60, 62, 64, 67, 68, 71, 72, 73, 74, 75, 76, 77, 78, 79, 80, 81, 86, 89, 91, 92, 97, 98, 99, 105, 109, 110, 112, 113, 115, 117, 118, 120, 123, 125, 129, 130, 131, 135, 136, 139, 140, 143, 144, 145, 146, 147, 149, 150, 151, 152, 154, 155, 156, 157, 158, 159, 160, 161, 162, 163, 164, 166, 167, 168, 169, 170, 172, 173, 174, 175, 176, 177, 181, 182, 183, 185, 186, 187, 188, 189, 190, 191, 192, 193, 194, 195, 196, 197, 198, 199, 200]","{7: [RollingMean(window_size=7)], 30: [RollingMean(window_size=30)], 60: [RollingMean(window_size=60)]}",lags_200_features_132,20.146815184035823,21.049848969051364,27.458106658940302,39.381149742715735,55.8137746546438,88.86107127202413,160.02562924815544,313.1864106920865,746.8903595090678,1541.5324498066611,1574.815503599968
SGD_EarlyStopping,AutoDifferences(max_diffs=380) | LocalStandardScaler(stats_=[[-2.09155811e-02  2.20585897e+01]]),"[1, 2, 3, 4, 5, 6, 7, 8, 9, 10, 11, 12, 13, 14, 15, 16, 17, 18, 19, 20, 21, 22, 23, 24, 27, 28, 32, 33, 34, 36, 37, 39, 40, 41, 42, 43, 44, 45, 51, 55, 57, 60, 62, 64, 67, 68, 71, 72, 73, 74, 75, 76, 77, 78, 79, 80, 81, 86, 89, 91, 92, 97, 98, 99, 105, 109, 110, 112, 113, 115, 117, 118, 120, 123, 125, 129, 130, 131, 135, 136, 139, 140, 143, 144, 145, 146, 147, 149, 150, 151, 152, 154, 155, 156, 157, 158, 159, 160, 161, 162, 163, 164, 166, 167, 168, 169, 170, 172, 173, 174, 175, 176, 177, 181, 182, 183, 185, 186, 187, 188, 189, 190, 191, 192, 193, 194, 195, 196, 197, 198, 199, 200]","{7: [RollingMean(window_size=7), RollingStd(window_size=7)], 30: [RollingMean(window_size=30)], 60: [ExpandingMean()], 14: [ExponentiallyWeightedMean(alpha=0.3)]}",lags_200_features_132,33.18347214039602,31.456785450761192,33.71960733050285,37.38753175938428,41.65768011742815,52.52380368014098,59.59611909083037,65.03467396632297,83.37951341901945,118.526568919258,121.55958185686508
SGD_ElasticNet,AutoDifferences(max_diffs=380) | LocalStandardScaler(stats_=[[-2.09155811e-02  2.20585897e+01]]),"[1, 2, 3, 4, 5, 6, 7, 8, 9, 10, 11, 12, 13, 14, 15, 16, 17, 18, 19, 20, 21, 22, 23, 24, 27, 28, 32, 33, 34, 36, 37, 39, 40, 41, 42, 43, 44, 45, 51, 55, 57, 60, 62, 64, 67, 68, 71, 72, 73, 74, 75, 76, 77, 78, 79, 80, 81, 86, 89, 91, 92, 97, 98, 99, 105, 109, 110, 112, 113, 115, 117, 118, 120, 123, 125, 129, 130, 131, 135, 136, 139, 140, 143, 144, 145, 146, 147, 149, 150, 151, 152, 154, 155, 156, 157, 158, 159, 160, 161, 162, 163, 164, 166, 167, 168, 169, 170, 172, 173, 174, 175, 176, 177, 181, 182, 183, 185, 186, 187, 188, 189, 190, 191, 192, 193, 194, 195, 196, 197, 198, 199, 200]","{7: [RollingMean(window_size=7), RollingStd(window_size=7)], 30: [RollingMean(window_size=30)], 60: [ExpandingMean()], 14: [ExponentiallyWeightedMean(alpha=0.3)]}",lags_200_features_132,81.58585535795272,148.91068745151148,214.99210310109785,262.42939820479864,287.91697950801995,311.0861390871042,322.54099510268526,390.7308010982788,631.25832818359,1089.689279064673,1113.2020252225427
SGD_Lasso,AutoDifferences(max_diffs=380) | LocalStandardScaler(stats_=[[-2.09155811e-02  2.20585897e+01]]),"[1, 2, 3, 4, 5, 6, 7, 8, 9, 10, 11, 12, 13, 14, 15, 16, 17, 18, 19, 20, 21, 22, 23, 24, 27, 28, 32, 33, 34, 36, 37, 39, 40, 41, 42, 43, 44, 45, 51, 55, 57, 60, 62, 64, 67, 68, 71, 72, 73, 74, 75, 76, 77, 78, 79, 80, 81, 86, 89, 91, 92, 97, 98, 99, 105, 109, 110, 112, 113, 115, 117, 118, 120, 123, 125, 129, 130, 131, 135, 136, 139, 140, 143, 144, 145, 146, 147, 149, 150, 151, 152, 154, 155, 156, 157, 158, 159, 160, 161, 162, 163, 164, 166, 167, 168, 169, 170, 172, 173, 174, 175, 176, 177, 181, 182, 183, 185, 186, 187, 188, 189, 190, 191, 192, 193, 194, 195, 196, 197, 198, 199, 200]","{7: [RollingMean(window_size=7), RollingStd(window_size=7)], 30: [RollingMean(window_size=30)], 60: [ExpandingMean()], 14: [ExponentiallyWeightedMean(alpha=0.3)]}",lags_200_features_132,15.898644619157503,17.295088886635916,21.86477192340731,21.66199021908077,20.7042838113565,21.017707286434376,27.034510449930654,29.558992869370286,61.464346738562284,121.51348582170911,123.51109879221565
SGD_Ridge,AutoDifferences(max_diffs=380) | LocalStandardScaler(stats_=[[-2.09155811e-02  2.20585897e+01]]),"[1, 2, 3, 4, 5, 6, 7, 8, 9, 10, 11, 12, 13, 14, 15, 16, 17, 18, 19, 20, 21, 22, 23, 24, 27, 28, 32, 33, 34, 36, 37, 39, 40, 41, 42, 43, 44, 45, 51, 55, 57, 60, 62, 64, 67, 68, 71, 72, 73, 74, 75, 76, 77, 78, 79, 80, 81, 86, 89, 91, 92, 97, 98, 99, 105, 109, 110, 112, 113, 115, 117, 118, 120, 123, 125, 129, 130, 131, 135, 136, 139, 140, 143, 144, 145, 146, 147, 149, 150, 151, 152, 154, 155, 156, 157, 158, 159, 160, 161, 162, 163, 164, 166, 167, 168, 169, 170, 172, 173, 174, 175, 176, 177, 181, 182, 183, 185, 186, 187, 188, 189, 190, 191, 192, 193, 194, 195, 196, 197, 198, 199, 200]","{7: [RollingMean(window_size=7), RollingStd(window_size=7)], 30: [RollingMean(window_size=30)], 60: [ExpandingMean()], 14: [ExponentiallyWeightedMean(alpha=0.3)]}",lags_200_features_132,23.224342672488024,34.75911706618639,64.75421477160837,90.0379673226484,106.14556420209149,127.03335551641548,139.08924059591504,162.2584595534261,240.02133036265394,372.82817969004043,381.0534722994684
SGDRegressor,AutoDifferences(max_diffs=380) | LocalStandardScaler(stats_=[[-2.09155811e-02  2.20585897e+01]]),"[1, 2, 3, 4, 5, 6, 7, 8, 9, 10, 11, 12, 13, 14, 15, 16, 17, 18, 19, 20, 21, 22, 23, 24, 27, 28, 32, 33, 34, 36, 37, 39, 40, 41, 42, 43, 44, 45, 51, 55, 57, 60, 62, 64, 67, 68, 71, 72, 73, 74, 75, 76, 77, 78, 79, 80, 81, 86, 89, 91, 92, 97, 98, 99, 105, 109, 110, 112, 113, 115, 117, 118, 120, 123, 125, 129, 130, 131, 135, 136, 139, 140, 143, 144, 145, 146, 147, 149, 150, 151, 152, 154, 155, 156, 157, 158, 159, 160, 161, 162, 163, 164, 166, 167, 168, 169, 170, 172, 173, 174, 175, 176, 177, 181, 182, 183, 185, 186, 187, 188, 189, 190, 191, 192, 193, 194, 195, 196, 197, 198, 199, 200]","{7: [RollingMean(window_size=7), RollingStd(window_size=7)], 30: [RollingMean(window_size=30)], 60: [ExpandingMean()], 14: [ExponentiallyWeightedMean(alpha=0.3)]}",lags_200_features_132,95.50888528070651,173.74267838458385,252.24806499511638,308.3352593456955,338.3128036698889,366.096168879723,379.0699644900076,457.93520052558307,738.3456019015625,1271.616101193973,1299.03766872351
XGBRegressor,AutoDifferences(max_diffs=380) | LocalStandardScaler(stats_=[[-2.09155811e-02  2.20585897e+01]]),"[1, 2, 3, 4, 5, 6, 7, 8, 9, 10, 11, 12, 13, 14, 15, 16, 17, 18, 19, 20, 21, 22, 23, 24, 27, 28, 32, 33, 34, 36, 37, 39, 40, 41, 42, 43, 44, 45, 51, 55, 57, 60, 62, 64, 67, 68, 71, 72, 73, 74, 75, 76, 77, 78, 79, 80, 81, 86, 89, 91, 92, 97, 98, 99, 105, 109, 110, 112, 113, 115, 117, 118, 120, 123, 125, 129, 130, 131, 135, 136, 139, 140, 143, 144, 145, 146, 147, 149, 150, 151, 152, 154, 155, 156, 157, 158, 159, 160, 161, 162, 163, 164, 166, 167, 168, 169, 170, 172, 173, 174, 175, 176, 177, 181, 182, 183, 185, 186, 187, 188, 189, 190, 191, 192, 193, 194, 195, 196, 197, 198, 199, 200]","{7: [RollingMean(window_size=7), RollingStd(window_size=7)], 30: [RollingMean(window_size=30)], 60: [ExpandingMean()], 14: [ExponentiallyWeightedMean(alpha=0.3)]}",lags_200_features_132,38.874580629870415,67.09912095617493,96.44492121613652,107.67212323019935,110.64236876809987,110.05028133389625,94.76699780951225,173.1358888033639,607.1654306578445,1683.9360849463792,1754.8051022739035
LGBMRegressor,AutoDifferences(max_diffs=380) | LocalStandardScaler(stats_=[[-2.09155811e-02  2.20585897e+01]]),"[1, 2, 3, 4, 5, 6, 7, 8, 9, 10, 11, 12, 13, 14, 15, 16, 17, 18, 19, 20, 21, 22, 23, 24, 27, 28, 32, 33, 34, 36, 37, 39, 40, 41, 42, 43, 44, 45, 51, 55, 57, 60, 62, 64, 67, 68, 71, 72, 73, 74, 75, 76, 77, 78, 79, 80, 81, 86, 89, 91, 92, 97, 98, 99, 105, 109, 110, 112, 113, 115, 117, 118, 120, 123, 125, 129, 130, 131, 135, 136, 139, 140, 143, 144, 145, 146, 147, 149, 150, 151, 152, 154, 155, 156, 157, 158, 159, 160, 161, 162, 163, 164, 166, 167, 168, 169, 170, 172, 173, 174, 175, 176, 177, 181, 182, 183, 185, 186, 187, 188, 189, 190, 191, 192, 193, 194, 195, 196, 197, 198, 199, 200]","{7: [RollingMean(window_size=7), RollingStd(window_size=7)], 30: [RollingMean(window_size=30)], 60: [ExpandingMean()], 14: [ExponentiallyWeightedMean(alpha=0.3)]}",lags_200_features_132,29.41078031746211,38.11920867101495,78.60867124863785,141.22034278175738,194.11309456802732,215.9768143247763,256.85976535503386,362.43590715184484,682.4614224241088,1305.4706205530765,1332.9958235395472
SGD_EarlyStopping,AutoDifferences(max_diffs=380) | LocalMinMaxScaler(stats_=[[-214.51499032  437.2315826 ]]),"[1, 2, 3, 4, 5, 6, 7, 8, 9, 10, 11, 12, 13, 14, 15, 16, 17, 18, 19, 20, 21, 22, 23, 24, 27, 28, 32, 33, 34, 36, 37, 39, 40, 41, 42, 43, 44, 45, 51, 55, 57, 60, 62, 64, 67, 68, 71, 72, 73, 74, 75, 76, 77, 78, 79, 80, 81, 86, 89, 91, 92, 97, 98, 99, 105, 109, 110, 112, 113, 115, 117, 118, 120, 123, 125, 129, 130, 131, 135, 136, 139, 140, 143, 144, 145, 146, 147, 149, 150, 151, 152, 154, 155, 156, 157, 158, 159, 160, 161, 162, 163, 164, 166, 167, 168, 169, 170, 172, 173, 174, 175, 176, 177, 181, 182, 183, 185, 186, 187, 188, 189, 190, 191, 192, 193, 194, 195, 196, 197, 198, 199, 200]","{1: [<function expanding_mean at 0x000002C58F7A04A0>], 7: [<function rolling_mean_14 at 0x000002C5930FAA20>], 30: [<function expanding_mean at 0x000002C58F7A04A0>]}",lags_200_features_132,305.62724137911624,598.4596691617116,949.2164734596158,1217.891401090368,1375.2256434802564,1535.9975967741407,1657.720474507207,2301.2561821338904,4631.245135578247,9749.95017112871,10075.310423211395
SGD_ElasticNet,AutoDifferences(max_diffs=380) | LocalMinMaxScaler(stats_=[[-214.51499032  437.2315826 ]]),"[1, 2, 3, 4, 5, 6, 7, 8, 9, 10, 11, 12, 13, 14, 15, 16, 17, 18, 19, 20, 21, 22, 23, 24, 27, 28, 32, 33, 34, 36, 37, 39, 40, 41, 42, 43, 44, 45, 51, 55, 57, 60, 62, 64, 67, 68, 71, 72, 73, 74, 75, 76, 77, 78, 79, 80, 81, 86, 89, 91, 92, 97, 98, 99, 105, 109, 110, 112, 113, 115, 117, 118, 120, 123, 125, 129, 130, 131, 135, 136, 139, 140, 143, 144, 145, 146, 147, 149, 150, 151, 152, 154, 155, 156, 157, 158, 159, 160, 161, 162, 163, 164, 166, 167, 168, 169, 170, 172, 173, 174, 175, 176, 177, 181, 182, 183, 185, 186, 187, 188, 189, 190, 191, 192, 193, 194, 195, 196, 197, 198, 199, 200]","{1: [<function expanding_mean at 0x000002C58F7A04A0>], 7: [<function rolling_mean_14 at 0x000002C5930FAA20>], 30: [<function expanding_mean at 0x000002C58F7A04A0>]}",lags_200_features_132,303.2093425540452,589.1541411968669,927.4549891671832,1182.3616473805805,1328.0628958233065,1475.0483575826818,1579.8258994810794,2185.086026776742,4393.680107915285,9242.46600660617,9549.22647474149
SGD_Lasso,AutoDifferences(max_diffs=380) | LocalMinMaxScaler(stats_=[[-214.51499032  437.2315826 ]]),"[1, 2, 3, 4, 5, 6, 7, 8, 9, 10, 11, 12, 13, 14, 15, 16, 17, 18, 19, 20, 21, 22, 23, 24, 27, 28, 32, 33, 34, 36, 37, 39, 40, 41, 42, 43, 44, 45, 51, 55, 57, 60, 62, 64, 67, 68, 71, 72, 73, 74, 75, 76, 77, 78, 79, 80, 81, 86, 89, 91, 92, 97, 98, 99, 105, 109, 110, 112, 113, 115, 117, 118, 120, 123, 125, 129, 130, 131, 135, 136, 139, 140, 143, 144, 145, 146, 147, 149, 150, 151, 152, 154, 155, 156, 157, 158, 159, 160, 161, 162, 163, 164, 166, 167, 168, 169, 170, 172, 173, 174, 175, 176, 177, 181, 182, 183, 185, 186, 187, 188, 189, 190, 191, 192, 193, 194, 195, 196, 197, 198, 199, 200]","{1: [<function expanding_mean at 0x000002C58F7A04A0>], 7: [<function rolling_mean_14 at 0x000002C5930FAA20>], 30: [<function expanding_mean at 0x000002C58F7A04A0>]}",lags_200_features_132,15.319693228020007,31.033454855534032,43.13210764284585,56.0474200996823,66.95051922713637,76.15338993368022,88.3291683385811,104.40799217615965,142.81013360299875,219.3069122876869,223.90677347145598
SGD_Ridge,AutoDifferences(max_diffs=380) | LocalMinMaxScaler(stats_=[[-214.51499032  437.2315826 ]]),"[1, 2, 3, 4, 5, 6, 7, 8, 9, 10, 11, 12, 13, 14, 15, 16, 17, 18, 19, 20, 21, 22, 23, 24, 27, 28, 32, 33, 34, 36, 37, 39, 40, 41, 42, 43, 44, 45, 51, 55, 57, 60, 62, 64, 67, 68, 71, 72, 73, 74, 75, 76, 77, 78, 79, 80, 81, 86, 89, 91, 92, 97, 98, 99, 105, 109, 110, 112, 113, 115, 117, 118, 120, 123, 125, 129, 130, 131, 135, 136, 139, 140, 143, 144, 145, 146, 147, 149, 150, 151, 152, 154, 155, 156, 157, 158, 159, 160, 161, 162, 163, 164, 166, 167, 168, 169, 170, 172, 173, 174, 175, 176, 177, 181, 182, 183, 185, 186, 187, 188, 189, 190, 191, 192, 193, 194, 195, 196, 197, 198, 199, 200]","{1: [<function expanding_mean at 0x000002C58F7A04A0>], 7: [<function rolling_mean_14 at 0x000002C5930FAA20>], 30: [<function expanding_mean at 0x000002C58F7A04A0>]}",lags_200_features_132,607.5312456016894,1076.5837948128474,1561.1151214709014,1842.9750614646348,1934.1726184196216,1995.6069293156606,1917.6526004667512,2581.478198512901,5356.921634446847,11475.973890617586,11840.703977668722
SGDRegressor,AutoDifferences(max_diffs=380) | LocalMinMaxScaler(stats_=[[-214.51499032  437.2315826 ]]),"[1, 2, 3, 4, 5, 6, 7, 8, 9, 10, 11, 12, 13, 14, 15, 16, 17, 18, 19, 20, 21, 22, 23, 24, 27, 28, 32, 33, 34, 36, 37, 39, 40, 41, 42, 43, 44, 45, 51, 55, 57, 60, 62, 64, 67, 68, 71, 72, 73, 74, 75, 76, 77, 78, 79, 80, 81, 86, 89, 91, 92, 97, 98, 99, 105, 109, 110, 112, 113, 115, 117, 118, 120, 123, 125, 129, 130, 131, 135, 136, 139, 140, 143, 144, 145, 146, 147, 149, 150, 151, 152, 154, 155, 156, 157, 158, 159, 160, 161, 162, 163, 164, 166, 167, 168, 169, 170, 172, 173, 174, 175, 176, 177, 181, 182, 183, 185, 186, 187, 188, 189, 190, 191, 192, 193, 194, 195, 196, 197, 198, 199, 200]","{1: [<function expanding_mean at 0x000002C58F7A04A0>], 7: [<function rolling_mean_14 at 0x000002C5930FAA20>], 30: [<function expanding_mean at 0x000002C58F7A04A0>]}",lags_200_features_132,268.4556946678433,531.152270330624,847.7517969875722,1093.5350820159174,1240.1782168106004,1390.784527654369,1509.276344035683,2095.1832359232017,4200.7199872584115,8815.095232372398,9108.269794727777
XGBRegressor,AutoDifferences(max_diffs=380) | LocalMinMaxScaler(stats_=[[-214.51499032  437.2315826 ]]),"[1, 2, 3, 4, 5, 6, 7, 8, 9, 10, 11, 12, 13, 14, 15, 16, 17, 18, 19, 20, 21, 22, 23, 24, 27, 28, 32, 33, 34, 36, 37, 39, 40, 41, 42, 43, 44, 45, 51, 55, 57, 60, 62, 64, 67, 68, 71, 72, 73, 74, 75, 76, 77, 78, 79, 80, 81, 86, 89, 91, 92, 97, 98, 99, 105, 109, 110, 112, 113, 115, 117, 118, 120, 123, 125, 129, 130, 131, 135, 136, 139, 140, 143, 144, 145, 146, 147, 149, 150, 151, 152, 154, 155, 156, 157, 158, 159, 160, 161, 162, 163, 164, 166, 167, 168, 169, 170, 172, 173, 174, 175, 176, 177, 181, 182, 183, 185, 186, 187, 188, 189, 190, 191, 192, 193, 194, 195, 196, 197, 198, 199, 200]","{1: [<function expanding_mean at 0x000002C58F7A04A0>], 7: [<function rolling_mean_14 at 0x000002C5930FAA20>], 30: [<function expanding_mean at 0x000002C58F7A04A0>]}",lags_200_features_132,13.355533134787374,16.32537290772212,20.368479432561582,20.835662995657085,22.665643795424124,26.273168189182694,28.890178568667118,29.47305468740983,37.63262552473211,50.08337404838483,49.50438794397491
LGBMRegressor,AutoDifferences(max_diffs=380) | LocalMinMaxScaler(stats_=[[-214.51499032  437.2315826 ]]),"[1, 2, 3, 4, 5, 6, 7, 8, 9, 10, 11, 12, 13, 14, 15, 16, 17, 18, 19, 20, 21, 22, 23, 24, 27, 28, 32, 33, 34, 36, 37, 39, 40, 41, 42, 43, 44, 45, 51, 55, 57, 60, 62, 64, 67, 68, 71, 72, 73, 74, 75, 76, 77, 78, 79, 80, 81, 86, 89, 91, 92, 97, 98, 99, 105, 109, 110, 112, 113, 115, 117, 118, 120, 123, 125, 129, 130, 131, 135, 136, 139, 140, 143, 144, 145, 146, 147, 149, 150, 151, 152, 154, 155, 156, 157, 158, 159, 160, 161, 162, 163, 164, 166, 167, 168, 169, 170, 172, 173, 174, 175, 176, 177, 181, 182, 183, 185, 186, 187, 188, 189, 190, 191, 192, 193, 194, 195, 196, 197, 198, 199, 200]","{1: [<function expanding_mean at 0x000002C58F7A04A0>], 7: [<function rolling_mean_14 at 0x000002C5930FAA20>], 30: [<function expanding_mean at 0x000002C58F7A04A0>]}",lags_200_features_132,32.168392213319585,25.659930339405506,24.745454462415246,23.514851624097428,24.343385484196588,25.568161546131996,28.5747748615098,29.33682287630457,35.898441015180666,44.9007254552403,44.377626258497244
SGD_EarlyStopping,AutoDifferences(max_diffs=380) | LocalMinMaxScaler(stats_=[[-214.51499032  437.2315826 ]]),"[1, 2, 3, 4, 5, 6, 7, 8, 9, 10, 11, 12, 13, 14, 15, 16, 17, 18, 19, 20, 21, 22, 23, 24, 27, 28, 32, 33, 34, 36, 37, 39, 40, 41, 42, 43, 44, 45, 51, 55, 57, 60, 62, 64, 67, 68, 71, 72, 73, 74, 75, 76, 77, 78, 79, 80, 81, 86, 89, 91, 92, 97, 98, 99, 105, 109, 110, 112, 113, 115, 117, 118, 120, 123, 125, 129, 130, 131, 135, 136, 139, 140, 143, 144, 145, 146, 147, 149, 150, 151, 152, 154, 155, 156, 157, 158, 159, 160, 161, 162, 163, 164, 166, 167, 168, 169, 170, 172, 173, 174, 175, 176, 177, 181, 182, 183, 185, 186, 187, 188, 189, 190, 191, 192, 193, 194, 195, 196, 197, 198, 199, 200]","{1: [<function rolling_mean_14 at 0x000002C5930FAA20>], 7: [<function rolling_mean_30 at 0x000002C58DBF9260>], 30: [<function expanding_mean at 0x000002C58F7A04A0>]}",lags_200_features_132,306.6453836449089,601.1135532675431,954.3300913581218,1225.2264523168699,1384.111484780396,1546.5726180055567,1670.130683478387,2321.035857150765,4677.90697689629,9862.86091619393,10193.101335646383
SGD_ElasticNet,AutoDifferences(max_diffs=380) | LocalMinMaxScaler(stats_=[[-214.51499032  437.2315826 ]]),"[1, 2, 3, 4, 5, 6, 7, 8, 9, 10, 11, 12, 13, 14, 15, 16, 17, 18, 19, 20, 21, 22, 23, 24, 27, 28, 32, 33, 34, 36, 37, 39, 40, 41, 42, 43, 44, 45, 51, 55, 57, 60, 62, 64, 67, 68, 71, 72, 73, 74, 75, 76, 77, 78, 79, 80, 81, 86, 89, 91, 92, 97, 98, 99, 105, 109, 110, 112, 113, 115, 117, 118, 120, 123, 125, 129, 130, 131, 135, 136, 139, 140, 143, 144, 145, 146, 147, 149, 150, 151, 152, 154, 155, 156, 157, 158, 159, 160, 161, 162, 163, 164, 166, 167, 168, 169, 170, 172, 173, 174, 175, 176, 177, 181, 182, 183, 185, 186, 187, 188, 189, 190, 191, 192, 193, 194, 195, 196, 197, 198, 199, 200]","{1: [<function rolling_mean_14 at 0x000002C5930FAA20>], 7: [<function rolling_mean_30 at 0x000002C58DBF9260>], 30: [<function expanding_mean at 0x000002C58F7A04A0>]}",lags_200_features_132,303.9560437347063,591.266137692206,931.6277734567078,1188.379944633802,1335.3510311053324,1483.6982785655366,1589.9274824003112,2201.3149953504517,4432.535302266177,9337.539501048088,9648.466250643742
SGD_Lasso,AutoDifferences(max_diffs=380) | LocalMinMaxScaler(stats_=[[-214.51499032  437.2315826 ]]),"[1, 2, 3, 4, 5, 6, 7, 8, 9, 10, 11, 12, 13, 14, 15, 16, 17, 18, 19, 20, 21, 22, 23, 24, 27, 28, 32, 33, 34, 36, 37, 39, 40, 41, 42, 43, 44, 45, 51, 55, 57, 60, 62, 64, 67, 68, 71, 72, 73, 74, 75, 76, 77, 78, 79, 80, 81, 86, 89, 91, 92, 97, 98, 99, 105, 109, 110, 112, 113, 115, 117, 118, 120, 123, 125, 129, 130, 131, 135, 136, 139, 140, 143, 144, 145, 146, 147, 149, 150, 151, 152, 154, 155, 156, 157, 158, 159, 160, 161, 162, 163, 164, 166, 167, 168, 169, 170, 172, 173, 174, 175, 176, 177, 181, 182, 183, 185, 186, 187, 188, 189, 190, 191, 192, 193, 194, 195, 196, 197, 198, 199, 200]","{1: [<function rolling_mean_14 at 0x000002C5930FAA20>], 7: [<function rolling_mean_30 at 0x000002C58DBF9260>], 30: [<function expanding_mean at 0x000002C58F7A04A0>]}",lags_200_features_132,15.319693228020007,31.033454855534032,43.13210764284585,56.0474200996823,66.95051922713637,76.15338993368022,88.3291683385811,104.40799217615965,142.81013360299875,219.3069122876869,223.90677347145598
SGD_Ridge,AutoDifferences(max_diffs=380) | LocalMinMaxScaler(stats_=[[-214.51499032  437.2315826 ]]),"[1, 2, 3, 4, 5, 6, 7, 8, 9, 10, 11, 12, 13, 14, 15, 16, 17, 18, 19, 20, 21, 22, 23, 24, 27, 28, 32, 33, 34, 36, 37, 39, 40, 41, 42, 43, 44, 45, 51, 55, 57, 60, 62, 64, 67, 68, 71, 72, 73, 74, 75, 76, 77, 78, 79, 80, 81, 86, 89, 91, 92, 97, 98, 99, 105, 109, 110, 112, 113, 115, 117, 118, 120, 123, 125, 129, 130, 131, 135, 136, 139, 140, 143, 144, 145, 146, 147, 149, 150, 151, 152, 154, 155, 156, 157, 158, 159, 160, 161, 162, 163, 164, 166, 167, 168, 169, 170, 172, 173, 174, 175, 176, 177, 181, 182, 183, 185, 186, 187, 188, 189, 190, 191, 192, 193, 194, 195, 196, 197, 198, 199, 200]","{1: [<function rolling_mean_14 at 0x000002C5930FAA20>], 7: [<function rolling_mean_30 at 0x000002C58DBF9260>], 30: [<function expanding_mean at 0x000002C58F7A04A0>]}",lags_200_features_132,608.6705539441125,1079.6172887890548,1566.591356149476,1850.1882851496475,1942.231936474683,2004.3628684337175,1926.5116278071655,2594.207458784747,5386.449348567937,11546.624145375657,11914.243404268389
SGDRegressor,AutoDifferences(max_diffs=380) | LocalMinMaxScaler(stats_=[[-214.51499032  437.2315826 ]]),"[1, 2, 3, 4, 5, 6, 7, 8, 9, 10, 11, 12, 13, 14, 15, 16, 17, 18, 19, 20, 21, 22, 23, 24, 27, 28, 32, 33, 34, 36, 37, 39, 40, 41, 42, 43, 44, 45, 51, 55, 57, 60, 62, 64, 67, 68, 71, 72, 73, 74, 75, 76, 77, 78, 79, 80, 81, 86, 89, 91, 92, 97, 98, 99, 105, 109, 110, 112, 113, 115, 117, 118, 120, 123, 125, 129, 130, 131, 135, 136, 139, 140, 143, 144, 145, 146, 147, 149, 150, 151, 152, 154, 155, 156, 157, 158, 159, 160, 161, 162, 163, 164, 166, 167, 168, 169, 170, 172, 173, 174, 175, 176, 177, 181, 182, 183, 185, 186, 187, 188, 189, 190, 191, 192, 193, 194, 195, 196, 197, 198, 199, 200]","{1: [<function rolling_mean_14 at 0x000002C5930FAA20>], 7: [<function rolling_mean_30 at 0x000002C58DBF9260>], 30: [<function expanding_mean at 0x000002C58F7A04A0>]}",lags_200_features_132,268.973630589936,532.7921578585793,851.1723110121245,1098.6255807142134,1246.4733282528555,1398.3989340073388,1518.4020798150134,2110.212231599041,4237.273899654114,8905.54620667253,9202.757101534826
XGBRegressor,AutoDifferences(max_diffs=380) | LocalMinMaxScaler(stats_=[[-214.51499032  437.2315826 ]]),"[1, 2, 3, 4, 5, 6, 7, 8, 9, 10, 11, 12, 13, 14, 15, 16, 17, 18, 19, 20, 21, 22, 23, 24, 27, 28, 32, 33, 34, 36, 37, 39, 40, 41, 42, 43, 44, 45, 51, 55, 57, 60, 62, 64, 67, 68, 71, 72, 73, 74, 75, 76, 77, 78, 79, 80, 81, 86, 89, 91, 92, 97, 98, 99, 105, 109, 110, 112, 113, 115, 117, 118, 120, 123, 125, 129, 130, 131, 135, 136, 139, 140, 143, 144, 145, 146, 147, 149, 150, 151, 152, 154, 155, 156, 157, 158, 159, 160, 161, 162, 163, 164, 166, 167, 168, 169, 170, 172, 173, 174, 175, 176, 177, 181, 182, 183, 185, 186, 187, 188, 189, 190, 191, 192, 193, 194, 195, 196, 197, 198, 199, 200]","{1: [<function rolling_mean_14 at 0x000002C5930FAA20>], 7: [<function rolling_mean_30 at 0x000002C58DBF9260>], 30: [<function expanding_mean at 0x000002C58F7A04A0>]}",lags_200_features_132,11.90578120578817,15.57098627336742,22.632292471505163,23.692903833860132,21.857545935751567,22.492331821340834,27.22129864462341,29.590786193233825,58.81195166728684,108.10584502783082,109.38803087156177
LGBMRegressor,AutoDifferences(max_diffs=380) | LocalMinMaxScaler(stats_=[[-214.51499032  437.2315826 ]]),"[1, 2, 3, 4, 5, 6, 7, 8, 9, 10, 11, 12, 13, 14, 15, 16, 17, 18, 19, 20, 21, 22, 23, 24, 27, 28, 32, 33, 34, 36, 37, 39, 40, 41, 42, 43, 44, 45, 51, 55, 57, 60, 62, 64, 67, 68, 71, 72, 73, 74, 75, 76, 77, 78, 79, 80, 81, 86, 89, 91, 92, 97, 98, 99, 105, 109, 110, 112, 113, 115, 117, 118, 120, 123, 125, 129, 130, 131, 135, 136, 139, 140, 143, 144, 145, 146, 147, 149, 150, 151, 152, 154, 155, 156, 157, 158, 159, 160, 161, 162, 163, 164, 166, 167, 168, 169, 170, 172, 173, 174, 175, 176, 177, 181, 182, 183, 185, 186, 187, 188, 189, 190, 191, 192, 193, 194, 195, 196, 197, 198, 199, 200]","{1: [<function rolling_mean_14 at 0x000002C5930FAA20>], 7: [<function rolling_mean_30 at 0x000002C58DBF9260>], 30: [<function expanding_mean at 0x000002C58F7A04A0>]}",lags_200_features_132,18.369819333917828,19.661562072252217,32.52727426808794,42.4185435159213,42.19016481910868,41.504947440604745,52.064007954927106,121.83680204517557,361.13277122471635,710.2062392152927,721.3081116601593
SGD_EarlyStopping,AutoDifferences(max_diffs=380) | LocalMinMaxScaler(stats_=[[-214.51499032  437.2315826 ]]),"[1, 2, 3, 4, 5, 6, 7, 8, 9, 10, 11, 12, 13, 14, 15, 16, 17, 18, 19, 20, 21, 22, 23, 24, 27, 28, 32, 33, 34, 36, 37, 39, 40, 41, 42, 43, 44, 45, 51, 55, 57, 60, 62, 64, 67, 68, 71, 72, 73, 74, 75, 76, 77, 78, 79, 80, 81, 86, 89, 91, 92, 97, 98, 99, 105, 109, 110, 112, 113, 115, 117, 118, 120, 123, 125, 129, 130, 131, 135, 136, 139, 140, 143, 144, 145, 146, 147, 149, 150, 151, 152, 154, 155, 156, 157, 158, 159, 160, 161, 162, 163, 164, 166, 167, 168, 169, 170, 172, 173, 174, 175, 176, 177, 181, 182, 183, 185, 186, 187, 188, 189, 190, 191, 192, 193, 194, 195, 196, 197, 198, 199, 200]","{7: [RollingMean(window_size=7)], 30: [RollingMean(window_size=30)], 60: [RollingMean(window_size=60)]}",lags_200_features_132,306.64146276026963,600.4496533038055,953.17381826509,1224.2308340505713,1383.6671733038102,1546.8978754744267,1671.7209023377716,2326.35740496954,4697.35390564878,9922.233155736045,10255.817318452286
SGD_ElasticNet,AutoDifferences(max_diffs=380) | LocalMinMaxScaler(stats_=[[-214.51499032  437.2315826 ]]),"[1, 2, 3, 4, 5, 6, 7, 8, 9, 10, 11, 12, 13, 14, 15, 16, 17, 18, 19, 20, 21, 22, 23, 24, 27, 28, 32, 33, 34, 36, 37, 39, 40, 41, 42, 43, 44, 45, 51, 55, 57, 60, 62, 64, 67, 68, 71, 72, 73, 74, 75, 76, 77, 78, 79, 80, 81, 86, 89, 91, 92, 97, 98, 99, 105, 109, 110, 112, 113, 115, 117, 118, 120, 123, 125, 129, 130, 131, 135, 136, 139, 140, 143, 144, 145, 146, 147, 149, 150, 151, 152, 154, 155, 156, 157, 158, 159, 160, 161, 162, 163, 164, 166, 167, 168, 169, 170, 172, 173, 174, 175, 176, 177, 181, 182, 183, 185, 186, 187, 188, 189, 190, 191, 192, 193, 194, 195, 196, 197, 198, 199, 200]","{7: [RollingMean(window_size=7)], 30: [RollingMean(window_size=30)], 60: [RollingMean(window_size=60)]}",lags_200_features_132,303.3885871555923,589.4989185695871,928.6778208446906,1185.007793969536,1332.1322178164694,1480.7934188455115,1587.815505130526,2201.078243417018,4439.966190903483,9370.311643902223,9683.58162143766
SGD_Lasso,AutoDifferences(max_diffs=380) | LocalMinMaxScaler(stats_=[[-214.51499032  437.2315826 ]]),"[1, 2, 3, 4, 5, 6, 7, 8, 9, 10, 11, 12, 13, 14, 15, 16, 17, 18, 19, 20, 21, 22, 23, 24, 27, 28, 32, 33, 34, 36, 37, 39, 40, 41, 42, 43, 44, 45, 51, 55, 57, 60, 62, 64, 67, 68, 71, 72, 73, 74, 75, 76, 77, 78, 79, 80, 81, 86, 89, 91, 92, 97, 98, 99, 105, 109, 110, 112, 113, 115, 117, 118, 120, 123, 125, 129, 130, 131, 135, 136, 139, 140, 143, 144, 145, 146, 147, 149, 150, 151, 152, 154, 155, 156, 157, 158, 159, 160, 161, 162, 163, 164, 166, 167, 168, 169, 170, 172, 173, 174, 175, 176, 177, 181, 182, 183, 185, 186, 187, 188, 189, 190, 191, 192, 193, 194, 195, 196, 197, 198, 199, 200]","{7: [RollingMean(window_size=7)], 30: [RollingMean(window_size=30)], 60: [RollingMean(window_size=60)]}",lags_200_features_132,15.319693228020007,31.033454855534032,43.13210764284585,56.0474200996823,66.95051922713637,76.15338993368022,88.3291683385811,104.40799217615965,142.81013360299875,219.3069122876869,223.90677347145598
SGD_Ridge,AutoDifferences(max_diffs=380) | LocalMinMaxScaler(stats_=[[-214.51499032  437.2315826 ]]),"[1, 2, 3, 4, 5, 6, 7, 8, 9, 10, 11, 12, 13, 14, 15, 16, 17, 18, 19, 20, 21, 22, 23, 24, 27, 28, 32, 33, 34, 36, 37, 39, 40, 41, 42, 43, 44, 45, 51, 55, 57, 60, 62, 64, 67, 68, 71, 72, 73, 74, 75, 76, 77, 78, 79, 80, 81, 86, 89, 91, 92, 97, 98, 99, 105, 109, 110, 112, 113, 115, 117, 118, 120, 123, 125, 129, 130, 131, 135, 136, 139, 140, 143, 144, 145, 146, 147, 149, 150, 151, 152, 154, 155, 156, 157, 158, 159, 160, 161, 162, 163, 164, 166, 167, 168, 169, 170, 172, 173, 174, 175, 176, 177, 181, 182, 183, 185, 186, 187, 188, 189, 190, 191, 192, 193, 194, 195, 196, 197, 198, 199, 200]","{7: [RollingMean(window_size=7)], 30: [RollingMean(window_size=30)], 60: [RollingMean(window_size=60)]}",lags_200_features_132,607.9252746312975,1077.414594786259,1563.5161891950977,1847.4112586821825,1940.2872187898656,2003.3726957633153,1926.7442014873761,2595.4570754593115,5393.420541220959,11576.423459922344,11946.092323088453
SGDRegressor,AutoDifferences(max_diffs=380) | LocalMinMaxScaler(stats_=[[-214.51499032  437.2315826 ]]),"[1, 2, 3, 4, 5, 6, 7, 8, 9, 10, 11, 12, 13, 14, 15, 16, 17, 18, 19, 20, 21, 22, 23, 24, 27, 28, 32, 33, 34, 36, 37, 39, 40, 41, 42, 43, 44, 45, 51, 55, 57, 60, 62, 64, 67, 68, 71, 72, 73, 74, 75, 76, 77, 78, 79, 80, 81, 86, 89, 91, 92, 97, 98, 99, 105, 109, 110, 112, 113, 115, 117, 118, 120, 123, 125, 129, 130, 131, 135, 136, 139, 140, 143, 144, 145, 146, 147, 149, 150, 151, 152, 154, 155, 156, 157, 158, 159, 160, 161, 162, 163, 164, 166, 167, 168, 169, 170, 172, 173, 174, 175, 176, 177, 181, 182, 183, 185, 186, 187, 188, 189, 190, 191, 192, 193, 194, 195, 196, 197, 198, 199, 200]","{7: [RollingMean(window_size=7)], 30: [RollingMean(window_size=30)], 60: [RollingMean(window_size=60)]}",lags_200_features_132,268.75038072824975,531.7170314730693,849.2651431123815,1096.5001928717527,1244.5845589626942,1396.9197214512017,1517.7902076847884,2112.1931511161756,4249.349584507292,8947.880876899106,9247.747648007857
XGBRegressor,AutoDifferences(max_diffs=380) | LocalMinMaxScaler(stats_=[[-214.51499032  437.2315826 ]]),"[1, 2, 3, 4, 5, 6, 7, 8, 9, 10, 11, 12, 13, 14, 15, 16, 17, 18, 19, 20, 21, 22, 23, 24, 27, 28, 32, 33, 34, 36, 37, 39, 40, 41, 42, 43, 44, 45, 51, 55, 57, 60, 62, 64, 67, 68, 71, 72, 73, 74, 75, 76, 77, 78, 79, 80, 81, 86, 89, 91, 92, 97, 98, 99, 105, 109, 110, 112, 113, 115, 117, 118, 120, 123, 125, 129, 130, 131, 135, 136, 139, 140, 143, 144, 145, 146, 147, 149, 150, 151, 152, 154, 155, 156, 157, 158, 159, 160, 161, 162, 163, 164, 166, 167, 168, 169, 170, 172, 173, 174, 175, 176, 177, 181, 182, 183, 185, 186, 187, 188, 189, 190, 191, 192, 193, 194, 195, 196, 197, 198, 199, 200]","{7: [RollingMean(window_size=7)], 30: [RollingMean(window_size=30)], 60: [RollingMean(window_size=60)]}",lags_200_features_132,21.046411782711548,27.2679596297633,62.01841653966137,128.52042612240228,198.89098005262213,277.87866000010524,349.7479410719052,584.2355555266527,1355.0516685402326,2875.1406753035835,2960.267200541592
LGBMRegressor,AutoDifferences(max_diffs=380) | LocalMinMaxScaler(stats_=[[-214.51499032  437.2315826 ]]),"[1, 2, 3, 4, 5, 6, 7, 8, 9, 10, 11, 12, 13, 14, 15, 16, 17, 18, 19, 20, 21, 22, 23, 24, 27, 28, 32, 33, 34, 36, 37, 39, 40, 41, 42, 43, 44, 45, 51, 55, 57, 60, 62, 64, 67, 68, 71, 72, 73, 74, 75, 76, 77, 78, 79, 80, 81, 86, 89, 91, 92, 97, 98, 99, 105, 109, 110, 112, 113, 115, 117, 118, 120, 123, 125, 129, 130, 131, 135, 136, 139, 140, 143, 144, 145, 146, 147, 149, 150, 151, 152, 154, 155, 156, 157, 158, 159, 160, 161, 162, 163, 164, 166, 167, 168, 169, 170, 172, 173, 174, 175, 176, 177, 181, 182, 183, 185, 186, 187, 188, 189, 190, 191, 192, 193, 194, 195, 196, 197, 198, 199, 200]","{7: [RollingMean(window_size=7)], 30: [RollingMean(window_size=30)], 60: [RollingMean(window_size=60)]}",lags_200_features_132,37.254107281131304,48.57770986991336,82.23731336407813,120.53139866546341,160.1798367966246,195.9990032642024,212.79715931493453,283.7995526231137,510.6123864241785,987.1937428258972,1000.3697877564816
SGD_EarlyStopping,AutoDifferences(max_diffs=380) | LocalMinMaxScaler(stats_=[[-214.51499032  437.2315826 ]]),"[1, 2, 3, 4, 5, 6, 7, 8, 9, 10, 11, 12, 13, 14, 15, 16, 17, 18, 19, 20, 21, 22, 23, 24, 27, 28, 32, 33, 34, 36, 37, 39, 40, 41, 42, 43, 44, 45, 51, 55, 57, 60, 62, 64, 67, 68, 71, 72, 73, 74, 75, 76, 77, 78, 79, 80, 81, 86, 89, 91, 92, 97, 98, 99, 105, 109, 110, 112, 113, 115, 117, 118, 120, 123, 125, 129, 130, 131, 135, 136, 139, 140, 143, 144, 145, 146, 147, 149, 150, 151, 152, 154, 155, 156, 157, 158, 159, 160, 161, 162, 163, 164, 166, 167, 168, 169, 170, 172, 173, 174, 175, 176, 177, 181, 182, 183, 185, 186, 187, 188, 189, 190, 191, 192, 193, 194, 195, 196, 197, 198, 199, 200]","{7: [RollingMean(window_size=7), RollingStd(window_size=7)], 30: [RollingMean(window_size=30)], 60: [ExpandingMean()], 14: [ExponentiallyWeightedMean(alpha=0.3)]}",lags_200_features_132,308.1512822571882,604.6504684744451,960.8531212578642,1234.3807571611167,1394.973979308906,1559.1736166619203,1684.1656112091762,2341.7661358530568,4722.786983282323,9961.689277732754,10295.443645435624
SGD_ElasticNet,AutoDifferences(max_diffs=380) | LocalMinMaxScaler(stats_=[[-214.51499032  437.2315826 ]]),"[1, 2, 3, 4, 5, 6, 7, 8, 9, 10, 11, 12, 13, 14, 15, 16, 17, 18, 19, 20, 21, 22, 23, 24, 27, 28, 32, 33, 34, 36, 37, 39, 40, 41, 42, 43, 44, 45, 51, 55, 57, 60, 62, 64, 67, 68, 71, 72, 73, 74, 75, 76, 77, 78, 79, 80, 81, 86, 89, 91, 92, 97, 98, 99, 105, 109, 110, 112, 113, 115, 117, 118, 120, 123, 125, 129, 130, 131, 135, 136, 139, 140, 143, 144, 145, 146, 147, 149, 150, 151, 152, 154, 155, 156, 157, 158, 159, 160, 161, 162, 163, 164, 166, 167, 168, 169, 170, 172, 173, 174, 175, 176, 177, 181, 182, 183, 185, 186, 187, 188, 189, 190, 191, 192, 193, 194, 195, 196, 197, 198, 199, 200]","{7: [RollingMean(window_size=7), RollingStd(window_size=7)], 30: [RollingMean(window_size=30)], 60: [ExpandingMean()], 14: [ExponentiallyWeightedMean(alpha=0.3)]}",lags_200_features_132,304.69499970407014,593.1683926278788,935.4890106633743,1194.1211452114744,1342.4000066172632,1492.0979890638034,1599.524674438091,2215.491713623673,4462.938379590875,9403.65148490633,9716.877990495976
SGD_Lasso,AutoDifferences(max_diffs=380) | LocalMinMaxScaler(stats_=[[-214.51499032  437.2315826 ]]),"[1, 2, 3, 4, 5, 6, 7, 8, 9, 10, 11, 12, 13, 14, 15, 16, 17, 18, 19, 20, 21, 22, 23, 24, 27, 28, 32, 33, 34, 36, 37, 39, 40, 41, 42, 43, 44, 45, 51, 55, 57, 60, 62, 64, 67, 68, 71, 72, 73, 74, 75, 76, 77, 78, 79, 80, 81, 86, 89, 91, 92, 97, 98, 99, 105, 109, 110, 112, 113, 115, 117, 118, 120, 123, 125, 129, 130, 131, 135, 136, 139, 140, 143, 144, 145, 146, 147, 149, 150, 151, 152, 154, 155, 156, 157, 158, 159, 160, 161, 162, 163, 164, 166, 167, 168, 169, 170, 172, 173, 174, 175, 176, 177, 181, 182, 183, 185, 186, 187, 188, 189, 190, 191, 192, 193, 194, 195, 196, 197, 198, 199, 200]","{7: [RollingMean(window_size=7), RollingStd(window_size=7)], 30: [RollingMean(window_size=30)], 60: [ExpandingMean()], 14: [ExponentiallyWeightedMean(alpha=0.3)]}",lags_200_features_132,15.319693228020007,31.033454855534032,43.13210764284585,56.0474200996823,66.95051922713637,76.15338993368022,88.3291683385811,104.40799217615965,142.81013360299875,219.3069122876869,223.90677347145598
SGD_Ridge,AutoDifferences(max_diffs=380) | LocalMinMaxScaler(stats_=[[-214.51499032  437.2315826 ]]),"[1, 2, 3, 4, 5, 6, 7, 8, 9, 10, 11, 12, 13, 14, 15, 16, 17, 18, 19, 20, 21, 22, 23, 24, 27, 28, 32, 33, 34, 36, 37, 39, 40, 41, 42, 43, 44, 45, 51, 55, 57, 60, 62, 64, 67, 68, 71, 72, 73, 74, 75, 76, 77, 78, 79, 80, 81, 86, 89, 91, 92, 97, 98, 99, 105, 109, 110, 112, 113, 115, 117, 118, 120, 123, 125, 129, 130, 131, 135, 136, 139, 140, 143, 144, 145, 146, 147, 149, 150, 151, 152, 154, 155, 156, 157, 158, 159, 160, 161, 162, 163, 164, 166, 167, 168, 169, 170, 172, 173, 174, 175, 176, 177, 181, 182, 183, 185, 186, 187, 188, 189, 190, 191, 192, 193, 194, 195, 196, 197, 198, 199, 200]","{7: [RollingMean(window_size=7), RollingStd(window_size=7)], 30: [RollingMean(window_size=30)], 60: [ExpandingMean()], 14: [ExponentiallyWeightedMean(alpha=0.3)]}",lags_200_features_132,608.1107431793101,1079.7197860120673,1568.4950830371565,1854.078507869625,1947.5979672591202,2011.191510601079,1934.5400328130002,2605.0127550350658,5408.644419036506,11593.946417955844,11963.166267957757
SGDRegressor,AutoDifferences(max_diffs=380) | LocalMinMaxScaler(stats_=[[-214.51499032  437.2315826 ]]),"[1, 2, 3, 4, 5, 6, 7, 8, 9, 10, 11, 12, 13, 14, 15, 16, 17, 18, 19, 20, 21, 22, 23, 24, 27, 28, 32, 33, 34, 36, 37, 39, 40, 41, 42, 43, 44, 45, 51, 55, 57, 60, 62, 64, 67, 68, 71, 72, 73, 74, 75, 76, 77, 78, 79, 80, 81, 86, 89, 91, 92, 97, 98, 99, 105, 109, 110, 112, 113, 115, 117, 118, 120, 123, 125, 129, 130, 131, 135, 136, 139, 140, 143, 144, 145, 146, 147, 149, 150, 151, 152, 154, 155, 156, 157, 158, 159, 160, 161, 162, 163, 164, 166, 167, 168, 169, 170, 172, 173, 174, 175, 176, 177, 181, 182, 183, 185, 186, 187, 188, 189, 190, 191, 192, 193, 194, 195, 196, 197, 198, 199, 200]","{7: [RollingMean(window_size=7), RollingStd(window_size=7)], 30: [RollingMean(window_size=30)], 60: [ExpandingMean()], 14: [ExponentiallyWeightedMean(alpha=0.3)]}",lags_200_features_132,270.7618492173232,536.6590574347005,857.978177664598,1107.946350283549,1257.3834546437085,1410.926092398007,1532.2212141202497,2130.5551816774487,4281.2407372711,9002.414392117093,9303.074925675106
XGBRegressor,AutoDifferences(max_diffs=380) | LocalMinMaxScaler(stats_=[[-214.51499032  437.2315826 ]]),"[1, 2, 3, 4, 5, 6, 7, 8, 9, 10, 11, 12, 13, 14, 15, 16, 17, 18, 19, 20, 21, 22, 23, 24, 27, 28, 32, 33, 34, 36, 37, 39, 40, 41, 42, 43, 44, 45, 51, 55, 57, 60, 62, 64, 67, 68, 71, 72, 73, 74, 75, 76, 77, 78, 79, 80, 81, 86, 89, 91, 92, 97, 98, 99, 105, 109, 110, 112, 113, 115, 117, 118, 120, 123, 125, 129, 130, 131, 135, 136, 139, 140, 143, 144, 145, 146, 147, 149, 150, 151, 152, 154, 155, 156, 157, 158, 159, 160, 161, 162, 163, 164, 166, 167, 168, 169, 170, 172, 173, 174, 175, 176, 177, 181, 182, 183, 185, 186, 187, 188, 189, 190, 191, 192, 193, 194, 195, 196, 197, 198, 199, 200]","{7: [RollingMean(window_size=7), RollingStd(window_size=7)], 30: [RollingMean(window_size=30)], 60: [ExpandingMean()], 14: [ExponentiallyWeightedMean(alpha=0.3)]}",lags_200_features_132,47.94415018104763,95.84096709723904,187.76051637946446,283.5472488975511,350.962743114413,425.03626388333754,484.61028590555946,722.0732027344188,1464.6359697157504,2789.0762899283927,2857.96860343858
LGBMRegressor,AutoDifferences(max_diffs=380) | LocalMinMaxScaler(stats_=[[-214.51499032  437.2315826 ]]),"[1, 2, 3, 4, 5, 6, 7, 8, 9, 10, 11, 12, 13, 14, 15, 16, 17, 18, 19, 20, 21, 22, 23, 24, 27, 28, 32, 33, 34, 36, 37, 39, 40, 41, 42, 43, 44, 45, 51, 55, 57, 60, 62, 64, 67, 68, 71, 72, 73, 74, 75, 76, 77, 78, 79, 80, 81, 86, 89, 91, 92, 97, 98, 99, 105, 109, 110, 112, 113, 115, 117, 118, 120, 123, 125, 129, 130, 131, 135, 136, 139, 140, 143, 144, 145, 146, 147, 149, 150, 151, 152, 154, 155, 156, 157, 158, 159, 160, 161, 162, 163, 164, 166, 167, 168, 169, 170, 172, 173, 174, 175, 176, 177, 181, 182, 183, 185, 186, 187, 188, 189, 190, 191, 192, 193, 194, 195, 196, 197, 198, 199, 200]","{7: [RollingMean(window_size=7), RollingStd(window_size=7)], 30: [RollingMean(window_size=30)], 60: [ExpandingMean()], 14: [ExponentiallyWeightedMean(alpha=0.3)]}",lags_200_features_132,25.30147918675052,37.477750591211404,31.853966540710978,43.23661415061552,62.577417188932806,95.11790369092681,154.9042494436293,234.0727145279355,429.7534781267981,792.0802071220295,817.2399888707275
SGD_EarlyStopping,"AutoSeasonalDifferences(max_diffs=380, n_seasons=10, season_length=267) | LocalStandardScaler(stats_=[[47.42372721 38.3630083 ]])","[1, 2, 3, 4, 5, 6, 7, 8, 9, 10, 11, 12, 13, 14, 15, 16, 17, 18, 19, 20, 21, 22, 23, 24, 27, 28, 32, 33, 34, 36, 37, 39, 40, 41, 42, 43, 44, 45, 51, 55, 57, 60, 62, 64, 67, 68, 71, 72, 73, 74, 75, 76, 77, 78, 79, 80, 81, 86, 89, 91, 92, 97, 98, 99, 105, 109, 110, 112, 113, 115, 117, 118, 120, 123, 125, 129, 130, 131, 135, 136, 139, 140, 143, 144, 145, 146, 147, 149, 150, 151, 152, 154, 155, 156, 157, 158, 159, 160, 161, 162, 163, 164, 166, 167, 168, 169, 170, 172, 173, 174, 175, 176, 177, 181, 182, 183, 185, 186, 187, 188, 189, 190, 191, 192, 193, 194, 195, 196, 197, 198, 199, 200]","{1: [<function expanding_mean at 0x000002C58F7A04A0>], 7: [<function rolling_mean_14 at 0x000002C5930FAA20>], 30: [<function expanding_mean at 0x000002C58F7A04A0>]}",lags_200_features_132,49.41226341199423,71.30036681956005,112.83109787797929,150.46994593906996,173.50611433246968,186.93481809986483,179.26898746074446,158.99918874095727,272.03234306202427,740.7199840810774,769.123853127542
SGD_ElasticNet,"AutoSeasonalDifferences(max_diffs=380, n_seasons=10, season_length=267) | LocalStandardScaler(stats_=[[47.42372721 38.3630083 ]])","[1, 2, 3, 4, 5, 6, 7, 8, 9, 10, 11, 12, 13, 14, 15, 16, 17, 18, 19, 20, 21, 22, 23, 24, 27, 28, 32, 33, 34, 36, 37, 39, 40, 41, 42, 43, 44, 45, 51, 55, 57, 60, 62, 64, 67, 68, 71, 72, 73, 74, 75, 76, 77, 78, 79, 80, 81, 86, 89, 91, 92, 97, 98, 99, 105, 109, 110, 112, 113, 115, 117, 118, 120, 123, 125, 129, 130, 131, 135, 136, 139, 140, 143, 144, 145, 146, 147, 149, 150, 151, 152, 154, 155, 156, 157, 158, 159, 160, 161, 162, 163, 164, 166, 167, 168, 169, 170, 172, 173, 174, 175, 176, 177, 181, 182, 183, 185, 186, 187, 188, 189, 190, 191, 192, 193, 194, 195, 196, 197, 198, 199, 200]","{1: [<function expanding_mean at 0x000002C58F7A04A0>], 7: [<function rolling_mean_14 at 0x000002C5930FAA20>], 30: [<function expanding_mean at 0x000002C58F7A04A0>]}",lags_200_features_132,42.46496186443001,34.191422867104585,31.66320638416373,40.9561473040876,50.134124471841254,63.91807706169237,64.59024820465174,61.90710136651686,97.36878519199463,131.51377218027707,140.05363832066863
SGD_Lasso,"AutoSeasonalDifferences(max_diffs=380, n_seasons=10, season_length=267) | LocalStandardScaler(stats_=[[47.42372721 38.3630083 ]])","[1, 2, 3, 4, 5, 6, 7, 8, 9, 10, 11, 12, 13, 14, 15, 16, 17, 18, 19, 20, 21, 22, 23, 24, 27, 28, 32, 33, 34, 36, 37, 39, 40, 41, 42, 43, 44, 45, 51, 55, 57, 60, 62, 64, 67, 68, 71, 72, 73, 74, 75, 76, 77, 78, 79, 80, 81, 86, 89, 91, 92, 97, 98, 99, 105, 109, 110, 112, 113, 115, 117, 118, 120, 123, 125, 129, 130, 131, 135, 136, 139, 140, 143, 144, 145, 146, 147, 149, 150, 151, 152, 154, 155, 156, 157, 158, 159, 160, 161, 162, 163, 164, 166, 167, 168, 169, 170, 172, 173, 174, 175, 176, 177, 181, 182, 183, 185, 186, 187, 188, 189, 190, 191, 192, 193, 194, 195, 196, 197, 198, 199, 200]","{1: [<function expanding_mean at 0x000002C58F7A04A0>], 7: [<function rolling_mean_14 at 0x000002C5930FAA20>], 30: [<function expanding_mean at 0x000002C58F7A04A0>]}",lags_200_features_132,146.0912704773475,128.82691853905547,126.93188499445651,114.54038028568824,97.18318221367912,85.7424254200123,74.18379809357222,66.91428163146553,86.30000429912832,116.71132140479472,116.24230232919876
SGD_Ridge,"AutoSeasonalDifferences(max_diffs=380, n_seasons=10, season_length=267) | LocalStandardScaler(stats_=[[47.42372721 38.3630083 ]])","[1, 2, 3, 4, 5, 6, 7, 8, 9, 10, 11, 12, 13, 14, 15, 16, 17, 18, 19, 20, 21, 22, 23, 24, 27, 28, 32, 33, 34, 36, 37, 39, 40, 41, 42, 43, 44, 45, 51, 55, 57, 60, 62, 64, 67, 68, 71, 72, 73, 74, 75, 76, 77, 78, 79, 80, 81, 86, 89, 91, 92, 97, 98, 99, 105, 109, 110, 112, 113, 115, 117, 118, 120, 123, 125, 129, 130, 131, 135, 136, 139, 140, 143, 144, 145, 146, 147, 149, 150, 151, 152, 154, 155, 156, 157, 158, 159, 160, 161, 162, 163, 164, 166, 167, 168, 169, 170, 172, 173, 174, 175, 176, 177, 181, 182, 183, 185, 186, 187, 188, 189, 190, 191, 192, 193, 194, 195, 196, 197, 198, 199, 200]","{1: [<function expanding_mean at 0x000002C58F7A04A0>], 7: [<function rolling_mean_14 at 0x000002C5930FAA20>], 30: [<function expanding_mean at 0x000002C58F7A04A0>]}",lags_200_features_132,20.632896299455744,24.68321187328667,32.7794150936764,55.39931655398682,74.44711670032537,95.15960567144911,96.065168452127,86.56203715138997,110.11340105169862,155.21462640197413,161.25094354426864
SGDRegressor,"AutoSeasonalDifferences(max_diffs=380, n_seasons=10, season_length=267) | LocalStandardScaler(stats_=[[47.42372721 38.3630083 ]])","[1, 2, 3, 4, 5, 6, 7, 8, 9, 10, 11, 12, 13, 14, 15, 16, 17, 18, 19, 20, 21, 22, 23, 24, 27, 28, 32, 33, 34, 36, 37, 39, 40, 41, 42, 43, 44, 45, 51, 55, 57, 60, 62, 64, 67, 68, 71, 72, 73, 74, 75, 76, 77, 78, 79, 80, 81, 86, 89, 91, 92, 97, 98, 99, 105, 109, 110, 112, 113, 115, 117, 118, 120, 123, 125, 129, 130, 131, 135, 136, 139, 140, 143, 144, 145, 146, 147, 149, 150, 151, 152, 154, 155, 156, 157, 158, 159, 160, 161, 162, 163, 164, 166, 167, 168, 169, 170, 172, 173, 174, 175, 176, 177, 181, 182, 183, 185, 186, 187, 188, 189, 190, 191, 192, 193, 194, 195, 196, 197, 198, 199, 200]","{1: [<function expanding_mean at 0x000002C58F7A04A0>], 7: [<function rolling_mean_14 at 0x000002C5930FAA20>], 30: [<function expanding_mean at 0x000002C58F7A04A0>]}",lags_200_features_132,45.59873763864298,35.20288334559731,35.54542198353446,46.292744100155524,55.30022666733271,68.24778436957766,67.260979942435,65.40858264828256,101.62699196494613,142.11077968093724,151.2253233984569
XGBRegressor,"AutoSeasonalDifferences(max_diffs=380, n_seasons=10, season_length=267) | LocalStandardScaler(stats_=[[47.42372721 38.3630083 ]])","[1, 2, 3, 4, 5, 6, 7, 8, 9, 10, 11, 12, 13, 14, 15, 16, 17, 18, 19, 20, 21, 22, 23, 24, 27, 28, 32, 33, 34, 36, 37, 39, 40, 41, 42, 43, 44, 45, 51, 55, 57, 60, 62, 64, 67, 68, 71, 72, 73, 74, 75, 76, 77, 78, 79, 80, 81, 86, 89, 91, 92, 97, 98, 99, 105, 109, 110, 112, 113, 115, 117, 118, 120, 123, 125, 129, 130, 131, 135, 136, 139, 140, 143, 144, 145, 146, 147, 149, 150, 151, 152, 154, 155, 156, 157, 158, 159, 160, 161, 162, 163, 164, 166, 167, 168, 169, 170, 172, 173, 174, 175, 176, 177, 181, 182, 183, 185, 186, 187, 188, 189, 190, 191, 192, 193, 194, 195, 196, 197, 198, 199, 200]","{1: [<function expanding_mean at 0x000002C58F7A04A0>], 7: [<function rolling_mean_14 at 0x000002C5930FAA20>], 30: [<function expanding_mean at 0x000002C58F7A04A0>]}",lags_200_features_132,19.73707535786237,27.27052034422512,26.760821574559717,26.802656851427336,29.52108610699208,30.003521919938613,34.41292996346002,33.886866491090295,50.18616964590681,50.807988003569335,50.129893662417366
LGBMRegressor,"AutoSeasonalDifferences(max_diffs=380, n_seasons=10, season_length=267) | LocalStandardScaler(stats_=[[47.42372721 38.3630083 ]])","[1, 2, 3, 4, 5, 6, 7, 8, 9, 10, 11, 12, 13, 14, 15, 16, 17, 18, 19, 20, 21, 22, 23, 24, 27, 28, 32, 33, 34, 36, 37, 39, 40, 41, 42, 43, 44, 45, 51, 55, 57, 60, 62, 64, 67, 68, 71, 72, 73, 74, 75, 76, 77, 78, 79, 80, 81, 86, 89, 91, 92, 97, 98, 99, 105, 109, 110, 112, 113, 115, 117, 118, 120, 123, 125, 129, 130, 131, 135, 136, 139, 140, 143, 144, 145, 146, 147, 149, 150, 151, 152, 154, 155, 156, 157, 158, 159, 160, 161, 162, 163, 164, 166, 167, 168, 169, 170, 172, 173, 174, 175, 176, 177, 181, 182, 183, 185, 186, 187, 188, 189, 190, 191, 192, 193, 194, 195, 196, 197, 198, 199, 200]","{1: [<function expanding_mean at 0x000002C58F7A04A0>], 7: [<function rolling_mean_14 at 0x000002C5930FAA20>], 30: [<function expanding_mean at 0x000002C58F7A04A0>]}",lags_200_features_132,12.804828980757952,21.275941720920436,22.47104658589442,23.479344486642383,25.463789007223852,26.230740089839482,32.395182779746285,32.97916369500793,36.62256146149828,39.61276614738601,39.152280936681116
SGD_EarlyStopping,"AutoSeasonalDifferences(max_diffs=380, n_seasons=10, season_length=267) | LocalStandardScaler(stats_=[[47.42372721 38.3630083 ]])","[1, 2, 3, 4, 5, 6, 7, 8, 9, 10, 11, 12, 13, 14, 15, 16, 17, 18, 19, 20, 21, 22, 23, 24, 27, 28, 32, 33, 34, 36, 37, 39, 40, 41, 42, 43, 44, 45, 51, 55, 57, 60, 62, 64, 67, 68, 71, 72, 73, 74, 75, 76, 77, 78, 79, 80, 81, 86, 89, 91, 92, 97, 98, 99, 105, 109, 110, 112, 113, 115, 117, 118, 120, 123, 125, 129, 130, 131, 135, 136, 139, 140, 143, 144, 145, 146, 147, 149, 150, 151, 152, 154, 155, 156, 157, 158, 159, 160, 161, 162, 163, 164, 166, 167, 168, 169, 170, 172, 173, 174, 175, 176, 177, 181, 182, 183, 185, 186, 187, 188, 189, 190, 191, 192, 193, 194, 195, 196, 197, 198, 199, 200]","{1: [<function rolling_mean_14 at 0x000002C5930FAA20>], 7: [<function rolling_mean_30 at 0x000002C58DBF9260>], 30: [<function expanding_mean at 0x000002C58F7A04A0>]}",lags_200_features_132,49.278391199261556,70.85801055128714,112.62526875961724,151.07142478021254,175.1590146355386,189.97719322998466,184.35479210335234,163.07617451699969,261.52611277071696,734.2869163455571,766.7412762456175
SGD_ElasticNet,"AutoSeasonalDifferences(max_diffs=380, n_seasons=10, season_length=267) | LocalStandardScaler(stats_=[[47.42372721 38.3630083 ]])","[1, 2, 3, 4, 5, 6, 7, 8, 9, 10, 11, 12, 13, 14, 15, 16, 17, 18, 19, 20, 21, 22, 23, 24, 27, 28, 32, 33, 34, 36, 37, 39, 40, 41, 42, 43, 44, 45, 51, 55, 57, 60, 62, 64, 67, 68, 71, 72, 73, 74, 75, 76, 77, 78, 79, 80, 81, 86, 89, 91, 92, 97, 98, 99, 105, 109, 110, 112, 113, 115, 117, 118, 120, 123, 125, 129, 130, 131, 135, 136, 139, 140, 143, 144, 145, 146, 147, 149, 150, 151, 152, 154, 155, 156, 157, 158, 159, 160, 161, 162, 163, 164, 166, 167, 168, 169, 170, 172, 173, 174, 175, 176, 177, 181, 182, 183, 185, 186, 187, 188, 189, 190, 191, 192, 193, 194, 195, 196, 197, 198, 199, 200]","{1: [<function rolling_mean_14 at 0x000002C5930FAA20>], 7: [<function rolling_mean_30 at 0x000002C58DBF9260>], 30: [<function expanding_mean at 0x000002C58F7A04A0>]}",lags_200_features_132,42.49285496642143,34.035119742087474,31.725769221391115,41.079406743632866,50.150505352093354,63.75179661209619,64.27128156706667,61.75113558884263,97.00284602997472,131.0746315982967,139.56260030055682
SGD_Lasso,"AutoSeasonalDifferences(max_diffs=380, n_seasons=10, season_length=267) | LocalStandardScaler(stats_=[[47.42372721 38.3630083 ]])","[1, 2, 3, 4, 5, 6, 7, 8, 9, 10, 11, 12, 13, 14, 15, 16, 17, 18, 19, 20, 21, 22, 23, 24, 27, 28, 32, 33, 34, 36, 37, 39, 40, 41, 42, 43, 44, 45, 51, 55, 57, 60, 62, 64, 67, 68, 71, 72, 73, 74, 75, 76, 77, 78, 79, 80, 81, 86, 89, 91, 92, 97, 98, 99, 105, 109, 110, 112, 113, 115, 117, 118, 120, 123, 125, 129, 130, 131, 135, 136, 139, 140, 143, 144, 145, 146, 147, 149, 150, 151, 152, 154, 155, 156, 157, 158, 159, 160, 161, 162, 163, 164, 166, 167, 168, 169, 170, 172, 173, 174, 175, 176, 177, 181, 182, 183, 185, 186, 187, 188, 189, 190, 191, 192, 193, 194, 195, 196, 197, 198, 199, 200]","{1: [<function rolling_mean_14 at 0x000002C5930FAA20>], 7: [<function rolling_mean_30 at 0x000002C58DBF9260>], 30: [<function expanding_mean at 0x000002C58F7A04A0>]}",lags_200_features_132,146.0912704773475,128.82691853905547,126.93188499445651,114.54038028568824,97.18318221367912,85.7424254200123,74.18379809357222,66.91428163146553,86.30000429912832,116.71132140479472,116.24230232919876
SGD_Ridge,"AutoSeasonalDifferences(max_diffs=380, n_seasons=10, season_length=267) | LocalStandardScaler(stats_=[[47.42372721 38.3630083 ]])","[1, 2, 3, 4, 5, 6, 7, 8, 9, 10, 11, 12, 13, 14, 15, 16, 17, 18, 19, 20, 21, 22, 23, 24, 27, 28, 32, 33, 34, 36, 37, 39, 40, 41, 42, 43, 44, 45, 51, 55, 57, 60, 62, 64, 67, 68, 71, 72, 73, 74, 75, 76, 77, 78, 79, 80, 81, 86, 89, 91, 92, 97, 98, 99, 105, 109, 110, 112, 113, 115, 117, 118, 120, 123, 125, 129, 130, 131, 135, 136, 139, 140, 143, 144, 145, 146, 147, 149, 150, 151, 152, 154, 155, 156, 157, 158, 159, 160, 161, 162, 163, 164, 166, 167, 168, 169, 170, 172, 173, 174, 175, 176, 177, 181, 182, 183, 185, 186, 187, 188, 189, 190, 191, 192, 193, 194, 195, 196, 197, 198, 199, 200]","{1: [<function rolling_mean_14 at 0x000002C5930FAA20>], 7: [<function rolling_mean_30 at 0x000002C58DBF9260>], 30: [<function expanding_mean at 0x000002C58F7A04A0>]}",lags_200_features_132,20.368547174051255,24.260200976763233,32.72756395519051,55.474651708444036,74.59978809317882,95.43559685395326,96.54625189478642,87.0416474377718,110.3007299247394,156.14826461253648,161.95007562848966
SGDRegressor,"AutoSeasonalDifferences(max_diffs=380, n_seasons=10, season_length=267) | LocalStandardScaler(stats_=[[47.42372721 38.3630083 ]])","[1, 2, 3, 4, 5, 6, 7, 8, 9, 10, 11, 12, 13, 14, 15, 16, 17, 18, 19, 20, 21, 22, 23, 24, 27, 28, 32, 33, 34, 36, 37, 39, 40, 41, 42, 43, 44, 45, 51, 55, 57, 60, 62, 64, 67, 68, 71, 72, 73, 74, 75, 76, 77, 78, 79, 80, 81, 86, 89, 91, 92, 97, 98, 99, 105, 109, 110, 112, 113, 115, 117, 118, 120, 123, 125, 129, 130, 131, 135, 136, 139, 140, 143, 144, 145, 146, 147, 149, 150, 151, 152, 154, 155, 156, 157, 158, 159, 160, 161, 162, 163, 164, 166, 167, 168, 169, 170, 172, 173, 174, 175, 176, 177, 181, 182, 183, 185, 186, 187, 188, 189, 190, 191, 192, 193, 194, 195, 196, 197, 198, 199, 200]","{1: [<function rolling_mean_14 at 0x000002C5930FAA20>], 7: [<function rolling_mean_30 at 0x000002C58DBF9260>], 30: [<function expanding_mean at 0x000002C58F7A04A0>]}",lags_200_features_132,45.465744772167035,35.06536562099251,35.48530530037283,46.06398249507771,54.876609715936354,67.63623428764322,66.65858161489773,64.92330454064799,101.33567547026917,141.6995894717185,150.74275951540793
XGBRegressor,"AutoSeasonalDifferences(max_diffs=380, n_seasons=10, season_length=267) | LocalStandardScaler(stats_=[[47.42372721 38.3630083 ]])","[1, 2, 3, 4, 5, 6, 7, 8, 9, 10, 11, 12, 13, 14, 15, 16, 17, 18, 19, 20, 21, 22, 23, 24, 27, 28, 32, 33, 34, 36, 37, 39, 40, 41, 42, 43, 44, 45, 51, 55, 57, 60, 62, 64, 67, 68, 71, 72, 73, 74, 75, 76, 77, 78, 79, 80, 81, 86, 89, 91, 92, 97, 98, 99, 105, 109, 110, 112, 113, 115, 117, 118, 120, 123, 125, 129, 130, 131, 135, 136, 139, 140, 143, 144, 145, 146, 147, 149, 150, 151, 152, 154, 155, 156, 157, 158, 159, 160, 161, 162, 163, 164, 166, 167, 168, 169, 170, 172, 173, 174, 175, 176, 177, 181, 182, 183, 185, 186, 187, 188, 189, 190, 191, 192, 193, 194, 195, 196, 197, 198, 199, 200]","{1: [<function rolling_mean_14 at 0x000002C5930FAA20>], 7: [<function rolling_mean_30 at 0x000002C58DBF9260>], 30: [<function expanding_mean at 0x000002C58F7A04A0>]}",lags_200_features_132,15.330748435560201,21.316551408075092,22.906039621149368,23.945304164633406,25.252332926048098,26.100801693952185,33.361196180098304,33.592988003965715,37.05307947700075,38.869351711105416,38.359366357618676
LGBMRegressor,"AutoSeasonalDifferences(max_diffs=380, n_seasons=10, season_length=267) | LocalStandardScaler(stats_=[[47.42372721 38.3630083 ]])","[1, 2, 3, 4, 5, 6, 7, 8, 9, 10, 11, 12, 13, 14, 15, 16, 17, 18, 19, 20, 21, 22, 23, 24, 27, 28, 32, 33, 34, 36, 37, 39, 40, 41, 42, 43, 44, 45, 51, 55, 57, 60, 62, 64, 67, 68, 71, 72, 73, 74, 75, 76, 77, 78, 79, 80, 81, 86, 89, 91, 92, 97, 98, 99, 105, 109, 110, 112, 113, 115, 117, 118, 120, 123, 125, 129, 130, 131, 135, 136, 139, 140, 143, 144, 145, 146, 147, 149, 150, 151, 152, 154, 155, 156, 157, 158, 159, 160, 161, 162, 163, 164, 166, 167, 168, 169, 170, 172, 173, 174, 175, 176, 177, 181, 182, 183, 185, 186, 187, 188, 189, 190, 191, 192, 193, 194, 195, 196, 197, 198, 199, 200]","{1: [<function rolling_mean_14 at 0x000002C5930FAA20>], 7: [<function rolling_mean_30 at 0x000002C58DBF9260>], 30: [<function expanding_mean at 0x000002C58F7A04A0>]}",lags_200_features_132,13.627117655745167,22.20233081661604,22.88200710170699,23.180802740027566,24.728988345708625,25.097989091303564,32.26316181505526,33.5113967073671,34.90049350078496,40.04512302129827,39.62827785760478
SGD_EarlyStopping,"AutoSeasonalDifferences(max_diffs=380, n_seasons=10, season_length=267) | LocalStandardScaler(stats_=[[47.42372721 38.3630083 ]])","[1, 2, 3, 4, 5, 6, 7, 8, 9, 10, 11, 12, 13, 14, 15, 16, 17, 18, 19, 20, 21, 22, 23, 24, 27, 28, 32, 33, 34, 36, 37, 39, 40, 41, 42, 43, 44, 45, 51, 55, 57, 60, 62, 64, 67, 68, 71, 72, 73, 74, 75, 76, 77, 78, 79, 80, 81, 86, 89, 91, 92, 97, 98, 99, 105, 109, 110, 112, 113, 115, 117, 118, 120, 123, 125, 129, 130, 131, 135, 136, 139, 140, 143, 144, 145, 146, 147, 149, 150, 151, 152, 154, 155, 156, 157, 158, 159, 160, 161, 162, 163, 164, 166, 167, 168, 169, 170, 172, 173, 174, 175, 176, 177, 181, 182, 183, 185, 186, 187, 188, 189, 190, 191, 192, 193, 194, 195, 196, 197, 198, 199, 200]","{7: [RollingMean(window_size=7)], 30: [RollingMean(window_size=30)], 60: [RollingMean(window_size=60)]}",lags_200_features_132,49.11485321129612,72.01912199866068,114.3832531243724,152.71808298249653,176.24424095029013,190.18334387348654,182.7720412180434,162.1275888553428,276.9390412180512,755.6634626555729,784.6390676678734
SGD_ElasticNet,"AutoSeasonalDifferences(max_diffs=380, n_seasons=10, season_length=267) | LocalStandardScaler(stats_=[[47.42372721 38.3630083 ]])","[1, 2, 3, 4, 5, 6, 7, 8, 9, 10, 11, 12, 13, 14, 15, 16, 17, 18, 19, 20, 21, 22, 23, 24, 27, 28, 32, 33, 34, 36, 37, 39, 40, 41, 42, 43, 44, 45, 51, 55, 57, 60, 62, 64, 67, 68, 71, 72, 73, 74, 75, 76, 77, 78, 79, 80, 81, 86, 89, 91, 92, 97, 98, 99, 105, 109, 110, 112, 113, 115, 117, 118, 120, 123, 125, 129, 130, 131, 135, 136, 139, 140, 143, 144, 145, 146, 147, 149, 150, 151, 152, 154, 155, 156, 157, 158, 159, 160, 161, 162, 163, 164, 166, 167, 168, 169, 170, 172, 173, 174, 175, 176, 177, 181, 182, 183, 185, 186, 187, 188, 189, 190, 191, 192, 193, 194, 195, 196, 197, 198, 199, 200]","{7: [RollingMean(window_size=7)], 30: [RollingMean(window_size=30)], 60: [RollingMean(window_size=60)]}",lags_200_features_132,42.14661099452877,34.033357634212194,31.69957060673778,41.21271669337935,50.37061797941895,63.90160708198308,64.10143111856901,62.14001628867533,97.85101239859148,133.53917792550757,142.2016514681536
SGD_Lasso,"AutoSeasonalDifferences(max_diffs=380, n_seasons=10, season_length=267) | LocalStandardScaler(stats_=[[47.42372721 38.3630083 ]])","[1, 2, 3, 4, 5, 6, 7, 8, 9, 10, 11, 12, 13, 14, 15, 16, 17, 18, 19, 20, 21, 22, 23, 24, 27, 28, 32, 33, 34, 36, 37, 39, 40, 41, 42, 43, 44, 45, 51, 55, 57, 60, 62, 64, 67, 68, 71, 72, 73, 74, 75, 76, 77, 78, 79, 80, 81, 86, 89, 91, 92, 97, 98, 99, 105, 109, 110, 112, 113, 115, 117, 118, 120, 123, 125, 129, 130, 131, 135, 136, 139, 140, 143, 144, 145, 146, 147, 149, 150, 151, 152, 154, 155, 156, 157, 158, 159, 160, 161, 162, 163, 164, 166, 167, 168, 169, 170, 172, 173, 174, 175, 176, 177, 181, 182, 183, 185, 186, 187, 188, 189, 190, 191, 192, 193, 194, 195, 196, 197, 198, 199, 200]","{7: [RollingMean(window_size=7)], 30: [RollingMean(window_size=30)], 60: [RollingMean(window_size=60)]}",lags_200_features_132,146.0912704773475,128.82691853905547,126.93188499445651,114.54038028568824,97.18318221367912,85.7424254200123,74.18379809357222,66.91428163146553,86.30000429912832,116.71132140479472,116.24230232919876
SGD_Ridge,"AutoSeasonalDifferences(max_diffs=380, n_seasons=10, season_length=267) | LocalStandardScaler(stats_=[[47.42372721 38.3630083 ]])","[1, 2, 3, 4, 5, 6, 7, 8, 9, 10, 11, 12, 13, 14, 15, 16, 17, 18, 19, 20, 21, 22, 23, 24, 27, 28, 32, 33, 34, 36, 37, 39, 40, 41, 42, 43, 44, 45, 51, 55, 57, 60, 62, 64, 67, 68, 71, 72, 73, 74, 75, 76, 77, 78, 79, 80, 81, 86, 89, 91, 92, 97, 98, 99, 105, 109, 110, 112, 113, 115, 117, 118, 120, 123, 125, 129, 130, 131, 135, 136, 139, 140, 143, 144, 145, 146, 147, 149, 150, 151, 152, 154, 155, 156, 157, 158, 159, 160, 161, 162, 163, 164, 166, 167, 168, 169, 170, 172, 173, 174, 175, 176, 177, 181, 182, 183, 185, 186, 187, 188, 189, 190, 191, 192, 193, 194, 195, 196, 197, 198, 199, 200]","{7: [RollingMean(window_size=7)], 30: [RollingMean(window_size=30)], 60: [RollingMean(window_size=60)]}",lags_200_features_132,20.808374582840962,24.884655577933493,32.819332583781794,55.31378906808537,74.20455905843735,94.67968331079926,95.29832616310976,85.80842401458119,108.88386062531346,152.45502802692067,158.63395171895198
SGDRegressor,"AutoSeasonalDifferences(max_diffs=380, n_seasons=10, season_length=267) | LocalStandardScaler(stats_=[[47.42372721 38.3630083 ]])","[1, 2, 3, 4, 5, 6, 7, 8, 9, 10, 11, 12, 13, 14, 15, 16, 17, 18, 19, 20, 21, 22, 23, 24, 27, 28, 32, 33, 34, 36, 37, 39, 40, 41, 42, 43, 44, 45, 51, 55, 57, 60, 62, 64, 67, 68, 71, 72, 73, 74, 75, 76, 77, 78, 79, 80, 81, 86, 89, 91, 92, 97, 98, 99, 105, 109, 110, 112, 113, 115, 117, 118, 120, 123, 125, 129, 130, 131, 135, 136, 139, 140, 143, 144, 145, 146, 147, 149, 150, 151, 152, 154, 155, 156, 157, 158, 159, 160, 161, 162, 163, 164, 166, 167, 168, 169, 170, 172, 173, 174, 175, 176, 177, 181, 182, 183, 185, 186, 187, 188, 189, 190, 191, 192, 193, 194, 195, 196, 197, 198, 199, 200]","{7: [RollingMean(window_size=7)], 30: [RollingMean(window_size=30)], 60: [RollingMean(window_size=60)]}",lags_200_features_132,44.988744068886,34.96466580570788,34.8600623385215,45.151036915256896,53.80032043273083,66.30848897856723,65.17954321619582,64.05538022745503,99.29071967436745,140.03081913980674,148.84694024499484
XGBRegressor,"AutoSeasonalDifferences(max_diffs=380, n_seasons=10, season_length=267) | LocalStandardScaler(stats_=[[47.42372721 38.3630083 ]])","[1, 2, 3, 4, 5, 6, 7, 8, 9, 10, 11, 12, 13, 14, 15, 16, 17, 18, 19, 20, 21, 22, 23, 24, 27, 28, 32, 33, 34, 36, 37, 39, 40, 41, 42, 43, 44, 45, 51, 55, 57, 60, 62, 64, 67, 68, 71, 72, 73, 74, 75, 76, 77, 78, 79, 80, 81, 86, 89, 91, 92, 97, 98, 99, 105, 109, 110, 112, 113, 115, 117, 118, 120, 123, 125, 129, 130, 131, 135, 136, 139, 140, 143, 144, 145, 146, 147, 149, 150, 151, 152, 154, 155, 156, 157, 158, 159, 160, 161, 162, 163, 164, 166, 167, 168, 169, 170, 172, 173, 174, 175, 176, 177, 181, 182, 183, 185, 186, 187, 188, 189, 190, 191, 192, 193, 194, 195, 196, 197, 198, 199, 200]","{7: [RollingMean(window_size=7)], 30: [RollingMean(window_size=30)], 60: [RollingMean(window_size=60)]}",lags_200_features_132,16.864329012339567,24.784461272850073,25.850755220791143,26.428631983484983,28.25372352898491,29.098422271677997,35.931691154550634,35.76876174096531,42.72794739619361,50.97576278456011,50.157573041240944
LGBMRegressor,"AutoSeasonalDifferences(max_diffs=380, n_seasons=10, season_length=267) | LocalStandardScaler(stats_=[[47.42372721 38.3630083 ]])","[1, 2, 3, 4, 5, 6, 7, 8, 9, 10, 11, 12, 13, 14, 15, 16, 17, 18, 19, 20, 21, 22, 23, 24, 27, 28, 32, 33, 34, 36, 37, 39, 40, 41, 42, 43, 44, 45, 51, 55, 57, 60, 62, 64, 67, 68, 71, 72, 73, 74, 75, 76, 77, 78, 79, 80, 81, 86, 89, 91, 92, 97, 98, 99, 105, 109, 110, 112, 113, 115, 117, 118, 120, 123, 125, 129, 130, 131, 135, 136, 139, 140, 143, 144, 145, 146, 147, 149, 150, 151, 152, 154, 155, 156, 157, 158, 159, 160, 161, 162, 163, 164, 166, 167, 168, 169, 170, 172, 173, 174, 175, 176, 177, 181, 182, 183, 185, 186, 187, 188, 189, 190, 191, 192, 193, 194, 195, 196, 197, 198, 199, 200]","{7: [RollingMean(window_size=7)], 30: [RollingMean(window_size=30)], 60: [RollingMean(window_size=60)]}",lags_200_features_132,14.09958510951734,22.603923311984396,23.740816944080713,24.8328654404909,26.613881246586363,26.978204630742553,33.27779589980109,33.426788056614605,35.90998621416324,37.492916546491344,36.97489186825752
SGD_EarlyStopping,"AutoSeasonalDifferences(max_diffs=380, n_seasons=10, season_length=267) | LocalStandardScaler(stats_=[[47.42372721 38.3630083 ]])","[1, 2, 3, 4, 5, 6, 7, 8, 9, 10, 11, 12, 13, 14, 15, 16, 17, 18, 19, 20, 21, 22, 23, 24, 27, 28, 32, 33, 34, 36, 37, 39, 40, 41, 42, 43, 44, 45, 51, 55, 57, 60, 62, 64, 67, 68, 71, 72, 73, 74, 75, 76, 77, 78, 79, 80, 81, 86, 89, 91, 92, 97, 98, 99, 105, 109, 110, 112, 113, 115, 117, 118, 120, 123, 125, 129, 130, 131, 135, 136, 139, 140, 143, 144, 145, 146, 147, 149, 150, 151, 152, 154, 155, 156, 157, 158, 159, 160, 161, 162, 163, 164, 166, 167, 168, 169, 170, 172, 173, 174, 175, 176, 177, 181, 182, 183, 185, 186, 187, 188, 189, 190, 191, 192, 193, 194, 195, 196, 197, 198, 199, 200]","{7: [RollingMean(window_size=7), RollingStd(window_size=7)], 30: [RollingMean(window_size=30)], 60: [ExpandingMean()], 14: [ExponentiallyWeightedMean(alpha=0.3)]}",lags_200_features_132,49.39954355159442,70.95899862740697,113.60681683253364,153.68421913499876,179.63902497316462,196.81982232810728,194.39834075694083,174.96419592939318,251.43536661965723,755.6750619374311,798.2046536530023
SGD_ElasticNet,"AutoSeasonalDifferences(max_diffs=380, n_seasons=10, season_length=267) | LocalStandardScaler(stats_=[[47.42372721 38.3630083 ]])","[1, 2, 3, 4, 5, 6, 7, 8, 9, 10, 11, 12, 13, 14, 15, 16, 17, 18, 19, 20, 21, 22, 23, 24, 27, 28, 32, 33, 34, 36, 37, 39, 40, 41, 42, 43, 44, 45, 51, 55, 57, 60, 62, 64, 67, 68, 71, 72, 73, 74, 75, 76, 77, 78, 79, 80, 81, 86, 89, 91, 92, 97, 98, 99, 105, 109, 110, 112, 113, 115, 117, 118, 120, 123, 125, 129, 130, 131, 135, 136, 139, 140, 143, 144, 145, 146, 147, 149, 150, 151, 152, 154, 155, 156, 157, 158, 159, 160, 161, 162, 163, 164, 166, 167, 168, 169, 170, 172, 173, 174, 175, 176, 177, 181, 182, 183, 185, 186, 187, 188, 189, 190, 191, 192, 193, 194, 195, 196, 197, 198, 199, 200]","{7: [RollingMean(window_size=7), RollingStd(window_size=7)], 30: [RollingMean(window_size=30)], 60: [ExpandingMean()], 14: [ExponentiallyWeightedMean(alpha=0.3)]}",lags_200_features_132,42.424621976839056,34.28878093496222,31.71638962945621,40.986893777408135,50.05345745026196,63.517469230195665,63.680357252833375,61.64517720404837,95.63134958634285,130.4450007778926,138.9807065574836
SGD_Lasso,"AutoSeasonalDifferences(max_diffs=380, n_seasons=10, season_length=267) | LocalStandardScaler(stats_=[[47.42372721 38.3630083 ]])","[1, 2, 3, 4, 5, 6, 7, 8, 9, 10, 11, 12, 13, 14, 15, 16, 17, 18, 19, 20, 21, 22, 23, 24, 27, 28, 32, 33, 34, 36, 37, 39, 40, 41, 42, 43, 44, 45, 51, 55, 57, 60, 62, 64, 67, 68, 71, 72, 73, 74, 75, 76, 77, 78, 79, 80, 81, 86, 89, 91, 92, 97, 98, 99, 105, 109, 110, 112, 113, 115, 117, 118, 120, 123, 125, 129, 130, 131, 135, 136, 139, 140, 143, 144, 145, 146, 147, 149, 150, 151, 152, 154, 155, 156, 157, 158, 159, 160, 161, 162, 163, 164, 166, 167, 168, 169, 170, 172, 173, 174, 175, 176, 177, 181, 182, 183, 185, 186, 187, 188, 189, 190, 191, 192, 193, 194, 195, 196, 197, 198, 199, 200]","{7: [RollingMean(window_size=7), RollingStd(window_size=7)], 30: [RollingMean(window_size=30)], 60: [ExpandingMean()], 14: [ExponentiallyWeightedMean(alpha=0.3)]}",lags_200_features_132,146.0912704773475,128.82691853905547,126.93188499445651,114.54038028568824,97.18318221367912,85.7424254200123,74.18379809357222,66.91428163146553,86.30000429912832,116.71132140479472,116.24230232919876
SGD_Ridge,"AutoSeasonalDifferences(max_diffs=380, n_seasons=10, season_length=267) | LocalStandardScaler(stats_=[[47.42372721 38.3630083 ]])","[1, 2, 3, 4, 5, 6, 7, 8, 9, 10, 11, 12, 13, 14, 15, 16, 17, 18, 19, 20, 21, 22, 23, 24, 27, 28, 32, 33, 34, 36, 37, 39, 40, 41, 42, 43, 44, 45, 51, 55, 57, 60, 62, 64, 67, 68, 71, 72, 73, 74, 75, 76, 77, 78, 79, 80, 81, 86, 89, 91, 92, 97, 98, 99, 105, 109, 110, 112, 113, 115, 117, 118, 120, 123, 125, 129, 130, 131, 135, 136, 139, 140, 143, 144, 145, 146, 147, 149, 150, 151, 152, 154, 155, 156, 157, 158, 159, 160, 161, 162, 163, 164, 166, 167, 168, 169, 170, 172, 173, 174, 175, 176, 177, 181, 182, 183, 185, 186, 187, 188, 189, 190, 191, 192, 193, 194, 195, 196, 197, 198, 199, 200]","{7: [RollingMean(window_size=7), RollingStd(window_size=7)], 30: [RollingMean(window_size=30)], 60: [ExpandingMean()], 14: [ExponentiallyWeightedMean(alpha=0.3)]}",lags_200_features_132,20.523551835476187,24.71677371597232,32.37235121660458,54.436995719702644,72.98338017603905,93.16695717386241,93.77629037483194,84.5017604902495,105.59764640505963,147.0982604241205,153.08774777750435
SGDRegressor,"AutoSeasonalDifferences(max_diffs=380, n_seasons=10, season_length=267) | LocalStandardScaler(stats_=[[47.42372721 38.3630083 ]])","[1, 2, 3, 4, 5, 6, 7, 8, 9, 10, 11, 12, 13, 14, 15, 16, 17, 18, 19, 20, 21, 22, 23, 24, 27, 28, 32, 33, 34, 36, 37, 39, 40, 41, 42, 43, 44, 45, 51, 55, 57, 60, 62, 64, 67, 68, 71, 72, 73, 74, 75, 76, 77, 78, 79, 80, 81, 86, 89, 91, 92, 97, 98, 99, 105, 109, 110, 112, 113, 115, 117, 118, 120, 123, 125, 129, 130, 131, 135, 136, 139, 140, 143, 144, 145, 146, 147, 149, 150, 151, 152, 154, 155, 156, 157, 158, 159, 160, 161, 162, 163, 164, 166, 167, 168, 169, 170, 172, 173, 174, 175, 176, 177, 181, 182, 183, 185, 186, 187, 188, 189, 190, 191, 192, 193, 194, 195, 196, 197, 198, 199, 200]","{7: [RollingMean(window_size=7), RollingStd(window_size=7)], 30: [RollingMean(window_size=30)], 60: [ExpandingMean()], 14: [ExponentiallyWeightedMean(alpha=0.3)]}",lags_200_features_132,45.24157781479118,35.180367577299,34.80438533296511,44.93033656306489,53.44346745609534,65.70217802751908,64.2985416236484,63.2254644006769,95.02042834618743,135.02490091135942,143.51233599891228
XGBRegressor,"AutoSeasonalDifferences(max_diffs=380, n_seasons=10, season_length=267) | LocalStandardScaler(stats_=[[47.42372721 38.3630083 ]])","[1, 2, 3, 4, 5, 6, 7, 8, 9, 10, 11, 12, 13, 14, 15, 16, 17, 18, 19, 20, 21, 22, 23, 24, 27, 28, 32, 33, 34, 36, 37, 39, 40, 41, 42, 43, 44, 45, 51, 55, 57, 60, 62, 64, 67, 68, 71, 72, 73, 74, 75, 76, 77, 78, 79, 80, 81, 86, 89, 91, 92, 97, 98, 99, 105, 109, 110, 112, 113, 115, 117, 118, 120, 123, 125, 129, 130, 131, 135, 136, 139, 140, 143, 144, 145, 146, 147, 149, 150, 151, 152, 154, 155, 156, 157, 158, 159, 160, 161, 162, 163, 164, 166, 167, 168, 169, 170, 172, 173, 174, 175, 176, 177, 181, 182, 183, 185, 186, 187, 188, 189, 190, 191, 192, 193, 194, 195, 196, 197, 198, 199, 200]","{7: [RollingMean(window_size=7), RollingStd(window_size=7)], 30: [RollingMean(window_size=30)], 60: [ExpandingMean()], 14: [ExponentiallyWeightedMean(alpha=0.3)]}",lags_200_features_132,13.952025592200867,22.329638758945407,24.146496337718773,24.91439889035452,26.799500877903338,27.532753322544973,32.1634302375009,31.90919227283472,36.322210587254524,35.16905138292152,34.67943583121536
LGBMRegressor,"AutoSeasonalDifferences(max_diffs=380, n_seasons=10, season_length=267) | LocalStandardScaler(stats_=[[47.42372721 38.3630083 ]])","[1, 2, 3, 4, 5, 6, 7, 8, 9, 10, 11, 12, 13, 14, 15, 16, 17, 18, 19, 20, 21, 22, 23, 24, 27, 28, 32, 33, 34, 36, 37, 39, 40, 41, 42, 43, 44, 45, 51, 55, 57, 60, 62, 64, 67, 68, 71, 72, 73, 74, 75, 76, 77, 78, 79, 80, 81, 86, 89, 91, 92, 97, 98, 99, 105, 109, 110, 112, 113, 115, 117, 118, 120, 123, 125, 129, 130, 131, 135, 136, 139, 140, 143, 144, 145, 146, 147, 149, 150, 151, 152, 154, 155, 156, 157, 158, 159, 160, 161, 162, 163, 164, 166, 167, 168, 169, 170, 172, 173, 174, 175, 176, 177, 181, 182, 183, 185, 186, 187, 188, 189, 190, 191, 192, 193, 194, 195, 196, 197, 198, 199, 200]","{7: [RollingMean(window_size=7), RollingStd(window_size=7)], 30: [RollingMean(window_size=30)], 60: [ExpandingMean()], 14: [ExponentiallyWeightedMean(alpha=0.3)]}",lags_200_features_132,12.960607974611241,22.82689634431264,23.62964789340478,24.537726634863883,26.426682290035913,26.749665762673075,33.572371876094756,34.722204767595294,35.153737432127905,38.76466689082505,38.50774058858763
SGD_EarlyStopping,"AutoSeasonalDifferences(max_diffs=380, n_seasons=10, season_length=267) | LocalMinMaxScaler(stats_=[[  5.11211699 325.92896936]])","[1, 2, 3, 4, 5, 6, 7, 8, 9, 10, 11, 12, 13, 14, 15, 16, 17, 18, 19, 20, 21, 22, 23, 24, 27, 28, 32, 33, 34, 36, 37, 39, 40, 41, 42, 43, 44, 45, 51, 55, 57, 60, 62, 64, 67, 68, 71, 72, 73, 74, 75, 76, 77, 78, 79, 80, 81, 86, 89, 91, 92, 97, 98, 99, 105, 109, 110, 112, 113, 115, 117, 118, 120, 123, 125, 129, 130, 131, 135, 136, 139, 140, 143, 144, 145, 146, 147, 149, 150, 151, 152, 154, 155, 156, 157, 158, 159, 160, 161, 162, 163, 164, 166, 167, 168, 169, 170, 172, 173, 174, 175, 176, 177, 181, 182, 183, 185, 186, 187, 188, 189, 190, 191, 192, 193, 194, 195, 196, 197, 198, 199, 200]","{1: [<function expanding_mean at 0x000002C58F7A04A0>], 7: [<function rolling_mean_14 at 0x000002C5930FAA20>], 30: [<function expanding_mean at 0x000002C58F7A04A0>]}",lags_200_features_132,44.022655266875496,69.50232683683188,77.43184640196363,71.01990232755927,60.739556944441766,57.11589300140909,51.47967731560761,48.16684677153288,47.581884907932206,44.32854138910301,44.829311935632454
SGD_ElasticNet,"AutoSeasonalDifferences(max_diffs=380, n_seasons=10, season_length=267) | LocalMinMaxScaler(stats_=[[  5.11211699 325.92896936]])","[1, 2, 3, 4, 5, 6, 7, 8, 9, 10, 11, 12, 13, 14, 15, 16, 17, 18, 19, 20, 21, 22, 23, 24, 27, 28, 32, 33, 34, 36, 37, 39, 40, 41, 42, 43, 44, 45, 51, 55, 57, 60, 62, 64, 67, 68, 71, 72, 73, 74, 75, 76, 77, 78, 79, 80, 81, 86, 89, 91, 92, 97, 98, 99, 105, 109, 110, 112, 113, 115, 117, 118, 120, 123, 125, 129, 130, 131, 135, 136, 139, 140, 143, 144, 145, 146, 147, 149, 150, 151, 152, 154, 155, 156, 157, 158, 159, 160, 161, 162, 163, 164, 166, 167, 168, 169, 170, 172, 173, 174, 175, 176, 177, 181, 182, 183, 185, 186, 187, 188, 189, 190, 191, 192, 193, 194, 195, 196, 197, 198, 199, 200]","{1: [<function expanding_mean at 0x000002C58F7A04A0>], 7: [<function rolling_mean_14 at 0x000002C5930FAA20>], 30: [<function expanding_mean at 0x000002C58F7A04A0>]}",lags_200_features_132,25.255815241914352,30.307790745417755,55.436439085777934,75.0228096889763,83.9297707824224,93.24855753917353,85.4725830941003,75.95761008783089,70.13679831638342,83.2831443288789,87.4563009226164
SGD_Lasso,"AutoSeasonalDifferences(max_diffs=380, n_seasons=10, season_length=267) | LocalMinMaxScaler(stats_=[[  5.11211699 325.92896936]])","[1, 2, 3, 4, 5, 6, 7, 8, 9, 10, 11, 12, 13, 14, 15, 16, 17, 18, 19, 20, 21, 22, 23, 24, 27, 28, 32, 33, 34, 36, 37, 39, 40, 41, 42, 43, 44, 45, 51, 55, 57, 60, 62, 64, 67, 68, 71, 72, 73, 74, 75, 76, 77, 78, 79, 80, 81, 86, 89, 91, 92, 97, 98, 99, 105, 109, 110, 112, 113, 115, 117, 118, 120, 123, 125, 129, 130, 131, 135, 136, 139, 140, 143, 144, 145, 146, 147, 149, 150, 151, 152, 154, 155, 156, 157, 158, 159, 160, 161, 162, 163, 164, 166, 167, 168, 169, 170, 172, 173, 174, 175, 176, 177, 181, 182, 183, 185, 186, 187, 188, 189, 190, 191, 192, 193, 194, 195, 196, 197, 198, 199, 200]","{1: [<function expanding_mean at 0x000002C58F7A04A0>], 7: [<function rolling_mean_14 at 0x000002C5930FAA20>], 30: [<function expanding_mean at 0x000002C58F7A04A0>]}",lags_200_features_132,145.91668242307156,128.66457858121706,126.77088945740431,114.38817583127974,97.04802135367676,85.62326385462183,74.10101743566766,66.83985079017535,86.2044894423342,116.58506775597499,116.11560232705554
SGD_Ridge,"AutoSeasonalDifferences(max_diffs=380, n_seasons=10, season_length=267) | LocalMinMaxScaler(stats_=[[  5.11211699 325.92896936]])","[1, 2, 3, 4, 5, 6, 7, 8, 9, 10, 11, 12, 13, 14, 15, 16, 17, 18, 19, 20, 21, 22, 23, 24, 27, 28, 32, 33, 34, 36, 37, 39, 40, 41, 42, 43, 44, 45, 51, 55, 57, 60, 62, 64, 67, 68, 71, 72, 73, 74, 75, 76, 77, 78, 79, 80, 81, 86, 89, 91, 92, 97, 98, 99, 105, 109, 110, 112, 113, 115, 117, 118, 120, 123, 125, 129, 130, 131, 135, 136, 139, 140, 143, 144, 145, 146, 147, 149, 150, 151, 152, 154, 155, 156, 157, 158, 159, 160, 161, 162, 163, 164, 166, 167, 168, 169, 170, 172, 173, 174, 175, 176, 177, 181, 182, 183, 185, 186, 187, 188, 189, 190, 191, 192, 193, 194, 195, 196, 197, 198, 199, 200]","{1: [<function expanding_mean at 0x000002C58F7A04A0>], 7: [<function rolling_mean_14 at 0x000002C5930FAA20>], 30: [<function expanding_mean at 0x000002C58F7A04A0>]}",lags_200_features_132,115.2802098346905,114.92691491948675,130.3344126129153,131.6130595116994,121.7465211376931,113.76814623571265,96.00551449628692,83.17946473441626,97.29459704413482,139.287817616034,140.2693916839673
SGDRegressor,"AutoSeasonalDifferences(max_diffs=380, n_seasons=10, season_length=267) | LocalMinMaxScaler(stats_=[[  5.11211699 325.92896936]])","[1, 2, 3, 4, 5, 6, 7, 8, 9, 10, 11, 12, 13, 14, 15, 16, 17, 18, 19, 20, 21, 22, 23, 24, 27, 28, 32, 33, 34, 36, 37, 39, 40, 41, 42, 43, 44, 45, 51, 55, 57, 60, 62, 64, 67, 68, 71, 72, 73, 74, 75, 76, 77, 78, 79, 80, 81, 86, 89, 91, 92, 97, 98, 99, 105, 109, 110, 112, 113, 115, 117, 118, 120, 123, 125, 129, 130, 131, 135, 136, 139, 140, 143, 144, 145, 146, 147, 149, 150, 151, 152, 154, 155, 156, 157, 158, 159, 160, 161, 162, 163, 164, 166, 167, 168, 169, 170, 172, 173, 174, 175, 176, 177, 181, 182, 183, 185, 186, 187, 188, 189, 190, 191, 192, 193, 194, 195, 196, 197, 198, 199, 200]","{1: [<function expanding_mean at 0x000002C58F7A04A0>], 7: [<function rolling_mean_14 at 0x000002C5930FAA20>], 30: [<function expanding_mean at 0x000002C58F7A04A0>]}",lags_200_features_132,12.967799919522141,18.025974974610108,43.200716677021084,66.67652132345926,80.17516106434688,94.21771085623202,89.80572231847106,80.43979917236014,77.30637436594517,86.78300875681626,91.44246197355794
XGBRegressor,"AutoSeasonalDifferences(max_diffs=380, n_seasons=10, season_length=267) | LocalMinMaxScaler(stats_=[[  5.11211699 325.92896936]])","[1, 2, 3, 4, 5, 6, 7, 8, 9, 10, 11, 12, 13, 14, 15, 16, 17, 18, 19, 20, 21, 22, 23, 24, 27, 28, 32, 33, 34, 36, 37, 39, 40, 41, 42, 43, 44, 45, 51, 55, 57, 60, 62, 64, 67, 68, 71, 72, 73, 74, 75, 76, 77, 78, 79, 80, 81, 86, 89, 91, 92, 97, 98, 99, 105, 109, 110, 112, 113, 115, 117, 118, 120, 123, 125, 129, 130, 131, 135, 136, 139, 140, 143, 144, 145, 146, 147, 149, 150, 151, 152, 154, 155, 156, 157, 158, 159, 160, 161, 162, 163, 164, 166, 167, 168, 169, 170, 172, 173, 174, 175, 176, 177, 181, 182, 183, 185, 186, 187, 188, 189, 190, 191, 192, 193, 194, 195, 196, 197, 198, 199, 200]","{1: [<function expanding_mean at 0x000002C58F7A04A0>], 7: [<function rolling_mean_14 at 0x000002C5930FAA20>], 30: [<function expanding_mean at 0x000002C58F7A04A0>]}",lags_200_features_132,19.717469743464513,27.189518253853485,27.042881251386795,26.974455788464496,29.62327913286079,29.724393481028827,36.150081322342,35.74840482841059,41.552022303534905,43.240007994289265,42.6570509183131
LGBMRegressor,"AutoSeasonalDifferences(max_diffs=380, n_seasons=10, season_length=267) | LocalMinMaxScaler(stats_=[[  5.11211699 325.92896936]])","[1, 2, 3, 4, 5, 6, 7, 8, 9, 10, 11, 12, 13, 14, 15, 16, 17, 18, 19, 20, 21, 22, 23, 24, 27, 28, 32, 33, 34, 36, 37, 39, 40, 41, 42, 43, 44, 45, 51, 55, 57, 60, 62, 64, 67, 68, 71, 72, 73, 74, 75, 76, 77, 78, 79, 80, 81, 86, 89, 91, 92, 97, 98, 99, 105, 109, 110, 112, 113, 115, 117, 118, 120, 123, 125, 129, 130, 131, 135, 136, 139, 140, 143, 144, 145, 146, 147, 149, 150, 151, 152, 154, 155, 156, 157, 158, 159, 160, 161, 162, 163, 164, 166, 167, 168, 169, 170, 172, 173, 174, 175, 176, 177, 181, 182, 183, 185, 186, 187, 188, 189, 190, 191, 192, 193, 194, 195, 196, 197, 198, 199, 200]","{1: [<function expanding_mean at 0x000002C58F7A04A0>], 7: [<function rolling_mean_14 at 0x000002C5930FAA20>], 30: [<function expanding_mean at 0x000002C58F7A04A0>]}",lags_200_features_132,13.635905548435542,22.011258919341703,23.177688855055727,23.927575595947168,25.663050248964925,26.13820625421405,32.4983243167892,32.368758353523056,34.21862113261919,36.12327230166969,35.666321197661944
SGD_EarlyStopping,"AutoSeasonalDifferences(max_diffs=380, n_seasons=10, season_length=267) | LocalMinMaxScaler(stats_=[[  5.11211699 325.92896936]])","[1, 2, 3, 4, 5, 6, 7, 8, 9, 10, 11, 12, 13, 14, 15, 16, 17, 18, 19, 20, 21, 22, 23, 24, 27, 28, 32, 33, 34, 36, 37, 39, 40, 41, 42, 43, 44, 45, 51, 55, 57, 60, 62, 64, 67, 68, 71, 72, 73, 74, 75, 76, 77, 78, 79, 80, 81, 86, 89, 91, 92, 97, 98, 99, 105, 109, 110, 112, 113, 115, 117, 118, 120, 123, 125, 129, 130, 131, 135, 136, 139, 140, 143, 144, 145, 146, 147, 149, 150, 151, 152, 154, 155, 156, 157, 158, 159, 160, 161, 162, 163, 164, 166, 167, 168, 169, 170, 172, 173, 174, 175, 176, 177, 181, 182, 183, 185, 186, 187, 188, 189, 190, 191, 192, 193, 194, 195, 196, 197, 198, 199, 200]","{1: [<function rolling_mean_14 at 0x000002C5930FAA20>], 7: [<function rolling_mean_30 at 0x000002C58DBF9260>], 30: [<function expanding_mean at 0x000002C58F7A04A0>]}",lags_200_features_132,41.424280105028686,60.31791564979252,61.184012884842176,52.97277283091716,46.647310678878604,47.09267136893744,44.52835788034128,42.41570725569511,41.32730562581612,41.197597933941246,42.66296130224765
SGD_ElasticNet,"AutoSeasonalDifferences(max_diffs=380, n_seasons=10, season_length=267) | LocalMinMaxScaler(stats_=[[  5.11211699 325.92896936]])","[1, 2, 3, 4, 5, 6, 7, 8, 9, 10, 11, 12, 13, 14, 15, 16, 17, 18, 19, 20, 21, 22, 23, 24, 27, 28, 32, 33, 34, 36, 37, 39, 40, 41, 42, 43, 44, 45, 51, 55, 57, 60, 62, 64, 67, 68, 71, 72, 73, 74, 75, 76, 77, 78, 79, 80, 81, 86, 89, 91, 92, 97, 98, 99, 105, 109, 110, 112, 113, 115, 117, 118, 120, 123, 125, 129, 130, 131, 135, 136, 139, 140, 143, 144, 145, 146, 147, 149, 150, 151, 152, 154, 155, 156, 157, 158, 159, 160, 161, 162, 163, 164, 166, 167, 168, 169, 170, 172, 173, 174, 175, 176, 177, 181, 182, 183, 185, 186, 187, 188, 189, 190, 191, 192, 193, 194, 195, 196, 197, 198, 199, 200]","{1: [<function rolling_mean_14 at 0x000002C5930FAA20>], 7: [<function rolling_mean_30 at 0x000002C58DBF9260>], 30: [<function expanding_mean at 0x000002C58F7A04A0>]}",lags_200_features_132,25.212745917285627,30.313913300773994,55.48879831409225,75.12661336606055,84.09583590085361,93.49352915525479,85.75582291519669,76.24300897237087,70.34466273354795,83.10315111960004,87.27373762999294
SGD_Lasso,"AutoSeasonalDifferences(max_diffs=380, n_seasons=10, season_length=267) | LocalMinMaxScaler(stats_=[[  5.11211699 325.92896936]])","[1, 2, 3, 4, 5, 6, 7, 8, 9, 10, 11, 12, 13, 14, 15, 16, 17, 18, 19, 20, 21, 22, 23, 24, 27, 28, 32, 33, 34, 36, 37, 39, 40, 41, 42, 43, 44, 45, 51, 55, 57, 60, 62, 64, 67, 68, 71, 72, 73, 74, 75, 76, 77, 78, 79, 80, 81, 86, 89, 91, 92, 97, 98, 99, 105, 109, 110, 112, 113, 115, 117, 118, 120, 123, 125, 129, 130, 131, 135, 136, 139, 140, 143, 144, 145, 146, 147, 149, 150, 151, 152, 154, 155, 156, 157, 158, 159, 160, 161, 162, 163, 164, 166, 167, 168, 169, 170, 172, 173, 174, 175, 176, 177, 181, 182, 183, 185, 186, 187, 188, 189, 190, 191, 192, 193, 194, 195, 196, 197, 198, 199, 200]","{1: [<function rolling_mean_14 at 0x000002C5930FAA20>], 7: [<function rolling_mean_30 at 0x000002C58DBF9260>], 30: [<function expanding_mean at 0x000002C58F7A04A0>]}",lags_200_features_132,145.91668242307156,128.66457858121706,126.77088945740431,114.38817583127974,97.04802135367676,85.62326385462183,74.10101743566766,66.83985079017535,86.2044894423342,116.58506775597499,116.11560232705554
SGD_Ridge,"AutoSeasonalDifferences(max_diffs=380, n_seasons=10, season_length=267) | LocalMinMaxScaler(stats_=[[  5.11211699 325.92896936]])","[1, 2, 3, 4, 5, 6, 7, 8, 9, 10, 11, 12, 13, 14, 15, 16, 17, 18, 19, 20, 21, 22, 23, 24, 27, 28, 32, 33, 34, 36, 37, 39, 40, 41, 42, 43, 44, 45, 51, 55, 57, 60, 62, 64, 67, 68, 71, 72, 73, 74, 75, 76, 77, 78, 79, 80, 81, 86, 89, 91, 92, 97, 98, 99, 105, 109, 110, 112, 113, 115, 117, 118, 120, 123, 125, 129, 130, 131, 135, 136, 139, 140, 143, 144, 145, 146, 147, 149, 150, 151, 152, 154, 155, 156, 157, 158, 159, 160, 161, 162, 163, 164, 166, 167, 168, 169, 170, 172, 173, 174, 175, 176, 177, 181, 182, 183, 185, 186, 187, 188, 189, 190, 191, 192, 193, 194, 195, 196, 197, 198, 199, 200]","{1: [<function rolling_mean_14 at 0x000002C5930FAA20>], 7: [<function rolling_mean_30 at 0x000002C58DBF9260>], 30: [<function expanding_mean at 0x000002C58F7A04A0>]}",lags_200_features_132,115.07262250724722,114.8706367036022,130.37744193237484,131.71956890342403,121.89296121831144,113.94476756938063,96.14474159952962,83.28351570373921,97.33356764393208,139.37040931242615,140.36308991855716
SGDRegressor,"AutoSeasonalDifferences(max_diffs=380, n_seasons=10, season_length=267) | LocalMinMaxScaler(stats_=[[  5.11211699 325.92896936]])","[1, 2, 3, 4, 5, 6, 7, 8, 9, 10, 11, 12, 13, 14, 15, 16, 17, 18, 19, 20, 21, 22, 23, 24, 27, 28, 32, 33, 34, 36, 37, 39, 40, 41, 42, 43, 44, 45, 51, 55, 57, 60, 62, 64, 67, 68, 71, 72, 73, 74, 75, 76, 77, 78, 79, 80, 81, 86, 89, 91, 92, 97, 98, 99, 105, 109, 110, 112, 113, 115, 117, 118, 120, 123, 125, 129, 130, 131, 135, 136, 139, 140, 143, 144, 145, 146, 147, 149, 150, 151, 152, 154, 155, 156, 157, 158, 159, 160, 161, 162, 163, 164, 166, 167, 168, 169, 170, 172, 173, 174, 175, 176, 177, 181, 182, 183, 185, 186, 187, 188, 189, 190, 191, 192, 193, 194, 195, 196, 197, 198, 199, 200]","{1: [<function rolling_mean_14 at 0x000002C5930FAA20>], 7: [<function rolling_mean_30 at 0x000002C58DBF9260>], 30: [<function expanding_mean at 0x000002C58F7A04A0>]}",lags_200_features_132,13.003221189652553,18.17524580096385,43.5305154732265,67.1424045240251,80.75073590806852,94.92439656556454,90.55577607181591,81.14400974358888,78.11284576760737,87.54503123217211,92.15794343128297
XGBRegressor,"AutoSeasonalDifferences(max_diffs=380, n_seasons=10, season_length=267) | LocalMinMaxScaler(stats_=[[  5.11211699 325.92896936]])","[1, 2, 3, 4, 5, 6, 7, 8, 9, 10, 11, 12, 13, 14, 15, 16, 17, 18, 19, 20, 21, 22, 23, 24, 27, 28, 32, 33, 34, 36, 37, 39, 40, 41, 42, 43, 44, 45, 51, 55, 57, 60, 62, 64, 67, 68, 71, 72, 73, 74, 75, 76, 77, 78, 79, 80, 81, 86, 89, 91, 92, 97, 98, 99, 105, 109, 110, 112, 113, 115, 117, 118, 120, 123, 125, 129, 130, 131, 135, 136, 139, 140, 143, 144, 145, 146, 147, 149, 150, 151, 152, 154, 155, 156, 157, 158, 159, 160, 161, 162, 163, 164, 166, 167, 168, 169, 170, 172, 173, 174, 175, 176, 177, 181, 182, 183, 185, 186, 187, 188, 189, 190, 191, 192, 193, 194, 195, 196, 197, 198, 199, 200]","{1: [<function rolling_mean_14 at 0x000002C5930FAA20>], 7: [<function rolling_mean_30 at 0x000002C58DBF9260>], 30: [<function expanding_mean at 0x000002C58F7A04A0>]}",lags_200_features_132,16.941913616616596,22.503207512236408,23.518130926678342,24.36949598463281,25.797456856502592,25.42772747708141,32.18055265622971,32.65076628512834,36.30456093262013,38.039669326330596,37.500275124248915
LGBMRegressor,"AutoSeasonalDifferences(max_diffs=380, n_seasons=10, season_length=267) | LocalMinMaxScaler(stats_=[[  5.11211699 325.92896936]])","[1, 2, 3, 4, 5, 6, 7, 8, 9, 10, 11, 12, 13, 14, 15, 16, 17, 18, 19, 20, 21, 22, 23, 24, 27, 28, 32, 33, 34, 36, 37, 39, 40, 41, 42, 43, 44, 45, 51, 55, 57, 60, 62, 64, 67, 68, 71, 72, 73, 74, 75, 76, 77, 78, 79, 80, 81, 86, 89, 91, 92, 97, 98, 99, 105, 109, 110, 112, 113, 115, 117, 118, 120, 123, 125, 129, 130, 131, 135, 136, 139, 140, 143, 144, 145, 146, 147, 149, 150, 151, 152, 154, 155, 156, 157, 158, 159, 160, 161, 162, 163, 164, 166, 167, 168, 169, 170, 172, 173, 174, 175, 176, 177, 181, 182, 183, 185, 186, 187, 188, 189, 190, 191, 192, 193, 194, 195, 196, 197, 198, 199, 200]","{1: [<function rolling_mean_14 at 0x000002C5930FAA20>], 7: [<function rolling_mean_30 at 0x000002C58DBF9260>], 30: [<function expanding_mean at 0x000002C58F7A04A0>]}",lags_200_features_132,15.545814280806036,23.253323568221013,23.50367984167689,23.806356287474586,25.566541133444957,26.36284805399718,32.713514686858076,33.63301511288214,34.91052625764412,37.50811731903714,37.04598660689387
SGD_EarlyStopping,"AutoSeasonalDifferences(max_diffs=380, n_seasons=10, season_length=267) | LocalMinMaxScaler(stats_=[[  5.11211699 325.92896936]])","[1, 2, 3, 4, 5, 6, 7, 8, 9, 10, 11, 12, 13, 14, 15, 16, 17, 18, 19, 20, 21, 22, 23, 24, 27, 28, 32, 33, 34, 36, 37, 39, 40, 41, 42, 43, 44, 45, 51, 55, 57, 60, 62, 64, 67, 68, 71, 72, 73, 74, 75, 76, 77, 78, 79, 80, 81, 86, 89, 91, 92, 97, 98, 99, 105, 109, 110, 112, 113, 115, 117, 118, 120, 123, 125, 129, 130, 131, 135, 136, 139, 140, 143, 144, 145, 146, 147, 149, 150, 151, 152, 154, 155, 156, 157, 158, 159, 160, 161, 162, 163, 164, 166, 167, 168, 169, 170, 172, 173, 174, 175, 176, 177, 181, 182, 183, 185, 186, 187, 188, 189, 190, 191, 192, 193, 194, 195, 196, 197, 198, 199, 200]","{7: [RollingMean(window_size=7)], 30: [RollingMean(window_size=30)], 60: [RollingMean(window_size=60)]}",lags_200_features_132,41.59178997559913,60.33220380867791,61.01893618883667,52.752279257818756,46.49385099546365,46.98050817130179,44.428606583266564,42.30769621171228,41.22928033916116,41.148302458015365,42.645849864469675
SGD_ElasticNet,"AutoSeasonalDifferences(max_diffs=380, n_seasons=10, season_length=267) | LocalMinMaxScaler(stats_=[[  5.11211699 325.92896936]])","[1, 2, 3, 4, 5, 6, 7, 8, 9, 10, 11, 12, 13, 14, 15, 16, 17, 18, 19, 20, 21, 22, 23, 24, 27, 28, 32, 33, 34, 36, 37, 39, 40, 41, 42, 43, 44, 45, 51, 55, 57, 60, 62, 64, 67, 68, 71, 72, 73, 74, 75, 76, 77, 78, 79, 80, 81, 86, 89, 91, 92, 97, 98, 99, 105, 109, 110, 112, 113, 115, 117, 118, 120, 123, 125, 129, 130, 131, 135, 136, 139, 140, 143, 144, 145, 146, 147, 149, 150, 151, 152, 154, 155, 156, 157, 158, 159, 160, 161, 162, 163, 164, 166, 167, 168, 169, 170, 172, 173, 174, 175, 176, 177, 181, 182, 183, 185, 186, 187, 188, 189, 190, 191, 192, 193, 194, 195, 196, 197, 198, 199, 200]","{7: [RollingMean(window_size=7)], 30: [RollingMean(window_size=30)], 60: [RollingMean(window_size=60)]}",lags_200_features_132,25.120809418583633,30.23540488671903,55.37688874236713,74.95643814689342,83.85171754849229,93.15584311696458,85.37825818786423,75.84358489151917,69.9600269725693,83.22061893959024,87.40416633860787
SGD_Lasso,"AutoSeasonalDifferences(max_diffs=380, n_seasons=10, season_length=267) | LocalMinMaxScaler(stats_=[[  5.11211699 325.92896936]])","[1, 2, 3, 4, 5, 6, 7, 8, 9, 10, 11, 12, 13, 14, 15, 16, 17, 18, 19, 20, 21, 22, 23, 24, 27, 28, 32, 33, 34, 36, 37, 39, 40, 41, 42, 43, 44, 45, 51, 55, 57, 60, 62, 64, 67, 68, 71, 72, 73, 74, 75, 76, 77, 78, 79, 80, 81, 86, 89, 91, 92, 97, 98, 99, 105, 109, 110, 112, 113, 115, 117, 118, 120, 123, 125, 129, 130, 131, 135, 136, 139, 140, 143, 144, 145, 146, 147, 149, 150, 151, 152, 154, 155, 156, 157, 158, 159, 160, 161, 162, 163, 164, 166, 167, 168, 169, 170, 172, 173, 174, 175, 176, 177, 181, 182, 183, 185, 186, 187, 188, 189, 190, 191, 192, 193, 194, 195, 196, 197, 198, 199, 200]","{7: [RollingMean(window_size=7)], 30: [RollingMean(window_size=30)], 60: [RollingMean(window_size=60)]}",lags_200_features_132,145.91668242307156,128.66457858121706,126.77088945740431,114.38817583127974,97.04802135367676,85.62326385462183,74.10101743566766,66.83985079017535,86.2044894423342,116.58506775597499,116.11560232705554
SGD_Ridge,"AutoSeasonalDifferences(max_diffs=380, n_seasons=10, season_length=267) | LocalMinMaxScaler(stats_=[[  5.11211699 325.92896936]])","[1, 2, 3, 4, 5, 6, 7, 8, 9, 10, 11, 12, 13, 14, 15, 16, 17, 18, 19, 20, 21, 22, 23, 24, 27, 28, 32, 33, 34, 36, 37, 39, 40, 41, 42, 43, 44, 45, 51, 55, 57, 60, 62, 64, 67, 68, 71, 72, 73, 74, 75, 76, 77, 78, 79, 80, 81, 86, 89, 91, 92, 97, 98, 99, 105, 109, 110, 112, 113, 115, 117, 118, 120, 123, 125, 129, 130, 131, 135, 136, 139, 140, 143, 144, 145, 146, 147, 149, 150, 151, 152, 154, 155, 156, 157, 158, 159, 160, 161, 162, 163, 164, 166, 167, 168, 169, 170, 172, 173, 174, 175, 176, 177, 181, 182, 183, 185, 186, 187, 188, 189, 190, 191, 192, 193, 194, 195, 196, 197, 198, 199, 200]","{7: [RollingMean(window_size=7)], 30: [RollingMean(window_size=30)], 60: [RollingMean(window_size=60)]}",lags_200_features_132,114.93559863113516,114.6012821772048,130.09021070747156,131.4397711454295,121.63204082052216,113.70270605289777,95.9646855293654,83.1321968794924,97.16703165160894,139.15224910885237,140.14421535389593
SGDRegressor,"AutoSeasonalDifferences(max_diffs=380, n_seasons=10, season_length=267) | LocalMinMaxScaler(stats_=[[  5.11211699 325.92896936]])","[1, 2, 3, 4, 5, 6, 7, 8, 9, 10, 11, 12, 13, 14, 15, 16, 17, 18, 19, 20, 21, 22, 23, 24, 27, 28, 32, 33, 34, 36, 37, 39, 40, 41, 42, 43, 44, 45, 51, 55, 57, 60, 62, 64, 67, 68, 71, 72, 73, 74, 75, 76, 77, 78, 79, 80, 81, 86, 89, 91, 92, 97, 98, 99, 105, 109, 110, 112, 113, 115, 117, 118, 120, 123, 125, 129, 130, 131, 135, 136, 139, 140, 143, 144, 145, 146, 147, 149, 150, 151, 152, 154, 155, 156, 157, 158, 159, 160, 161, 162, 163, 164, 166, 167, 168, 169, 170, 172, 173, 174, 175, 176, 177, 181, 182, 183, 185, 186, 187, 188, 189, 190, 191, 192, 193, 194, 195, 196, 197, 198, 199, 200]","{7: [RollingMean(window_size=7)], 30: [RollingMean(window_size=30)], 60: [RollingMean(window_size=60)]}",lags_200_features_132,12.82961546923137,17.947796538604532,43.0564042910967,66.45137311182538,79.89968230736703,93.90114604278318,89.50025436969628,80.14689764369895,77.13007379680575,86.60248647538874,91.25289584636643
XGBRegressor,"AutoSeasonalDifferences(max_diffs=380, n_seasons=10, season_length=267) | LocalMinMaxScaler(stats_=[[  5.11211699 325.92896936]])","[1, 2, 3, 4, 5, 6, 7, 8, 9, 10, 11, 12, 13, 14, 15, 16, 17, 18, 19, 20, 21, 22, 23, 24, 27, 28, 32, 33, 34, 36, 37, 39, 40, 41, 42, 43, 44, 45, 51, 55, 57, 60, 62, 64, 67, 68, 71, 72, 73, 74, 75, 76, 77, 78, 79, 80, 81, 86, 89, 91, 92, 97, 98, 99, 105, 109, 110, 112, 113, 115, 117, 118, 120, 123, 125, 129, 130, 131, 135, 136, 139, 140, 143, 144, 145, 146, 147, 149, 150, 151, 152, 154, 155, 156, 157, 158, 159, 160, 161, 162, 163, 164, 166, 167, 168, 169, 170, 172, 173, 174, 175, 176, 177, 181, 182, 183, 185, 186, 187, 188, 189, 190, 191, 192, 193, 194, 195, 196, 197, 198, 199, 200]","{7: [RollingMean(window_size=7)], 30: [RollingMean(window_size=30)], 60: [RollingMean(window_size=60)]}",lags_200_features_132,16.22157282450634,24.16054612983859,25.212883398005687,25.68001064623075,27.601595565498314,28.38684223804504,35.17605853781669,35.15367339093916,42.16185870513049,51.15610404619785,50.37191891359792
LGBMRegressor,"AutoSeasonalDifferences(max_diffs=380, n_seasons=10, season_length=267) | LocalMinMaxScaler(stats_=[[  5.11211699 325.92896936]])","[1, 2, 3, 4, 5, 6, 7, 8, 9, 10, 11, 12, 13, 14, 15, 16, 17, 18, 19, 20, 21, 22, 23, 24, 27, 28, 32, 33, 34, 36, 37, 39, 40, 41, 42, 43, 44, 45, 51, 55, 57, 60, 62, 64, 67, 68, 71, 72, 73, 74, 75, 76, 77, 78, 79, 80, 81, 86, 89, 91, 92, 97, 98, 99, 105, 109, 110, 112, 113, 115, 117, 118, 120, 123, 125, 129, 130, 131, 135, 136, 139, 140, 143, 144, 145, 146, 147, 149, 150, 151, 152, 154, 155, 156, 157, 158, 159, 160, 161, 162, 163, 164, 166, 167, 168, 169, 170, 172, 173, 174, 175, 176, 177, 181, 182, 183, 185, 186, 187, 188, 189, 190, 191, 192, 193, 194, 195, 196, 197, 198, 199, 200]","{7: [RollingMean(window_size=7)], 30: [RollingMean(window_size=30)], 60: [RollingMean(window_size=60)]}",lags_200_features_132,15.056092224735327,23.71828762823303,24.467154723242704,25.371401733959843,26.995518995691352,26.9882775690338,32.983203271123024,33.82766961723965,34.29628277494487,37.84880069206341,38.0209828903597
SGD_EarlyStopping,"AutoSeasonalDifferences(max_diffs=380, n_seasons=10, season_length=267) | LocalMinMaxScaler(stats_=[[  5.11211699 325.92896936]])","[1, 2, 3, 4, 5, 6, 7, 8, 9, 10, 11, 12, 13, 14, 15, 16, 17, 18, 19, 20, 21, 22, 23, 24, 27, 28, 32, 33, 34, 36, 37, 39, 40, 41, 42, 43, 44, 45, 51, 55, 57, 60, 62, 64, 67, 68, 71, 72, 73, 74, 75, 76, 77, 78, 79, 80, 81, 86, 89, 91, 92, 97, 98, 99, 105, 109, 110, 112, 113, 115, 117, 118, 120, 123, 125, 129, 130, 131, 135, 136, 139, 140, 143, 144, 145, 146, 147, 149, 150, 151, 152, 154, 155, 156, 157, 158, 159, 160, 161, 162, 163, 164, 166, 167, 168, 169, 170, 172, 173, 174, 175, 176, 177, 181, 182, 183, 185, 186, 187, 188, 189, 190, 191, 192, 193, 194, 195, 196, 197, 198, 199, 200]","{7: [RollingMean(window_size=7), RollingStd(window_size=7)], 30: [RollingMean(window_size=30)], 60: [ExpandingMean()], 14: [ExponentiallyWeightedMean(alpha=0.3)]}",lags_200_features_132,40.95870637985704,59.77034830288485,60.57906616429422,52.4752596166024,46.21123648222592,46.618629073187904,44.108834787192805,41.91497221737268,40.743883390234245,40.75822658064351,42.28800503374535
SGD_ElasticNet,"AutoSeasonalDifferences(max_diffs=380, n_seasons=10, season_length=267) | LocalMinMaxScaler(stats_=[[  5.11211699 325.92896936]])","[1, 2, 3, 4, 5, 6, 7, 8, 9, 10, 11, 12, 13, 14, 15, 16, 17, 18, 19, 20, 21, 22, 23, 24, 27, 28, 32, 33, 34, 36, 37, 39, 40, 41, 42, 43, 44, 45, 51, 55, 57, 60, 62, 64, 67, 68, 71, 72, 73, 74, 75, 76, 77, 78, 79, 80, 81, 86, 89, 91, 92, 97, 98, 99, 105, 109, 110, 112, 113, 115, 117, 118, 120, 123, 125, 129, 130, 131, 135, 136, 139, 140, 143, 144, 145, 146, 147, 149, 150, 151, 152, 154, 155, 156, 157, 158, 159, 160, 161, 162, 163, 164, 166, 167, 168, 169, 170, 172, 173, 174, 175, 176, 177, 181, 182, 183, 185, 186, 187, 188, 189, 190, 191, 192, 193, 194, 195, 196, 197, 198, 199, 200]","{7: [RollingMean(window_size=7), RollingStd(window_size=7)], 30: [RollingMean(window_size=30)], 60: [ExpandingMean()], 14: [ExponentiallyWeightedMean(alpha=0.3)]}",lags_200_features_132,26.123978377259345,31.3860413274467,56.80741854999201,76.50204644371709,85.40800242776051,94.73589312769845,86.75565588529317,77.00296602992027,70.91882983753364,83.9667733501114,88.16567009443213
SGD_Lasso,"AutoSeasonalDifferences(max_diffs=380, n_seasons=10, season_length=267) | LocalMinMaxScaler(stats_=[[  5.11211699 325.92896936]])","[1, 2, 3, 4, 5, 6, 7, 8, 9, 10, 11, 12, 13, 14, 15, 16, 17, 18, 19, 20, 21, 22, 23, 24, 27, 28, 32, 33, 34, 36, 37, 39, 40, 41, 42, 43, 44, 45, 51, 55, 57, 60, 62, 64, 67, 68, 71, 72, 73, 74, 75, 76, 77, 78, 79, 80, 81, 86, 89, 91, 92, 97, 98, 99, 105, 109, 110, 112, 113, 115, 117, 118, 120, 123, 125, 129, 130, 131, 135, 136, 139, 140, 143, 144, 145, 146, 147, 149, 150, 151, 152, 154, 155, 156, 157, 158, 159, 160, 161, 162, 163, 164, 166, 167, 168, 169, 170, 172, 173, 174, 175, 176, 177, 181, 182, 183, 185, 186, 187, 188, 189, 190, 191, 192, 193, 194, 195, 196, 197, 198, 199, 200]","{7: [RollingMean(window_size=7), RollingStd(window_size=7)], 30: [RollingMean(window_size=30)], 60: [ExpandingMean()], 14: [ExponentiallyWeightedMean(alpha=0.3)]}",lags_200_features_132,145.91668242307156,128.66457858121706,126.77088945740431,114.38817583127974,97.04802135367676,85.62326385462183,74.10101743566766,66.83985079017535,86.2044894423342,116.58506775597499,116.11560232705554
SGD_Ridge,"AutoSeasonalDifferences(max_diffs=380, n_seasons=10, season_length=267) | LocalMinMaxScaler(stats_=[[  5.11211699 325.92896936]])","[1, 2, 3, 4, 5, 6, 7, 8, 9, 10, 11, 12, 13, 14, 15, 16, 17, 18, 19, 20, 21, 22, 23, 24, 27, 28, 32, 33, 34, 36, 37, 39, 40, 41, 42, 43, 44, 45, 51, 55, 57, 60, 62, 64, 67, 68, 71, 72, 73, 74, 75, 76, 77, 78, 79, 80, 81, 86, 89, 91, 92, 97, 98, 99, 105, 109, 110, 112, 113, 115, 117, 118, 120, 123, 125, 129, 130, 131, 135, 136, 139, 140, 143, 144, 145, 146, 147, 149, 150, 151, 152, 154, 155, 156, 157, 158, 159, 160, 161, 162, 163, 164, 166, 167, 168, 169, 170, 172, 173, 174, 175, 176, 177, 181, 182, 183, 185, 186, 187, 188, 189, 190, 191, 192, 193, 194, 195, 196, 197, 198, 199, 200]","{7: [RollingMean(window_size=7), RollingStd(window_size=7)], 30: [RollingMean(window_size=30)], 60: [ExpandingMean()], 14: [ExponentiallyWeightedMean(alpha=0.3)]}",lags_200_features_132,114.782125966292,114.64417436611456,130.2574688511555,131.680958500988,121.91342479343048,114.01504690833369,96.2092544767302,83.32140596143589,97.28533143422911,139.3444370515181,140.35110231836714
SGDRegressor,"AutoSeasonalDifferences(max_diffs=380, n_seasons=10, season_length=267) | LocalMinMaxScaler(stats_=[[  5.11211699 325.92896936]])","[1, 2, 3, 4, 5, 6, 7, 8, 9, 10, 11, 12, 13, 14, 15, 16, 17, 18, 19, 20, 21, 22, 23, 24, 27, 28, 32, 33, 34, 36, 37, 39, 40, 41, 42, 43, 44, 45, 51, 55, 57, 60, 62, 64, 67, 68, 71, 72, 73, 74, 75, 76, 77, 78, 79, 80, 81, 86, 89, 91, 92, 97, 98, 99, 105, 109, 110, 112, 113, 115, 117, 118, 120, 123, 125, 129, 130, 131, 135, 136, 139, 140, 143, 144, 145, 146, 147, 149, 150, 151, 152, 154, 155, 156, 157, 158, 159, 160, 161, 162, 163, 164, 166, 167, 168, 169, 170, 172, 173, 174, 175, 176, 177, 181, 182, 183, 185, 186, 187, 188, 189, 190, 191, 192, 193, 194, 195, 196, 197, 198, 199, 200]","{7: [RollingMean(window_size=7), RollingStd(window_size=7)], 30: [RollingMean(window_size=30)], 60: [ExpandingMean()], 14: [ExponentiallyWeightedMean(alpha=0.3)]}",lags_200_features_132,13.314129148049222,18.55766048886367,44.03877905937165,67.58943072454021,81.06639646304211,95.09223096986915,90.56586262145615,81.01764797518088,77.91455875160747,87.2923093285154,91.95220862245208
XGBRegressor,"AutoSeasonalDifferences(max_diffs=380, n_seasons=10, season_length=267) | LocalMinMaxScaler(stats_=[[  5.11211699 325.92896936]])","[1, 2, 3, 4, 5, 6, 7, 8, 9, 10, 11, 12, 13, 14, 15, 16, 17, 18, 19, 20, 21, 22, 23, 24, 27, 28, 32, 33, 34, 36, 37, 39, 40, 41, 42, 43, 44, 45, 51, 55, 57, 60, 62, 64, 67, 68, 71, 72, 73, 74, 75, 76, 77, 78, 79, 80, 81, 86, 89, 91, 92, 97, 98, 99, 105, 109, 110, 112, 113, 115, 117, 118, 120, 123, 125, 129, 130, 131, 135, 136, 139, 140, 143, 144, 145, 146, 147, 149, 150, 151, 152, 154, 155, 156, 157, 158, 159, 160, 161, 162, 163, 164, 166, 167, 168, 169, 170, 172, 173, 174, 175, 176, 177, 181, 182, 183, 185, 186, 187, 188, 189, 190, 191, 192, 193, 194, 195, 196, 197, 198, 199, 200]","{7: [RollingMean(window_size=7), RollingStd(window_size=7)], 30: [RollingMean(window_size=30)], 60: [ExpandingMean()], 14: [ExponentiallyWeightedMean(alpha=0.3)]}",lags_200_features_132,14.095660683981814,22.37084135010402,23.990195863930346,24.660138213485393,26.546963885170484,27.152548317886783,32.18170791964736,31.828523574704338,34.12384781436917,34.16234436774143,33.69496493351102
LGBMRegressor,"AutoSeasonalDifferences(max_diffs=380, n_seasons=10, season_length=267) | LocalMinMaxScaler(stats_=[[  5.11211699 325.92896936]])","[1, 2, 3, 4, 5, 6, 7, 8, 9, 10, 11, 12, 13, 14, 15, 16, 17, 18, 19, 20, 21, 22, 23, 24, 27, 28, 32, 33, 34, 36, 37, 39, 40, 41, 42, 43, 44, 45, 51, 55, 57, 60, 62, 64, 67, 68, 71, 72, 73, 74, 75, 76, 77, 78, 79, 80, 81, 86, 89, 91, 92, 97, 98, 99, 105, 109, 110, 112, 113, 115, 117, 118, 120, 123, 125, 129, 130, 131, 135, 136, 139, 140, 143, 144, 145, 146, 147, 149, 150, 151, 152, 154, 155, 156, 157, 158, 159, 160, 161, 162, 163, 164, 166, 167, 168, 169, 170, 172, 173, 174, 175, 176, 177, 181, 182, 183, 185, 186, 187, 188, 189, 190, 191, 192, 193, 194, 195, 196, 197, 198, 199, 200]","{7: [RollingMean(window_size=7), RollingStd(window_size=7)], 30: [RollingMean(window_size=30)], 60: [ExpandingMean()], 14: [ExponentiallyWeightedMean(alpha=0.3)]}",lags_200_features_132,11.09541554386633,19.760441332230364,21.796696602440647,23.361078404173018,25.5875340551315,26.596034397690133,33.093303322492304,33.08558402221182,35.08152729283909,36.53002762924264,35.984940309587884
XGBRegressor,"AutoSeasonalDifferences(max_diffs=380, n_seasons=10, season_length=267) | LocalBoxCox(lower=0.0, method=loglik, season_length=None, stats_=[[4.10226185e-05 0.00000000e+00]], upper=2.0)","[1, 2, 3, 4, 5, 6, 7, 8, 9, 10, 11, 12, 13, 14, 15, 16, 17, 18, 19, 20, 21, 22, 23, 24, 27, 28, 32, 33, 34, 36, 37, 39, 40, 41, 42, 43, 44, 45, 51, 55, 57, 60, 62, 64, 67, 68, 71, 72, 73, 74, 75, 76, 77, 78, 79, 80, 81, 86, 89, 91, 92, 97, 98, 99, 105, 109, 110, 112, 113, 115, 117, 118, 120, 123, 125, 129, 130, 131, 135, 136, 139, 140, 143, 144, 145, 146, 147, 149, 150, 151, 152, 154, 155, 156, 157, 158, 159, 160, 161, 162, 163, 164, 166, 167, 168, 169, 170, 172, 173, 174, 175, 176, 177, 181, 182, 183, 185, 186, 187, 188, 189, 190, 191, 192, 193, 194, 195, 196, 197, 198, 199, 200]","{1: [<function expanding_mean at 0x000002C58F7A04A0>], 7: [<function rolling_mean_14 at 0x000002C5930FAA20>], 30: [<function expanding_mean at 0x000002C58F7A04A0>]}",lags_200_features_132,19.090027352575703,28.00280653705697,29.351276680888063,30.557245828857276,32.287623499447236,32.28131277405599,34.447237344673326,35.629454258661504,55.28656139933902,52.14713750107083,51.598172518984
LGBMRegressor,"AutoSeasonalDifferences(max_diffs=380, n_seasons=10, season_length=267) | LocalBoxCox(lower=0.0, method=loglik, season_length=None, stats_=[[4.10226185e-05 0.00000000e+00]], upper=2.0)","[1, 2, 3, 4, 5, 6, 7, 8, 9, 10, 11, 12, 13, 14, 15, 16, 17, 18, 19, 20, 21, 22, 23, 24, 27, 28, 32, 33, 34, 36, 37, 39, 40, 41, 42, 43, 44, 45, 51, 55, 57, 60, 62, 64, 67, 68, 71, 72, 73, 74, 75, 76, 77, 78, 79, 80, 81, 86, 89, 91, 92, 97, 98, 99, 105, 109, 110, 112, 113, 115, 117, 118, 120, 123, 125, 129, 130, 131, 135, 136, 139, 140, 143, 144, 145, 146, 147, 149, 150, 151, 152, 154, 155, 156, 157, 158, 159, 160, 161, 162, 163, 164, 166, 167, 168, 169, 170, 172, 173, 174, 175, 176, 177, 181, 182, 183, 185, 186, 187, 188, 189, 190, 191, 192, 193, 194, 195, 196, 197, 198, 199, 200]","{1: [<function expanding_mean at 0x000002C58F7A04A0>], 7: [<function rolling_mean_14 at 0x000002C5930FAA20>], 30: [<function expanding_mean at 0x000002C58F7A04A0>]}",lags_200_features_132,14.758879645691739,22.67852115045283,23.387820119631037,23.994161474109426,25.613650707883362,25.340769804621477,28.872702719232063,42.23605041240041,55.219441355278086,51.7649693412684,50.891674258087235
XGBRegressor,"AutoSeasonalDifferences(max_diffs=380, n_seasons=10, season_length=267) | LocalBoxCox(lower=0.0, method=loglik, season_length=None, stats_=[[4.10226185e-05 0.00000000e+00]], upper=2.0)","[1, 2, 3, 4, 5, 6, 7, 8, 9, 10, 11, 12, 13, 14, 15, 16, 17, 18, 19, 20, 21, 22, 23, 24, 27, 28, 32, 33, 34, 36, 37, 39, 40, 41, 42, 43, 44, 45, 51, 55, 57, 60, 62, 64, 67, 68, 71, 72, 73, 74, 75, 76, 77, 78, 79, 80, 81, 86, 89, 91, 92, 97, 98, 99, 105, 109, 110, 112, 113, 115, 117, 118, 120, 123, 125, 129, 130, 131, 135, 136, 139, 140, 143, 144, 145, 146, 147, 149, 150, 151, 152, 154, 155, 156, 157, 158, 159, 160, 161, 162, 163, 164, 166, 167, 168, 169, 170, 172, 173, 174, 175, 176, 177, 181, 182, 183, 185, 186, 187, 188, 189, 190, 191, 192, 193, 194, 195, 196, 197, 198, 199, 200]","{1: [<function rolling_mean_14 at 0x000002C5930FAA20>], 7: [<function rolling_mean_30 at 0x000002C58DBF9260>], 30: [<function expanding_mean at 0x000002C58F7A04A0>]}",lags_200_features_132,17.56337515747569,25.85238456644095,26.108136072424415,27.251048511422788,29.786127462595747,30.14288929855411,33.47289074183932,50.85146016492862,70.25378581863338,62.08258367845555,61.075415015567614
LGBMRegressor,"AutoSeasonalDifferences(max_diffs=380, n_seasons=10, season_length=267) | LocalBoxCox(lower=0.0, method=loglik, season_length=None, stats_=[[4.10226185e-05 0.00000000e+00]], upper=2.0)","[1, 2, 3, 4, 5, 6, 7, 8, 9, 10, 11, 12, 13, 14, 15, 16, 17, 18, 19, 20, 21, 22, 23, 24, 27, 28, 32, 33, 34, 36, 37, 39, 40, 41, 42, 43, 44, 45, 51, 55, 57, 60, 62, 64, 67, 68, 71, 72, 73, 74, 75, 76, 77, 78, 79, 80, 81, 86, 89, 91, 92, 97, 98, 99, 105, 109, 110, 112, 113, 115, 117, 118, 120, 123, 125, 129, 130, 131, 135, 136, 139, 140, 143, 144, 145, 146, 147, 149, 150, 151, 152, 154, 155, 156, 157, 158, 159, 160, 161, 162, 163, 164, 166, 167, 168, 169, 170, 172, 173, 174, 175, 176, 177, 181, 182, 183, 185, 186, 187, 188, 189, 190, 191, 192, 193, 194, 195, 196, 197, 198, 199, 200]","{1: [<function rolling_mean_14 at 0x000002C5930FAA20>], 7: [<function rolling_mean_30 at 0x000002C58DBF9260>], 30: [<function expanding_mean at 0x000002C58F7A04A0>]}",lags_200_features_132,14.971265117243874,21.679717561390635,22.051114252919295,22.00639658928561,23.872891482545953,24.765136549132865,29.767966343648162,45.02381321204579,63.795179212814176,64.836447739097,63.4970281699818
XGBRegressor,"AutoSeasonalDifferences(max_diffs=380, n_seasons=10, season_length=267) | LocalBoxCox(lower=0.0, method=loglik, season_length=None, stats_=[[4.10226185e-05 0.00000000e+00]], upper=2.0)","[1, 2, 3, 4, 5, 6, 7, 8, 9, 10, 11, 12, 13, 14, 15, 16, 17, 18, 19, 20, 21, 22, 23, 24, 27, 28, 32, 33, 34, 36, 37, 39, 40, 41, 42, 43, 44, 45, 51, 55, 57, 60, 62, 64, 67, 68, 71, 72, 73, 74, 75, 76, 77, 78, 79, 80, 81, 86, 89, 91, 92, 97, 98, 99, 105, 109, 110, 112, 113, 115, 117, 118, 120, 123, 125, 129, 130, 131, 135, 136, 139, 140, 143, 144, 145, 146, 147, 149, 150, 151, 152, 154, 155, 156, 157, 158, 159, 160, 161, 162, 163, 164, 166, 167, 168, 169, 170, 172, 173, 174, 175, 176, 177, 181, 182, 183, 185, 186, 187, 188, 189, 190, 191, 192, 193, 194, 195, 196, 197, 198, 199, 200]","{7: [RollingMean(window_size=7)], 30: [RollingMean(window_size=30)], 60: [RollingMean(window_size=60)]}",lags_200_features_132,17.629808657392797,25.277810938233987,26.192025807324566,27.094500048431318,28.863758968735443,28.958331203015863,35.25392525241383,35.05667938241335,37.8074624737532,40.36489880536304,39.723836694586915
LGBMRegressor,"AutoSeasonalDifferences(max_diffs=380, n_seasons=10, season_length=267) | LocalBoxCox(lower=0.0, method=loglik, season_length=None, stats_=[[4.10226185e-05 0.00000000e+00]], upper=2.0)","[1, 2, 3, 4, 5, 6, 7, 8, 9, 10, 11, 12, 13, 14, 15, 16, 17, 18, 19, 20, 21, 22, 23, 24, 27, 28, 32, 33, 34, 36, 37, 39, 40, 41, 42, 43, 44, 45, 51, 55, 57, 60, 62, 64, 67, 68, 71, 72, 73, 74, 75, 76, 77, 78, 79, 80, 81, 86, 89, 91, 92, 97, 98, 99, 105, 109, 110, 112, 113, 115, 117, 118, 120, 123, 125, 129, 130, 131, 135, 136, 139, 140, 143, 144, 145, 146, 147, 149, 150, 151, 152, 154, 155, 156, 157, 158, 159, 160, 161, 162, 163, 164, 166, 167, 168, 169, 170, 172, 173, 174, 175, 176, 177, 181, 182, 183, 185, 186, 187, 188, 189, 190, 191, 192, 193, 194, 195, 196, 197, 198, 199, 200]","{7: [RollingMean(window_size=7)], 30: [RollingMean(window_size=30)], 60: [RollingMean(window_size=60)]}",lags_200_features_132,14.595462579916157,22.352731296695428,22.990598639359266,23.049491076416693,24.73884210567933,24.82587534929348,29.565980892184424,42.373024238356116,56.37933608029464,53.50262425338463,52.53739380175128
XGBRegressor,"AutoSeasonalDifferences(max_diffs=380, n_seasons=10, season_length=267) | LocalBoxCox(lower=0.0, method=loglik, season_length=None, stats_=[[4.10226185e-05 0.00000000e+00]], upper=2.0)","[1, 2, 3, 4, 5, 6, 7, 8, 9, 10, 11, 12, 13, 14, 15, 16, 17, 18, 19, 20, 21, 22, 23, 24, 27, 28, 32, 33, 34, 36, 37, 39, 40, 41, 42, 43, 44, 45, 51, 55, 57, 60, 62, 64, 67, 68, 71, 72, 73, 74, 75, 76, 77, 78, 79, 80, 81, 86, 89, 91, 92, 97, 98, 99, 105, 109, 110, 112, 113, 115, 117, 118, 120, 123, 125, 129, 130, 131, 135, 136, 139, 140, 143, 144, 145, 146, 147, 149, 150, 151, 152, 154, 155, 156, 157, 158, 159, 160, 161, 162, 163, 164, 166, 167, 168, 169, 170, 172, 173, 174, 175, 176, 177, 181, 182, 183, 185, 186, 187, 188, 189, 190, 191, 192, 193, 194, 195, 196, 197, 198, 199, 200]","{7: [RollingMean(window_size=7), RollingStd(window_size=7)], 30: [RollingMean(window_size=30)], 60: [ExpandingMean()], 14: [ExponentiallyWeightedMean(alpha=0.3)]}",lags_200_features_132,18.77131123252587,27.117988939305576,28.089080179191896,27.781588748969117,29.06940665314761,29.57454795972024,35.807984386938685,38.589465277956236,81.66245293167904,92.88756348470005,91.3060830515902
LGBMRegressor,"AutoSeasonalDifferences(max_diffs=380, n_seasons=10, season_length=267) | LocalBoxCox(lower=0.0, method=loglik, season_length=None, stats_=[[4.10226185e-05 0.00000000e+00]], upper=2.0)","[1, 2, 3, 4, 5, 6, 7, 8, 9, 10, 11, 12, 13, 14, 15, 16, 17, 18, 19, 20, 21, 22, 23, 24, 27, 28, 32, 33, 34, 36, 37, 39, 40, 41, 42, 43, 44, 45, 51, 55, 57, 60, 62, 64, 67, 68, 71, 72, 73, 74, 75, 76, 77, 78, 79, 80, 81, 86, 89, 91, 92, 97, 98, 99, 105, 109, 110, 112, 113, 115, 117, 118, 120, 123, 125, 129, 130, 131, 135, 136, 139, 140, 143, 144, 145, 146, 147, 149, 150, 151, 152, 154, 155, 156, 157, 158, 159, 160, 161, 162, 163, 164, 166, 167, 168, 169, 170, 172, 173, 174, 175, 176, 177, 181, 182, 183, 185, 186, 187, 188, 189, 190, 191, 192, 193, 194, 195, 196, 197, 198, 199, 200]","{7: [RollingMean(window_size=7), RollingStd(window_size=7)], 30: [RollingMean(window_size=30)], 60: [ExpandingMean()], 14: [ExponentiallyWeightedMean(alpha=0.3)]}",lags_200_features_132,13.055473624933144,21.608791542958706,23.075979112365292,23.443231030411766,25.163511289910456,25.457384566371815,29.228962653027825,43.23659339819964,59.700911584782276,54.76372634171758,53.84039928438051
SGD_EarlyStopping,"AutoSeasonalityAndDifferences(max_diffs=380, max_season_length=267, n_seasons=10) | LocalStandardScaler(stats_=[[47.42372721 38.3630083 ]])","[1, 2, 3, 4, 5, 6, 7, 8, 9, 10, 11, 12, 13, 14, 15, 16, 17, 18, 19, 20, 21, 22, 23, 24, 27, 28, 32, 33, 34, 36, 37, 39, 40, 41, 42, 43, 44, 45, 51, 55, 57, 60, 62, 64, 67, 68, 71, 72, 73, 74, 75, 76, 77, 78, 79, 80, 81, 86, 89, 91, 92, 97, 98, 99, 105, 109, 110, 112, 113, 115, 117, 118, 120, 123, 125, 129, 130, 131, 135, 136, 139, 140, 143, 144, 145, 146, 147, 149, 150, 151, 152, 154, 155, 156, 157, 158, 159, 160, 161, 162, 163, 164, 166, 167, 168, 169, 170, 172, 173, 174, 175, 176, 177, 181, 182, 183, 185, 186, 187, 188, 189, 190, 191, 192, 193, 194, 195, 196, 197, 198, 199, 200]","{1: [<function expanding_mean at 0x000002C58F7A04A0>], 7: [<function rolling_mean_14 at 0x000002C5930FAA20>], 30: [<function expanding_mean at 0x000002C58F7A04A0>]}",lags_200_features_132,49.41226341199423,71.30036681956005,112.83109787797929,150.46994593906996,173.50611433246968,186.93481809986483,179.26898746074446,158.99918874095727,272.03234306202427,740.7199840810774,769.123853127542
SGD_ElasticNet,"AutoSeasonalityAndDifferences(max_diffs=380, max_season_length=267, n_seasons=10) | LocalStandardScaler(stats_=[[47.42372721 38.3630083 ]])","[1, 2, 3, 4, 5, 6, 7, 8, 9, 10, 11, 12, 13, 14, 15, 16, 17, 18, 19, 20, 21, 22, 23, 24, 27, 28, 32, 33, 34, 36, 37, 39, 40, 41, 42, 43, 44, 45, 51, 55, 57, 60, 62, 64, 67, 68, 71, 72, 73, 74, 75, 76, 77, 78, 79, 80, 81, 86, 89, 91, 92, 97, 98, 99, 105, 109, 110, 112, 113, 115, 117, 118, 120, 123, 125, 129, 130, 131, 135, 136, 139, 140, 143, 144, 145, 146, 147, 149, 150, 151, 152, 154, 155, 156, 157, 158, 159, 160, 161, 162, 163, 164, 166, 167, 168, 169, 170, 172, 173, 174, 175, 176, 177, 181, 182, 183, 185, 186, 187, 188, 189, 190, 191, 192, 193, 194, 195, 196, 197, 198, 199, 200]","{1: [<function expanding_mean at 0x000002C58F7A04A0>], 7: [<function rolling_mean_14 at 0x000002C5930FAA20>], 30: [<function expanding_mean at 0x000002C58F7A04A0>]}",lags_200_features_132,42.46496186443001,34.191422867104585,31.66320638416373,40.9561473040876,50.134124471841254,63.91807706169237,64.59024820465174,61.90710136651686,97.36878519199463,131.51377218027707,140.05363832066863
SGD_Lasso,"AutoSeasonalityAndDifferences(max_diffs=380, max_season_length=267, n_seasons=10) | LocalStandardScaler(stats_=[[47.42372721 38.3630083 ]])","[1, 2, 3, 4, 5, 6, 7, 8, 9, 10, 11, 12, 13, 14, 15, 16, 17, 18, 19, 20, 21, 22, 23, 24, 27, 28, 32, 33, 34, 36, 37, 39, 40, 41, 42, 43, 44, 45, 51, 55, 57, 60, 62, 64, 67, 68, 71, 72, 73, 74, 75, 76, 77, 78, 79, 80, 81, 86, 89, 91, 92, 97, 98, 99, 105, 109, 110, 112, 113, 115, 117, 118, 120, 123, 125, 129, 130, 131, 135, 136, 139, 140, 143, 144, 145, 146, 147, 149, 150, 151, 152, 154, 155, 156, 157, 158, 159, 160, 161, 162, 163, 164, 166, 167, 168, 169, 170, 172, 173, 174, 175, 176, 177, 181, 182, 183, 185, 186, 187, 188, 189, 190, 191, 192, 193, 194, 195, 196, 197, 198, 199, 200]","{1: [<function expanding_mean at 0x000002C58F7A04A0>], 7: [<function rolling_mean_14 at 0x000002C5930FAA20>], 30: [<function expanding_mean at 0x000002C58F7A04A0>]}",lags_200_features_132,146.0912704773475,128.82691853905547,126.93188499445651,114.54038028568824,97.18318221367912,85.7424254200123,74.18379809357222,66.91428163146553,86.30000429912832,116.71132140479472,116.24230232919876
SGD_Ridge,"AutoSeasonalityAndDifferences(max_diffs=380, max_season_length=267, n_seasons=10) | LocalStandardScaler(stats_=[[47.42372721 38.3630083 ]])","[1, 2, 3, 4, 5, 6, 7, 8, 9, 10, 11, 12, 13, 14, 15, 16, 17, 18, 19, 20, 21, 22, 23, 24, 27, 28, 32, 33, 34, 36, 37, 39, 40, 41, 42, 43, 44, 45, 51, 55, 57, 60, 62, 64, 67, 68, 71, 72, 73, 74, 75, 76, 77, 78, 79, 80, 81, 86, 89, 91, 92, 97, 98, 99, 105, 109, 110, 112, 113, 115, 117, 118, 120, 123, 125, 129, 130, 131, 135, 136, 139, 140, 143, 144, 145, 146, 147, 149, 150, 151, 152, 154, 155, 156, 157, 158, 159, 160, 161, 162, 163, 164, 166, 167, 168, 169, 170, 172, 173, 174, 175, 176, 177, 181, 182, 183, 185, 186, 187, 188, 189, 190, 191, 192, 193, 194, 195, 196, 197, 198, 199, 200]","{1: [<function expanding_mean at 0x000002C58F7A04A0>], 7: [<function rolling_mean_14 at 0x000002C5930FAA20>], 30: [<function expanding_mean at 0x000002C58F7A04A0>]}",lags_200_features_132,20.632896299455744,24.68321187328667,32.7794150936764,55.39931655398682,74.44711670032537,95.15960567144911,96.065168452127,86.56203715138997,110.11340105169862,155.21462640197413,161.25094354426864
SGDRegressor,"AutoSeasonalityAndDifferences(max_diffs=380, max_season_length=267, n_seasons=10) | LocalStandardScaler(stats_=[[47.42372721 38.3630083 ]])","[1, 2, 3, 4, 5, 6, 7, 8, 9, 10, 11, 12, 13, 14, 15, 16, 17, 18, 19, 20, 21, 22, 23, 24, 27, 28, 32, 33, 34, 36, 37, 39, 40, 41, 42, 43, 44, 45, 51, 55, 57, 60, 62, 64, 67, 68, 71, 72, 73, 74, 75, 76, 77, 78, 79, 80, 81, 86, 89, 91, 92, 97, 98, 99, 105, 109, 110, 112, 113, 115, 117, 118, 120, 123, 125, 129, 130, 131, 135, 136, 139, 140, 143, 144, 145, 146, 147, 149, 150, 151, 152, 154, 155, 156, 157, 158, 159, 160, 161, 162, 163, 164, 166, 167, 168, 169, 170, 172, 173, 174, 175, 176, 177, 181, 182, 183, 185, 186, 187, 188, 189, 190, 191, 192, 193, 194, 195, 196, 197, 198, 199, 200]","{1: [<function expanding_mean at 0x000002C58F7A04A0>], 7: [<function rolling_mean_14 at 0x000002C5930FAA20>], 30: [<function expanding_mean at 0x000002C58F7A04A0>]}",lags_200_features_132,45.59873763864298,35.20288334559731,35.54542198353446,46.292744100155524,55.30022666733271,68.24778436957766,67.260979942435,65.40858264828256,101.62699196494613,142.11077968093724,151.2253233984569
XGBRegressor,"AutoSeasonalityAndDifferences(max_diffs=380, max_season_length=267, n_seasons=10) | LocalStandardScaler(stats_=[[47.42372721 38.3630083 ]])","[1, 2, 3, 4, 5, 6, 7, 8, 9, 10, 11, 12, 13, 14, 15, 16, 17, 18, 19, 20, 21, 22, 23, 24, 27, 28, 32, 33, 34, 36, 37, 39, 40, 41, 42, 43, 44, 45, 51, 55, 57, 60, 62, 64, 67, 68, 71, 72, 73, 74, 75, 76, 77, 78, 79, 80, 81, 86, 89, 91, 92, 97, 98, 99, 105, 109, 110, 112, 113, 115, 117, 118, 120, 123, 125, 129, 130, 131, 135, 136, 139, 140, 143, 144, 145, 146, 147, 149, 150, 151, 152, 154, 155, 156, 157, 158, 159, 160, 161, 162, 163, 164, 166, 167, 168, 169, 170, 172, 173, 174, 175, 176, 177, 181, 182, 183, 185, 186, 187, 188, 189, 190, 191, 192, 193, 194, 195, 196, 197, 198, 199, 200]","{1: [<function expanding_mean at 0x000002C58F7A04A0>], 7: [<function rolling_mean_14 at 0x000002C5930FAA20>], 30: [<function expanding_mean at 0x000002C58F7A04A0>]}",lags_200_features_132,19.73707535786237,27.27052034422512,26.760821574559717,26.802656851427336,29.52108610699208,30.003521919938613,34.41292996346002,33.886866491090295,50.18616964590681,50.807988003569335,50.129893662417366
LGBMRegressor,"AutoSeasonalityAndDifferences(max_diffs=380, max_season_length=267, n_seasons=10) | LocalStandardScaler(stats_=[[47.42372721 38.3630083 ]])","[1, 2, 3, 4, 5, 6, 7, 8, 9, 10, 11, 12, 13, 14, 15, 16, 17, 18, 19, 20, 21, 22, 23, 24, 27, 28, 32, 33, 34, 36, 37, 39, 40, 41, 42, 43, 44, 45, 51, 55, 57, 60, 62, 64, 67, 68, 71, 72, 73, 74, 75, 76, 77, 78, 79, 80, 81, 86, 89, 91, 92, 97, 98, 99, 105, 109, 110, 112, 113, 115, 117, 118, 120, 123, 125, 129, 130, 131, 135, 136, 139, 140, 143, 144, 145, 146, 147, 149, 150, 151, 152, 154, 155, 156, 157, 158, 159, 160, 161, 162, 163, 164, 166, 167, 168, 169, 170, 172, 173, 174, 175, 176, 177, 181, 182, 183, 185, 186, 187, 188, 189, 190, 191, 192, 193, 194, 195, 196, 197, 198, 199, 200]","{1: [<function expanding_mean at 0x000002C58F7A04A0>], 7: [<function rolling_mean_14 at 0x000002C5930FAA20>], 30: [<function expanding_mean at 0x000002C58F7A04A0>]}",lags_200_features_132,12.804828980757952,21.275941720920436,22.47104658589442,23.479344486642383,25.463789007223852,26.230740089839482,32.395182779746285,32.97916369500793,36.62256146149828,39.61276614738601,39.152280936681116
SGD_EarlyStopping,"AutoSeasonalityAndDifferences(max_diffs=380, max_season_length=267, n_seasons=10) | LocalStandardScaler(stats_=[[47.42372721 38.3630083 ]])","[1, 2, 3, 4, 5, 6, 7, 8, 9, 10, 11, 12, 13, 14, 15, 16, 17, 18, 19, 20, 21, 22, 23, 24, 27, 28, 32, 33, 34, 36, 37, 39, 40, 41, 42, 43, 44, 45, 51, 55, 57, 60, 62, 64, 67, 68, 71, 72, 73, 74, 75, 76, 77, 78, 79, 80, 81, 86, 89, 91, 92, 97, 98, 99, 105, 109, 110, 112, 113, 115, 117, 118, 120, 123, 125, 129, 130, 131, 135, 136, 139, 140, 143, 144, 145, 146, 147, 149, 150, 151, 152, 154, 155, 156, 157, 158, 159, 160, 161, 162, 163, 164, 166, 167, 168, 169, 170, 172, 173, 174, 175, 176, 177, 181, 182, 183, 185, 186, 187, 188, 189, 190, 191, 192, 193, 194, 195, 196, 197, 198, 199, 200]","{1: [<function rolling_mean_14 at 0x000002C5930FAA20>], 7: [<function rolling_mean_30 at 0x000002C58DBF9260>], 30: [<function expanding_mean at 0x000002C58F7A04A0>]}",lags_200_features_132,49.278391199261556,70.85801055128714,112.62526875961724,151.07142478021254,175.1590146355386,189.97719322998466,184.35479210335234,163.07617451699969,261.52611277071696,734.2869163455571,766.7412762456175
SGD_ElasticNet,"AutoSeasonalityAndDifferences(max_diffs=380, max_season_length=267, n_seasons=10) | LocalStandardScaler(stats_=[[47.42372721 38.3630083 ]])","[1, 2, 3, 4, 5, 6, 7, 8, 9, 10, 11, 12, 13, 14, 15, 16, 17, 18, 19, 20, 21, 22, 23, 24, 27, 28, 32, 33, 34, 36, 37, 39, 40, 41, 42, 43, 44, 45, 51, 55, 57, 60, 62, 64, 67, 68, 71, 72, 73, 74, 75, 76, 77, 78, 79, 80, 81, 86, 89, 91, 92, 97, 98, 99, 105, 109, 110, 112, 113, 115, 117, 118, 120, 123, 125, 129, 130, 131, 135, 136, 139, 140, 143, 144, 145, 146, 147, 149, 150, 151, 152, 154, 155, 156, 157, 158, 159, 160, 161, 162, 163, 164, 166, 167, 168, 169, 170, 172, 173, 174, 175, 176, 177, 181, 182, 183, 185, 186, 187, 188, 189, 190, 191, 192, 193, 194, 195, 196, 197, 198, 199, 200]","{1: [<function rolling_mean_14 at 0x000002C5930FAA20>], 7: [<function rolling_mean_30 at 0x000002C58DBF9260>], 30: [<function expanding_mean at 0x000002C58F7A04A0>]}",lags_200_features_132,42.49285496642143,34.035119742087474,31.725769221391115,41.079406743632866,50.150505352093354,63.75179661209619,64.27128156706667,61.75113558884263,97.00284602997472,131.0746315982967,139.56260030055682
SGD_Lasso,"AutoSeasonalityAndDifferences(max_diffs=380, max_season_length=267, n_seasons=10) | LocalStandardScaler(stats_=[[47.42372721 38.3630083 ]])","[1, 2, 3, 4, 5, 6, 7, 8, 9, 10, 11, 12, 13, 14, 15, 16, 17, 18, 19, 20, 21, 22, 23, 24, 27, 28, 32, 33, 34, 36, 37, 39, 40, 41, 42, 43, 44, 45, 51, 55, 57, 60, 62, 64, 67, 68, 71, 72, 73, 74, 75, 76, 77, 78, 79, 80, 81, 86, 89, 91, 92, 97, 98, 99, 105, 109, 110, 112, 113, 115, 117, 118, 120, 123, 125, 129, 130, 131, 135, 136, 139, 140, 143, 144, 145, 146, 147, 149, 150, 151, 152, 154, 155, 156, 157, 158, 159, 160, 161, 162, 163, 164, 166, 167, 168, 169, 170, 172, 173, 174, 175, 176, 177, 181, 182, 183, 185, 186, 187, 188, 189, 190, 191, 192, 193, 194, 195, 196, 197, 198, 199, 200]","{1: [<function rolling_mean_14 at 0x000002C5930FAA20>], 7: [<function rolling_mean_30 at 0x000002C58DBF9260>], 30: [<function expanding_mean at 0x000002C58F7A04A0>]}",lags_200_features_132,146.0912704773475,128.82691853905547,126.93188499445651,114.54038028568824,97.18318221367912,85.7424254200123,74.18379809357222,66.91428163146553,86.30000429912832,116.71132140479472,116.24230232919876
SGD_Ridge,"AutoSeasonalityAndDifferences(max_diffs=380, max_season_length=267, n_seasons=10) | LocalStandardScaler(stats_=[[47.42372721 38.3630083 ]])","[1, 2, 3, 4, 5, 6, 7, 8, 9, 10, 11, 12, 13, 14, 15, 16, 17, 18, 19, 20, 21, 22, 23, 24, 27, 28, 32, 33, 34, 36, 37, 39, 40, 41, 42, 43, 44, 45, 51, 55, 57, 60, 62, 64, 67, 68, 71, 72, 73, 74, 75, 76, 77, 78, 79, 80, 81, 86, 89, 91, 92, 97, 98, 99, 105, 109, 110, 112, 113, 115, 117, 118, 120, 123, 125, 129, 130, 131, 135, 136, 139, 140, 143, 144, 145, 146, 147, 149, 150, 151, 152, 154, 155, 156, 157, 158, 159, 160, 161, 162, 163, 164, 166, 167, 168, 169, 170, 172, 173, 174, 175, 176, 177, 181, 182, 183, 185, 186, 187, 188, 189, 190, 191, 192, 193, 194, 195, 196, 197, 198, 199, 200]","{1: [<function rolling_mean_14 at 0x000002C5930FAA20>], 7: [<function rolling_mean_30 at 0x000002C58DBF9260>], 30: [<function expanding_mean at 0x000002C58F7A04A0>]}",lags_200_features_132,20.368547174051255,24.260200976763233,32.72756395519051,55.474651708444036,74.59978809317882,95.43559685395326,96.54625189478642,87.0416474377718,110.3007299247394,156.14826461253648,161.95007562848966
SGDRegressor,"AutoSeasonalityAndDifferences(max_diffs=380, max_season_length=267, n_seasons=10) | LocalStandardScaler(stats_=[[47.42372721 38.3630083 ]])","[1, 2, 3, 4, 5, 6, 7, 8, 9, 10, 11, 12, 13, 14, 15, 16, 17, 18, 19, 20, 21, 22, 23, 24, 27, 28, 32, 33, 34, 36, 37, 39, 40, 41, 42, 43, 44, 45, 51, 55, 57, 60, 62, 64, 67, 68, 71, 72, 73, 74, 75, 76, 77, 78, 79, 80, 81, 86, 89, 91, 92, 97, 98, 99, 105, 109, 110, 112, 113, 115, 117, 118, 120, 123, 125, 129, 130, 131, 135, 136, 139, 140, 143, 144, 145, 146, 147, 149, 150, 151, 152, 154, 155, 156, 157, 158, 159, 160, 161, 162, 163, 164, 166, 167, 168, 169, 170, 172, 173, 174, 175, 176, 177, 181, 182, 183, 185, 186, 187, 188, 189, 190, 191, 192, 193, 194, 195, 196, 197, 198, 199, 200]","{1: [<function rolling_mean_14 at 0x000002C5930FAA20>], 7: [<function rolling_mean_30 at 0x000002C58DBF9260>], 30: [<function expanding_mean at 0x000002C58F7A04A0>]}",lags_200_features_132,45.465744772167035,35.06536562099251,35.48530530037283,46.06398249507771,54.876609715936354,67.63623428764322,66.65858161489773,64.92330454064799,101.33567547026917,141.6995894717185,150.74275951540793
XGBRegressor,"AutoSeasonalityAndDifferences(max_diffs=380, max_season_length=267, n_seasons=10) | LocalStandardScaler(stats_=[[47.42372721 38.3630083 ]])","[1, 2, 3, 4, 5, 6, 7, 8, 9, 10, 11, 12, 13, 14, 15, 16, 17, 18, 19, 20, 21, 22, 23, 24, 27, 28, 32, 33, 34, 36, 37, 39, 40, 41, 42, 43, 44, 45, 51, 55, 57, 60, 62, 64, 67, 68, 71, 72, 73, 74, 75, 76, 77, 78, 79, 80, 81, 86, 89, 91, 92, 97, 98, 99, 105, 109, 110, 112, 113, 115, 117, 118, 120, 123, 125, 129, 130, 131, 135, 136, 139, 140, 143, 144, 145, 146, 147, 149, 150, 151, 152, 154, 155, 156, 157, 158, 159, 160, 161, 162, 163, 164, 166, 167, 168, 169, 170, 172, 173, 174, 175, 176, 177, 181, 182, 183, 185, 186, 187, 188, 189, 190, 191, 192, 193, 194, 195, 196, 197, 198, 199, 200]","{1: [<function rolling_mean_14 at 0x000002C5930FAA20>], 7: [<function rolling_mean_30 at 0x000002C58DBF9260>], 30: [<function expanding_mean at 0x000002C58F7A04A0>]}",lags_200_features_132,15.330748435560201,21.316551408075092,22.906039621149368,23.945304164633406,25.252332926048098,26.100801693952185,33.361196180098304,33.592988003965715,37.05307947700075,38.869351711105416,38.359366357618676
LGBMRegressor,"AutoSeasonalityAndDifferences(max_diffs=380, max_season_length=267, n_seasons=10) | LocalStandardScaler(stats_=[[47.42372721 38.3630083 ]])","[1, 2, 3, 4, 5, 6, 7, 8, 9, 10, 11, 12, 13, 14, 15, 16, 17, 18, 19, 20, 21, 22, 23, 24, 27, 28, 32, 33, 34, 36, 37, 39, 40, 41, 42, 43, 44, 45, 51, 55, 57, 60, 62, 64, 67, 68, 71, 72, 73, 74, 75, 76, 77, 78, 79, 80, 81, 86, 89, 91, 92, 97, 98, 99, 105, 109, 110, 112, 113, 115, 117, 118, 120, 123, 125, 129, 130, 131, 135, 136, 139, 140, 143, 144, 145, 146, 147, 149, 150, 151, 152, 154, 155, 156, 157, 158, 159, 160, 161, 162, 163, 164, 166, 167, 168, 169, 170, 172, 173, 174, 175, 176, 177, 181, 182, 183, 185, 186, 187, 188, 189, 190, 191, 192, 193, 194, 195, 196, 197, 198, 199, 200]","{1: [<function rolling_mean_14 at 0x000002C5930FAA20>], 7: [<function rolling_mean_30 at 0x000002C58DBF9260>], 30: [<function expanding_mean at 0x000002C58F7A04A0>]}",lags_200_features_132,13.627117655745167,22.20233081661604,22.88200710170699,23.180802740027566,24.728988345708625,25.097989091303564,32.26316181505526,33.5113967073671,34.90049350078496,40.04512302129827,39.62827785760478
SGD_EarlyStopping,"AutoSeasonalityAndDifferences(max_diffs=380, max_season_length=267, n_seasons=10) | LocalStandardScaler(stats_=[[47.42372721 38.3630083 ]])","[1, 2, 3, 4, 5, 6, 7, 8, 9, 10, 11, 12, 13, 14, 15, 16, 17, 18, 19, 20, 21, 22, 23, 24, 27, 28, 32, 33, 34, 36, 37, 39, 40, 41, 42, 43, 44, 45, 51, 55, 57, 60, 62, 64, 67, 68, 71, 72, 73, 74, 75, 76, 77, 78, 79, 80, 81, 86, 89, 91, 92, 97, 98, 99, 105, 109, 110, 112, 113, 115, 117, 118, 120, 123, 125, 129, 130, 131, 135, 136, 139, 140, 143, 144, 145, 146, 147, 149, 150, 151, 152, 154, 155, 156, 157, 158, 159, 160, 161, 162, 163, 164, 166, 167, 168, 169, 170, 172, 173, 174, 175, 176, 177, 181, 182, 183, 185, 186, 187, 188, 189, 190, 191, 192, 193, 194, 195, 196, 197, 198, 199, 200]","{7: [RollingMean(window_size=7)], 30: [RollingMean(window_size=30)], 60: [RollingMean(window_size=60)]}",lags_200_features_132,49.11485321129612,72.01912199866068,114.3832531243724,152.71808298249653,176.24424095029013,190.18334387348654,182.7720412180434,162.1275888553428,276.9390412180512,755.6634626555729,784.6390676678734
SGD_ElasticNet,"AutoSeasonalityAndDifferences(max_diffs=380, max_season_length=267, n_seasons=10) | LocalStandardScaler(stats_=[[47.42372721 38.3630083 ]])","[1, 2, 3, 4, 5, 6, 7, 8, 9, 10, 11, 12, 13, 14, 15, 16, 17, 18, 19, 20, 21, 22, 23, 24, 27, 28, 32, 33, 34, 36, 37, 39, 40, 41, 42, 43, 44, 45, 51, 55, 57, 60, 62, 64, 67, 68, 71, 72, 73, 74, 75, 76, 77, 78, 79, 80, 81, 86, 89, 91, 92, 97, 98, 99, 105, 109, 110, 112, 113, 115, 117, 118, 120, 123, 125, 129, 130, 131, 135, 136, 139, 140, 143, 144, 145, 146, 147, 149, 150, 151, 152, 154, 155, 156, 157, 158, 159, 160, 161, 162, 163, 164, 166, 167, 168, 169, 170, 172, 173, 174, 175, 176, 177, 181, 182, 183, 185, 186, 187, 188, 189, 190, 191, 192, 193, 194, 195, 196, 197, 198, 199, 200]","{7: [RollingMean(window_size=7)], 30: [RollingMean(window_size=30)], 60: [RollingMean(window_size=60)]}",lags_200_features_132,42.14661099452877,34.033357634212194,31.69957060673778,41.21271669337935,50.37061797941895,63.90160708198308,64.10143111856901,62.14001628867533,97.85101239859148,133.53917792550757,142.2016514681536
SGD_Lasso,"AutoSeasonalityAndDifferences(max_diffs=380, max_season_length=267, n_seasons=10) | LocalStandardScaler(stats_=[[47.42372721 38.3630083 ]])","[1, 2, 3, 4, 5, 6, 7, 8, 9, 10, 11, 12, 13, 14, 15, 16, 17, 18, 19, 20, 21, 22, 23, 24, 27, 28, 32, 33, 34, 36, 37, 39, 40, 41, 42, 43, 44, 45, 51, 55, 57, 60, 62, 64, 67, 68, 71, 72, 73, 74, 75, 76, 77, 78, 79, 80, 81, 86, 89, 91, 92, 97, 98, 99, 105, 109, 110, 112, 113, 115, 117, 118, 120, 123, 125, 129, 130, 131, 135, 136, 139, 140, 143, 144, 145, 146, 147, 149, 150, 151, 152, 154, 155, 156, 157, 158, 159, 160, 161, 162, 163, 164, 166, 167, 168, 169, 170, 172, 173, 174, 175, 176, 177, 181, 182, 183, 185, 186, 187, 188, 189, 190, 191, 192, 193, 194, 195, 196, 197, 198, 199, 200]","{7: [RollingMean(window_size=7)], 30: [RollingMean(window_size=30)], 60: [RollingMean(window_size=60)]}",lags_200_features_132,146.0912704773475,128.82691853905547,126.93188499445651,114.54038028568824,97.18318221367912,85.7424254200123,74.18379809357222,66.91428163146553,86.30000429912832,116.71132140479472,116.24230232919876
SGD_Ridge,"AutoSeasonalityAndDifferences(max_diffs=380, max_season_length=267, n_seasons=10) | LocalStandardScaler(stats_=[[47.42372721 38.3630083 ]])","[1, 2, 3, 4, 5, 6, 7, 8, 9, 10, 11, 12, 13, 14, 15, 16, 17, 18, 19, 20, 21, 22, 23, 24, 27, 28, 32, 33, 34, 36, 37, 39, 40, 41, 42, 43, 44, 45, 51, 55, 57, 60, 62, 64, 67, 68, 71, 72, 73, 74, 75, 76, 77, 78, 79, 80, 81, 86, 89, 91, 92, 97, 98, 99, 105, 109, 110, 112, 113, 115, 117, 118, 120, 123, 125, 129, 130, 131, 135, 136, 139, 140, 143, 144, 145, 146, 147, 149, 150, 151, 152, 154, 155, 156, 157, 158, 159, 160, 161, 162, 163, 164, 166, 167, 168, 169, 170, 172, 173, 174, 175, 176, 177, 181, 182, 183, 185, 186, 187, 188, 189, 190, 191, 192, 193, 194, 195, 196, 197, 198, 199, 200]","{7: [RollingMean(window_size=7)], 30: [RollingMean(window_size=30)], 60: [RollingMean(window_size=60)]}",lags_200_features_132,20.808374582840962,24.884655577933493,32.819332583781794,55.31378906808537,74.20455905843735,94.67968331079926,95.29832616310976,85.80842401458119,108.88386062531346,152.45502802692067,158.63395171895198
SGDRegressor,"AutoSeasonalityAndDifferences(max_diffs=380, max_season_length=267, n_seasons=10) | LocalStandardScaler(stats_=[[47.42372721 38.3630083 ]])","[1, 2, 3, 4, 5, 6, 7, 8, 9, 10, 11, 12, 13, 14, 15, 16, 17, 18, 19, 20, 21, 22, 23, 24, 27, 28, 32, 33, 34, 36, 37, 39, 40, 41, 42, 43, 44, 45, 51, 55, 57, 60, 62, 64, 67, 68, 71, 72, 73, 74, 75, 76, 77, 78, 79, 80, 81, 86, 89, 91, 92, 97, 98, 99, 105, 109, 110, 112, 113, 115, 117, 118, 120, 123, 125, 129, 130, 131, 135, 136, 139, 140, 143, 144, 145, 146, 147, 149, 150, 151, 152, 154, 155, 156, 157, 158, 159, 160, 161, 162, 163, 164, 166, 167, 168, 169, 170, 172, 173, 174, 175, 176, 177, 181, 182, 183, 185, 186, 187, 188, 189, 190, 191, 192, 193, 194, 195, 196, 197, 198, 199, 200]","{7: [RollingMean(window_size=7)], 30: [RollingMean(window_size=30)], 60: [RollingMean(window_size=60)]}",lags_200_features_132,44.988744068886,34.96466580570788,34.8600623385215,45.151036915256896,53.80032043273083,66.30848897856723,65.17954321619582,64.05538022745503,99.29071967436745,140.03081913980674,148.84694024499484
XGBRegressor,"AutoSeasonalityAndDifferences(max_diffs=380, max_season_length=267, n_seasons=10) | LocalStandardScaler(stats_=[[47.42372721 38.3630083 ]])","[1, 2, 3, 4, 5, 6, 7, 8, 9, 10, 11, 12, 13, 14, 15, 16, 17, 18, 19, 20, 21, 22, 23, 24, 27, 28, 32, 33, 34, 36, 37, 39, 40, 41, 42, 43, 44, 45, 51, 55, 57, 60, 62, 64, 67, 68, 71, 72, 73, 74, 75, 76, 77, 78, 79, 80, 81, 86, 89, 91, 92, 97, 98, 99, 105, 109, 110, 112, 113, 115, 117, 118, 120, 123, 125, 129, 130, 131, 135, 136, 139, 140, 143, 144, 145, 146, 147, 149, 150, 151, 152, 154, 155, 156, 157, 158, 159, 160, 161, 162, 163, 164, 166, 167, 168, 169, 170, 172, 173, 174, 175, 176, 177, 181, 182, 183, 185, 186, 187, 188, 189, 190, 191, 192, 193, 194, 195, 196, 197, 198, 199, 200]","{7: [RollingMean(window_size=7)], 30: [RollingMean(window_size=30)], 60: [RollingMean(window_size=60)]}",lags_200_features_132,16.864329012339567,24.784461272850073,25.850755220791143,26.428631983484983,28.25372352898491,29.098422271677997,35.931691154550634,35.76876174096531,42.72794739619361,50.97576278456011,50.157573041240944
LGBMRegressor,"AutoSeasonalityAndDifferences(max_diffs=380, max_season_length=267, n_seasons=10) | LocalStandardScaler(stats_=[[47.42372721 38.3630083 ]])","[1, 2, 3, 4, 5, 6, 7, 8, 9, 10, 11, 12, 13, 14, 15, 16, 17, 18, 19, 20, 21, 22, 23, 24, 27, 28, 32, 33, 34, 36, 37, 39, 40, 41, 42, 43, 44, 45, 51, 55, 57, 60, 62, 64, 67, 68, 71, 72, 73, 74, 75, 76, 77, 78, 79, 80, 81, 86, 89, 91, 92, 97, 98, 99, 105, 109, 110, 112, 113, 115, 117, 118, 120, 123, 125, 129, 130, 131, 135, 136, 139, 140, 143, 144, 145, 146, 147, 149, 150, 151, 152, 154, 155, 156, 157, 158, 159, 160, 161, 162, 163, 164, 166, 167, 168, 169, 170, 172, 173, 174, 175, 176, 177, 181, 182, 183, 185, 186, 187, 188, 189, 190, 191, 192, 193, 194, 195, 196, 197, 198, 199, 200]","{7: [RollingMean(window_size=7)], 30: [RollingMean(window_size=30)], 60: [RollingMean(window_size=60)]}",lags_200_features_132,14.09958510951734,22.603923311984396,23.740816944080713,24.8328654404909,26.613881246586363,26.978204630742553,33.27779589980109,33.426788056614605,35.90998621416324,37.492916546491344,36.97489186825752
SGD_EarlyStopping,"AutoSeasonalityAndDifferences(max_diffs=380, max_season_length=267, n_seasons=10) | LocalStandardScaler(stats_=[[47.42372721 38.3630083 ]])","[1, 2, 3, 4, 5, 6, 7, 8, 9, 10, 11, 12, 13, 14, 15, 16, 17, 18, 19, 20, 21, 22, 23, 24, 27, 28, 32, 33, 34, 36, 37, 39, 40, 41, 42, 43, 44, 45, 51, 55, 57, 60, 62, 64, 67, 68, 71, 72, 73, 74, 75, 76, 77, 78, 79, 80, 81, 86, 89, 91, 92, 97, 98, 99, 105, 109, 110, 112, 113, 115, 117, 118, 120, 123, 125, 129, 130, 131, 135, 136, 139, 140, 143, 144, 145, 146, 147, 149, 150, 151, 152, 154, 155, 156, 157, 158, 159, 160, 161, 162, 163, 164, 166, 167, 168, 169, 170, 172, 173, 174, 175, 176, 177, 181, 182, 183, 185, 186, 187, 188, 189, 190, 191, 192, 193, 194, 195, 196, 197, 198, 199, 200]","{7: [RollingMean(window_size=7), RollingStd(window_size=7)], 30: [RollingMean(window_size=30)], 60: [ExpandingMean()], 14: [ExponentiallyWeightedMean(alpha=0.3)]}",lags_200_features_132,49.39954355159442,70.95899862740697,113.60681683253364,153.68421913499876,179.63902497316462,196.81982232810728,194.39834075694083,174.96419592939318,251.43536661965723,755.6750619374311,798.2046536530023
SGD_ElasticNet,"AutoSeasonalityAndDifferences(max_diffs=380, max_season_length=267, n_seasons=10) | LocalStandardScaler(stats_=[[47.42372721 38.3630083 ]])","[1, 2, 3, 4, 5, 6, 7, 8, 9, 10, 11, 12, 13, 14, 15, 16, 17, 18, 19, 20, 21, 22, 23, 24, 27, 28, 32, 33, 34, 36, 37, 39, 40, 41, 42, 43, 44, 45, 51, 55, 57, 60, 62, 64, 67, 68, 71, 72, 73, 74, 75, 76, 77, 78, 79, 80, 81, 86, 89, 91, 92, 97, 98, 99, 105, 109, 110, 112, 113, 115, 117, 118, 120, 123, 125, 129, 130, 131, 135, 136, 139, 140, 143, 144, 145, 146, 147, 149, 150, 151, 152, 154, 155, 156, 157, 158, 159, 160, 161, 162, 163, 164, 166, 167, 168, 169, 170, 172, 173, 174, 175, 176, 177, 181, 182, 183, 185, 186, 187, 188, 189, 190, 191, 192, 193, 194, 195, 196, 197, 198, 199, 200]","{7: [RollingMean(window_size=7), RollingStd(window_size=7)], 30: [RollingMean(window_size=30)], 60: [ExpandingMean()], 14: [ExponentiallyWeightedMean(alpha=0.3)]}",lags_200_features_132,42.424621976839056,34.28878093496222,31.71638962945621,40.986893777408135,50.05345745026196,63.517469230195665,63.680357252833375,61.64517720404837,95.63134958634285,130.4450007778926,138.9807065574836
SGD_Lasso,"AutoSeasonalityAndDifferences(max_diffs=380, max_season_length=267, n_seasons=10) | LocalStandardScaler(stats_=[[47.42372721 38.3630083 ]])","[1, 2, 3, 4, 5, 6, 7, 8, 9, 10, 11, 12, 13, 14, 15, 16, 17, 18, 19, 20, 21, 22, 23, 24, 27, 28, 32, 33, 34, 36, 37, 39, 40, 41, 42, 43, 44, 45, 51, 55, 57, 60, 62, 64, 67, 68, 71, 72, 73, 74, 75, 76, 77, 78, 79, 80, 81, 86, 89, 91, 92, 97, 98, 99, 105, 109, 110, 112, 113, 115, 117, 118, 120, 123, 125, 129, 130, 131, 135, 136, 139, 140, 143, 144, 145, 146, 147, 149, 150, 151, 152, 154, 155, 156, 157, 158, 159, 160, 161, 162, 163, 164, 166, 167, 168, 169, 170, 172, 173, 174, 175, 176, 177, 181, 182, 183, 185, 186, 187, 188, 189, 190, 191, 192, 193, 194, 195, 196, 197, 198, 199, 200]","{7: [RollingMean(window_size=7), RollingStd(window_size=7)], 30: [RollingMean(window_size=30)], 60: [ExpandingMean()], 14: [ExponentiallyWeightedMean(alpha=0.3)]}",lags_200_features_132,146.0912704773475,128.82691853905547,126.93188499445651,114.54038028568824,97.18318221367912,85.7424254200123,74.18379809357222,66.91428163146553,86.30000429912832,116.71132140479472,116.24230232919876
SGD_Ridge,"AutoSeasonalityAndDifferences(max_diffs=380, max_season_length=267, n_seasons=10) | LocalStandardScaler(stats_=[[47.42372721 38.3630083 ]])","[1, 2, 3, 4, 5, 6, 7, 8, 9, 10, 11, 12, 13, 14, 15, 16, 17, 18, 19, 20, 21, 22, 23, 24, 27, 28, 32, 33, 34, 36, 37, 39, 40, 41, 42, 43, 44, 45, 51, 55, 57, 60, 62, 64, 67, 68, 71, 72, 73, 74, 75, 76, 77, 78, 79, 80, 81, 86, 89, 91, 92, 97, 98, 99, 105, 109, 110, 112, 113, 115, 117, 118, 120, 123, 125, 129, 130, 131, 135, 136, 139, 140, 143, 144, 145, 146, 147, 149, 150, 151, 152, 154, 155, 156, 157, 158, 159, 160, 161, 162, 163, 164, 166, 167, 168, 169, 170, 172, 173, 174, 175, 176, 177, 181, 182, 183, 185, 186, 187, 188, 189, 190, 191, 192, 193, 194, 195, 196, 197, 198, 199, 200]","{7: [RollingMean(window_size=7), RollingStd(window_size=7)], 30: [RollingMean(window_size=30)], 60: [ExpandingMean()], 14: [ExponentiallyWeightedMean(alpha=0.3)]}",lags_200_features_132,20.523551835476187,24.71677371597232,32.37235121660458,54.436995719702644,72.98338017603905,93.16695717386241,93.77629037483194,84.5017604902495,105.59764640505963,147.0982604241205,153.08774777750435
SGDRegressor,"AutoSeasonalityAndDifferences(max_diffs=380, max_season_length=267, n_seasons=10) | LocalStandardScaler(stats_=[[47.42372721 38.3630083 ]])","[1, 2, 3, 4, 5, 6, 7, 8, 9, 10, 11, 12, 13, 14, 15, 16, 17, 18, 19, 20, 21, 22, 23, 24, 27, 28, 32, 33, 34, 36, 37, 39, 40, 41, 42, 43, 44, 45, 51, 55, 57, 60, 62, 64, 67, 68, 71, 72, 73, 74, 75, 76, 77, 78, 79, 80, 81, 86, 89, 91, 92, 97, 98, 99, 105, 109, 110, 112, 113, 115, 117, 118, 120, 123, 125, 129, 130, 131, 135, 136, 139, 140, 143, 144, 145, 146, 147, 149, 150, 151, 152, 154, 155, 156, 157, 158, 159, 160, 161, 162, 163, 164, 166, 167, 168, 169, 170, 172, 173, 174, 175, 176, 177, 181, 182, 183, 185, 186, 187, 188, 189, 190, 191, 192, 193, 194, 195, 196, 197, 198, 199, 200]","{7: [RollingMean(window_size=7), RollingStd(window_size=7)], 30: [RollingMean(window_size=30)], 60: [ExpandingMean()], 14: [ExponentiallyWeightedMean(alpha=0.3)]}",lags_200_features_132,45.24157781479118,35.180367577299,34.80438533296511,44.93033656306489,53.44346745609534,65.70217802751908,64.2985416236484,63.2254644006769,95.02042834618743,135.02490091135942,143.51233599891228
XGBRegressor,"AutoSeasonalityAndDifferences(max_diffs=380, max_season_length=267, n_seasons=10) | LocalStandardScaler(stats_=[[47.42372721 38.3630083 ]])","[1, 2, 3, 4, 5, 6, 7, 8, 9, 10, 11, 12, 13, 14, 15, 16, 17, 18, 19, 20, 21, 22, 23, 24, 27, 28, 32, 33, 34, 36, 37, 39, 40, 41, 42, 43, 44, 45, 51, 55, 57, 60, 62, 64, 67, 68, 71, 72, 73, 74, 75, 76, 77, 78, 79, 80, 81, 86, 89, 91, 92, 97, 98, 99, 105, 109, 110, 112, 113, 115, 117, 118, 120, 123, 125, 129, 130, 131, 135, 136, 139, 140, 143, 144, 145, 146, 147, 149, 150, 151, 152, 154, 155, 156, 157, 158, 159, 160, 161, 162, 163, 164, 166, 167, 168, 169, 170, 172, 173, 174, 175, 176, 177, 181, 182, 183, 185, 186, 187, 188, 189, 190, 191, 192, 193, 194, 195, 196, 197, 198, 199, 200]","{7: [RollingMean(window_size=7), RollingStd(window_size=7)], 30: [RollingMean(window_size=30)], 60: [ExpandingMean()], 14: [ExponentiallyWeightedMean(alpha=0.3)]}",lags_200_features_132,13.952025592200867,22.329638758945407,24.146496337718773,24.91439889035452,26.799500877903338,27.532753322544973,32.1634302375009,31.90919227283472,36.322210587254524,35.16905138292152,34.67943583121536
LGBMRegressor,"AutoSeasonalityAndDifferences(max_diffs=380, max_season_length=267, n_seasons=10) | LocalStandardScaler(stats_=[[47.42372721 38.3630083 ]])","[1, 2, 3, 4, 5, 6, 7, 8, 9, 10, 11, 12, 13, 14, 15, 16, 17, 18, 19, 20, 21, 22, 23, 24, 27, 28, 32, 33, 34, 36, 37, 39, 40, 41, 42, 43, 44, 45, 51, 55, 57, 60, 62, 64, 67, 68, 71, 72, 73, 74, 75, 76, 77, 78, 79, 80, 81, 86, 89, 91, 92, 97, 98, 99, 105, 109, 110, 112, 113, 115, 117, 118, 120, 123, 125, 129, 130, 131, 135, 136, 139, 140, 143, 144, 145, 146, 147, 149, 150, 151, 152, 154, 155, 156, 157, 158, 159, 160, 161, 162, 163, 164, 166, 167, 168, 169, 170, 172, 173, 174, 175, 176, 177, 181, 182, 183, 185, 186, 187, 188, 189, 190, 191, 192, 193, 194, 195, 196, 197, 198, 199, 200]","{7: [RollingMean(window_size=7), RollingStd(window_size=7)], 30: [RollingMean(window_size=30)], 60: [ExpandingMean()], 14: [ExponentiallyWeightedMean(alpha=0.3)]}",lags_200_features_132,12.960607974611241,22.82689634431264,23.62964789340478,24.537726634863883,26.426682290035913,26.749665762673075,33.572371876094756,34.722204767595294,35.153737432127905,38.76466689082505,38.50774058858763
SGD_EarlyStopping,"AutoSeasonalityAndDifferences(max_diffs=380, max_season_length=267, n_seasons=10) | LocalMinMaxScaler(stats_=[[  5.11211699 325.92896936]])","[1, 2, 3, 4, 5, 6, 7, 8, 9, 10, 11, 12, 13, 14, 15, 16, 17, 18, 19, 20, 21, 22, 23, 24, 27, 28, 32, 33, 34, 36, 37, 39, 40, 41, 42, 43, 44, 45, 51, 55, 57, 60, 62, 64, 67, 68, 71, 72, 73, 74, 75, 76, 77, 78, 79, 80, 81, 86, 89, 91, 92, 97, 98, 99, 105, 109, 110, 112, 113, 115, 117, 118, 120, 123, 125, 129, 130, 131, 135, 136, 139, 140, 143, 144, 145, 146, 147, 149, 150, 151, 152, 154, 155, 156, 157, 158, 159, 160, 161, 162, 163, 164, 166, 167, 168, 169, 170, 172, 173, 174, 175, 176, 177, 181, 182, 183, 185, 186, 187, 188, 189, 190, 191, 192, 193, 194, 195, 196, 197, 198, 199, 200]","{1: [<function expanding_mean at 0x000002C58F7A04A0>], 7: [<function rolling_mean_14 at 0x000002C5930FAA20>], 30: [<function expanding_mean at 0x000002C58F7A04A0>]}",lags_200_features_132,44.022655266875496,69.50232683683188,77.43184640196363,71.01990232755927,60.739556944441766,57.11589300140909,51.47967731560761,48.16684677153288,47.581884907932206,44.32854138910301,44.829311935632454
SGD_ElasticNet,"AutoSeasonalityAndDifferences(max_diffs=380, max_season_length=267, n_seasons=10) | LocalMinMaxScaler(stats_=[[  5.11211699 325.92896936]])","[1, 2, 3, 4, 5, 6, 7, 8, 9, 10, 11, 12, 13, 14, 15, 16, 17, 18, 19, 20, 21, 22, 23, 24, 27, 28, 32, 33, 34, 36, 37, 39, 40, 41, 42, 43, 44, 45, 51, 55, 57, 60, 62, 64, 67, 68, 71, 72, 73, 74, 75, 76, 77, 78, 79, 80, 81, 86, 89, 91, 92, 97, 98, 99, 105, 109, 110, 112, 113, 115, 117, 118, 120, 123, 125, 129, 130, 131, 135, 136, 139, 140, 143, 144, 145, 146, 147, 149, 150, 151, 152, 154, 155, 156, 157, 158, 159, 160, 161, 162, 163, 164, 166, 167, 168, 169, 170, 172, 173, 174, 175, 176, 177, 181, 182, 183, 185, 186, 187, 188, 189, 190, 191, 192, 193, 194, 195, 196, 197, 198, 199, 200]","{1: [<function expanding_mean at 0x000002C58F7A04A0>], 7: [<function rolling_mean_14 at 0x000002C5930FAA20>], 30: [<function expanding_mean at 0x000002C58F7A04A0>]}",lags_200_features_132,25.255815241914352,30.307790745417755,55.436439085777934,75.0228096889763,83.9297707824224,93.24855753917353,85.4725830941003,75.95761008783089,70.13679831638342,83.2831443288789,87.4563009226164
SGD_Lasso,"AutoSeasonalityAndDifferences(max_diffs=380, max_season_length=267, n_seasons=10) | LocalMinMaxScaler(stats_=[[  5.11211699 325.92896936]])","[1, 2, 3, 4, 5, 6, 7, 8, 9, 10, 11, 12, 13, 14, 15, 16, 17, 18, 19, 20, 21, 22, 23, 24, 27, 28, 32, 33, 34, 36, 37, 39, 40, 41, 42, 43, 44, 45, 51, 55, 57, 60, 62, 64, 67, 68, 71, 72, 73, 74, 75, 76, 77, 78, 79, 80, 81, 86, 89, 91, 92, 97, 98, 99, 105, 109, 110, 112, 113, 115, 117, 118, 120, 123, 125, 129, 130, 131, 135, 136, 139, 140, 143, 144, 145, 146, 147, 149, 150, 151, 152, 154, 155, 156, 157, 158, 159, 160, 161, 162, 163, 164, 166, 167, 168, 169, 170, 172, 173, 174, 175, 176, 177, 181, 182, 183, 185, 186, 187, 188, 189, 190, 191, 192, 193, 194, 195, 196, 197, 198, 199, 200]","{1: [<function expanding_mean at 0x000002C58F7A04A0>], 7: [<function rolling_mean_14 at 0x000002C5930FAA20>], 30: [<function expanding_mean at 0x000002C58F7A04A0>]}",lags_200_features_132,145.91668242307156,128.66457858121706,126.77088945740431,114.38817583127974,97.04802135367676,85.62326385462183,74.10101743566766,66.83985079017535,86.2044894423342,116.58506775597499,116.11560232705554
SGD_Ridge,"AutoSeasonalityAndDifferences(max_diffs=380, max_season_length=267, n_seasons=10) | LocalMinMaxScaler(stats_=[[  5.11211699 325.92896936]])","[1, 2, 3, 4, 5, 6, 7, 8, 9, 10, 11, 12, 13, 14, 15, 16, 17, 18, 19, 20, 21, 22, 23, 24, 27, 28, 32, 33, 34, 36, 37, 39, 40, 41, 42, 43, 44, 45, 51, 55, 57, 60, 62, 64, 67, 68, 71, 72, 73, 74, 75, 76, 77, 78, 79, 80, 81, 86, 89, 91, 92, 97, 98, 99, 105, 109, 110, 112, 113, 115, 117, 118, 120, 123, 125, 129, 130, 131, 135, 136, 139, 140, 143, 144, 145, 146, 147, 149, 150, 151, 152, 154, 155, 156, 157, 158, 159, 160, 161, 162, 163, 164, 166, 167, 168, 169, 170, 172, 173, 174, 175, 176, 177, 181, 182, 183, 185, 186, 187, 188, 189, 190, 191, 192, 193, 194, 195, 196, 197, 198, 199, 200]","{1: [<function expanding_mean at 0x000002C58F7A04A0>], 7: [<function rolling_mean_14 at 0x000002C5930FAA20>], 30: [<function expanding_mean at 0x000002C58F7A04A0>]}",lags_200_features_132,115.2802098346905,114.92691491948675,130.3344126129153,131.6130595116994,121.7465211376931,113.76814623571265,96.00551449628692,83.17946473441626,97.29459704413482,139.287817616034,140.2693916839673
SGDRegressor,"AutoSeasonalityAndDifferences(max_diffs=380, max_season_length=267, n_seasons=10) | LocalMinMaxScaler(stats_=[[  5.11211699 325.92896936]])","[1, 2, 3, 4, 5, 6, 7, 8, 9, 10, 11, 12, 13, 14, 15, 16, 17, 18, 19, 20, 21, 22, 23, 24, 27, 28, 32, 33, 34, 36, 37, 39, 40, 41, 42, 43, 44, 45, 51, 55, 57, 60, 62, 64, 67, 68, 71, 72, 73, 74, 75, 76, 77, 78, 79, 80, 81, 86, 89, 91, 92, 97, 98, 99, 105, 109, 110, 112, 113, 115, 117, 118, 120, 123, 125, 129, 130, 131, 135, 136, 139, 140, 143, 144, 145, 146, 147, 149, 150, 151, 152, 154, 155, 156, 157, 158, 159, 160, 161, 162, 163, 164, 166, 167, 168, 169, 170, 172, 173, 174, 175, 176, 177, 181, 182, 183, 185, 186, 187, 188, 189, 190, 191, 192, 193, 194, 195, 196, 197, 198, 199, 200]","{1: [<function expanding_mean at 0x000002C58F7A04A0>], 7: [<function rolling_mean_14 at 0x000002C5930FAA20>], 30: [<function expanding_mean at 0x000002C58F7A04A0>]}",lags_200_features_132,12.967799919522141,18.025974974610108,43.200716677021084,66.67652132345926,80.17516106434688,94.21771085623202,89.80572231847106,80.43979917236014,77.30637436594517,86.78300875681626,91.44246197355794
XGBRegressor,"AutoSeasonalityAndDifferences(max_diffs=380, max_season_length=267, n_seasons=10) | LocalMinMaxScaler(stats_=[[  5.11211699 325.92896936]])","[1, 2, 3, 4, 5, 6, 7, 8, 9, 10, 11, 12, 13, 14, 15, 16, 17, 18, 19, 20, 21, 22, 23, 24, 27, 28, 32, 33, 34, 36, 37, 39, 40, 41, 42, 43, 44, 45, 51, 55, 57, 60, 62, 64, 67, 68, 71, 72, 73, 74, 75, 76, 77, 78, 79, 80, 81, 86, 89, 91, 92, 97, 98, 99, 105, 109, 110, 112, 113, 115, 117, 118, 120, 123, 125, 129, 130, 131, 135, 136, 139, 140, 143, 144, 145, 146, 147, 149, 150, 151, 152, 154, 155, 156, 157, 158, 159, 160, 161, 162, 163, 164, 166, 167, 168, 169, 170, 172, 173, 174, 175, 176, 177, 181, 182, 183, 185, 186, 187, 188, 189, 190, 191, 192, 193, 194, 195, 196, 197, 198, 199, 200]","{1: [<function expanding_mean at 0x000002C58F7A04A0>], 7: [<function rolling_mean_14 at 0x000002C5930FAA20>], 30: [<function expanding_mean at 0x000002C58F7A04A0>]}",lags_200_features_132,19.717469743464513,27.189518253853485,27.042881251386795,26.974455788464496,29.62327913286079,29.724393481028827,36.150081322342,35.74840482841059,41.552022303534905,43.240007994289265,42.6570509183131
LGBMRegressor,"AutoSeasonalityAndDifferences(max_diffs=380, max_season_length=267, n_seasons=10) | LocalMinMaxScaler(stats_=[[  5.11211699 325.92896936]])","[1, 2, 3, 4, 5, 6, 7, 8, 9, 10, 11, 12, 13, 14, 15, 16, 17, 18, 19, 20, 21, 22, 23, 24, 27, 28, 32, 33, 34, 36, 37, 39, 40, 41, 42, 43, 44, 45, 51, 55, 57, 60, 62, 64, 67, 68, 71, 72, 73, 74, 75, 76, 77, 78, 79, 80, 81, 86, 89, 91, 92, 97, 98, 99, 105, 109, 110, 112, 113, 115, 117, 118, 120, 123, 125, 129, 130, 131, 135, 136, 139, 140, 143, 144, 145, 146, 147, 149, 150, 151, 152, 154, 155, 156, 157, 158, 159, 160, 161, 162, 163, 164, 166, 167, 168, 169, 170, 172, 173, 174, 175, 176, 177, 181, 182, 183, 185, 186, 187, 188, 189, 190, 191, 192, 193, 194, 195, 196, 197, 198, 199, 200]","{1: [<function expanding_mean at 0x000002C58F7A04A0>], 7: [<function rolling_mean_14 at 0x000002C5930FAA20>], 30: [<function expanding_mean at 0x000002C58F7A04A0>]}",lags_200_features_132,13.635905548435542,22.011258919341703,23.177688855055727,23.927575595947168,25.663050248964925,26.13820625421405,32.4983243167892,32.368758353523056,34.21862113261919,36.12327230166969,35.666321197661944
SGD_EarlyStopping,"AutoSeasonalityAndDifferences(max_diffs=380, max_season_length=267, n_seasons=10) | LocalMinMaxScaler(stats_=[[  5.11211699 325.92896936]])","[1, 2, 3, 4, 5, 6, 7, 8, 9, 10, 11, 12, 13, 14, 15, 16, 17, 18, 19, 20, 21, 22, 23, 24, 27, 28, 32, 33, 34, 36, 37, 39, 40, 41, 42, 43, 44, 45, 51, 55, 57, 60, 62, 64, 67, 68, 71, 72, 73, 74, 75, 76, 77, 78, 79, 80, 81, 86, 89, 91, 92, 97, 98, 99, 105, 109, 110, 112, 113, 115, 117, 118, 120, 123, 125, 129, 130, 131, 135, 136, 139, 140, 143, 144, 145, 146, 147, 149, 150, 151, 152, 154, 155, 156, 157, 158, 159, 160, 161, 162, 163, 164, 166, 167, 168, 169, 170, 172, 173, 174, 175, 176, 177, 181, 182, 183, 185, 186, 187, 188, 189, 190, 191, 192, 193, 194, 195, 196, 197, 198, 199, 200]","{1: [<function rolling_mean_14 at 0x000002C5930FAA20>], 7: [<function rolling_mean_30 at 0x000002C58DBF9260>], 30: [<function expanding_mean at 0x000002C58F7A04A0>]}",lags_200_features_132,41.424280105028686,60.31791564979252,61.184012884842176,52.97277283091716,46.647310678878604,47.09267136893744,44.52835788034128,42.41570725569511,41.32730562581612,41.197597933941246,42.66296130224765
SGD_ElasticNet,"AutoSeasonalityAndDifferences(max_diffs=380, max_season_length=267, n_seasons=10) | LocalMinMaxScaler(stats_=[[  5.11211699 325.92896936]])","[1, 2, 3, 4, 5, 6, 7, 8, 9, 10, 11, 12, 13, 14, 15, 16, 17, 18, 19, 20, 21, 22, 23, 24, 27, 28, 32, 33, 34, 36, 37, 39, 40, 41, 42, 43, 44, 45, 51, 55, 57, 60, 62, 64, 67, 68, 71, 72, 73, 74, 75, 76, 77, 78, 79, 80, 81, 86, 89, 91, 92, 97, 98, 99, 105, 109, 110, 112, 113, 115, 117, 118, 120, 123, 125, 129, 130, 131, 135, 136, 139, 140, 143, 144, 145, 146, 147, 149, 150, 151, 152, 154, 155, 156, 157, 158, 159, 160, 161, 162, 163, 164, 166, 167, 168, 169, 170, 172, 173, 174, 175, 176, 177, 181, 182, 183, 185, 186, 187, 188, 189, 190, 191, 192, 193, 194, 195, 196, 197, 198, 199, 200]","{1: [<function rolling_mean_14 at 0x000002C5930FAA20>], 7: [<function rolling_mean_30 at 0x000002C58DBF9260>], 30: [<function expanding_mean at 0x000002C58F7A04A0>]}",lags_200_features_132,25.212745917285627,30.313913300773994,55.48879831409225,75.12661336606055,84.09583590085361,93.49352915525479,85.75582291519669,76.24300897237087,70.34466273354795,83.10315111960004,87.27373762999294
SGD_Lasso,"AutoSeasonalityAndDifferences(max_diffs=380, max_season_length=267, n_seasons=10) | LocalMinMaxScaler(stats_=[[  5.11211699 325.92896936]])","[1, 2, 3, 4, 5, 6, 7, 8, 9, 10, 11, 12, 13, 14, 15, 16, 17, 18, 19, 20, 21, 22, 23, 24, 27, 28, 32, 33, 34, 36, 37, 39, 40, 41, 42, 43, 44, 45, 51, 55, 57, 60, 62, 64, 67, 68, 71, 72, 73, 74, 75, 76, 77, 78, 79, 80, 81, 86, 89, 91, 92, 97, 98, 99, 105, 109, 110, 112, 113, 115, 117, 118, 120, 123, 125, 129, 130, 131, 135, 136, 139, 140, 143, 144, 145, 146, 147, 149, 150, 151, 152, 154, 155, 156, 157, 158, 159, 160, 161, 162, 163, 164, 166, 167, 168, 169, 170, 172, 173, 174, 175, 176, 177, 181, 182, 183, 185, 186, 187, 188, 189, 190, 191, 192, 193, 194, 195, 196, 197, 198, 199, 200]","{1: [<function rolling_mean_14 at 0x000002C5930FAA20>], 7: [<function rolling_mean_30 at 0x000002C58DBF9260>], 30: [<function expanding_mean at 0x000002C58F7A04A0>]}",lags_200_features_132,145.91668242307156,128.66457858121706,126.77088945740431,114.38817583127974,97.04802135367676,85.62326385462183,74.10101743566766,66.83985079017535,86.2044894423342,116.58506775597499,116.11560232705554
SGD_Ridge,"AutoSeasonalityAndDifferences(max_diffs=380, max_season_length=267, n_seasons=10) | LocalMinMaxScaler(stats_=[[  5.11211699 325.92896936]])","[1, 2, 3, 4, 5, 6, 7, 8, 9, 10, 11, 12, 13, 14, 15, 16, 17, 18, 19, 20, 21, 22, 23, 24, 27, 28, 32, 33, 34, 36, 37, 39, 40, 41, 42, 43, 44, 45, 51, 55, 57, 60, 62, 64, 67, 68, 71, 72, 73, 74, 75, 76, 77, 78, 79, 80, 81, 86, 89, 91, 92, 97, 98, 99, 105, 109, 110, 112, 113, 115, 117, 118, 120, 123, 125, 129, 130, 131, 135, 136, 139, 140, 143, 144, 145, 146, 147, 149, 150, 151, 152, 154, 155, 156, 157, 158, 159, 160, 161, 162, 163, 164, 166, 167, 168, 169, 170, 172, 173, 174, 175, 176, 177, 181, 182, 183, 185, 186, 187, 188, 189, 190, 191, 192, 193, 194, 195, 196, 197, 198, 199, 200]","{1: [<function rolling_mean_14 at 0x000002C5930FAA20>], 7: [<function rolling_mean_30 at 0x000002C58DBF9260>], 30: [<function expanding_mean at 0x000002C58F7A04A0>]}",lags_200_features_132,115.07262250724722,114.8706367036022,130.37744193237484,131.71956890342403,121.89296121831144,113.94476756938063,96.14474159952962,83.28351570373921,97.33356764393208,139.37040931242615,140.36308991855716
SGDRegressor,"AutoSeasonalityAndDifferences(max_diffs=380, max_season_length=267, n_seasons=10) | LocalMinMaxScaler(stats_=[[  5.11211699 325.92896936]])","[1, 2, 3, 4, 5, 6, 7, 8, 9, 10, 11, 12, 13, 14, 15, 16, 17, 18, 19, 20, 21, 22, 23, 24, 27, 28, 32, 33, 34, 36, 37, 39, 40, 41, 42, 43, 44, 45, 51, 55, 57, 60, 62, 64, 67, 68, 71, 72, 73, 74, 75, 76, 77, 78, 79, 80, 81, 86, 89, 91, 92, 97, 98, 99, 105, 109, 110, 112, 113, 115, 117, 118, 120, 123, 125, 129, 130, 131, 135, 136, 139, 140, 143, 144, 145, 146, 147, 149, 150, 151, 152, 154, 155, 156, 157, 158, 159, 160, 161, 162, 163, 164, 166, 167, 168, 169, 170, 172, 173, 174, 175, 176, 177, 181, 182, 183, 185, 186, 187, 188, 189, 190, 191, 192, 193, 194, 195, 196, 197, 198, 199, 200]","{1: [<function rolling_mean_14 at 0x000002C5930FAA20>], 7: [<function rolling_mean_30 at 0x000002C58DBF9260>], 30: [<function expanding_mean at 0x000002C58F7A04A0>]}",lags_200_features_132,13.003221189652553,18.17524580096385,43.5305154732265,67.1424045240251,80.75073590806852,94.92439656556454,90.55577607181591,81.14400974358888,78.11284576760737,87.54503123217211,92.15794343128297
XGBRegressor,"AutoSeasonalityAndDifferences(max_diffs=380, max_season_length=267, n_seasons=10) | LocalMinMaxScaler(stats_=[[  5.11211699 325.92896936]])","[1, 2, 3, 4, 5, 6, 7, 8, 9, 10, 11, 12, 13, 14, 15, 16, 17, 18, 19, 20, 21, 22, 23, 24, 27, 28, 32, 33, 34, 36, 37, 39, 40, 41, 42, 43, 44, 45, 51, 55, 57, 60, 62, 64, 67, 68, 71, 72, 73, 74, 75, 76, 77, 78, 79, 80, 81, 86, 89, 91, 92, 97, 98, 99, 105, 109, 110, 112, 113, 115, 117, 118, 120, 123, 125, 129, 130, 131, 135, 136, 139, 140, 143, 144, 145, 146, 147, 149, 150, 151, 152, 154, 155, 156, 157, 158, 159, 160, 161, 162, 163, 164, 166, 167, 168, 169, 170, 172, 173, 174, 175, 176, 177, 181, 182, 183, 185, 186, 187, 188, 189, 190, 191, 192, 193, 194, 195, 196, 197, 198, 199, 200]","{1: [<function rolling_mean_14 at 0x000002C5930FAA20>], 7: [<function rolling_mean_30 at 0x000002C58DBF9260>], 30: [<function expanding_mean at 0x000002C58F7A04A0>]}",lags_200_features_132,16.941913616616596,22.503207512236408,23.518130926678342,24.36949598463281,25.797456856502592,25.42772747708141,32.18055265622971,32.65076628512834,36.30456093262013,38.039669326330596,37.500275124248915
LGBMRegressor,"AutoSeasonalityAndDifferences(max_diffs=380, max_season_length=267, n_seasons=10) | LocalMinMaxScaler(stats_=[[  5.11211699 325.92896936]])","[1, 2, 3, 4, 5, 6, 7, 8, 9, 10, 11, 12, 13, 14, 15, 16, 17, 18, 19, 20, 21, 22, 23, 24, 27, 28, 32, 33, 34, 36, 37, 39, 40, 41, 42, 43, 44, 45, 51, 55, 57, 60, 62, 64, 67, 68, 71, 72, 73, 74, 75, 76, 77, 78, 79, 80, 81, 86, 89, 91, 92, 97, 98, 99, 105, 109, 110, 112, 113, 115, 117, 118, 120, 123, 125, 129, 130, 131, 135, 136, 139, 140, 143, 144, 145, 146, 147, 149, 150, 151, 152, 154, 155, 156, 157, 158, 159, 160, 161, 162, 163, 164, 166, 167, 168, 169, 170, 172, 173, 174, 175, 176, 177, 181, 182, 183, 185, 186, 187, 188, 189, 190, 191, 192, 193, 194, 195, 196, 197, 198, 199, 200]","{1: [<function rolling_mean_14 at 0x000002C5930FAA20>], 7: [<function rolling_mean_30 at 0x000002C58DBF9260>], 30: [<function expanding_mean at 0x000002C58F7A04A0>]}",lags_200_features_132,15.545814280806036,23.253323568221013,23.50367984167689,23.806356287474586,25.566541133444957,26.36284805399718,32.713514686858076,33.63301511288214,34.91052625764412,37.50811731903714,37.04598660689387
SGD_EarlyStopping,"AutoSeasonalityAndDifferences(max_diffs=380, max_season_length=267, n_seasons=10) | LocalMinMaxScaler(stats_=[[  5.11211699 325.92896936]])","[1, 2, 3, 4, 5, 6, 7, 8, 9, 10, 11, 12, 13, 14, 15, 16, 17, 18, 19, 20, 21, 22, 23, 24, 27, 28, 32, 33, 34, 36, 37, 39, 40, 41, 42, 43, 44, 45, 51, 55, 57, 60, 62, 64, 67, 68, 71, 72, 73, 74, 75, 76, 77, 78, 79, 80, 81, 86, 89, 91, 92, 97, 98, 99, 105, 109, 110, 112, 113, 115, 117, 118, 120, 123, 125, 129, 130, 131, 135, 136, 139, 140, 143, 144, 145, 146, 147, 149, 150, 151, 152, 154, 155, 156, 157, 158, 159, 160, 161, 162, 163, 164, 166, 167, 168, 169, 170, 172, 173, 174, 175, 176, 177, 181, 182, 183, 185, 186, 187, 188, 189, 190, 191, 192, 193, 194, 195, 196, 197, 198, 199, 200]","{7: [RollingMean(window_size=7)], 30: [RollingMean(window_size=30)], 60: [RollingMean(window_size=60)]}",lags_200_features_132,41.59178997559913,60.33220380867791,61.01893618883667,52.752279257818756,46.49385099546365,46.98050817130179,44.428606583266564,42.30769621171228,41.22928033916116,41.148302458015365,42.645849864469675
SGD_ElasticNet,"AutoSeasonalityAndDifferences(max_diffs=380, max_season_length=267, n_seasons=10) | LocalMinMaxScaler(stats_=[[  5.11211699 325.92896936]])","[1, 2, 3, 4, 5, 6, 7, 8, 9, 10, 11, 12, 13, 14, 15, 16, 17, 18, 19, 20, 21, 22, 23, 24, 27, 28, 32, 33, 34, 36, 37, 39, 40, 41, 42, 43, 44, 45, 51, 55, 57, 60, 62, 64, 67, 68, 71, 72, 73, 74, 75, 76, 77, 78, 79, 80, 81, 86, 89, 91, 92, 97, 98, 99, 105, 109, 110, 112, 113, 115, 117, 118, 120, 123, 125, 129, 130, 131, 135, 136, 139, 140, 143, 144, 145, 146, 147, 149, 150, 151, 152, 154, 155, 156, 157, 158, 159, 160, 161, 162, 163, 164, 166, 167, 168, 169, 170, 172, 173, 174, 175, 176, 177, 181, 182, 183, 185, 186, 187, 188, 189, 190, 191, 192, 193, 194, 195, 196, 197, 198, 199, 200]","{7: [RollingMean(window_size=7)], 30: [RollingMean(window_size=30)], 60: [RollingMean(window_size=60)]}",lags_200_features_132,25.120809418583633,30.23540488671903,55.37688874236713,74.95643814689342,83.85171754849229,93.15584311696458,85.37825818786423,75.84358489151917,69.9600269725693,83.22061893959024,87.40416633860787
SGD_Lasso,"AutoSeasonalityAndDifferences(max_diffs=380, max_season_length=267, n_seasons=10) | LocalMinMaxScaler(stats_=[[  5.11211699 325.92896936]])","[1, 2, 3, 4, 5, 6, 7, 8, 9, 10, 11, 12, 13, 14, 15, 16, 17, 18, 19, 20, 21, 22, 23, 24, 27, 28, 32, 33, 34, 36, 37, 39, 40, 41, 42, 43, 44, 45, 51, 55, 57, 60, 62, 64, 67, 68, 71, 72, 73, 74, 75, 76, 77, 78, 79, 80, 81, 86, 89, 91, 92, 97, 98, 99, 105, 109, 110, 112, 113, 115, 117, 118, 120, 123, 125, 129, 130, 131, 135, 136, 139, 140, 143, 144, 145, 146, 147, 149, 150, 151, 152, 154, 155, 156, 157, 158, 159, 160, 161, 162, 163, 164, 166, 167, 168, 169, 170, 172, 173, 174, 175, 176, 177, 181, 182, 183, 185, 186, 187, 188, 189, 190, 191, 192, 193, 194, 195, 196, 197, 198, 199, 200]","{7: [RollingMean(window_size=7)], 30: [RollingMean(window_size=30)], 60: [RollingMean(window_size=60)]}",lags_200_features_132,145.91668242307156,128.66457858121706,126.77088945740431,114.38817583127974,97.04802135367676,85.62326385462183,74.10101743566766,66.83985079017535,86.2044894423342,116.58506775597499,116.11560232705554
SGD_Ridge,"AutoSeasonalityAndDifferences(max_diffs=380, max_season_length=267, n_seasons=10) | LocalMinMaxScaler(stats_=[[  5.11211699 325.92896936]])","[1, 2, 3, 4, 5, 6, 7, 8, 9, 10, 11, 12, 13, 14, 15, 16, 17, 18, 19, 20, 21, 22, 23, 24, 27, 28, 32, 33, 34, 36, 37, 39, 40, 41, 42, 43, 44, 45, 51, 55, 57, 60, 62, 64, 67, 68, 71, 72, 73, 74, 75, 76, 77, 78, 79, 80, 81, 86, 89, 91, 92, 97, 98, 99, 105, 109, 110, 112, 113, 115, 117, 118, 120, 123, 125, 129, 130, 131, 135, 136, 139, 140, 143, 144, 145, 146, 147, 149, 150, 151, 152, 154, 155, 156, 157, 158, 159, 160, 161, 162, 163, 164, 166, 167, 168, 169, 170, 172, 173, 174, 175, 176, 177, 181, 182, 183, 185, 186, 187, 188, 189, 190, 191, 192, 193, 194, 195, 196, 197, 198, 199, 200]","{7: [RollingMean(window_size=7)], 30: [RollingMean(window_size=30)], 60: [RollingMean(window_size=60)]}",lags_200_features_132,114.93559863113516,114.6012821772048,130.09021070747156,131.4397711454295,121.63204082052216,113.70270605289777,95.9646855293654,83.1321968794924,97.16703165160894,139.15224910885237,140.14421535389593
SGDRegressor,"AutoSeasonalityAndDifferences(max_diffs=380, max_season_length=267, n_seasons=10) | LocalMinMaxScaler(stats_=[[  5.11211699 325.92896936]])","[1, 2, 3, 4, 5, 6, 7, 8, 9, 10, 11, 12, 13, 14, 15, 16, 17, 18, 19, 20, 21, 22, 23, 24, 27, 28, 32, 33, 34, 36, 37, 39, 40, 41, 42, 43, 44, 45, 51, 55, 57, 60, 62, 64, 67, 68, 71, 72, 73, 74, 75, 76, 77, 78, 79, 80, 81, 86, 89, 91, 92, 97, 98, 99, 105, 109, 110, 112, 113, 115, 117, 118, 120, 123, 125, 129, 130, 131, 135, 136, 139, 140, 143, 144, 145, 146, 147, 149, 150, 151, 152, 154, 155, 156, 157, 158, 159, 160, 161, 162, 163, 164, 166, 167, 168, 169, 170, 172, 173, 174, 175, 176, 177, 181, 182, 183, 185, 186, 187, 188, 189, 190, 191, 192, 193, 194, 195, 196, 197, 198, 199, 200]","{7: [RollingMean(window_size=7)], 30: [RollingMean(window_size=30)], 60: [RollingMean(window_size=60)]}",lags_200_features_132,12.82961546923137,17.947796538604532,43.0564042910967,66.45137311182538,79.89968230736703,93.90114604278318,89.50025436969628,80.14689764369895,77.13007379680575,86.60248647538874,91.25289584636643
XGBRegressor,"AutoSeasonalityAndDifferences(max_diffs=380, max_season_length=267, n_seasons=10) | LocalMinMaxScaler(stats_=[[  5.11211699 325.92896936]])","[1, 2, 3, 4, 5, 6, 7, 8, 9, 10, 11, 12, 13, 14, 15, 16, 17, 18, 19, 20, 21, 22, 23, 24, 27, 28, 32, 33, 34, 36, 37, 39, 40, 41, 42, 43, 44, 45, 51, 55, 57, 60, 62, 64, 67, 68, 71, 72, 73, 74, 75, 76, 77, 78, 79, 80, 81, 86, 89, 91, 92, 97, 98, 99, 105, 109, 110, 112, 113, 115, 117, 118, 120, 123, 125, 129, 130, 131, 135, 136, 139, 140, 143, 144, 145, 146, 147, 149, 150, 151, 152, 154, 155, 156, 157, 158, 159, 160, 161, 162, 163, 164, 166, 167, 168, 169, 170, 172, 173, 174, 175, 176, 177, 181, 182, 183, 185, 186, 187, 188, 189, 190, 191, 192, 193, 194, 195, 196, 197, 198, 199, 200]","{7: [RollingMean(window_size=7)], 30: [RollingMean(window_size=30)], 60: [RollingMean(window_size=60)]}",lags_200_features_132,16.22157282450634,24.16054612983859,25.212883398005687,25.68001064623075,27.601595565498314,28.38684223804504,35.17605853781669,35.15367339093916,42.16185870513049,51.15610404619785,50.37191891359792
LGBMRegressor,"AutoSeasonalityAndDifferences(max_diffs=380, max_season_length=267, n_seasons=10) | LocalMinMaxScaler(stats_=[[  5.11211699 325.92896936]])","[1, 2, 3, 4, 5, 6, 7, 8, 9, 10, 11, 12, 13, 14, 15, 16, 17, 18, 19, 20, 21, 22, 23, 24, 27, 28, 32, 33, 34, 36, 37, 39, 40, 41, 42, 43, 44, 45, 51, 55, 57, 60, 62, 64, 67, 68, 71, 72, 73, 74, 75, 76, 77, 78, 79, 80, 81, 86, 89, 91, 92, 97, 98, 99, 105, 109, 110, 112, 113, 115, 117, 118, 120, 123, 125, 129, 130, 131, 135, 136, 139, 140, 143, 144, 145, 146, 147, 149, 150, 151, 152, 154, 155, 156, 157, 158, 159, 160, 161, 162, 163, 164, 166, 167, 168, 169, 170, 172, 173, 174, 175, 176, 177, 181, 182, 183, 185, 186, 187, 188, 189, 190, 191, 192, 193, 194, 195, 196, 197, 198, 199, 200]","{7: [RollingMean(window_size=7)], 30: [RollingMean(window_size=30)], 60: [RollingMean(window_size=60)]}",lags_200_features_132,15.056092224735327,23.71828762823303,24.467154723242704,25.371401733959843,26.995518995691352,26.9882775690338,32.983203271123024,33.82766961723965,34.29628277494487,37.84880069206341,38.0209828903597
SGD_EarlyStopping,"AutoSeasonalityAndDifferences(max_diffs=380, max_season_length=267, n_seasons=10) | LocalMinMaxScaler(stats_=[[  5.11211699 325.92896936]])","[1, 2, 3, 4, 5, 6, 7, 8, 9, 10, 11, 12, 13, 14, 15, 16, 17, 18, 19, 20, 21, 22, 23, 24, 27, 28, 32, 33, 34, 36, 37, 39, 40, 41, 42, 43, 44, 45, 51, 55, 57, 60, 62, 64, 67, 68, 71, 72, 73, 74, 75, 76, 77, 78, 79, 80, 81, 86, 89, 91, 92, 97, 98, 99, 105, 109, 110, 112, 113, 115, 117, 118, 120, 123, 125, 129, 130, 131, 135, 136, 139, 140, 143, 144, 145, 146, 147, 149, 150, 151, 152, 154, 155, 156, 157, 158, 159, 160, 161, 162, 163, 164, 166, 167, 168, 169, 170, 172, 173, 174, 175, 176, 177, 181, 182, 183, 185, 186, 187, 188, 189, 190, 191, 192, 193, 194, 195, 196, 197, 198, 199, 200]","{7: [RollingMean(window_size=7), RollingStd(window_size=7)], 30: [RollingMean(window_size=30)], 60: [ExpandingMean()], 14: [ExponentiallyWeightedMean(alpha=0.3)]}",lags_200_features_132,40.95870637985704,59.77034830288485,60.57906616429422,52.4752596166024,46.21123648222592,46.618629073187904,44.108834787192805,41.91497221737268,40.743883390234245,40.75822658064351,42.28800503374535
SGD_ElasticNet,"AutoSeasonalityAndDifferences(max_diffs=380, max_season_length=267, n_seasons=10) | LocalMinMaxScaler(stats_=[[  5.11211699 325.92896936]])","[1, 2, 3, 4, 5, 6, 7, 8, 9, 10, 11, 12, 13, 14, 15, 16, 17, 18, 19, 20, 21, 22, 23, 24, 27, 28, 32, 33, 34, 36, 37, 39, 40, 41, 42, 43, 44, 45, 51, 55, 57, 60, 62, 64, 67, 68, 71, 72, 73, 74, 75, 76, 77, 78, 79, 80, 81, 86, 89, 91, 92, 97, 98, 99, 105, 109, 110, 112, 113, 115, 117, 118, 120, 123, 125, 129, 130, 131, 135, 136, 139, 140, 143, 144, 145, 146, 147, 149, 150, 151, 152, 154, 155, 156, 157, 158, 159, 160, 161, 162, 163, 164, 166, 167, 168, 169, 170, 172, 173, 174, 175, 176, 177, 181, 182, 183, 185, 186, 187, 188, 189, 190, 191, 192, 193, 194, 195, 196, 197, 198, 199, 200]","{7: [RollingMean(window_size=7), RollingStd(window_size=7)], 30: [RollingMean(window_size=30)], 60: [ExpandingMean()], 14: [ExponentiallyWeightedMean(alpha=0.3)]}",lags_200_features_132,26.123978377259345,31.3860413274467,56.80741854999201,76.50204644371709,85.40800242776051,94.73589312769845,86.75565588529317,77.00296602992027,70.91882983753364,83.9667733501114,88.16567009443213
SGD_Lasso,"AutoSeasonalityAndDifferences(max_diffs=380, max_season_length=267, n_seasons=10) | LocalMinMaxScaler(stats_=[[  5.11211699 325.92896936]])","[1, 2, 3, 4, 5, 6, 7, 8, 9, 10, 11, 12, 13, 14, 15, 16, 17, 18, 19, 20, 21, 22, 23, 24, 27, 28, 32, 33, 34, 36, 37, 39, 40, 41, 42, 43, 44, 45, 51, 55, 57, 60, 62, 64, 67, 68, 71, 72, 73, 74, 75, 76, 77, 78, 79, 80, 81, 86, 89, 91, 92, 97, 98, 99, 105, 109, 110, 112, 113, 115, 117, 118, 120, 123, 125, 129, 130, 131, 135, 136, 139, 140, 143, 144, 145, 146, 147, 149, 150, 151, 152, 154, 155, 156, 157, 158, 159, 160, 161, 162, 163, 164, 166, 167, 168, 169, 170, 172, 173, 174, 175, 176, 177, 181, 182, 183, 185, 186, 187, 188, 189, 190, 191, 192, 193, 194, 195, 196, 197, 198, 199, 200]","{7: [RollingMean(window_size=7), RollingStd(window_size=7)], 30: [RollingMean(window_size=30)], 60: [ExpandingMean()], 14: [ExponentiallyWeightedMean(alpha=0.3)]}",lags_200_features_132,145.91668242307156,128.66457858121706,126.77088945740431,114.38817583127974,97.04802135367676,85.62326385462183,74.10101743566766,66.83985079017535,86.2044894423342,116.58506775597499,116.11560232705554
SGD_Ridge,"AutoSeasonalityAndDifferences(max_diffs=380, max_season_length=267, n_seasons=10) | LocalMinMaxScaler(stats_=[[  5.11211699 325.92896936]])","[1, 2, 3, 4, 5, 6, 7, 8, 9, 10, 11, 12, 13, 14, 15, 16, 17, 18, 19, 20, 21, 22, 23, 24, 27, 28, 32, 33, 34, 36, 37, 39, 40, 41, 42, 43, 44, 45, 51, 55, 57, 60, 62, 64, 67, 68, 71, 72, 73, 74, 75, 76, 77, 78, 79, 80, 81, 86, 89, 91, 92, 97, 98, 99, 105, 109, 110, 112, 113, 115, 117, 118, 120, 123, 125, 129, 130, 131, 135, 136, 139, 140, 143, 144, 145, 146, 147, 149, 150, 151, 152, 154, 155, 156, 157, 158, 159, 160, 161, 162, 163, 164, 166, 167, 168, 169, 170, 172, 173, 174, 175, 176, 177, 181, 182, 183, 185, 186, 187, 188, 189, 190, 191, 192, 193, 194, 195, 196, 197, 198, 199, 200]","{7: [RollingMean(window_size=7), RollingStd(window_size=7)], 30: [RollingMean(window_size=30)], 60: [ExpandingMean()], 14: [ExponentiallyWeightedMean(alpha=0.3)]}",lags_200_features_132,114.782125966292,114.64417436611456,130.2574688511555,131.680958500988,121.91342479343048,114.01504690833369,96.2092544767302,83.32140596143589,97.28533143422911,139.3444370515181,140.35110231836714
SGDRegressor,"AutoSeasonalityAndDifferences(max_diffs=380, max_season_length=267, n_seasons=10) | LocalMinMaxScaler(stats_=[[  5.11211699 325.92896936]])","[1, 2, 3, 4, 5, 6, 7, 8, 9, 10, 11, 12, 13, 14, 15, 16, 17, 18, 19, 20, 21, 22, 23, 24, 27, 28, 32, 33, 34, 36, 37, 39, 40, 41, 42, 43, 44, 45, 51, 55, 57, 60, 62, 64, 67, 68, 71, 72, 73, 74, 75, 76, 77, 78, 79, 80, 81, 86, 89, 91, 92, 97, 98, 99, 105, 109, 110, 112, 113, 115, 117, 118, 120, 123, 125, 129, 130, 131, 135, 136, 139, 140, 143, 144, 145, 146, 147, 149, 150, 151, 152, 154, 155, 156, 157, 158, 159, 160, 161, 162, 163, 164, 166, 167, 168, 169, 170, 172, 173, 174, 175, 176, 177, 181, 182, 183, 185, 186, 187, 188, 189, 190, 191, 192, 193, 194, 195, 196, 197, 198, 199, 200]","{7: [RollingMean(window_size=7), RollingStd(window_size=7)], 30: [RollingMean(window_size=30)], 60: [ExpandingMean()], 14: [ExponentiallyWeightedMean(alpha=0.3)]}",lags_200_features_132,13.314129148049222,18.55766048886367,44.03877905937165,67.58943072454021,81.06639646304211,95.09223096986915,90.56586262145615,81.01764797518088,77.91455875160747,87.2923093285154,91.95220862245208
XGBRegressor,"AutoSeasonalityAndDifferences(max_diffs=380, max_season_length=267, n_seasons=10) | LocalMinMaxScaler(stats_=[[  5.11211699 325.92896936]])","[1, 2, 3, 4, 5, 6, 7, 8, 9, 10, 11, 12, 13, 14, 15, 16, 17, 18, 19, 20, 21, 22, 23, 24, 27, 28, 32, 33, 34, 36, 37, 39, 40, 41, 42, 43, 44, 45, 51, 55, 57, 60, 62, 64, 67, 68, 71, 72, 73, 74, 75, 76, 77, 78, 79, 80, 81, 86, 89, 91, 92, 97, 98, 99, 105, 109, 110, 112, 113, 115, 117, 118, 120, 123, 125, 129, 130, 131, 135, 136, 139, 140, 143, 144, 145, 146, 147, 149, 150, 151, 152, 154, 155, 156, 157, 158, 159, 160, 161, 162, 163, 164, 166, 167, 168, 169, 170, 172, 173, 174, 175, 176, 177, 181, 182, 183, 185, 186, 187, 188, 189, 190, 191, 192, 193, 194, 195, 196, 197, 198, 199, 200]","{7: [RollingMean(window_size=7), RollingStd(window_size=7)], 30: [RollingMean(window_size=30)], 60: [ExpandingMean()], 14: [ExponentiallyWeightedMean(alpha=0.3)]}",lags_200_features_132,14.095660683981814,22.37084135010402,23.990195863930346,24.660138213485393,26.546963885170484,27.152548317886783,32.18170791964736,31.828523574704338,34.12384781436917,34.16234436774143,33.69496493351102
LGBMRegressor,"AutoSeasonalityAndDifferences(max_diffs=380, max_season_length=267, n_seasons=10) | LocalMinMaxScaler(stats_=[[  5.11211699 325.92896936]])","[1, 2, 3, 4, 5, 6, 7, 8, 9, 10, 11, 12, 13, 14, 15, 16, 17, 18, 19, 20, 21, 22, 23, 24, 27, 28, 32, 33, 34, 36, 37, 39, 40, 41, 42, 43, 44, 45, 51, 55, 57, 60, 62, 64, 67, 68, 71, 72, 73, 74, 75, 76, 77, 78, 79, 80, 81, 86, 89, 91, 92, 97, 98, 99, 105, 109, 110, 112, 113, 115, 117, 118, 120, 123, 125, 129, 130, 131, 135, 136, 139, 140, 143, 144, 145, 146, 147, 149, 150, 151, 152, 154, 155, 156, 157, 158, 159, 160, 161, 162, 163, 164, 166, 167, 168, 169, 170, 172, 173, 174, 175, 176, 177, 181, 182, 183, 185, 186, 187, 188, 189, 190, 191, 192, 193, 194, 195, 196, 197, 198, 199, 200]","{7: [RollingMean(window_size=7), RollingStd(window_size=7)], 30: [RollingMean(window_size=30)], 60: [ExpandingMean()], 14: [ExponentiallyWeightedMean(alpha=0.3)]}",lags_200_features_132,11.09541554386633,19.760441332230364,21.796696602440647,23.361078404173018,25.5875340551315,26.596034397690133,33.093303322492304,33.08558402221182,35.08152729283909,36.53002762924264,35.984940309587884
XGBRegressor,"AutoSeasonalityAndDifferences(max_diffs=380, max_season_length=267, n_seasons=10) | LocalBoxCox(lower=0.0, method=loglik, season_length=None, stats_=[[4.10226185e-05 0.00000000e+00]], upper=2.0)","[1, 2, 3, 4, 5, 6, 7, 8, 9, 10, 11, 12, 13, 14, 15, 16, 17, 18, 19, 20, 21, 22, 23, 24, 27, 28, 32, 33, 34, 36, 37, 39, 40, 41, 42, 43, 44, 45, 51, 55, 57, 60, 62, 64, 67, 68, 71, 72, 73, 74, 75, 76, 77, 78, 79, 80, 81, 86, 89, 91, 92, 97, 98, 99, 105, 109, 110, 112, 113, 115, 117, 118, 120, 123, 125, 129, 130, 131, 135, 136, 139, 140, 143, 144, 145, 146, 147, 149, 150, 151, 152, 154, 155, 156, 157, 158, 159, 160, 161, 162, 163, 164, 166, 167, 168, 169, 170, 172, 173, 174, 175, 176, 177, 181, 182, 183, 185, 186, 187, 188, 189, 190, 191, 192, 193, 194, 195, 196, 197, 198, 199, 200]","{1: [<function expanding_mean at 0x000002C58F7A04A0>], 7: [<function rolling_mean_14 at 0x000002C5930FAA20>], 30: [<function expanding_mean at 0x000002C58F7A04A0>]}",lags_200_features_132,19.090027352575703,28.00280653705697,29.351276680888063,30.557245828857276,32.287623499447236,32.28131277405599,34.447237344673326,35.629454258661504,55.28656139933902,52.14713750107083,51.598172518984
LGBMRegressor,"AutoSeasonalityAndDifferences(max_diffs=380, max_season_length=267, n_seasons=10) | LocalBoxCox(lower=0.0, method=loglik, season_length=None, stats_=[[4.10226185e-05 0.00000000e+00]], upper=2.0)","[1, 2, 3, 4, 5, 6, 7, 8, 9, 10, 11, 12, 13, 14, 15, 16, 17, 18, 19, 20, 21, 22, 23, 24, 27, 28, 32, 33, 34, 36, 37, 39, 40, 41, 42, 43, 44, 45, 51, 55, 57, 60, 62, 64, 67, 68, 71, 72, 73, 74, 75, 76, 77, 78, 79, 80, 81, 86, 89, 91, 92, 97, 98, 99, 105, 109, 110, 112, 113, 115, 117, 118, 120, 123, 125, 129, 130, 131, 135, 136, 139, 140, 143, 144, 145, 146, 147, 149, 150, 151, 152, 154, 155, 156, 157, 158, 159, 160, 161, 162, 163, 164, 166, 167, 168, 169, 170, 172, 173, 174, 175, 176, 177, 181, 182, 183, 185, 186, 187, 188, 189, 190, 191, 192, 193, 194, 195, 196, 197, 198, 199, 200]","{1: [<function expanding_mean at 0x000002C58F7A04A0>], 7: [<function rolling_mean_14 at 0x000002C5930FAA20>], 30: [<function expanding_mean at 0x000002C58F7A04A0>]}",lags_200_features_132,14.758879645691739,22.67852115045283,23.387820119631037,23.994161474109426,25.613650707883362,25.340769804621477,28.872702719232063,42.23605041240041,55.219441355278086,51.7649693412684,50.891674258087235
XGBRegressor,"AutoSeasonalityAndDifferences(max_diffs=380, max_season_length=267, n_seasons=10) | LocalBoxCox(lower=0.0, method=loglik, season_length=None, stats_=[[4.10226185e-05 0.00000000e+00]], upper=2.0)","[1, 2, 3, 4, 5, 6, 7, 8, 9, 10, 11, 12, 13, 14, 15, 16, 17, 18, 19, 20, 21, 22, 23, 24, 27, 28, 32, 33, 34, 36, 37, 39, 40, 41, 42, 43, 44, 45, 51, 55, 57, 60, 62, 64, 67, 68, 71, 72, 73, 74, 75, 76, 77, 78, 79, 80, 81, 86, 89, 91, 92, 97, 98, 99, 105, 109, 110, 112, 113, 115, 117, 118, 120, 123, 125, 129, 130, 131, 135, 136, 139, 140, 143, 144, 145, 146, 147, 149, 150, 151, 152, 154, 155, 156, 157, 158, 159, 160, 161, 162, 163, 164, 166, 167, 168, 169, 170, 172, 173, 174, 175, 176, 177, 181, 182, 183, 185, 186, 187, 188, 189, 190, 191, 192, 193, 194, 195, 196, 197, 198, 199, 200]","{1: [<function rolling_mean_14 at 0x000002C5930FAA20>], 7: [<function rolling_mean_30 at 0x000002C58DBF9260>], 30: [<function expanding_mean at 0x000002C58F7A04A0>]}",lags_200_features_132,17.56337515747569,25.85238456644095,26.108136072424415,27.251048511422788,29.786127462595747,30.14288929855411,33.47289074183932,50.85146016492862,70.25378581863338,62.08258367845555,61.075415015567614
LGBMRegressor,"AutoSeasonalityAndDifferences(max_diffs=380, max_season_length=267, n_seasons=10) | LocalBoxCox(lower=0.0, method=loglik, season_length=None, stats_=[[4.10226185e-05 0.00000000e+00]], upper=2.0)","[1, 2, 3, 4, 5, 6, 7, 8, 9, 10, 11, 12, 13, 14, 15, 16, 17, 18, 19, 20, 21, 22, 23, 24, 27, 28, 32, 33, 34, 36, 37, 39, 40, 41, 42, 43, 44, 45, 51, 55, 57, 60, 62, 64, 67, 68, 71, 72, 73, 74, 75, 76, 77, 78, 79, 80, 81, 86, 89, 91, 92, 97, 98, 99, 105, 109, 110, 112, 113, 115, 117, 118, 120, 123, 125, 129, 130, 131, 135, 136, 139, 140, 143, 144, 145, 146, 147, 149, 150, 151, 152, 154, 155, 156, 157, 158, 159, 160, 161, 162, 163, 164, 166, 167, 168, 169, 170, 172, 173, 174, 175, 176, 177, 181, 182, 183, 185, 186, 187, 188, 189, 190, 191, 192, 193, 194, 195, 196, 197, 198, 199, 200]","{1: [<function rolling_mean_14 at 0x000002C5930FAA20>], 7: [<function rolling_mean_30 at 0x000002C58DBF9260>], 30: [<function expanding_mean at 0x000002C58F7A04A0>]}",lags_200_features_132,14.971265117243874,21.679717561390635,22.051114252919295,22.00639658928561,23.872891482545953,24.765136549132865,29.767966343648162,45.02381321204579,63.795179212814176,64.836447739097,63.4970281699818
XGBRegressor,"AutoSeasonalityAndDifferences(max_diffs=380, max_season_length=267, n_seasons=10) | LocalBoxCox(lower=0.0, method=loglik, season_length=None, stats_=[[4.10226185e-05 0.00000000e+00]], upper=2.0)","[1, 2, 3, 4, 5, 6, 7, 8, 9, 10, 11, 12, 13, 14, 15, 16, 17, 18, 19, 20, 21, 22, 23, 24, 27, 28, 32, 33, 34, 36, 37, 39, 40, 41, 42, 43, 44, 45, 51, 55, 57, 60, 62, 64, 67, 68, 71, 72, 73, 74, 75, 76, 77, 78, 79, 80, 81, 86, 89, 91, 92, 97, 98, 99, 105, 109, 110, 112, 113, 115, 117, 118, 120, 123, 125, 129, 130, 131, 135, 136, 139, 140, 143, 144, 145, 146, 147, 149, 150, 151, 152, 154, 155, 156, 157, 158, 159, 160, 161, 162, 163, 164, 166, 167, 168, 169, 170, 172, 173, 174, 175, 176, 177, 181, 182, 183, 185, 186, 187, 188, 189, 190, 191, 192, 193, 194, 195, 196, 197, 198, 199, 200]","{7: [RollingMean(window_size=7)], 30: [RollingMean(window_size=30)], 60: [RollingMean(window_size=60)]}",lags_200_features_132,17.629808657392797,25.277810938233987,26.192025807324566,27.094500048431318,28.863758968735443,28.958331203015863,35.25392525241383,35.05667938241335,37.8074624737532,40.36489880536304,39.723836694586915
LGBMRegressor,"AutoSeasonalityAndDifferences(max_diffs=380, max_season_length=267, n_seasons=10) | LocalBoxCox(lower=0.0, method=loglik, season_length=None, stats_=[[4.10226185e-05 0.00000000e+00]], upper=2.0)","[1, 2, 3, 4, 5, 6, 7, 8, 9, 10, 11, 12, 13, 14, 15, 16, 17, 18, 19, 20, 21, 22, 23, 24, 27, 28, 32, 33, 34, 36, 37, 39, 40, 41, 42, 43, 44, 45, 51, 55, 57, 60, 62, 64, 67, 68, 71, 72, 73, 74, 75, 76, 77, 78, 79, 80, 81, 86, 89, 91, 92, 97, 98, 99, 105, 109, 110, 112, 113, 115, 117, 118, 120, 123, 125, 129, 130, 131, 135, 136, 139, 140, 143, 144, 145, 146, 147, 149, 150, 151, 152, 154, 155, 156, 157, 158, 159, 160, 161, 162, 163, 164, 166, 167, 168, 169, 170, 172, 173, 174, 175, 176, 177, 181, 182, 183, 185, 186, 187, 188, 189, 190, 191, 192, 193, 194, 195, 196, 197, 198, 199, 200]","{7: [RollingMean(window_size=7)], 30: [RollingMean(window_size=30)], 60: [RollingMean(window_size=60)]}",lags_200_features_132,14.595462579916157,22.352731296695428,22.990598639359266,23.049491076416693,24.73884210567933,24.82587534929348,29.565980892184424,42.373024238356116,56.37933608029464,53.50262425338463,52.53739380175128
XGBRegressor,"AutoSeasonalityAndDifferences(max_diffs=380, max_season_length=267, n_seasons=10) | LocalBoxCox(lower=0.0, method=loglik, season_length=None, stats_=[[4.10226185e-05 0.00000000e+00]], upper=2.0)","[1, 2, 3, 4, 5, 6, 7, 8, 9, 10, 11, 12, 13, 14, 15, 16, 17, 18, 19, 20, 21, 22, 23, 24, 27, 28, 32, 33, 34, 36, 37, 39, 40, 41, 42, 43, 44, 45, 51, 55, 57, 60, 62, 64, 67, 68, 71, 72, 73, 74, 75, 76, 77, 78, 79, 80, 81, 86, 89, 91, 92, 97, 98, 99, 105, 109, 110, 112, 113, 115, 117, 118, 120, 123, 125, 129, 130, 131, 135, 136, 139, 140, 143, 144, 145, 146, 147, 149, 150, 151, 152, 154, 155, 156, 157, 158, 159, 160, 161, 162, 163, 164, 166, 167, 168, 169, 170, 172, 173, 174, 175, 176, 177, 181, 182, 183, 185, 186, 187, 188, 189, 190, 191, 192, 193, 194, 195, 196, 197, 198, 199, 200]","{7: [RollingMean(window_size=7), RollingStd(window_size=7)], 30: [RollingMean(window_size=30)], 60: [ExpandingMean()], 14: [ExponentiallyWeightedMean(alpha=0.3)]}",lags_200_features_132,18.77131123252587,27.117988939305576,28.089080179191896,27.781588748969117,29.06940665314761,29.57454795972024,35.807984386938685,38.589465277956236,81.66245293167904,92.88756348470005,91.3060830515902
LGBMRegressor,"AutoSeasonalityAndDifferences(max_diffs=380, max_season_length=267, n_seasons=10) | LocalBoxCox(lower=0.0, method=loglik, season_length=None, stats_=[[4.10226185e-05 0.00000000e+00]], upper=2.0)","[1, 2, 3, 4, 5, 6, 7, 8, 9, 10, 11, 12, 13, 14, 15, 16, 17, 18, 19, 20, 21, 22, 23, 24, 27, 28, 32, 33, 34, 36, 37, 39, 40, 41, 42, 43, 44, 45, 51, 55, 57, 60, 62, 64, 67, 68, 71, 72, 73, 74, 75, 76, 77, 78, 79, 80, 81, 86, 89, 91, 92, 97, 98, 99, 105, 109, 110, 112, 113, 115, 117, 118, 120, 123, 125, 129, 130, 131, 135, 136, 139, 140, 143, 144, 145, 146, 147, 149, 150, 151, 152, 154, 155, 156, 157, 158, 159, 160, 161, 162, 163, 164, 166, 167, 168, 169, 170, 172, 173, 174, 175, 176, 177, 181, 182, 183, 185, 186, 187, 188, 189, 190, 191, 192, 193, 194, 195, 196, 197, 198, 199, 200]","{7: [RollingMean(window_size=7), RollingStd(window_size=7)], 30: [RollingMean(window_size=30)], 60: [ExpandingMean()], 14: [ExponentiallyWeightedMean(alpha=0.3)]}",lags_200_features_132,13.055473624933144,21.608791542958706,23.075979112365292,23.443231030411766,25.163511289910456,25.457384566371815,29.228962653027825,43.23659339819964,59.700911584782276,54.76372634171758,53.84039928438051
XGBRegressor,,"[1, 2, 3, 4, 5, 6, 7, 8, 9, 10, 11, 12, 13, 14, 15, 16, 17, 18, 19, 20, 21, 22, 23, 24, 25, 26, 27, 28, 29, 30, 31, 32, 33, 34, 35, 36, 37, 38, 39, 40, 41, 42, 43, 44, 45, 46, 47, 48, 49, 50, 51, 52, 53, 54, 55, 56, 57, 58, 59, 60, 61, 62, 63, 64, 65, 66, 67, 68, 69, 70, 71, 72, 73, 74, 75, 76, 77, 78, 79, 80, 81, 82, 83, 84, 85, 86, 87, 88, 89, 90, 91, 92, 93, 94, 95, 96, 97, 98, 99, 100, 101, 102, 103, 104, 105, 106, 107, 108, 109, 110, 111, 112, 113, 114, 115, 116, 117, 118, 119, 120, 121, 122, 123, 124, 125, 126, 127, 128, 129, 130, 131, 132, 133, 134, 135, 136, 137, 138, 139, 140, 141, 142, 143, 144, 145, 146, 147, 148, 149, 150, 151, 152, 153, 154, 155, 156, 157, 158, 159, 160, 161, 162, 163, 164, 165, 166, 167, 168, 169, 170, 171, 172, 173, 174, 175, 176, 177, 178, 179, 180, 181, 182, 183, 184, 185, 186, 187, 188, 189, 190, 191, 192, 193, 194, 195, 196, 197, 198, 199, 200]","{1: [<function expanding_mean at 0x000002C58F7A04A0>], 7: [<function rolling_mean_14 at 0x000002C5930FAA20>], 30: [<function expanding_mean at 0x000002C58F7A04A0>]}",lags_200_features_200,18.801024009862857,24.724300929168045,25.594047960476395,26.232007248433803,26.867176149179432,27.048978605166663,31.18660814275137,31.55954678928011,44.15300727068413,44.89918378789437,44.357146419409744
LGBMRegressor,,"[1, 2, 3, 4, 5, 6, 7, 8, 9, 10, 11, 12, 13, 14, 15, 16, 17, 18, 19, 20, 21, 22, 23, 24, 25, 26, 27, 28, 29, 30, 31, 32, 33, 34, 35, 36, 37, 38, 39, 40, 41, 42, 43, 44, 45, 46, 47, 48, 49, 50, 51, 52, 53, 54, 55, 56, 57, 58, 59, 60, 61, 62, 63, 64, 65, 66, 67, 68, 69, 70, 71, 72, 73, 74, 75, 76, 77, 78, 79, 80, 81, 82, 83, 84, 85, 86, 87, 88, 89, 90, 91, 92, 93, 94, 95, 96, 97, 98, 99, 100, 101, 102, 103, 104, 105, 106, 107, 108, 109, 110, 111, 112, 113, 114, 115, 116, 117, 118, 119, 120, 121, 122, 123, 124, 125, 126, 127, 128, 129, 130, 131, 132, 133, 134, 135, 136, 137, 138, 139, 140, 141, 142, 143, 144, 145, 146, 147, 148, 149, 150, 151, 152, 153, 154, 155, 156, 157, 158, 159, 160, 161, 162, 163, 164, 165, 166, 167, 168, 169, 170, 171, 172, 173, 174, 175, 176, 177, 178, 179, 180, 181, 182, 183, 184, 185, 186, 187, 188, 189, 190, 191, 192, 193, 194, 195, 196, 197, 198, 199, 200]","{1: [<function expanding_mean at 0x000002C58F7A04A0>], 7: [<function rolling_mean_14 at 0x000002C5930FAA20>], 30: [<function expanding_mean at 0x000002C58F7A04A0>]}",lags_200_features_200,13.219222136656322,22.960286848484817,23.93284681013441,24.581388100457417,27.011993573899257,28.192632980047282,33.45854912338559,33.25686915548676,38.22833965443424,38.641426482425324,38.08067683666275
XGBRegressor,,"[1, 2, 3, 4, 5, 6, 7, 8, 9, 10, 11, 12, 13, 14, 15, 16, 17, 18, 19, 20, 21, 22, 23, 24, 25, 26, 27, 28, 29, 30, 31, 32, 33, 34, 35, 36, 37, 38, 39, 40, 41, 42, 43, 44, 45, 46, 47, 48, 49, 50, 51, 52, 53, 54, 55, 56, 57, 58, 59, 60, 61, 62, 63, 64, 65, 66, 67, 68, 69, 70, 71, 72, 73, 74, 75, 76, 77, 78, 79, 80, 81, 82, 83, 84, 85, 86, 87, 88, 89, 90, 91, 92, 93, 94, 95, 96, 97, 98, 99, 100, 101, 102, 103, 104, 105, 106, 107, 108, 109, 110, 111, 112, 113, 114, 115, 116, 117, 118, 119, 120, 121, 122, 123, 124, 125, 126, 127, 128, 129, 130, 131, 132, 133, 134, 135, 136, 137, 138, 139, 140, 141, 142, 143, 144, 145, 146, 147, 148, 149, 150, 151, 152, 153, 154, 155, 156, 157, 158, 159, 160, 161, 162, 163, 164, 165, 166, 167, 168, 169, 170, 171, 172, 173, 174, 175, 176, 177, 178, 179, 180, 181, 182, 183, 184, 185, 186, 187, 188, 189, 190, 191, 192, 193, 194, 195, 196, 197, 198, 199, 200]","{1: [<function rolling_mean_14 at 0x000002C5930FAA20>], 7: [<function rolling_mean_30 at 0x000002C58DBF9260>], 30: [<function expanding_mean at 0x000002C58F7A04A0>]}",lags_200_features_200,16.03588411007631,22.923480783131847,24.341544199825126,25.03965114339933,26.366532674593614,27.066955934276653,34.065665442267424,34.626259018672265,38.86903750878858,46.16358392989022,45.451856498415005
LGBMRegressor,,"[1, 2, 3, 4, 5, 6, 7, 8, 9, 10, 11, 12, 13, 14, 15, 16, 17, 18, 19, 20, 21, 22, 23, 24, 25, 26, 27, 28, 29, 30, 31, 32, 33, 34, 35, 36, 37, 38, 39, 40, 41, 42, 43, 44, 45, 46, 47, 48, 49, 50, 51, 52, 53, 54, 55, 56, 57, 58, 59, 60, 61, 62, 63, 64, 65, 66, 67, 68, 69, 70, 71, 72, 73, 74, 75, 76, 77, 78, 79, 80, 81, 82, 83, 84, 85, 86, 87, 88, 89, 90, 91, 92, 93, 94, 95, 96, 97, 98, 99, 100, 101, 102, 103, 104, 105, 106, 107, 108, 109, 110, 111, 112, 113, 114, 115, 116, 117, 118, 119, 120, 121, 122, 123, 124, 125, 126, 127, 128, 129, 130, 131, 132, 133, 134, 135, 136, 137, 138, 139, 140, 141, 142, 143, 144, 145, 146, 147, 148, 149, 150, 151, 152, 153, 154, 155, 156, 157, 158, 159, 160, 161, 162, 163, 164, 165, 166, 167, 168, 169, 170, 171, 172, 173, 174, 175, 176, 177, 178, 179, 180, 181, 182, 183, 184, 185, 186, 187, 188, 189, 190, 191, 192, 193, 194, 195, 196, 197, 198, 199, 200]","{1: [<function rolling_mean_14 at 0x000002C5930FAA20>], 7: [<function rolling_mean_30 at 0x000002C58DBF9260>], 30: [<function expanding_mean at 0x000002C58F7A04A0>]}",lags_200_features_200,13.763482804945646,23.23775348254285,23.960331402773598,24.693400945154078,26.486527117006514,26.914393445173612,32.95351921875676,33.59487877676939,34.89056626269299,36.50179694622484,36.02896384300745
XGBRegressor,,"[1, 2, 3, 4, 5, 6, 7, 8, 9, 10, 11, 12, 13, 14, 15, 16, 17, 18, 19, 20, 21, 22, 23, 24, 25, 26, 27, 28, 29, 30, 31, 32, 33, 34, 35, 36, 37, 38, 39, 40, 41, 42, 43, 44, 45, 46, 47, 48, 49, 50, 51, 52, 53, 54, 55, 56, 57, 58, 59, 60, 61, 62, 63, 64, 65, 66, 67, 68, 69, 70, 71, 72, 73, 74, 75, 76, 77, 78, 79, 80, 81, 82, 83, 84, 85, 86, 87, 88, 89, 90, 91, 92, 93, 94, 95, 96, 97, 98, 99, 100, 101, 102, 103, 104, 105, 106, 107, 108, 109, 110, 111, 112, 113, 114, 115, 116, 117, 118, 119, 120, 121, 122, 123, 124, 125, 126, 127, 128, 129, 130, 131, 132, 133, 134, 135, 136, 137, 138, 139, 140, 141, 142, 143, 144, 145, 146, 147, 148, 149, 150, 151, 152, 153, 154, 155, 156, 157, 158, 159, 160, 161, 162, 163, 164, 165, 166, 167, 168, 169, 170, 171, 172, 173, 174, 175, 176, 177, 178, 179, 180, 181, 182, 183, 184, 185, 186, 187, 188, 189, 190, 191, 192, 193, 194, 195, 196, 197, 198, 199, 200]","{7: [RollingMean(window_size=7)], 30: [RollingMean(window_size=30)], 60: [RollingMean(window_size=60)]}",lags_200_features_200,16.459424032737864,22.97334203829795,24.642564745203984,24.606581886102184,25.90328343097688,26.685817684653117,34.382941762803924,34.762886714829634,40.99178271152375,52.216847352074616,51.49153186832321
LGBMRegressor,,"[1, 2, 3, 4, 5, 6, 7, 8, 9, 10, 11, 12, 13, 14, 15, 16, 17, 18, 19, 20, 21, 22, 23, 24, 25, 26, 27, 28, 29, 30, 31, 32, 33, 34, 35, 36, 37, 38, 39, 40, 41, 42, 43, 44, 45, 46, 47, 48, 49, 50, 51, 52, 53, 54, 55, 56, 57, 58, 59, 60, 61, 62, 63, 64, 65, 66, 67, 68, 69, 70, 71, 72, 73, 74, 75, 76, 77, 78, 79, 80, 81, 82, 83, 84, 85, 86, 87, 88, 89, 90, 91, 92, 93, 94, 95, 96, 97, 98, 99, 100, 101, 102, 103, 104, 105, 106, 107, 108, 109, 110, 111, 112, 113, 114, 115, 116, 117, 118, 119, 120, 121, 122, 123, 124, 125, 126, 127, 128, 129, 130, 131, 132, 133, 134, 135, 136, 137, 138, 139, 140, 141, 142, 143, 144, 145, 146, 147, 148, 149, 150, 151, 152, 153, 154, 155, 156, 157, 158, 159, 160, 161, 162, 163, 164, 165, 166, 167, 168, 169, 170, 171, 172, 173, 174, 175, 176, 177, 178, 179, 180, 181, 182, 183, 184, 185, 186, 187, 188, 189, 190, 191, 192, 193, 194, 195, 196, 197, 198, 199, 200]","{7: [RollingMean(window_size=7)], 30: [RollingMean(window_size=30)], 60: [RollingMean(window_size=60)]}",lags_200_features_200,16.574852794632775,25.339147279056558,25.936520826480464,25.984607325787962,27.421849445038216,27.601570145032344,32.361828542103325,32.17463895944307,34.129855517246824,34.19427919140066,33.731714199315185
XGBRegressor,,"[1, 2, 3, 4, 5, 6, 7, 8, 9, 10, 11, 12, 13, 14, 15, 16, 17, 18, 19, 20, 21, 22, 23, 24, 25, 26, 27, 28, 29, 30, 31, 32, 33, 34, 35, 36, 37, 38, 39, 40, 41, 42, 43, 44, 45, 46, 47, 48, 49, 50, 51, 52, 53, 54, 55, 56, 57, 58, 59, 60, 61, 62, 63, 64, 65, 66, 67, 68, 69, 70, 71, 72, 73, 74, 75, 76, 77, 78, 79, 80, 81, 82, 83, 84, 85, 86, 87, 88, 89, 90, 91, 92, 93, 94, 95, 96, 97, 98, 99, 100, 101, 102, 103, 104, 105, 106, 107, 108, 109, 110, 111, 112, 113, 114, 115, 116, 117, 118, 119, 120, 121, 122, 123, 124, 125, 126, 127, 128, 129, 130, 131, 132, 133, 134, 135, 136, 137, 138, 139, 140, 141, 142, 143, 144, 145, 146, 147, 148, 149, 150, 151, 152, 153, 154, 155, 156, 157, 158, 159, 160, 161, 162, 163, 164, 165, 166, 167, 168, 169, 170, 171, 172, 173, 174, 175, 176, 177, 178, 179, 180, 181, 182, 183, 184, 185, 186, 187, 188, 189, 190, 191, 192, 193, 194, 195, 196, 197, 198, 199, 200]","{7: [RollingMean(window_size=7), RollingStd(window_size=7)], 30: [RollingMean(window_size=30)], 60: [ExpandingMean()], 14: [ExponentiallyWeightedMean(alpha=0.3)]}",lags_200_features_200,15.24075112387254,23.408794064569218,25.191639302885203,25.804428116146077,27.738021014330155,28.49972797340561,32.95733601717533,33.21513549406465,49.97947007582406,70.95626141736065,70.46440645734452
LGBMRegressor,,"[1, 2, 3, 4, 5, 6, 7, 8, 9, 10, 11, 12, 13, 14, 15, 16, 17, 18, 19, 20, 21, 22, 23, 24, 25, 26, 27, 28, 29, 30, 31, 32, 33, 34, 35, 36, 37, 38, 39, 40, 41, 42, 43, 44, 45, 46, 47, 48, 49, 50, 51, 52, 53, 54, 55, 56, 57, 58, 59, 60, 61, 62, 63, 64, 65, 66, 67, 68, 69, 70, 71, 72, 73, 74, 75, 76, 77, 78, 79, 80, 81, 82, 83, 84, 85, 86, 87, 88, 89, 90, 91, 92, 93, 94, 95, 96, 97, 98, 99, 100, 101, 102, 103, 104, 105, 106, 107, 108, 109, 110, 111, 112, 113, 114, 115, 116, 117, 118, 119, 120, 121, 122, 123, 124, 125, 126, 127, 128, 129, 130, 131, 132, 133, 134, 135, 136, 137, 138, 139, 140, 141, 142, 143, 144, 145, 146, 147, 148, 149, 150, 151, 152, 153, 154, 155, 156, 157, 158, 159, 160, 161, 162, 163, 164, 165, 166, 167, 168, 169, 170, 171, 172, 173, 174, 175, 176, 177, 178, 179, 180, 181, 182, 183, 184, 185, 186, 187, 188, 189, 190, 191, 192, 193, 194, 195, 196, 197, 198, 199, 200]","{7: [RollingMean(window_size=7), RollingStd(window_size=7)], 30: [RollingMean(window_size=30)], 60: [ExpandingMean()], 14: [ExponentiallyWeightedMean(alpha=0.3)]}",lags_200_features_200,14.844017506584931,23.574032682628278,25.264452681709255,26.34003344540725,27.68689913931442,27.70048482651701,32.64754066985855,32.593741867864225,35.24167434988892,34.622176714650124,34.17528283933293
XGBRegressor,AutoDifferences(max_diffs=380),"[1, 2, 3, 4, 5, 6, 7, 8, 9, 10, 11, 12, 13, 14, 15, 16, 17, 18, 19, 20, 21, 22, 23, 24, 25, 26, 27, 28, 29, 30, 31, 32, 33, 34, 35, 36, 37, 38, 39, 40, 41, 42, 43, 44, 45, 46, 47, 48, 49, 50, 51, 52, 53, 54, 55, 56, 57, 58, 59, 60, 61, 62, 63, 64, 65, 66, 67, 68, 69, 70, 71, 72, 73, 74, 75, 76, 77, 78, 79, 80, 81, 82, 83, 84, 85, 86, 87, 88, 89, 90, 91, 92, 93, 94, 95, 96, 97, 98, 99, 100, 101, 102, 103, 104, 105, 106, 107, 108, 109, 110, 111, 112, 113, 114, 115, 116, 117, 118, 119, 120, 121, 122, 123, 124, 125, 126, 127, 128, 129, 130, 131, 132, 133, 134, 135, 136, 137, 138, 139, 140, 141, 142, 143, 144, 145, 146, 147, 148, 149, 150, 151, 152, 153, 154, 155, 156, 157, 158, 159, 160, 161, 162, 163, 164, 165, 166, 167, 168, 169, 170, 171, 172, 173, 174, 175, 176, 177, 178, 179, 180, 181, 182, 183, 184, 185, 186, 187, 188, 189, 190, 191, 192, 193, 194, 195, 196, 197, 198, 199, 200]","{1: [<function expanding_mean at 0x000002C58F7A04A0>], 7: [<function rolling_mean_14 at 0x000002C5930FAA20>], 30: [<function expanding_mean at 0x000002C58F7A04A0>]}",lags_200_features_200,30.80054551334999,57.586606605248015,72.40267316632915,85.53652351828977,87.71382883546319,85.09200713662166,73.52735707451114,77.88212512521537,94.01629758936646,82.70204292252849,81.22763526992553
LGBMRegressor,AutoDifferences(max_diffs=380),"[1, 2, 3, 4, 5, 6, 7, 8, 9, 10, 11, 12, 13, 14, 15, 16, 17, 18, 19, 20, 21, 22, 23, 24, 25, 26, 27, 28, 29, 30, 31, 32, 33, 34, 35, 36, 37, 38, 39, 40, 41, 42, 43, 44, 45, 46, 47, 48, 49, 50, 51, 52, 53, 54, 55, 56, 57, 58, 59, 60, 61, 62, 63, 64, 65, 66, 67, 68, 69, 70, 71, 72, 73, 74, 75, 76, 77, 78, 79, 80, 81, 82, 83, 84, 85, 86, 87, 88, 89, 90, 91, 92, 93, 94, 95, 96, 97, 98, 99, 100, 101, 102, 103, 104, 105, 106, 107, 108, 109, 110, 111, 112, 113, 114, 115, 116, 117, 118, 119, 120, 121, 122, 123, 124, 125, 126, 127, 128, 129, 130, 131, 132, 133, 134, 135, 136, 137, 138, 139, 140, 141, 142, 143, 144, 145, 146, 147, 148, 149, 150, 151, 152, 153, 154, 155, 156, 157, 158, 159, 160, 161, 162, 163, 164, 165, 166, 167, 168, 169, 170, 171, 172, 173, 174, 175, 176, 177, 178, 179, 180, 181, 182, 183, 184, 185, 186, 187, 188, 189, 190, 191, 192, 193, 194, 195, 196, 197, 198, 199, 200]","{1: [<function expanding_mean at 0x000002C58F7A04A0>], 7: [<function rolling_mean_14 at 0x000002C5930FAA20>], 30: [<function expanding_mean at 0x000002C58F7A04A0>]}",lags_200_features_200,30.658707728087215,35.26093366677131,34.9230628773015,34.1905086539443,36.1962006448374,36.4275113353423,39.73755033926529,39.31173471955022,40.18744877172729,41.84294843350976,41.236396270515435
XGBRegressor,AutoDifferences(max_diffs=380),"[1, 2, 3, 4, 5, 6, 7, 8, 9, 10, 11, 12, 13, 14, 15, 16, 17, 18, 19, 20, 21, 22, 23, 24, 25, 26, 27, 28, 29, 30, 31, 32, 33, 34, 35, 36, 37, 38, 39, 40, 41, 42, 43, 44, 45, 46, 47, 48, 49, 50, 51, 52, 53, 54, 55, 56, 57, 58, 59, 60, 61, 62, 63, 64, 65, 66, 67, 68, 69, 70, 71, 72, 73, 74, 75, 76, 77, 78, 79, 80, 81, 82, 83, 84, 85, 86, 87, 88, 89, 90, 91, 92, 93, 94, 95, 96, 97, 98, 99, 100, 101, 102, 103, 104, 105, 106, 107, 108, 109, 110, 111, 112, 113, 114, 115, 116, 117, 118, 119, 120, 121, 122, 123, 124, 125, 126, 127, 128, 129, 130, 131, 132, 133, 134, 135, 136, 137, 138, 139, 140, 141, 142, 143, 144, 145, 146, 147, 148, 149, 150, 151, 152, 153, 154, 155, 156, 157, 158, 159, 160, 161, 162, 163, 164, 165, 166, 167, 168, 169, 170, 171, 172, 173, 174, 175, 176, 177, 178, 179, 180, 181, 182, 183, 184, 185, 186, 187, 188, 189, 190, 191, 192, 193, 194, 195, 196, 197, 198, 199, 200]","{1: [<function rolling_mean_14 at 0x000002C5930FAA20>], 7: [<function rolling_mean_30 at 0x000002C58DBF9260>], 30: [<function expanding_mean at 0x000002C58F7A04A0>]}",lags_200_features_200,14.885943286045968,27.24263045467635,30.820024510319012,34.01222525897541,37.65069853751841,39.08372627612277,40.24149910624127,100.33291469189535,272.23817350866256,511.754812938395,519.9842572376846
LGBMRegressor,AutoDifferences(max_diffs=380),"[1, 2, 3, 4, 5, 6, 7, 8, 9, 10, 11, 12, 13, 14, 15, 16, 17, 18, 19, 20, 21, 22, 23, 24, 25, 26, 27, 28, 29, 30, 31, 32, 33, 34, 35, 36, 37, 38, 39, 40, 41, 42, 43, 44, 45, 46, 47, 48, 49, 50, 51, 52, 53, 54, 55, 56, 57, 58, 59, 60, 61, 62, 63, 64, 65, 66, 67, 68, 69, 70, 71, 72, 73, 74, 75, 76, 77, 78, 79, 80, 81, 82, 83, 84, 85, 86, 87, 88, 89, 90, 91, 92, 93, 94, 95, 96, 97, 98, 99, 100, 101, 102, 103, 104, 105, 106, 107, 108, 109, 110, 111, 112, 113, 114, 115, 116, 117, 118, 119, 120, 121, 122, 123, 124, 125, 126, 127, 128, 129, 130, 131, 132, 133, 134, 135, 136, 137, 138, 139, 140, 141, 142, 143, 144, 145, 146, 147, 148, 149, 150, 151, 152, 153, 154, 155, 156, 157, 158, 159, 160, 161, 162, 163, 164, 165, 166, 167, 168, 169, 170, 171, 172, 173, 174, 175, 176, 177, 178, 179, 180, 181, 182, 183, 184, 185, 186, 187, 188, 189, 190, 191, 192, 193, 194, 195, 196, 197, 198, 199, 200]","{1: [<function rolling_mean_14 at 0x000002C5930FAA20>], 7: [<function rolling_mean_30 at 0x000002C58DBF9260>], 30: [<function expanding_mean at 0x000002C58F7A04A0>]}",lags_200_features_200,22.63612886168036,22.605709338025047,34.01948690278853,38.86063872621408,37.50324079597842,38.33126876082093,51.67812016440876,151.67605479797774,486.7790010546325,1145.586673144796,1183.1808231505179
XGBRegressor,AutoDifferences(max_diffs=380),"[1, 2, 3, 4, 5, 6, 7, 8, 9, 10, 11, 12, 13, 14, 15, 16, 17, 18, 19, 20, 21, 22, 23, 24, 25, 26, 27, 28, 29, 30, 31, 32, 33, 34, 35, 36, 37, 38, 39, 40, 41, 42, 43, 44, 45, 46, 47, 48, 49, 50, 51, 52, 53, 54, 55, 56, 57, 58, 59, 60, 61, 62, 63, 64, 65, 66, 67, 68, 69, 70, 71, 72, 73, 74, 75, 76, 77, 78, 79, 80, 81, 82, 83, 84, 85, 86, 87, 88, 89, 90, 91, 92, 93, 94, 95, 96, 97, 98, 99, 100, 101, 102, 103, 104, 105, 106, 107, 108, 109, 110, 111, 112, 113, 114, 115, 116, 117, 118, 119, 120, 121, 122, 123, 124, 125, 126, 127, 128, 129, 130, 131, 132, 133, 134, 135, 136, 137, 138, 139, 140, 141, 142, 143, 144, 145, 146, 147, 148, 149, 150, 151, 152, 153, 154, 155, 156, 157, 158, 159, 160, 161, 162, 163, 164, 165, 166, 167, 168, 169, 170, 171, 172, 173, 174, 175, 176, 177, 178, 179, 180, 181, 182, 183, 184, 185, 186, 187, 188, 189, 190, 191, 192, 193, 194, 195, 196, 197, 198, 199, 200]","{7: [RollingMean(window_size=7)], 30: [RollingMean(window_size=30)], 60: [RollingMean(window_size=60)]}",lags_200_features_200,31.52137381193353,34.2845219017766,33.735665521905666,30.836338778843746,35.54037128010757,37.83070278493742,40.84467175674955,121.90410565414787,439.12408355023666,1168.673512612678,1214.3945761014813
LGBMRegressor,AutoDifferences(max_diffs=380),"[1, 2, 3, 4, 5, 6, 7, 8, 9, 10, 11, 12, 13, 14, 15, 16, 17, 18, 19, 20, 21, 22, 23, 24, 25, 26, 27, 28, 29, 30, 31, 32, 33, 34, 35, 36, 37, 38, 39, 40, 41, 42, 43, 44, 45, 46, 47, 48, 49, 50, 51, 52, 53, 54, 55, 56, 57, 58, 59, 60, 61, 62, 63, 64, 65, 66, 67, 68, 69, 70, 71, 72, 73, 74, 75, 76, 77, 78, 79, 80, 81, 82, 83, 84, 85, 86, 87, 88, 89, 90, 91, 92, 93, 94, 95, 96, 97, 98, 99, 100, 101, 102, 103, 104, 105, 106, 107, 108, 109, 110, 111, 112, 113, 114, 115, 116, 117, 118, 119, 120, 121, 122, 123, 124, 125, 126, 127, 128, 129, 130, 131, 132, 133, 134, 135, 136, 137, 138, 139, 140, 141, 142, 143, 144, 145, 146, 147, 148, 149, 150, 151, 152, 153, 154, 155, 156, 157, 158, 159, 160, 161, 162, 163, 164, 165, 166, 167, 168, 169, 170, 171, 172, 173, 174, 175, 176, 177, 178, 179, 180, 181, 182, 183, 184, 185, 186, 187, 188, 189, 190, 191, 192, 193, 194, 195, 196, 197, 198, 199, 200]","{7: [RollingMean(window_size=7)], 30: [RollingMean(window_size=30)], 60: [RollingMean(window_size=60)]}",lags_200_features_200,68.67099679327872,76.33715128902672,114.01926813245421,140.7494440247774,159.17306159825927,193.0985465163608,243.01604049805522,328.53460314592877,573.0401699286348,848.2280662117334,847.3659912951865
XGBRegressor,AutoDifferences(max_diffs=380),"[1, 2, 3, 4, 5, 6, 7, 8, 9, 10, 11, 12, 13, 14, 15, 16, 17, 18, 19, 20, 21, 22, 23, 24, 25, 26, 27, 28, 29, 30, 31, 32, 33, 34, 35, 36, 37, 38, 39, 40, 41, 42, 43, 44, 45, 46, 47, 48, 49, 50, 51, 52, 53, 54, 55, 56, 57, 58, 59, 60, 61, 62, 63, 64, 65, 66, 67, 68, 69, 70, 71, 72, 73, 74, 75, 76, 77, 78, 79, 80, 81, 82, 83, 84, 85, 86, 87, 88, 89, 90, 91, 92, 93, 94, 95, 96, 97, 98, 99, 100, 101, 102, 103, 104, 105, 106, 107, 108, 109, 110, 111, 112, 113, 114, 115, 116, 117, 118, 119, 120, 121, 122, 123, 124, 125, 126, 127, 128, 129, 130, 131, 132, 133, 134, 135, 136, 137, 138, 139, 140, 141, 142, 143, 144, 145, 146, 147, 148, 149, 150, 151, 152, 153, 154, 155, 156, 157, 158, 159, 160, 161, 162, 163, 164, 165, 166, 167, 168, 169, 170, 171, 172, 173, 174, 175, 176, 177, 178, 179, 180, 181, 182, 183, 184, 185, 186, 187, 188, 189, 190, 191, 192, 193, 194, 195, 196, 197, 198, 199, 200]","{7: [RollingMean(window_size=7), RollingStd(window_size=7)], 30: [RollingMean(window_size=30)], 60: [ExpandingMean()], 14: [ExponentiallyWeightedMean(alpha=0.3)]}",lags_200_features_200,21.336989678030278,36.06583479695534,104.41804659241578,205.08198464329718,297.6731148489922,392.3761102186588,473.90370155580587,701.4191775043732,1397.778589563621,2740.8189510625766,2806.7045718608474
LGBMRegressor,AutoDifferences(max_diffs=380),"[1, 2, 3, 4, 5, 6, 7, 8, 9, 10, 11, 12, 13, 14, 15, 16, 17, 18, 19, 20, 21, 22, 23, 24, 25, 26, 27, 28, 29, 30, 31, 32, 33, 34, 35, 36, 37, 38, 39, 40, 41, 42, 43, 44, 45, 46, 47, 48, 49, 50, 51, 52, 53, 54, 55, 56, 57, 58, 59, 60, 61, 62, 63, 64, 65, 66, 67, 68, 69, 70, 71, 72, 73, 74, 75, 76, 77, 78, 79, 80, 81, 82, 83, 84, 85, 86, 87, 88, 89, 90, 91, 92, 93, 94, 95, 96, 97, 98, 99, 100, 101, 102, 103, 104, 105, 106, 107, 108, 109, 110, 111, 112, 113, 114, 115, 116, 117, 118, 119, 120, 121, 122, 123, 124, 125, 126, 127, 128, 129, 130, 131, 132, 133, 134, 135, 136, 137, 138, 139, 140, 141, 142, 143, 144, 145, 146, 147, 148, 149, 150, 151, 152, 153, 154, 155, 156, 157, 158, 159, 160, 161, 162, 163, 164, 165, 166, 167, 168, 169, 170, 171, 172, 173, 174, 175, 176, 177, 178, 179, 180, 181, 182, 183, 184, 185, 186, 187, 188, 189, 190, 191, 192, 193, 194, 195, 196, 197, 198, 199, 200]","{7: [RollingMean(window_size=7), RollingStd(window_size=7)], 30: [RollingMean(window_size=30)], 60: [ExpandingMean()], 14: [ExponentiallyWeightedMean(alpha=0.3)]}",lags_200_features_200,20.03848870864823,20.458442366019117,33.485847637800035,33.75080723656598,32.36228464066631,31.83498907536979,55.79941478464986,145.1538676914748,469.76196244585725,993.8831735999859,1024.6524891787249
XGBRegressor,"AutoSeasonalDifferences(max_diffs=380, n_seasons=10, season_length=267)","[1, 2, 3, 4, 5, 6, 7, 8, 9, 10, 11, 12, 13, 14, 15, 16, 17, 18, 19, 20, 21, 22, 23, 24, 25, 26, 27, 28, 29, 30, 31, 32, 33, 34, 35, 36, 37, 38, 39, 40, 41, 42, 43, 44, 45, 46, 47, 48, 49, 50, 51, 52, 53, 54, 55, 56, 57, 58, 59, 60, 61, 62, 63, 64, 65, 66, 67, 68, 69, 70, 71, 72, 73, 74, 75, 76, 77, 78, 79, 80, 81, 82, 83, 84, 85, 86, 87, 88, 89, 90, 91, 92, 93, 94, 95, 96, 97, 98, 99, 100, 101, 102, 103, 104, 105, 106, 107, 108, 109, 110, 111, 112, 113, 114, 115, 116, 117, 118, 119, 120, 121, 122, 123, 124, 125, 126, 127, 128, 129, 130, 131, 132, 133, 134, 135, 136, 137, 138, 139, 140, 141, 142, 143, 144, 145, 146, 147, 148, 149, 150, 151, 152, 153, 154, 155, 156, 157, 158, 159, 160, 161, 162, 163, 164, 165, 166, 167, 168, 169, 170, 171, 172, 173, 174, 175, 176, 177, 178, 179, 180, 181, 182, 183, 184, 185, 186, 187, 188, 189, 190, 191, 192, 193, 194, 195, 196, 197, 198, 199, 200]","{1: [<function expanding_mean at 0x000002C58F7A04A0>], 7: [<function rolling_mean_14 at 0x000002C5930FAA20>], 30: [<function expanding_mean at 0x000002C58F7A04A0>]}",lags_200_features_200,18.801024009862857,24.724300929168045,25.594047960476395,26.232007248433803,26.867176149179432,27.048978605166663,31.18660814275137,31.55954678928011,44.15300727068413,44.89918378789437,44.357146419409744
LGBMRegressor,"AutoSeasonalDifferences(max_diffs=380, n_seasons=10, season_length=267)","[1, 2, 3, 4, 5, 6, 7, 8, 9, 10, 11, 12, 13, 14, 15, 16, 17, 18, 19, 20, 21, 22, 23, 24, 25, 26, 27, 28, 29, 30, 31, 32, 33, 34, 35, 36, 37, 38, 39, 40, 41, 42, 43, 44, 45, 46, 47, 48, 49, 50, 51, 52, 53, 54, 55, 56, 57, 58, 59, 60, 61, 62, 63, 64, 65, 66, 67, 68, 69, 70, 71, 72, 73, 74, 75, 76, 77, 78, 79, 80, 81, 82, 83, 84, 85, 86, 87, 88, 89, 90, 91, 92, 93, 94, 95, 96, 97, 98, 99, 100, 101, 102, 103, 104, 105, 106, 107, 108, 109, 110, 111, 112, 113, 114, 115, 116, 117, 118, 119, 120, 121, 122, 123, 124, 125, 126, 127, 128, 129, 130, 131, 132, 133, 134, 135, 136, 137, 138, 139, 140, 141, 142, 143, 144, 145, 146, 147, 148, 149, 150, 151, 152, 153, 154, 155, 156, 157, 158, 159, 160, 161, 162, 163, 164, 165, 166, 167, 168, 169, 170, 171, 172, 173, 174, 175, 176, 177, 178, 179, 180, 181, 182, 183, 184, 185, 186, 187, 188, 189, 190, 191, 192, 193, 194, 195, 196, 197, 198, 199, 200]","{1: [<function expanding_mean at 0x000002C58F7A04A0>], 7: [<function rolling_mean_14 at 0x000002C5930FAA20>], 30: [<function expanding_mean at 0x000002C58F7A04A0>]}",lags_200_features_200,13.219222136656322,22.960286848484817,23.93284681013441,24.581388100457417,27.011993573899257,28.192632980047282,33.45854912338559,33.25686915548676,38.22833965443424,38.641426482425324,38.08067683666275
XGBRegressor,"AutoSeasonalDifferences(max_diffs=380, n_seasons=10, season_length=267)","[1, 2, 3, 4, 5, 6, 7, 8, 9, 10, 11, 12, 13, 14, 15, 16, 17, 18, 19, 20, 21, 22, 23, 24, 25, 26, 27, 28, 29, 30, 31, 32, 33, 34, 35, 36, 37, 38, 39, 40, 41, 42, 43, 44, 45, 46, 47, 48, 49, 50, 51, 52, 53, 54, 55, 56, 57, 58, 59, 60, 61, 62, 63, 64, 65, 66, 67, 68, 69, 70, 71, 72, 73, 74, 75, 76, 77, 78, 79, 80, 81, 82, 83, 84, 85, 86, 87, 88, 89, 90, 91, 92, 93, 94, 95, 96, 97, 98, 99, 100, 101, 102, 103, 104, 105, 106, 107, 108, 109, 110, 111, 112, 113, 114, 115, 116, 117, 118, 119, 120, 121, 122, 123, 124, 125, 126, 127, 128, 129, 130, 131, 132, 133, 134, 135, 136, 137, 138, 139, 140, 141, 142, 143, 144, 145, 146, 147, 148, 149, 150, 151, 152, 153, 154, 155, 156, 157, 158, 159, 160, 161, 162, 163, 164, 165, 166, 167, 168, 169, 170, 171, 172, 173, 174, 175, 176, 177, 178, 179, 180, 181, 182, 183, 184, 185, 186, 187, 188, 189, 190, 191, 192, 193, 194, 195, 196, 197, 198, 199, 200]","{1: [<function rolling_mean_14 at 0x000002C5930FAA20>], 7: [<function rolling_mean_30 at 0x000002C58DBF9260>], 30: [<function expanding_mean at 0x000002C58F7A04A0>]}",lags_200_features_200,16.03588411007631,22.923480783131847,24.341544199825126,25.03965114339933,26.366532674593614,27.066955934276653,34.065665442267424,34.626259018672265,38.86903750878858,46.16358392989022,45.451856498415005
LGBMRegressor,"AutoSeasonalDifferences(max_diffs=380, n_seasons=10, season_length=267)","[1, 2, 3, 4, 5, 6, 7, 8, 9, 10, 11, 12, 13, 14, 15, 16, 17, 18, 19, 20, 21, 22, 23, 24, 25, 26, 27, 28, 29, 30, 31, 32, 33, 34, 35, 36, 37, 38, 39, 40, 41, 42, 43, 44, 45, 46, 47, 48, 49, 50, 51, 52, 53, 54, 55, 56, 57, 58, 59, 60, 61, 62, 63, 64, 65, 66, 67, 68, 69, 70, 71, 72, 73, 74, 75, 76, 77, 78, 79, 80, 81, 82, 83, 84, 85, 86, 87, 88, 89, 90, 91, 92, 93, 94, 95, 96, 97, 98, 99, 100, 101, 102, 103, 104, 105, 106, 107, 108, 109, 110, 111, 112, 113, 114, 115, 116, 117, 118, 119, 120, 121, 122, 123, 124, 125, 126, 127, 128, 129, 130, 131, 132, 133, 134, 135, 136, 137, 138, 139, 140, 141, 142, 143, 144, 145, 146, 147, 148, 149, 150, 151, 152, 153, 154, 155, 156, 157, 158, 159, 160, 161, 162, 163, 164, 165, 166, 167, 168, 169, 170, 171, 172, 173, 174, 175, 176, 177, 178, 179, 180, 181, 182, 183, 184, 185, 186, 187, 188, 189, 190, 191, 192, 193, 194, 195, 196, 197, 198, 199, 200]","{1: [<function rolling_mean_14 at 0x000002C5930FAA20>], 7: [<function rolling_mean_30 at 0x000002C58DBF9260>], 30: [<function expanding_mean at 0x000002C58F7A04A0>]}",lags_200_features_200,13.763482804945646,23.23775348254285,23.960331402773598,24.693400945154078,26.486527117006514,26.914393445173612,32.95351921875676,33.59487877676939,34.89056626269299,36.50179694622484,36.02896384300745
XGBRegressor,"AutoSeasonalDifferences(max_diffs=380, n_seasons=10, season_length=267)","[1, 2, 3, 4, 5, 6, 7, 8, 9, 10, 11, 12, 13, 14, 15, 16, 17, 18, 19, 20, 21, 22, 23, 24, 25, 26, 27, 28, 29, 30, 31, 32, 33, 34, 35, 36, 37, 38, 39, 40, 41, 42, 43, 44, 45, 46, 47, 48, 49, 50, 51, 52, 53, 54, 55, 56, 57, 58, 59, 60, 61, 62, 63, 64, 65, 66, 67, 68, 69, 70, 71, 72, 73, 74, 75, 76, 77, 78, 79, 80, 81, 82, 83, 84, 85, 86, 87, 88, 89, 90, 91, 92, 93, 94, 95, 96, 97, 98, 99, 100, 101, 102, 103, 104, 105, 106, 107, 108, 109, 110, 111, 112, 113, 114, 115, 116, 117, 118, 119, 120, 121, 122, 123, 124, 125, 126, 127, 128, 129, 130, 131, 132, 133, 134, 135, 136, 137, 138, 139, 140, 141, 142, 143, 144, 145, 146, 147, 148, 149, 150, 151, 152, 153, 154, 155, 156, 157, 158, 159, 160, 161, 162, 163, 164, 165, 166, 167, 168, 169, 170, 171, 172, 173, 174, 175, 176, 177, 178, 179, 180, 181, 182, 183, 184, 185, 186, 187, 188, 189, 190, 191, 192, 193, 194, 195, 196, 197, 198, 199, 200]","{7: [RollingMean(window_size=7)], 30: [RollingMean(window_size=30)], 60: [RollingMean(window_size=60)]}",lags_200_features_200,16.459424032737864,22.97334203829795,24.642564745203984,24.606581886102184,25.90328343097688,26.685817684653117,34.382941762803924,34.762886714829634,40.99178271152375,52.216847352074616,51.49153186832321
LGBMRegressor,"AutoSeasonalDifferences(max_diffs=380, n_seasons=10, season_length=267)","[1, 2, 3, 4, 5, 6, 7, 8, 9, 10, 11, 12, 13, 14, 15, 16, 17, 18, 19, 20, 21, 22, 23, 24, 25, 26, 27, 28, 29, 30, 31, 32, 33, 34, 35, 36, 37, 38, 39, 40, 41, 42, 43, 44, 45, 46, 47, 48, 49, 50, 51, 52, 53, 54, 55, 56, 57, 58, 59, 60, 61, 62, 63, 64, 65, 66, 67, 68, 69, 70, 71, 72, 73, 74, 75, 76, 77, 78, 79, 80, 81, 82, 83, 84, 85, 86, 87, 88, 89, 90, 91, 92, 93, 94, 95, 96, 97, 98, 99, 100, 101, 102, 103, 104, 105, 106, 107, 108, 109, 110, 111, 112, 113, 114, 115, 116, 117, 118, 119, 120, 121, 122, 123, 124, 125, 126, 127, 128, 129, 130, 131, 132, 133, 134, 135, 136, 137, 138, 139, 140, 141, 142, 143, 144, 145, 146, 147, 148, 149, 150, 151, 152, 153, 154, 155, 156, 157, 158, 159, 160, 161, 162, 163, 164, 165, 166, 167, 168, 169, 170, 171, 172, 173, 174, 175, 176, 177, 178, 179, 180, 181, 182, 183, 184, 185, 186, 187, 188, 189, 190, 191, 192, 193, 194, 195, 196, 197, 198, 199, 200]","{7: [RollingMean(window_size=7)], 30: [RollingMean(window_size=30)], 60: [RollingMean(window_size=60)]}",lags_200_features_200,16.574852794632775,25.339147279056558,25.936520826480464,25.984607325787962,27.421849445038216,27.601570145032344,32.361828542103325,32.17463895944307,34.129855517246824,34.19427919140066,33.731714199315185
XGBRegressor,"AutoSeasonalDifferences(max_diffs=380, n_seasons=10, season_length=267)","[1, 2, 3, 4, 5, 6, 7, 8, 9, 10, 11, 12, 13, 14, 15, 16, 17, 18, 19, 20, 21, 22, 23, 24, 25, 26, 27, 28, 29, 30, 31, 32, 33, 34, 35, 36, 37, 38, 39, 40, 41, 42, 43, 44, 45, 46, 47, 48, 49, 50, 51, 52, 53, 54, 55, 56, 57, 58, 59, 60, 61, 62, 63, 64, 65, 66, 67, 68, 69, 70, 71, 72, 73, 74, 75, 76, 77, 78, 79, 80, 81, 82, 83, 84, 85, 86, 87, 88, 89, 90, 91, 92, 93, 94, 95, 96, 97, 98, 99, 100, 101, 102, 103, 104, 105, 106, 107, 108, 109, 110, 111, 112, 113, 114, 115, 116, 117, 118, 119, 120, 121, 122, 123, 124, 125, 126, 127, 128, 129, 130, 131, 132, 133, 134, 135, 136, 137, 138, 139, 140, 141, 142, 143, 144, 145, 146, 147, 148, 149, 150, 151, 152, 153, 154, 155, 156, 157, 158, 159, 160, 161, 162, 163, 164, 165, 166, 167, 168, 169, 170, 171, 172, 173, 174, 175, 176, 177, 178, 179, 180, 181, 182, 183, 184, 185, 186, 187, 188, 189, 190, 191, 192, 193, 194, 195, 196, 197, 198, 199, 200]","{7: [RollingMean(window_size=7), RollingStd(window_size=7)], 30: [RollingMean(window_size=30)], 60: [ExpandingMean()], 14: [ExponentiallyWeightedMean(alpha=0.3)]}",lags_200_features_200,15.24075112387254,23.408794064569218,25.191639302885203,25.804428116146077,27.738021014330155,28.49972797340561,32.95733601717533,33.21513549406465,49.97947007582406,70.95626141736065,70.46440645734452
LGBMRegressor,"AutoSeasonalDifferences(max_diffs=380, n_seasons=10, season_length=267)","[1, 2, 3, 4, 5, 6, 7, 8, 9, 10, 11, 12, 13, 14, 15, 16, 17, 18, 19, 20, 21, 22, 23, 24, 25, 26, 27, 28, 29, 30, 31, 32, 33, 34, 35, 36, 37, 38, 39, 40, 41, 42, 43, 44, 45, 46, 47, 48, 49, 50, 51, 52, 53, 54, 55, 56, 57, 58, 59, 60, 61, 62, 63, 64, 65, 66, 67, 68, 69, 70, 71, 72, 73, 74, 75, 76, 77, 78, 79, 80, 81, 82, 83, 84, 85, 86, 87, 88, 89, 90, 91, 92, 93, 94, 95, 96, 97, 98, 99, 100, 101, 102, 103, 104, 105, 106, 107, 108, 109, 110, 111, 112, 113, 114, 115, 116, 117, 118, 119, 120, 121, 122, 123, 124, 125, 126, 127, 128, 129, 130, 131, 132, 133, 134, 135, 136, 137, 138, 139, 140, 141, 142, 143, 144, 145, 146, 147, 148, 149, 150, 151, 152, 153, 154, 155, 156, 157, 158, 159, 160, 161, 162, 163, 164, 165, 166, 167, 168, 169, 170, 171, 172, 173, 174, 175, 176, 177, 178, 179, 180, 181, 182, 183, 184, 185, 186, 187, 188, 189, 190, 191, 192, 193, 194, 195, 196, 197, 198, 199, 200]","{7: [RollingMean(window_size=7), RollingStd(window_size=7)], 30: [RollingMean(window_size=30)], 60: [ExpandingMean()], 14: [ExponentiallyWeightedMean(alpha=0.3)]}",lags_200_features_200,14.844017506584931,23.574032682628278,25.264452681709255,26.34003344540725,27.68689913931442,27.70048482651701,32.64754066985855,32.593741867864225,35.24167434988892,34.622176714650124,34.17528283933293
XGBRegressor,"AutoSeasonalityAndDifferences(max_diffs=380, max_season_length=267, n_seasons=10)","[1, 2, 3, 4, 5, 6, 7, 8, 9, 10, 11, 12, 13, 14, 15, 16, 17, 18, 19, 20, 21, 22, 23, 24, 25, 26, 27, 28, 29, 30, 31, 32, 33, 34, 35, 36, 37, 38, 39, 40, 41, 42, 43, 44, 45, 46, 47, 48, 49, 50, 51, 52, 53, 54, 55, 56, 57, 58, 59, 60, 61, 62, 63, 64, 65, 66, 67, 68, 69, 70, 71, 72, 73, 74, 75, 76, 77, 78, 79, 80, 81, 82, 83, 84, 85, 86, 87, 88, 89, 90, 91, 92, 93, 94, 95, 96, 97, 98, 99, 100, 101, 102, 103, 104, 105, 106, 107, 108, 109, 110, 111, 112, 113, 114, 115, 116, 117, 118, 119, 120, 121, 122, 123, 124, 125, 126, 127, 128, 129, 130, 131, 132, 133, 134, 135, 136, 137, 138, 139, 140, 141, 142, 143, 144, 145, 146, 147, 148, 149, 150, 151, 152, 153, 154, 155, 156, 157, 158, 159, 160, 161, 162, 163, 164, 165, 166, 167, 168, 169, 170, 171, 172, 173, 174, 175, 176, 177, 178, 179, 180, 181, 182, 183, 184, 185, 186, 187, 188, 189, 190, 191, 192, 193, 194, 195, 196, 197, 198, 199, 200]","{1: [<function expanding_mean at 0x000002C58F7A04A0>], 7: [<function rolling_mean_14 at 0x000002C5930FAA20>], 30: [<function expanding_mean at 0x000002C58F7A04A0>]}",lags_200_features_200,18.801024009862857,24.724300929168045,25.594047960476395,26.232007248433803,26.867176149179432,27.048978605166663,31.18660814275137,31.55954678928011,44.15300727068413,44.89918378789437,44.357146419409744
LGBMRegressor,"AutoSeasonalityAndDifferences(max_diffs=380, max_season_length=267, n_seasons=10)","[1, 2, 3, 4, 5, 6, 7, 8, 9, 10, 11, 12, 13, 14, 15, 16, 17, 18, 19, 20, 21, 22, 23, 24, 25, 26, 27, 28, 29, 30, 31, 32, 33, 34, 35, 36, 37, 38, 39, 40, 41, 42, 43, 44, 45, 46, 47, 48, 49, 50, 51, 52, 53, 54, 55, 56, 57, 58, 59, 60, 61, 62, 63, 64, 65, 66, 67, 68, 69, 70, 71, 72, 73, 74, 75, 76, 77, 78, 79, 80, 81, 82, 83, 84, 85, 86, 87, 88, 89, 90, 91, 92, 93, 94, 95, 96, 97, 98, 99, 100, 101, 102, 103, 104, 105, 106, 107, 108, 109, 110, 111, 112, 113, 114, 115, 116, 117, 118, 119, 120, 121, 122, 123, 124, 125, 126, 127, 128, 129, 130, 131, 132, 133, 134, 135, 136, 137, 138, 139, 140, 141, 142, 143, 144, 145, 146, 147, 148, 149, 150, 151, 152, 153, 154, 155, 156, 157, 158, 159, 160, 161, 162, 163, 164, 165, 166, 167, 168, 169, 170, 171, 172, 173, 174, 175, 176, 177, 178, 179, 180, 181, 182, 183, 184, 185, 186, 187, 188, 189, 190, 191, 192, 193, 194, 195, 196, 197, 198, 199, 200]","{1: [<function expanding_mean at 0x000002C58F7A04A0>], 7: [<function rolling_mean_14 at 0x000002C5930FAA20>], 30: [<function expanding_mean at 0x000002C58F7A04A0>]}",lags_200_features_200,13.219222136656322,22.960286848484817,23.93284681013441,24.581388100457417,27.011993573899257,28.192632980047282,33.45854912338559,33.25686915548676,38.22833965443424,38.641426482425324,38.08067683666275
XGBRegressor,"AutoSeasonalityAndDifferences(max_diffs=380, max_season_length=267, n_seasons=10)","[1, 2, 3, 4, 5, 6, 7, 8, 9, 10, 11, 12, 13, 14, 15, 16, 17, 18, 19, 20, 21, 22, 23, 24, 25, 26, 27, 28, 29, 30, 31, 32, 33, 34, 35, 36, 37, 38, 39, 40, 41, 42, 43, 44, 45, 46, 47, 48, 49, 50, 51, 52, 53, 54, 55, 56, 57, 58, 59, 60, 61, 62, 63, 64, 65, 66, 67, 68, 69, 70, 71, 72, 73, 74, 75, 76, 77, 78, 79, 80, 81, 82, 83, 84, 85, 86, 87, 88, 89, 90, 91, 92, 93, 94, 95, 96, 97, 98, 99, 100, 101, 102, 103, 104, 105, 106, 107, 108, 109, 110, 111, 112, 113, 114, 115, 116, 117, 118, 119, 120, 121, 122, 123, 124, 125, 126, 127, 128, 129, 130, 131, 132, 133, 134, 135, 136, 137, 138, 139, 140, 141, 142, 143, 144, 145, 146, 147, 148, 149, 150, 151, 152, 153, 154, 155, 156, 157, 158, 159, 160, 161, 162, 163, 164, 165, 166, 167, 168, 169, 170, 171, 172, 173, 174, 175, 176, 177, 178, 179, 180, 181, 182, 183, 184, 185, 186, 187, 188, 189, 190, 191, 192, 193, 194, 195, 196, 197, 198, 199, 200]","{1: [<function rolling_mean_14 at 0x000002C5930FAA20>], 7: [<function rolling_mean_30 at 0x000002C58DBF9260>], 30: [<function expanding_mean at 0x000002C58F7A04A0>]}",lags_200_features_200,16.03588411007631,22.923480783131847,24.341544199825126,25.03965114339933,26.366532674593614,27.066955934276653,34.065665442267424,34.626259018672265,38.86903750878858,46.16358392989022,45.451856498415005
LGBMRegressor,"AutoSeasonalityAndDifferences(max_diffs=380, max_season_length=267, n_seasons=10)","[1, 2, 3, 4, 5, 6, 7, 8, 9, 10, 11, 12, 13, 14, 15, 16, 17, 18, 19, 20, 21, 22, 23, 24, 25, 26, 27, 28, 29, 30, 31, 32, 33, 34, 35, 36, 37, 38, 39, 40, 41, 42, 43, 44, 45, 46, 47, 48, 49, 50, 51, 52, 53, 54, 55, 56, 57, 58, 59, 60, 61, 62, 63, 64, 65, 66, 67, 68, 69, 70, 71, 72, 73, 74, 75, 76, 77, 78, 79, 80, 81, 82, 83, 84, 85, 86, 87, 88, 89, 90, 91, 92, 93, 94, 95, 96, 97, 98, 99, 100, 101, 102, 103, 104, 105, 106, 107, 108, 109, 110, 111, 112, 113, 114, 115, 116, 117, 118, 119, 120, 121, 122, 123, 124, 125, 126, 127, 128, 129, 130, 131, 132, 133, 134, 135, 136, 137, 138, 139, 140, 141, 142, 143, 144, 145, 146, 147, 148, 149, 150, 151, 152, 153, 154, 155, 156, 157, 158, 159, 160, 161, 162, 163, 164, 165, 166, 167, 168, 169, 170, 171, 172, 173, 174, 175, 176, 177, 178, 179, 180, 181, 182, 183, 184, 185, 186, 187, 188, 189, 190, 191, 192, 193, 194, 195, 196, 197, 198, 199, 200]","{1: [<function rolling_mean_14 at 0x000002C5930FAA20>], 7: [<function rolling_mean_30 at 0x000002C58DBF9260>], 30: [<function expanding_mean at 0x000002C58F7A04A0>]}",lags_200_features_200,13.763482804945646,23.23775348254285,23.960331402773598,24.693400945154078,26.486527117006514,26.914393445173612,32.95351921875676,33.59487877676939,34.89056626269299,36.50179694622484,36.02896384300745
XGBRegressor,"AutoSeasonalityAndDifferences(max_diffs=380, max_season_length=267, n_seasons=10)","[1, 2, 3, 4, 5, 6, 7, 8, 9, 10, 11, 12, 13, 14, 15, 16, 17, 18, 19, 20, 21, 22, 23, 24, 25, 26, 27, 28, 29, 30, 31, 32, 33, 34, 35, 36, 37, 38, 39, 40, 41, 42, 43, 44, 45, 46, 47, 48, 49, 50, 51, 52, 53, 54, 55, 56, 57, 58, 59, 60, 61, 62, 63, 64, 65, 66, 67, 68, 69, 70, 71, 72, 73, 74, 75, 76, 77, 78, 79, 80, 81, 82, 83, 84, 85, 86, 87, 88, 89, 90, 91, 92, 93, 94, 95, 96, 97, 98, 99, 100, 101, 102, 103, 104, 105, 106, 107, 108, 109, 110, 111, 112, 113, 114, 115, 116, 117, 118, 119, 120, 121, 122, 123, 124, 125, 126, 127, 128, 129, 130, 131, 132, 133, 134, 135, 136, 137, 138, 139, 140, 141, 142, 143, 144, 145, 146, 147, 148, 149, 150, 151, 152, 153, 154, 155, 156, 157, 158, 159, 160, 161, 162, 163, 164, 165, 166, 167, 168, 169, 170, 171, 172, 173, 174, 175, 176, 177, 178, 179, 180, 181, 182, 183, 184, 185, 186, 187, 188, 189, 190, 191, 192, 193, 194, 195, 196, 197, 198, 199, 200]","{7: [RollingMean(window_size=7)], 30: [RollingMean(window_size=30)], 60: [RollingMean(window_size=60)]}",lags_200_features_200,16.459424032737864,22.97334203829795,24.642564745203984,24.606581886102184,25.90328343097688,26.685817684653117,34.382941762803924,34.762886714829634,40.99178271152375,52.216847352074616,51.49153186832321
LGBMRegressor,"AutoSeasonalityAndDifferences(max_diffs=380, max_season_length=267, n_seasons=10)","[1, 2, 3, 4, 5, 6, 7, 8, 9, 10, 11, 12, 13, 14, 15, 16, 17, 18, 19, 20, 21, 22, 23, 24, 25, 26, 27, 28, 29, 30, 31, 32, 33, 34, 35, 36, 37, 38, 39, 40, 41, 42, 43, 44, 45, 46, 47, 48, 49, 50, 51, 52, 53, 54, 55, 56, 57, 58, 59, 60, 61, 62, 63, 64, 65, 66, 67, 68, 69, 70, 71, 72, 73, 74, 75, 76, 77, 78, 79, 80, 81, 82, 83, 84, 85, 86, 87, 88, 89, 90, 91, 92, 93, 94, 95, 96, 97, 98, 99, 100, 101, 102, 103, 104, 105, 106, 107, 108, 109, 110, 111, 112, 113, 114, 115, 116, 117, 118, 119, 120, 121, 122, 123, 124, 125, 126, 127, 128, 129, 130, 131, 132, 133, 134, 135, 136, 137, 138, 139, 140, 141, 142, 143, 144, 145, 146, 147, 148, 149, 150, 151, 152, 153, 154, 155, 156, 157, 158, 159, 160, 161, 162, 163, 164, 165, 166, 167, 168, 169, 170, 171, 172, 173, 174, 175, 176, 177, 178, 179, 180, 181, 182, 183, 184, 185, 186, 187, 188, 189, 190, 191, 192, 193, 194, 195, 196, 197, 198, 199, 200]","{7: [RollingMean(window_size=7)], 30: [RollingMean(window_size=30)], 60: [RollingMean(window_size=60)]}",lags_200_features_200,16.574852794632775,25.339147279056558,25.936520826480464,25.984607325787962,27.421849445038216,27.601570145032344,32.361828542103325,32.17463895944307,34.129855517246824,34.19427919140066,33.731714199315185
XGBRegressor,"AutoSeasonalityAndDifferences(max_diffs=380, max_season_length=267, n_seasons=10)","[1, 2, 3, 4, 5, 6, 7, 8, 9, 10, 11, 12, 13, 14, 15, 16, 17, 18, 19, 20, 21, 22, 23, 24, 25, 26, 27, 28, 29, 30, 31, 32, 33, 34, 35, 36, 37, 38, 39, 40, 41, 42, 43, 44, 45, 46, 47, 48, 49, 50, 51, 52, 53, 54, 55, 56, 57, 58, 59, 60, 61, 62, 63, 64, 65, 66, 67, 68, 69, 70, 71, 72, 73, 74, 75, 76, 77, 78, 79, 80, 81, 82, 83, 84, 85, 86, 87, 88, 89, 90, 91, 92, 93, 94, 95, 96, 97, 98, 99, 100, 101, 102, 103, 104, 105, 106, 107, 108, 109, 110, 111, 112, 113, 114, 115, 116, 117, 118, 119, 120, 121, 122, 123, 124, 125, 126, 127, 128, 129, 130, 131, 132, 133, 134, 135, 136, 137, 138, 139, 140, 141, 142, 143, 144, 145, 146, 147, 148, 149, 150, 151, 152, 153, 154, 155, 156, 157, 158, 159, 160, 161, 162, 163, 164, 165, 166, 167, 168, 169, 170, 171, 172, 173, 174, 175, 176, 177, 178, 179, 180, 181, 182, 183, 184, 185, 186, 187, 188, 189, 190, 191, 192, 193, 194, 195, 196, 197, 198, 199, 200]","{7: [RollingMean(window_size=7), RollingStd(window_size=7)], 30: [RollingMean(window_size=30)], 60: [ExpandingMean()], 14: [ExponentiallyWeightedMean(alpha=0.3)]}",lags_200_features_200,15.24075112387254,23.408794064569218,25.191639302885203,25.804428116146077,27.738021014330155,28.49972797340561,32.95733601717533,33.21513549406465,49.97947007582406,70.95626141736065,70.46440645734452
LGBMRegressor,"AutoSeasonalityAndDifferences(max_diffs=380, max_season_length=267, n_seasons=10)","[1, 2, 3, 4, 5, 6, 7, 8, 9, 10, 11, 12, 13, 14, 15, 16, 17, 18, 19, 20, 21, 22, 23, 24, 25, 26, 27, 28, 29, 30, 31, 32, 33, 34, 35, 36, 37, 38, 39, 40, 41, 42, 43, 44, 45, 46, 47, 48, 49, 50, 51, 52, 53, 54, 55, 56, 57, 58, 59, 60, 61, 62, 63, 64, 65, 66, 67, 68, 69, 70, 71, 72, 73, 74, 75, 76, 77, 78, 79, 80, 81, 82, 83, 84, 85, 86, 87, 88, 89, 90, 91, 92, 93, 94, 95, 96, 97, 98, 99, 100, 101, 102, 103, 104, 105, 106, 107, 108, 109, 110, 111, 112, 113, 114, 115, 116, 117, 118, 119, 120, 121, 122, 123, 124, 125, 126, 127, 128, 129, 130, 131, 132, 133, 134, 135, 136, 137, 138, 139, 140, 141, 142, 143, 144, 145, 146, 147, 148, 149, 150, 151, 152, 153, 154, 155, 156, 157, 158, 159, 160, 161, 162, 163, 164, 165, 166, 167, 168, 169, 170, 171, 172, 173, 174, 175, 176, 177, 178, 179, 180, 181, 182, 183, 184, 185, 186, 187, 188, 189, 190, 191, 192, 193, 194, 195, 196, 197, 198, 199, 200]","{7: [RollingMean(window_size=7), RollingStd(window_size=7)], 30: [RollingMean(window_size=30)], 60: [ExpandingMean()], 14: [ExponentiallyWeightedMean(alpha=0.3)]}",lags_200_features_200,14.844017506584931,23.574032682628278,25.264452681709255,26.34003344540725,27.68689913931442,27.70048482651701,32.64754066985855,32.593741867864225,35.24167434988892,34.622176714650124,34.17528283933293
SGD_EarlyStopping,LocalStandardScaler(stats_=[[47.42372721 38.3630083 ]]),"[1, 2, 3, 4, 5, 6, 7, 8, 9, 10, 11, 12, 13, 14, 15, 16, 17, 18, 19, 20, 21, 22, 23, 24, 25, 26, 27, 28, 29, 30, 31, 32, 33, 34, 35, 36, 37, 38, 39, 40, 41, 42, 43, 44, 45, 46, 47, 48, 49, 50, 51, 52, 53, 54, 55, 56, 57, 58, 59, 60, 61, 62, 63, 64, 65, 66, 67, 68, 69, 70, 71, 72, 73, 74, 75, 76, 77, 78, 79, 80, 81, 82, 83, 84, 85, 86, 87, 88, 89, 90, 91, 92, 93, 94, 95, 96, 97, 98, 99, 100, 101, 102, 103, 104, 105, 106, 107, 108, 109, 110, 111, 112, 113, 114, 115, 116, 117, 118, 119, 120, 121, 122, 123, 124, 125, 126, 127, 128, 129, 130, 131, 132, 133, 134, 135, 136, 137, 138, 139, 140, 141, 142, 143, 144, 145, 146, 147, 148, 149, 150, 151, 152, 153, 154, 155, 156, 157, 158, 159, 160, 161, 162, 163, 164, 165, 166, 167, 168, 169, 170, 171, 172, 173, 174, 175, 176, 177, 178, 179, 180, 181, 182, 183, 184, 185, 186, 187, 188, 189, 190, 191, 192, 193, 194, 195, 196, 197, 198, 199, 200]","{1: [<function expanding_mean at 0x000002C58F7A04A0>], 7: [<function rolling_mean_14 at 0x000002C5930FAA20>], 30: [<function expanding_mean at 0x000002C58F7A04A0>]}",lags_200_features_200,58.524125024221874,45.41205970452616,43.39385439282214,56.81699502422155,65.19574013920327,74.71632427934917,69.26215995513662,61.36419555900612,57.10908874098206,75.55596568230887,81.46143302733368
SGD_ElasticNet,LocalStandardScaler(stats_=[[47.42372721 38.3630083 ]]),"[1, 2, 3, 4, 5, 6, 7, 8, 9, 10, 11, 12, 13, 14, 15, 16, 17, 18, 19, 20, 21, 22, 23, 24, 25, 26, 27, 28, 29, 30, 31, 32, 33, 34, 35, 36, 37, 38, 39, 40, 41, 42, 43, 44, 45, 46, 47, 48, 49, 50, 51, 52, 53, 54, 55, 56, 57, 58, 59, 60, 61, 62, 63, 64, 65, 66, 67, 68, 69, 70, 71, 72, 73, 74, 75, 76, 77, 78, 79, 80, 81, 82, 83, 84, 85, 86, 87, 88, 89, 90, 91, 92, 93, 94, 95, 96, 97, 98, 99, 100, 101, 102, 103, 104, 105, 106, 107, 108, 109, 110, 111, 112, 113, 114, 115, 116, 117, 118, 119, 120, 121, 122, 123, 124, 125, 126, 127, 128, 129, 130, 131, 132, 133, 134, 135, 136, 137, 138, 139, 140, 141, 142, 143, 144, 145, 146, 147, 148, 149, 150, 151, 152, 153, 154, 155, 156, 157, 158, 159, 160, 161, 162, 163, 164, 165, 166, 167, 168, 169, 170, 171, 172, 173, 174, 175, 176, 177, 178, 179, 180, 181, 182, 183, 184, 185, 186, 187, 188, 189, 190, 191, 192, 193, 194, 195, 196, 197, 198, 199, 200]","{1: [<function expanding_mean at 0x000002C58F7A04A0>], 7: [<function rolling_mean_14 at 0x000002C5930FAA20>], 30: [<function expanding_mean at 0x000002C58F7A04A0>]}",lags_200_features_200,44.199275546160045,34.947093164031074,40.03154128216131,54.233185143442775,64.25353837253294,75.70134900176232,70.38917379929752,79.76683465949134,114.14352825918105,204.27591869796817,211.76563992671774
SGD_Lasso,LocalStandardScaler(stats_=[[47.42372721 38.3630083 ]]),"[1, 2, 3, 4, 5, 6, 7, 8, 9, 10, 11, 12, 13, 14, 15, 16, 17, 18, 19, 20, 21, 22, 23, 24, 25, 26, 27, 28, 29, 30, 31, 32, 33, 34, 35, 36, 37, 38, 39, 40, 41, 42, 43, 44, 45, 46, 47, 48, 49, 50, 51, 52, 53, 54, 55, 56, 57, 58, 59, 60, 61, 62, 63, 64, 65, 66, 67, 68, 69, 70, 71, 72, 73, 74, 75, 76, 77, 78, 79, 80, 81, 82, 83, 84, 85, 86, 87, 88, 89, 90, 91, 92, 93, 94, 95, 96, 97, 98, 99, 100, 101, 102, 103, 104, 105, 106, 107, 108, 109, 110, 111, 112, 113, 114, 115, 116, 117, 118, 119, 120, 121, 122, 123, 124, 125, 126, 127, 128, 129, 130, 131, 132, 133, 134, 135, 136, 137, 138, 139, 140, 141, 142, 143, 144, 145, 146, 147, 148, 149, 150, 151, 152, 153, 154, 155, 156, 157, 158, 159, 160, 161, 162, 163, 164, 165, 166, 167, 168, 169, 170, 171, 172, 173, 174, 175, 176, 177, 178, 179, 180, 181, 182, 183, 184, 185, 186, 187, 188, 189, 190, 191, 192, 193, 194, 195, 196, 197, 198, 199, 200]","{1: [<function expanding_mean at 0x000002C58F7A04A0>], 7: [<function rolling_mean_14 at 0x000002C5930FAA20>], 30: [<function expanding_mean at 0x000002C58F7A04A0>]}",lags_200_features_200,146.09119090060258,128.82684454495853,126.9318116131428,114.5403109113253,97.18312060773864,85.74237110650539,74.1837603623808,66.91424770609706,86.2999607637248,116.71126385873609,116.24224457969359
SGD_Ridge,LocalStandardScaler(stats_=[[47.42372721 38.3630083 ]]),"[1, 2, 3, 4, 5, 6, 7, 8, 9, 10, 11, 12, 13, 14, 15, 16, 17, 18, 19, 20, 21, 22, 23, 24, 25, 26, 27, 28, 29, 30, 31, 32, 33, 34, 35, 36, 37, 38, 39, 40, 41, 42, 43, 44, 45, 46, 47, 48, 49, 50, 51, 52, 53, 54, 55, 56, 57, 58, 59, 60, 61, 62, 63, 64, 65, 66, 67, 68, 69, 70, 71, 72, 73, 74, 75, 76, 77, 78, 79, 80, 81, 82, 83, 84, 85, 86, 87, 88, 89, 90, 91, 92, 93, 94, 95, 96, 97, 98, 99, 100, 101, 102, 103, 104, 105, 106, 107, 108, 109, 110, 111, 112, 113, 114, 115, 116, 117, 118, 119, 120, 121, 122, 123, 124, 125, 126, 127, 128, 129, 130, 131, 132, 133, 134, 135, 136, 137, 138, 139, 140, 141, 142, 143, 144, 145, 146, 147, 148, 149, 150, 151, 152, 153, 154, 155, 156, 157, 158, 159, 160, 161, 162, 163, 164, 165, 166, 167, 168, 169, 170, 171, 172, 173, 174, 175, 176, 177, 178, 179, 180, 181, 182, 183, 184, 185, 186, 187, 188, 189, 190, 191, 192, 193, 194, 195, 196, 197, 198, 199, 200]","{1: [<function expanding_mean at 0x000002C58F7A04A0>], 7: [<function rolling_mean_14 at 0x000002C5930FAA20>], 30: [<function expanding_mean at 0x000002C58F7A04A0>]}",lags_200_features_200,30.710879151402736,43.74080326402379,37.80426532083992,56.51262928255216,77.02960977253028,99.66967052067083,100.4755373739104,90.98634011668604,141.43305875914936,206.6993196942418,217.51900509953833
SGDRegressor,LocalStandardScaler(stats_=[[47.42372721 38.3630083 ]]),"[1, 2, 3, 4, 5, 6, 7, 8, 9, 10, 11, 12, 13, 14, 15, 16, 17, 18, 19, 20, 21, 22, 23, 24, 25, 26, 27, 28, 29, 30, 31, 32, 33, 34, 35, 36, 37, 38, 39, 40, 41, 42, 43, 44, 45, 46, 47, 48, 49, 50, 51, 52, 53, 54, 55, 56, 57, 58, 59, 60, 61, 62, 63, 64, 65, 66, 67, 68, 69, 70, 71, 72, 73, 74, 75, 76, 77, 78, 79, 80, 81, 82, 83, 84, 85, 86, 87, 88, 89, 90, 91, 92, 93, 94, 95, 96, 97, 98, 99, 100, 101, 102, 103, 104, 105, 106, 107, 108, 109, 110, 111, 112, 113, 114, 115, 116, 117, 118, 119, 120, 121, 122, 123, 124, 125, 126, 127, 128, 129, 130, 131, 132, 133, 134, 135, 136, 137, 138, 139, 140, 141, 142, 143, 144, 145, 146, 147, 148, 149, 150, 151, 152, 153, 154, 155, 156, 157, 158, 159, 160, 161, 162, 163, 164, 165, 166, 167, 168, 169, 170, 171, 172, 173, 174, 175, 176, 177, 178, 179, 180, 181, 182, 183, 184, 185, 186, 187, 188, 189, 190, 191, 192, 193, 194, 195, 196, 197, 198, 199, 200]","{1: [<function expanding_mean at 0x000002C58F7A04A0>], 7: [<function rolling_mean_14 at 0x000002C5930FAA20>], 30: [<function expanding_mean at 0x000002C58F7A04A0>]}",lags_200_features_200,49.34016200019332,38.39684541854655,45.88977719915683,60.1141984215601,68.60667156154304,77.71646391708613,70.82907290652875,81.61449779293363,104.9371674306518,211.42366759586807,215.6116474303421
XGBRegressor,LocalStandardScaler(stats_=[[47.42372721 38.3630083 ]]),"[1, 2, 3, 4, 5, 6, 7, 8, 9, 10, 11, 12, 13, 14, 15, 16, 17, 18, 19, 20, 21, 22, 23, 24, 25, 26, 27, 28, 29, 30, 31, 32, 33, 34, 35, 36, 37, 38, 39, 40, 41, 42, 43, 44, 45, 46, 47, 48, 49, 50, 51, 52, 53, 54, 55, 56, 57, 58, 59, 60, 61, 62, 63, 64, 65, 66, 67, 68, 69, 70, 71, 72, 73, 74, 75, 76, 77, 78, 79, 80, 81, 82, 83, 84, 85, 86, 87, 88, 89, 90, 91, 92, 93, 94, 95, 96, 97, 98, 99, 100, 101, 102, 103, 104, 105, 106, 107, 108, 109, 110, 111, 112, 113, 114, 115, 116, 117, 118, 119, 120, 121, 122, 123, 124, 125, 126, 127, 128, 129, 130, 131, 132, 133, 134, 135, 136, 137, 138, 139, 140, 141, 142, 143, 144, 145, 146, 147, 148, 149, 150, 151, 152, 153, 154, 155, 156, 157, 158, 159, 160, 161, 162, 163, 164, 165, 166, 167, 168, 169, 170, 171, 172, 173, 174, 175, 176, 177, 178, 179, 180, 181, 182, 183, 184, 185, 186, 187, 188, 189, 190, 191, 192, 193, 194, 195, 196, 197, 198, 199, 200]","{1: [<function expanding_mean at 0x000002C58F7A04A0>], 7: [<function rolling_mean_14 at 0x000002C5930FAA20>], 30: [<function expanding_mean at 0x000002C58F7A04A0>]}",lags_200_features_200,19.301863731913592,25.17196110172274,25.865975651250633,26.577508219182317,27.133806307111076,27.208818593466788,34.063210081421005,33.7489953412853,40.94859954807956,48.227853590834805,47.50636488435734
LGBMRegressor,LocalStandardScaler(stats_=[[47.42372721 38.3630083 ]]),"[1, 2, 3, 4, 5, 6, 7, 8, 9, 10, 11, 12, 13, 14, 15, 16, 17, 18, 19, 20, 21, 22, 23, 24, 25, 26, 27, 28, 29, 30, 31, 32, 33, 34, 35, 36, 37, 38, 39, 40, 41, 42, 43, 44, 45, 46, 47, 48, 49, 50, 51, 52, 53, 54, 55, 56, 57, 58, 59, 60, 61, 62, 63, 64, 65, 66, 67, 68, 69, 70, 71, 72, 73, 74, 75, 76, 77, 78, 79, 80, 81, 82, 83, 84, 85, 86, 87, 88, 89, 90, 91, 92, 93, 94, 95, 96, 97, 98, 99, 100, 101, 102, 103, 104, 105, 106, 107, 108, 109, 110, 111, 112, 113, 114, 115, 116, 117, 118, 119, 120, 121, 122, 123, 124, 125, 126, 127, 128, 129, 130, 131, 132, 133, 134, 135, 136, 137, 138, 139, 140, 141, 142, 143, 144, 145, 146, 147, 148, 149, 150, 151, 152, 153, 154, 155, 156, 157, 158, 159, 160, 161, 162, 163, 164, 165, 166, 167, 168, 169, 170, 171, 172, 173, 174, 175, 176, 177, 178, 179, 180, 181, 182, 183, 184, 185, 186, 187, 188, 189, 190, 191, 192, 193, 194, 195, 196, 197, 198, 199, 200]","{1: [<function expanding_mean at 0x000002C58F7A04A0>], 7: [<function rolling_mean_14 at 0x000002C5930FAA20>], 30: [<function expanding_mean at 0x000002C58F7A04A0>]}",lags_200_features_200,15.834852311167072,24.365714240945753,24.869578095363657,25.390739503855848,26.769788612564778,26.60781796431437,31.223154199381515,31.621328306413194,33.51581525247566,34.87968477514789,34.46975155276311
SGD_EarlyStopping,LocalStandardScaler(stats_=[[47.42372721 38.3630083 ]]),"[1, 2, 3, 4, 5, 6, 7, 8, 9, 10, 11, 12, 13, 14, 15, 16, 17, 18, 19, 20, 21, 22, 23, 24, 25, 26, 27, 28, 29, 30, 31, 32, 33, 34, 35, 36, 37, 38, 39, 40, 41, 42, 43, 44, 45, 46, 47, 48, 49, 50, 51, 52, 53, 54, 55, 56, 57, 58, 59, 60, 61, 62, 63, 64, 65, 66, 67, 68, 69, 70, 71, 72, 73, 74, 75, 76, 77, 78, 79, 80, 81, 82, 83, 84, 85, 86, 87, 88, 89, 90, 91, 92, 93, 94, 95, 96, 97, 98, 99, 100, 101, 102, 103, 104, 105, 106, 107, 108, 109, 110, 111, 112, 113, 114, 115, 116, 117, 118, 119, 120, 121, 122, 123, 124, 125, 126, 127, 128, 129, 130, 131, 132, 133, 134, 135, 136, 137, 138, 139, 140, 141, 142, 143, 144, 145, 146, 147, 148, 149, 150, 151, 152, 153, 154, 155, 156, 157, 158, 159, 160, 161, 162, 163, 164, 165, 166, 167, 168, 169, 170, 171, 172, 173, 174, 175, 176, 177, 178, 179, 180, 181, 182, 183, 184, 185, 186, 187, 188, 189, 190, 191, 192, 193, 194, 195, 196, 197, 198, 199, 200]","{1: [<function rolling_mean_14 at 0x000002C5930FAA20>], 7: [<function rolling_mean_30 at 0x000002C58DBF9260>], 30: [<function expanding_mean at 0x000002C58F7A04A0>]}",lags_200_features_200,58.5686444449758,45.30298498217769,43.50335504586,56.80161014573232,64.94060678038181,74.18756599993212,68.67812793456409,60.89156803512714,56.16029630075364,75.03333462270913,80.82607136098723
SGD_ElasticNet,LocalStandardScaler(stats_=[[47.42372721 38.3630083 ]]),"[1, 2, 3, 4, 5, 6, 7, 8, 9, 10, 11, 12, 13, 14, 15, 16, 17, 18, 19, 20, 21, 22, 23, 24, 25, 26, 27, 28, 29, 30, 31, 32, 33, 34, 35, 36, 37, 38, 39, 40, 41, 42, 43, 44, 45, 46, 47, 48, 49, 50, 51, 52, 53, 54, 55, 56, 57, 58, 59, 60, 61, 62, 63, 64, 65, 66, 67, 68, 69, 70, 71, 72, 73, 74, 75, 76, 77, 78, 79, 80, 81, 82, 83, 84, 85, 86, 87, 88, 89, 90, 91, 92, 93, 94, 95, 96, 97, 98, 99, 100, 101, 102, 103, 104, 105, 106, 107, 108, 109, 110, 111, 112, 113, 114, 115, 116, 117, 118, 119, 120, 121, 122, 123, 124, 125, 126, 127, 128, 129, 130, 131, 132, 133, 134, 135, 136, 137, 138, 139, 140, 141, 142, 143, 144, 145, 146, 147, 148, 149, 150, 151, 152, 153, 154, 155, 156, 157, 158, 159, 160, 161, 162, 163, 164, 165, 166, 167, 168, 169, 170, 171, 172, 173, 174, 175, 176, 177, 178, 179, 180, 181, 182, 183, 184, 185, 186, 187, 188, 189, 190, 191, 192, 193, 194, 195, 196, 197, 198, 199, 200]","{1: [<function rolling_mean_14 at 0x000002C5930FAA20>], 7: [<function rolling_mean_30 at 0x000002C58DBF9260>], 30: [<function expanding_mean at 0x000002C58F7A04A0>]}",lags_200_features_200,44.09064829141726,34.83595070207277,39.90811333622484,53.94755006445844,63.83243996270792,75.17046837476028,69.91613392879944,79.36549848232207,113.81296570012212,203.98930265966496,211.42050319309996
SGD_Lasso,LocalStandardScaler(stats_=[[47.42372721 38.3630083 ]]),"[1, 2, 3, 4, 5, 6, 7, 8, 9, 10, 11, 12, 13, 14, 15, 16, 17, 18, 19, 20, 21, 22, 23, 24, 25, 26, 27, 28, 29, 30, 31, 32, 33, 34, 35, 36, 37, 38, 39, 40, 41, 42, 43, 44, 45, 46, 47, 48, 49, 50, 51, 52, 53, 54, 55, 56, 57, 58, 59, 60, 61, 62, 63, 64, 65, 66, 67, 68, 69, 70, 71, 72, 73, 74, 75, 76, 77, 78, 79, 80, 81, 82, 83, 84, 85, 86, 87, 88, 89, 90, 91, 92, 93, 94, 95, 96, 97, 98, 99, 100, 101, 102, 103, 104, 105, 106, 107, 108, 109, 110, 111, 112, 113, 114, 115, 116, 117, 118, 119, 120, 121, 122, 123, 124, 125, 126, 127, 128, 129, 130, 131, 132, 133, 134, 135, 136, 137, 138, 139, 140, 141, 142, 143, 144, 145, 146, 147, 148, 149, 150, 151, 152, 153, 154, 155, 156, 157, 158, 159, 160, 161, 162, 163, 164, 165, 166, 167, 168, 169, 170, 171, 172, 173, 174, 175, 176, 177, 178, 179, 180, 181, 182, 183, 184, 185, 186, 187, 188, 189, 190, 191, 192, 193, 194, 195, 196, 197, 198, 199, 200]","{1: [<function rolling_mean_14 at 0x000002C5930FAA20>], 7: [<function rolling_mean_30 at 0x000002C58DBF9260>], 30: [<function expanding_mean at 0x000002C58F7A04A0>]}",lags_200_features_200,146.09119090060258,128.82684454495853,126.9318116131428,114.5403109113253,97.18312060773864,85.74237110650539,74.1837603623808,66.91424770609706,86.2999607637248,116.71126385873609,116.24224457969359
SGD_Ridge,LocalStandardScaler(stats_=[[47.42372721 38.3630083 ]]),"[1, 2, 3, 4, 5, 6, 7, 8, 9, 10, 11, 12, 13, 14, 15, 16, 17, 18, 19, 20, 21, 22, 23, 24, 25, 26, 27, 28, 29, 30, 31, 32, 33, 34, 35, 36, 37, 38, 39, 40, 41, 42, 43, 44, 45, 46, 47, 48, 49, 50, 51, 52, 53, 54, 55, 56, 57, 58, 59, 60, 61, 62, 63, 64, 65, 66, 67, 68, 69, 70, 71, 72, 73, 74, 75, 76, 77, 78, 79, 80, 81, 82, 83, 84, 85, 86, 87, 88, 89, 90, 91, 92, 93, 94, 95, 96, 97, 98, 99, 100, 101, 102, 103, 104, 105, 106, 107, 108, 109, 110, 111, 112, 113, 114, 115, 116, 117, 118, 119, 120, 121, 122, 123, 124, 125, 126, 127, 128, 129, 130, 131, 132, 133, 134, 135, 136, 137, 138, 139, 140, 141, 142, 143, 144, 145, 146, 147, 148, 149, 150, 151, 152, 153, 154, 155, 156, 157, 158, 159, 160, 161, 162, 163, 164, 165, 166, 167, 168, 169, 170, 171, 172, 173, 174, 175, 176, 177, 178, 179, 180, 181, 182, 183, 184, 185, 186, 187, 188, 189, 190, 191, 192, 193, 194, 195, 196, 197, 198, 199, 200]","{1: [<function rolling_mean_14 at 0x000002C5930FAA20>], 7: [<function rolling_mean_30 at 0x000002C58DBF9260>], 30: [<function expanding_mean at 0x000002C58F7A04A0>]}",lags_200_features_200,30.654738752897803,43.73086634518781,37.74062925767439,56.358454271633775,76.91181116221809,99.6897822266281,100.78386086405717,91.2415028184737,141.76163034584982,208.02558455493556,218.62441223249425
SGDRegressor,LocalStandardScaler(stats_=[[47.42372721 38.3630083 ]]),"[1, 2, 3, 4, 5, 6, 7, 8, 9, 10, 11, 12, 13, 14, 15, 16, 17, 18, 19, 20, 21, 22, 23, 24, 25, 26, 27, 28, 29, 30, 31, 32, 33, 34, 35, 36, 37, 38, 39, 40, 41, 42, 43, 44, 45, 46, 47, 48, 49, 50, 51, 52, 53, 54, 55, 56, 57, 58, 59, 60, 61, 62, 63, 64, 65, 66, 67, 68, 69, 70, 71, 72, 73, 74, 75, 76, 77, 78, 79, 80, 81, 82, 83, 84, 85, 86, 87, 88, 89, 90, 91, 92, 93, 94, 95, 96, 97, 98, 99, 100, 101, 102, 103, 104, 105, 106, 107, 108, 109, 110, 111, 112, 113, 114, 115, 116, 117, 118, 119, 120, 121, 122, 123, 124, 125, 126, 127, 128, 129, 130, 131, 132, 133, 134, 135, 136, 137, 138, 139, 140, 141, 142, 143, 144, 145, 146, 147, 148, 149, 150, 151, 152, 153, 154, 155, 156, 157, 158, 159, 160, 161, 162, 163, 164, 165, 166, 167, 168, 169, 170, 171, 172, 173, 174, 175, 176, 177, 178, 179, 180, 181, 182, 183, 184, 185, 186, 187, 188, 189, 190, 191, 192, 193, 194, 195, 196, 197, 198, 199, 200]","{1: [<function rolling_mean_14 at 0x000002C5930FAA20>], 7: [<function rolling_mean_30 at 0x000002C58DBF9260>], 30: [<function expanding_mean at 0x000002C58F7A04A0>]}",lags_200_features_200,49.1488671273556,38.24071641974849,45.61643424442488,59.624376448154294,67.94044267836978,76.88449004867974,70.09553260818726,80.95794122898123,104.00164536790581,210.0002654194916,214.0538100732871
XGBRegressor,LocalStandardScaler(stats_=[[47.42372721 38.3630083 ]]),"[1, 2, 3, 4, 5, 6, 7, 8, 9, 10, 11, 12, 13, 14, 15, 16, 17, 18, 19, 20, 21, 22, 23, 24, 25, 26, 27, 28, 29, 30, 31, 32, 33, 34, 35, 36, 37, 38, 39, 40, 41, 42, 43, 44, 45, 46, 47, 48, 49, 50, 51, 52, 53, 54, 55, 56, 57, 58, 59, 60, 61, 62, 63, 64, 65, 66, 67, 68, 69, 70, 71, 72, 73, 74, 75, 76, 77, 78, 79, 80, 81, 82, 83, 84, 85, 86, 87, 88, 89, 90, 91, 92, 93, 94, 95, 96, 97, 98, 99, 100, 101, 102, 103, 104, 105, 106, 107, 108, 109, 110, 111, 112, 113, 114, 115, 116, 117, 118, 119, 120, 121, 122, 123, 124, 125, 126, 127, 128, 129, 130, 131, 132, 133, 134, 135, 136, 137, 138, 139, 140, 141, 142, 143, 144, 145, 146, 147, 148, 149, 150, 151, 152, 153, 154, 155, 156, 157, 158, 159, 160, 161, 162, 163, 164, 165, 166, 167, 168, 169, 170, 171, 172, 173, 174, 175, 176, 177, 178, 179, 180, 181, 182, 183, 184, 185, 186, 187, 188, 189, 190, 191, 192, 193, 194, 195, 196, 197, 198, 199, 200]","{1: [<function rolling_mean_14 at 0x000002C5930FAA20>], 7: [<function rolling_mean_30 at 0x000002C58DBF9260>], 30: [<function expanding_mean at 0x000002C58F7A04A0>]}",lags_200_features_200,15.287039472966216,22.48115487774992,23.93135669579781,24.68551885578538,26.16998262175939,26.889843335079288,32.67094208670905,32.53782750408868,37.54907295272885,44.452357697602864,43.78390423845361
LGBMRegressor,LocalStandardScaler(stats_=[[47.42372721 38.3630083 ]]),"[1, 2, 3, 4, 5, 6, 7, 8, 9, 10, 11, 12, 13, 14, 15, 16, 17, 18, 19, 20, 21, 22, 23, 24, 25, 26, 27, 28, 29, 30, 31, 32, 33, 34, 35, 36, 37, 38, 39, 40, 41, 42, 43, 44, 45, 46, 47, 48, 49, 50, 51, 52, 53, 54, 55, 56, 57, 58, 59, 60, 61, 62, 63, 64, 65, 66, 67, 68, 69, 70, 71, 72, 73, 74, 75, 76, 77, 78, 79, 80, 81, 82, 83, 84, 85, 86, 87, 88, 89, 90, 91, 92, 93, 94, 95, 96, 97, 98, 99, 100, 101, 102, 103, 104, 105, 106, 107, 108, 109, 110, 111, 112, 113, 114, 115, 116, 117, 118, 119, 120, 121, 122, 123, 124, 125, 126, 127, 128, 129, 130, 131, 132, 133, 134, 135, 136, 137, 138, 139, 140, 141, 142, 143, 144, 145, 146, 147, 148, 149, 150, 151, 152, 153, 154, 155, 156, 157, 158, 159, 160, 161, 162, 163, 164, 165, 166, 167, 168, 169, 170, 171, 172, 173, 174, 175, 176, 177, 178, 179, 180, 181, 182, 183, 184, 185, 186, 187, 188, 189, 190, 191, 192, 193, 194, 195, 196, 197, 198, 199, 200]","{1: [<function rolling_mean_14 at 0x000002C5930FAA20>], 7: [<function rolling_mean_30 at 0x000002C58DBF9260>], 30: [<function expanding_mean at 0x000002C58F7A04A0>]}",lags_200_features_200,13.102398506715954,22.51414775255654,24.120468400609624,25.181599984263652,26.905841409231833,27.458942784930308,32.99941765346229,33.31819350956227,36.19784552112777,37.778204471123175,37.185728584777564
SGD_EarlyStopping,LocalStandardScaler(stats_=[[47.42372721 38.3630083 ]]),"[1, 2, 3, 4, 5, 6, 7, 8, 9, 10, 11, 12, 13, 14, 15, 16, 17, 18, 19, 20, 21, 22, 23, 24, 25, 26, 27, 28, 29, 30, 31, 32, 33, 34, 35, 36, 37, 38, 39, 40, 41, 42, 43, 44, 45, 46, 47, 48, 49, 50, 51, 52, 53, 54, 55, 56, 57, 58, 59, 60, 61, 62, 63, 64, 65, 66, 67, 68, 69, 70, 71, 72, 73, 74, 75, 76, 77, 78, 79, 80, 81, 82, 83, 84, 85, 86, 87, 88, 89, 90, 91, 92, 93, 94, 95, 96, 97, 98, 99, 100, 101, 102, 103, 104, 105, 106, 107, 108, 109, 110, 111, 112, 113, 114, 115, 116, 117, 118, 119, 120, 121, 122, 123, 124, 125, 126, 127, 128, 129, 130, 131, 132, 133, 134, 135, 136, 137, 138, 139, 140, 141, 142, 143, 144, 145, 146, 147, 148, 149, 150, 151, 152, 153, 154, 155, 156, 157, 158, 159, 160, 161, 162, 163, 164, 165, 166, 167, 168, 169, 170, 171, 172, 173, 174, 175, 176, 177, 178, 179, 180, 181, 182, 183, 184, 185, 186, 187, 188, 189, 190, 191, 192, 193, 194, 195, 196, 197, 198, 199, 200]","{7: [RollingMean(window_size=7)], 30: [RollingMean(window_size=30)], 60: [RollingMean(window_size=60)]}",lags_200_features_200,58.63195602869806,45.18682515509283,43.3958382861631,56.53976426563523,64.58429242497364,73.78065812282239,68.33719227033544,60.62132038428572,55.84341979787851,74.53083114102846,80.28470992451595
SGD_ElasticNet,LocalStandardScaler(stats_=[[47.42372721 38.3630083 ]]),"[1, 2, 3, 4, 5, 6, 7, 8, 9, 10, 11, 12, 13, 14, 15, 16, 17, 18, 19, 20, 21, 22, 23, 24, 25, 26, 27, 28, 29, 30, 31, 32, 33, 34, 35, 36, 37, 38, 39, 40, 41, 42, 43, 44, 45, 46, 47, 48, 49, 50, 51, 52, 53, 54, 55, 56, 57, 58, 59, 60, 61, 62, 63, 64, 65, 66, 67, 68, 69, 70, 71, 72, 73, 74, 75, 76, 77, 78, 79, 80, 81, 82, 83, 84, 85, 86, 87, 88, 89, 90, 91, 92, 93, 94, 95, 96, 97, 98, 99, 100, 101, 102, 103, 104, 105, 106, 107, 108, 109, 110, 111, 112, 113, 114, 115, 116, 117, 118, 119, 120, 121, 122, 123, 124, 125, 126, 127, 128, 129, 130, 131, 132, 133, 134, 135, 136, 137, 138, 139, 140, 141, 142, 143, 144, 145, 146, 147, 148, 149, 150, 151, 152, 153, 154, 155, 156, 157, 158, 159, 160, 161, 162, 163, 164, 165, 166, 167, 168, 169, 170, 171, 172, 173, 174, 175, 176, 177, 178, 179, 180, 181, 182, 183, 184, 185, 186, 187, 188, 189, 190, 191, 192, 193, 194, 195, 196, 197, 198, 199, 200]","{7: [RollingMean(window_size=7)], 30: [RollingMean(window_size=30)], 60: [RollingMean(window_size=60)]}",lags_200_features_200,43.86386290004233,34.819574756434776,39.79383368635661,53.84491085159221,63.724149655843476,75.02903515532586,69.776064359914,79.14991254992152,113.36577957823899,202.37933489952735,209.8291119140314
SGD_Lasso,LocalStandardScaler(stats_=[[47.42372721 38.3630083 ]]),"[1, 2, 3, 4, 5, 6, 7, 8, 9, 10, 11, 12, 13, 14, 15, 16, 17, 18, 19, 20, 21, 22, 23, 24, 25, 26, 27, 28, 29, 30, 31, 32, 33, 34, 35, 36, 37, 38, 39, 40, 41, 42, 43, 44, 45, 46, 47, 48, 49, 50, 51, 52, 53, 54, 55, 56, 57, 58, 59, 60, 61, 62, 63, 64, 65, 66, 67, 68, 69, 70, 71, 72, 73, 74, 75, 76, 77, 78, 79, 80, 81, 82, 83, 84, 85, 86, 87, 88, 89, 90, 91, 92, 93, 94, 95, 96, 97, 98, 99, 100, 101, 102, 103, 104, 105, 106, 107, 108, 109, 110, 111, 112, 113, 114, 115, 116, 117, 118, 119, 120, 121, 122, 123, 124, 125, 126, 127, 128, 129, 130, 131, 132, 133, 134, 135, 136, 137, 138, 139, 140, 141, 142, 143, 144, 145, 146, 147, 148, 149, 150, 151, 152, 153, 154, 155, 156, 157, 158, 159, 160, 161, 162, 163, 164, 165, 166, 167, 168, 169, 170, 171, 172, 173, 174, 175, 176, 177, 178, 179, 180, 181, 182, 183, 184, 185, 186, 187, 188, 189, 190, 191, 192, 193, 194, 195, 196, 197, 198, 199, 200]","{7: [RollingMean(window_size=7)], 30: [RollingMean(window_size=30)], 60: [RollingMean(window_size=60)]}",lags_200_features_200,146.09119090060258,128.82684454495853,126.9318116131428,114.5403109113253,97.18312060773864,85.74237110650539,74.1837603623808,66.91424770609706,86.2999607637248,116.71126385873609,116.24224457969359
SGD_Ridge,LocalStandardScaler(stats_=[[47.42372721 38.3630083 ]]),"[1, 2, 3, 4, 5, 6, 7, 8, 9, 10, 11, 12, 13, 14, 15, 16, 17, 18, 19, 20, 21, 22, 23, 24, 25, 26, 27, 28, 29, 30, 31, 32, 33, 34, 35, 36, 37, 38, 39, 40, 41, 42, 43, 44, 45, 46, 47, 48, 49, 50, 51, 52, 53, 54, 55, 56, 57, 58, 59, 60, 61, 62, 63, 64, 65, 66, 67, 68, 69, 70, 71, 72, 73, 74, 75, 76, 77, 78, 79, 80, 81, 82, 83, 84, 85, 86, 87, 88, 89, 90, 91, 92, 93, 94, 95, 96, 97, 98, 99, 100, 101, 102, 103, 104, 105, 106, 107, 108, 109, 110, 111, 112, 113, 114, 115, 116, 117, 118, 119, 120, 121, 122, 123, 124, 125, 126, 127, 128, 129, 130, 131, 132, 133, 134, 135, 136, 137, 138, 139, 140, 141, 142, 143, 144, 145, 146, 147, 148, 149, 150, 151, 152, 153, 154, 155, 156, 157, 158, 159, 160, 161, 162, 163, 164, 165, 166, 167, 168, 169, 170, 171, 172, 173, 174, 175, 176, 177, 178, 179, 180, 181, 182, 183, 184, 185, 186, 187, 188, 189, 190, 191, 192, 193, 194, 195, 196, 197, 198, 199, 200]","{7: [RollingMean(window_size=7)], 30: [RollingMean(window_size=30)], 60: [RollingMean(window_size=60)]}",lags_200_features_200,30.894188020828157,43.86122454946893,37.912656687299474,56.56765822543027,76.89604962374025,99.24072002768993,99.73332427401606,90.2706096391706,139.5844600028062,203.22589920980693,214.01029086013185
SGDRegressor,LocalStandardScaler(stats_=[[47.42372721 38.3630083 ]]),"[1, 2, 3, 4, 5, 6, 7, 8, 9, 10, 11, 12, 13, 14, 15, 16, 17, 18, 19, 20, 21, 22, 23, 24, 25, 26, 27, 28, 29, 30, 31, 32, 33, 34, 35, 36, 37, 38, 39, 40, 41, 42, 43, 44, 45, 46, 47, 48, 49, 50, 51, 52, 53, 54, 55, 56, 57, 58, 59, 60, 61, 62, 63, 64, 65, 66, 67, 68, 69, 70, 71, 72, 73, 74, 75, 76, 77, 78, 79, 80, 81, 82, 83, 84, 85, 86, 87, 88, 89, 90, 91, 92, 93, 94, 95, 96, 97, 98, 99, 100, 101, 102, 103, 104, 105, 106, 107, 108, 109, 110, 111, 112, 113, 114, 115, 116, 117, 118, 119, 120, 121, 122, 123, 124, 125, 126, 127, 128, 129, 130, 131, 132, 133, 134, 135, 136, 137, 138, 139, 140, 141, 142, 143, 144, 145, 146, 147, 148, 149, 150, 151, 152, 153, 154, 155, 156, 157, 158, 159, 160, 161, 162, 163, 164, 165, 166, 167, 168, 169, 170, 171, 172, 173, 174, 175, 176, 177, 178, 179, 180, 181, 182, 183, 184, 185, 186, 187, 188, 189, 190, 191, 192, 193, 194, 195, 196, 197, 198, 199, 200]","{7: [RollingMean(window_size=7)], 30: [RollingMean(window_size=30)], 60: [RollingMean(window_size=60)]}",lags_200_features_200,48.62579830342052,37.7843724398245,44.92862804656257,58.85110683054442,67.12777048617363,75.98357537603981,69.32621589334497,80.53196337672243,103.08777488961178,209.43054007410876,213.2105105067061
XGBRegressor,LocalStandardScaler(stats_=[[47.42372721 38.3630083 ]]),"[1, 2, 3, 4, 5, 6, 7, 8, 9, 10, 11, 12, 13, 14, 15, 16, 17, 18, 19, 20, 21, 22, 23, 24, 25, 26, 27, 28, 29, 30, 31, 32, 33, 34, 35, 36, 37, 38, 39, 40, 41, 42, 43, 44, 45, 46, 47, 48, 49, 50, 51, 52, 53, 54, 55, 56, 57, 58, 59, 60, 61, 62, 63, 64, 65, 66, 67, 68, 69, 70, 71, 72, 73, 74, 75, 76, 77, 78, 79, 80, 81, 82, 83, 84, 85, 86, 87, 88, 89, 90, 91, 92, 93, 94, 95, 96, 97, 98, 99, 100, 101, 102, 103, 104, 105, 106, 107, 108, 109, 110, 111, 112, 113, 114, 115, 116, 117, 118, 119, 120, 121, 122, 123, 124, 125, 126, 127, 128, 129, 130, 131, 132, 133, 134, 135, 136, 137, 138, 139, 140, 141, 142, 143, 144, 145, 146, 147, 148, 149, 150, 151, 152, 153, 154, 155, 156, 157, 158, 159, 160, 161, 162, 163, 164, 165, 166, 167, 168, 169, 170, 171, 172, 173, 174, 175, 176, 177, 178, 179, 180, 181, 182, 183, 184, 185, 186, 187, 188, 189, 190, 191, 192, 193, 194, 195, 196, 197, 198, 199, 200]","{7: [RollingMean(window_size=7)], 30: [RollingMean(window_size=30)], 60: [RollingMean(window_size=60)]}",lags_200_features_200,15.754748550366418,22.89466069531481,24.637969767786803,24.694870620640433,25.994469150551836,26.923103604076687,34.57531370260712,34.97785082527494,41.154375751716714,52.20722751003032,51.47155914801318
LGBMRegressor,LocalStandardScaler(stats_=[[47.42372721 38.3630083 ]]),"[1, 2, 3, 4, 5, 6, 7, 8, 9, 10, 11, 12, 13, 14, 15, 16, 17, 18, 19, 20, 21, 22, 23, 24, 25, 26, 27, 28, 29, 30, 31, 32, 33, 34, 35, 36, 37, 38, 39, 40, 41, 42, 43, 44, 45, 46, 47, 48, 49, 50, 51, 52, 53, 54, 55, 56, 57, 58, 59, 60, 61, 62, 63, 64, 65, 66, 67, 68, 69, 70, 71, 72, 73, 74, 75, 76, 77, 78, 79, 80, 81, 82, 83, 84, 85, 86, 87, 88, 89, 90, 91, 92, 93, 94, 95, 96, 97, 98, 99, 100, 101, 102, 103, 104, 105, 106, 107, 108, 109, 110, 111, 112, 113, 114, 115, 116, 117, 118, 119, 120, 121, 122, 123, 124, 125, 126, 127, 128, 129, 130, 131, 132, 133, 134, 135, 136, 137, 138, 139, 140, 141, 142, 143, 144, 145, 146, 147, 148, 149, 150, 151, 152, 153, 154, 155, 156, 157, 158, 159, 160, 161, 162, 163, 164, 165, 166, 167, 168, 169, 170, 171, 172, 173, 174, 175, 176, 177, 178, 179, 180, 181, 182, 183, 184, 185, 186, 187, 188, 189, 190, 191, 192, 193, 194, 195, 196, 197, 198, 199, 200]","{7: [RollingMean(window_size=7)], 30: [RollingMean(window_size=30)], 60: [RollingMean(window_size=60)]}",lags_200_features_200,15.08519119950384,22.259136018970775,23.873891576710456,25.000085103645965,26.8020603996848,27.276350380162995,33.55627105809802,33.89160397142511,34.80291893980557,36.786898073645276,36.398776302406105
SGD_EarlyStopping,LocalStandardScaler(stats_=[[47.42372721 38.3630083 ]]),"[1, 2, 3, 4, 5, 6, 7, 8, 9, 10, 11, 12, 13, 14, 15, 16, 17, 18, 19, 20, 21, 22, 23, 24, 25, 26, 27, 28, 29, 30, 31, 32, 33, 34, 35, 36, 37, 38, 39, 40, 41, 42, 43, 44, 45, 46, 47, 48, 49, 50, 51, 52, 53, 54, 55, 56, 57, 58, 59, 60, 61, 62, 63, 64, 65, 66, 67, 68, 69, 70, 71, 72, 73, 74, 75, 76, 77, 78, 79, 80, 81, 82, 83, 84, 85, 86, 87, 88, 89, 90, 91, 92, 93, 94, 95, 96, 97, 98, 99, 100, 101, 102, 103, 104, 105, 106, 107, 108, 109, 110, 111, 112, 113, 114, 115, 116, 117, 118, 119, 120, 121, 122, 123, 124, 125, 126, 127, 128, 129, 130, 131, 132, 133, 134, 135, 136, 137, 138, 139, 140, 141, 142, 143, 144, 145, 146, 147, 148, 149, 150, 151, 152, 153, 154, 155, 156, 157, 158, 159, 160, 161, 162, 163, 164, 165, 166, 167, 168, 169, 170, 171, 172, 173, 174, 175, 176, 177, 178, 179, 180, 181, 182, 183, 184, 185, 186, 187, 188, 189, 190, 191, 192, 193, 194, 195, 196, 197, 198, 199, 200]","{7: [RollingMean(window_size=7), RollingStd(window_size=7)], 30: [RollingMean(window_size=30)], 60: [ExpandingMean()], 14: [ExponentiallyWeightedMean(alpha=0.3)]}",lags_200_features_200,58.724192775815375,45.35081983139354,43.560507839997705,57.06769121235702,65.39736737719454,74.83159733929419,69.30885162978949,61.411814860601865,56.88083526409241,75.69091752335048,81.57196432540002
SGD_ElasticNet,LocalStandardScaler(stats_=[[47.42372721 38.3630083 ]]),"[1, 2, 3, 4, 5, 6, 7, 8, 9, 10, 11, 12, 13, 14, 15, 16, 17, 18, 19, 20, 21, 22, 23, 24, 25, 26, 27, 28, 29, 30, 31, 32, 33, 34, 35, 36, 37, 38, 39, 40, 41, 42, 43, 44, 45, 46, 47, 48, 49, 50, 51, 52, 53, 54, 55, 56, 57, 58, 59, 60, 61, 62, 63, 64, 65, 66, 67, 68, 69, 70, 71, 72, 73, 74, 75, 76, 77, 78, 79, 80, 81, 82, 83, 84, 85, 86, 87, 88, 89, 90, 91, 92, 93, 94, 95, 96, 97, 98, 99, 100, 101, 102, 103, 104, 105, 106, 107, 108, 109, 110, 111, 112, 113, 114, 115, 116, 117, 118, 119, 120, 121, 122, 123, 124, 125, 126, 127, 128, 129, 130, 131, 132, 133, 134, 135, 136, 137, 138, 139, 140, 141, 142, 143, 144, 145, 146, 147, 148, 149, 150, 151, 152, 153, 154, 155, 156, 157, 158, 159, 160, 161, 162, 163, 164, 165, 166, 167, 168, 169, 170, 171, 172, 173, 174, 175, 176, 177, 178, 179, 180, 181, 182, 183, 184, 185, 186, 187, 188, 189, 190, 191, 192, 193, 194, 195, 196, 197, 198, 199, 200]","{7: [RollingMean(window_size=7), RollingStd(window_size=7)], 30: [RollingMean(window_size=30)], 60: [ExpandingMean()], 14: [ExponentiallyWeightedMean(alpha=0.3)]}",lags_200_features_200,43.97752172863359,34.892613545540016,39.88024690398074,53.622912541218945,62.97197933268399,73.4444446325757,67.97141523476269,77.14650648700055,103.39749930008273,190.9599821124465,196.90519616537716
SGD_Lasso,LocalStandardScaler(stats_=[[47.42372721 38.3630083 ]]),"[1, 2, 3, 4, 5, 6, 7, 8, 9, 10, 11, 12, 13, 14, 15, 16, 17, 18, 19, 20, 21, 22, 23, 24, 25, 26, 27, 28, 29, 30, 31, 32, 33, 34, 35, 36, 37, 38, 39, 40, 41, 42, 43, 44, 45, 46, 47, 48, 49, 50, 51, 52, 53, 54, 55, 56, 57, 58, 59, 60, 61, 62, 63, 64, 65, 66, 67, 68, 69, 70, 71, 72, 73, 74, 75, 76, 77, 78, 79, 80, 81, 82, 83, 84, 85, 86, 87, 88, 89, 90, 91, 92, 93, 94, 95, 96, 97, 98, 99, 100, 101, 102, 103, 104, 105, 106, 107, 108, 109, 110, 111, 112, 113, 114, 115, 116, 117, 118, 119, 120, 121, 122, 123, 124, 125, 126, 127, 128, 129, 130, 131, 132, 133, 134, 135, 136, 137, 138, 139, 140, 141, 142, 143, 144, 145, 146, 147, 148, 149, 150, 151, 152, 153, 154, 155, 156, 157, 158, 159, 160, 161, 162, 163, 164, 165, 166, 167, 168, 169, 170, 171, 172, 173, 174, 175, 176, 177, 178, 179, 180, 181, 182, 183, 184, 185, 186, 187, 188, 189, 190, 191, 192, 193, 194, 195, 196, 197, 198, 199, 200]","{7: [RollingMean(window_size=7), RollingStd(window_size=7)], 30: [RollingMean(window_size=30)], 60: [ExpandingMean()], 14: [ExponentiallyWeightedMean(alpha=0.3)]}",lags_200_features_200,146.09119090060258,128.82684454495853,126.9318116131428,114.5403109113253,97.18312060773864,85.74237110650539,74.1837603623808,66.91424770609706,86.2999607637248,116.71126385873609,116.24224457969359
SGD_Ridge,LocalStandardScaler(stats_=[[47.42372721 38.3630083 ]]),"[1, 2, 3, 4, 5, 6, 7, 8, 9, 10, 11, 12, 13, 14, 15, 16, 17, 18, 19, 20, 21, 22, 23, 24, 25, 26, 27, 28, 29, 30, 31, 32, 33, 34, 35, 36, 37, 38, 39, 40, 41, 42, 43, 44, 45, 46, 47, 48, 49, 50, 51, 52, 53, 54, 55, 56, 57, 58, 59, 60, 61, 62, 63, 64, 65, 66, 67, 68, 69, 70, 71, 72, 73, 74, 75, 76, 77, 78, 79, 80, 81, 82, 83, 84, 85, 86, 87, 88, 89, 90, 91, 92, 93, 94, 95, 96, 97, 98, 99, 100, 101, 102, 103, 104, 105, 106, 107, 108, 109, 110, 111, 112, 113, 114, 115, 116, 117, 118, 119, 120, 121, 122, 123, 124, 125, 126, 127, 128, 129, 130, 131, 132, 133, 134, 135, 136, 137, 138, 139, 140, 141, 142, 143, 144, 145, 146, 147, 148, 149, 150, 151, 152, 153, 154, 155, 156, 157, 158, 159, 160, 161, 162, 163, 164, 165, 166, 167, 168, 169, 170, 171, 172, 173, 174, 175, 176, 177, 178, 179, 180, 181, 182, 183, 184, 185, 186, 187, 188, 189, 190, 191, 192, 193, 194, 195, 196, 197, 198, 199, 200]","{7: [RollingMean(window_size=7), RollingStd(window_size=7)], 30: [RollingMean(window_size=30)], 60: [ExpandingMean()], 14: [ExponentiallyWeightedMean(alpha=0.3)]}",lags_200_features_200,30.50046603919842,43.70081903233679,37.65515174185543,55.86627464948263,75.82377626073425,97.8070295595838,98.14909981291231,88.75740091130221,135.50810381642677,196.51163210984836,206.9945141105149
SGDRegressor,LocalStandardScaler(stats_=[[47.42372721 38.3630083 ]]),"[1, 2, 3, 4, 5, 6, 7, 8, 9, 10, 11, 12, 13, 14, 15, 16, 17, 18, 19, 20, 21, 22, 23, 24, 25, 26, 27, 28, 29, 30, 31, 32, 33, 34, 35, 36, 37, 38, 39, 40, 41, 42, 43, 44, 45, 46, 47, 48, 49, 50, 51, 52, 53, 54, 55, 56, 57, 58, 59, 60, 61, 62, 63, 64, 65, 66, 67, 68, 69, 70, 71, 72, 73, 74, 75, 76, 77, 78, 79, 80, 81, 82, 83, 84, 85, 86, 87, 88, 89, 90, 91, 92, 93, 94, 95, 96, 97, 98, 99, 100, 101, 102, 103, 104, 105, 106, 107, 108, 109, 110, 111, 112, 113, 114, 115, 116, 117, 118, 119, 120, 121, 122, 123, 124, 125, 126, 127, 128, 129, 130, 131, 132, 133, 134, 135, 136, 137, 138, 139, 140, 141, 142, 143, 144, 145, 146, 147, 148, 149, 150, 151, 152, 153, 154, 155, 156, 157, 158, 159, 160, 161, 162, 163, 164, 165, 166, 167, 168, 169, 170, 171, 172, 173, 174, 175, 176, 177, 178, 179, 180, 181, 182, 183, 184, 185, 186, 187, 188, 189, 190, 191, 192, 193, 194, 195, 196, 197, 198, 199, 200]","{7: [RollingMean(window_size=7), RollingStd(window_size=7)], 30: [RollingMean(window_size=30)], 60: [ExpandingMean()], 14: [ExponentiallyWeightedMean(alpha=0.3)]}",lags_200_features_200,48.92847416177082,37.96320800648611,45.00233652004922,58.426479084067914,66.01834604061956,73.91018874419571,67.23449072468287,77.34318339545342,92.30932885690171,191.78610286257972,194.1609770564656
XGBRegressor,LocalStandardScaler(stats_=[[47.42372721 38.3630083 ]]),"[1, 2, 3, 4, 5, 6, 7, 8, 9, 10, 11, 12, 13, 14, 15, 16, 17, 18, 19, 20, 21, 22, 23, 24, 25, 26, 27, 28, 29, 30, 31, 32, 33, 34, 35, 36, 37, 38, 39, 40, 41, 42, 43, 44, 45, 46, 47, 48, 49, 50, 51, 52, 53, 54, 55, 56, 57, 58, 59, 60, 61, 62, 63, 64, 65, 66, 67, 68, 69, 70, 71, 72, 73, 74, 75, 76, 77, 78, 79, 80, 81, 82, 83, 84, 85, 86, 87, 88, 89, 90, 91, 92, 93, 94, 95, 96, 97, 98, 99, 100, 101, 102, 103, 104, 105, 106, 107, 108, 109, 110, 111, 112, 113, 114, 115, 116, 117, 118, 119, 120, 121, 122, 123, 124, 125, 126, 127, 128, 129, 130, 131, 132, 133, 134, 135, 136, 137, 138, 139, 140, 141, 142, 143, 144, 145, 146, 147, 148, 149, 150, 151, 152, 153, 154, 155, 156, 157, 158, 159, 160, 161, 162, 163, 164, 165, 166, 167, 168, 169, 170, 171, 172, 173, 174, 175, 176, 177, 178, 179, 180, 181, 182, 183, 184, 185, 186, 187, 188, 189, 190, 191, 192, 193, 194, 195, 196, 197, 198, 199, 200]","{7: [RollingMean(window_size=7), RollingStd(window_size=7)], 30: [RollingMean(window_size=30)], 60: [ExpandingMean()], 14: [ExponentiallyWeightedMean(alpha=0.3)]}",lags_200_features_200,15.304595782428306,23.35466394391294,25.178690604590564,25.598076143232223,27.39270141207254,28.138422535706503,33.14057772356184,33.340045857448814,50.04315906633872,62.09783572394758,61.06333721954316
LGBMRegressor,LocalStandardScaler(stats_=[[47.42372721 38.3630083 ]]),"[1, 2, 3, 4, 5, 6, 7, 8, 9, 10, 11, 12, 13, 14, 15, 16, 17, 18, 19, 20, 21, 22, 23, 24, 25, 26, 27, 28, 29, 30, 31, 32, 33, 34, 35, 36, 37, 38, 39, 40, 41, 42, 43, 44, 45, 46, 47, 48, 49, 50, 51, 52, 53, 54, 55, 56, 57, 58, 59, 60, 61, 62, 63, 64, 65, 66, 67, 68, 69, 70, 71, 72, 73, 74, 75, 76, 77, 78, 79, 80, 81, 82, 83, 84, 85, 86, 87, 88, 89, 90, 91, 92, 93, 94, 95, 96, 97, 98, 99, 100, 101, 102, 103, 104, 105, 106, 107, 108, 109, 110, 111, 112, 113, 114, 115, 116, 117, 118, 119, 120, 121, 122, 123, 124, 125, 126, 127, 128, 129, 130, 131, 132, 133, 134, 135, 136, 137, 138, 139, 140, 141, 142, 143, 144, 145, 146, 147, 148, 149, 150, 151, 152, 153, 154, 155, 156, 157, 158, 159, 160, 161, 162, 163, 164, 165, 166, 167, 168, 169, 170, 171, 172, 173, 174, 175, 176, 177, 178, 179, 180, 181, 182, 183, 184, 185, 186, 187, 188, 189, 190, 191, 192, 193, 194, 195, 196, 197, 198, 199, 200]","{7: [RollingMean(window_size=7), RollingStd(window_size=7)], 30: [RollingMean(window_size=30)], 60: [ExpandingMean()], 14: [ExponentiallyWeightedMean(alpha=0.3)]}",lags_200_features_200,14.248724462805837,23.406791050749305,24.99151127303377,25.69142783577758,27.21128323664212,27.349959286815434,32.0990672552315,32.31348375684257,34.689663542043,35.075242417124386,34.60769810711735
SGD_EarlyStopping,LocalMinMaxScaler(stats_=[[  5.11211699 325.92896936]]),"[1, 2, 3, 4, 5, 6, 7, 8, 9, 10, 11, 12, 13, 14, 15, 16, 17, 18, 19, 20, 21, 22, 23, 24, 25, 26, 27, 28, 29, 30, 31, 32, 33, 34, 35, 36, 37, 38, 39, 40, 41, 42, 43, 44, 45, 46, 47, 48, 49, 50, 51, 52, 53, 54, 55, 56, 57, 58, 59, 60, 61, 62, 63, 64, 65, 66, 67, 68, 69, 70, 71, 72, 73, 74, 75, 76, 77, 78, 79, 80, 81, 82, 83, 84, 85, 86, 87, 88, 89, 90, 91, 92, 93, 94, 95, 96, 97, 98, 99, 100, 101, 102, 103, 104, 105, 106, 107, 108, 109, 110, 111, 112, 113, 114, 115, 116, 117, 118, 119, 120, 121, 122, 123, 124, 125, 126, 127, 128, 129, 130, 131, 132, 133, 134, 135, 136, 137, 138, 139, 140, 141, 142, 143, 144, 145, 146, 147, 148, 149, 150, 151, 152, 153, 154, 155, 156, 157, 158, 159, 160, 161, 162, 163, 164, 165, 166, 167, 168, 169, 170, 171, 172, 173, 174, 175, 176, 177, 178, 179, 180, 181, 182, 183, 184, 185, 186, 187, 188, 189, 190, 191, 192, 193, 194, 195, 196, 197, 198, 199, 200]","{1: [<function expanding_mean at 0x000002C58F7A04A0>], 7: [<function rolling_mean_14 at 0x000002C5930FAA20>], 30: [<function expanding_mean at 0x000002C58F7A04A0>]}",lags_200_features_200,38.86612749422076,58.144765168296665,60.04342771809177,52.47013147532539,46.29754757678976,47.05512147580824,44.69055504336642,42.343986443304146,40.95401153485545,40.767447497468915,42.32327165916421
SGD_ElasticNet,LocalMinMaxScaler(stats_=[[  5.11211699 325.92896936]]),"[1, 2, 3, 4, 5, 6, 7, 8, 9, 10, 11, 12, 13, 14, 15, 16, 17, 18, 19, 20, 21, 22, 23, 24, 25, 26, 27, 28, 29, 30, 31, 32, 33, 34, 35, 36, 37, 38, 39, 40, 41, 42, 43, 44, 45, 46, 47, 48, 49, 50, 51, 52, 53, 54, 55, 56, 57, 58, 59, 60, 61, 62, 63, 64, 65, 66, 67, 68, 69, 70, 71, 72, 73, 74, 75, 76, 77, 78, 79, 80, 81, 82, 83, 84, 85, 86, 87, 88, 89, 90, 91, 92, 93, 94, 95, 96, 97, 98, 99, 100, 101, 102, 103, 104, 105, 106, 107, 108, 109, 110, 111, 112, 113, 114, 115, 116, 117, 118, 119, 120, 121, 122, 123, 124, 125, 126, 127, 128, 129, 130, 131, 132, 133, 134, 135, 136, 137, 138, 139, 140, 141, 142, 143, 144, 145, 146, 147, 148, 149, 150, 151, 152, 153, 154, 155, 156, 157, 158, 159, 160, 161, 162, 163, 164, 165, 166, 167, 168, 169, 170, 171, 172, 173, 174, 175, 176, 177, 178, 179, 180, 181, 182, 183, 184, 185, 186, 187, 188, 189, 190, 191, 192, 193, 194, 195, 196, 197, 198, 199, 200]","{1: [<function expanding_mean at 0x000002C58F7A04A0>], 7: [<function rolling_mean_14 at 0x000002C5930FAA20>], 30: [<function expanding_mean at 0x000002C58F7A04A0>]}",lags_200_features_200,32.44125298779149,40.76304927072431,69.29378630560333,90.04212442464646,98.61888778008836,107.37557912085936,96.93756405939756,84.72993786426379,75.90981212629215,91.79170060804334,96.45628981888554
SGD_Lasso,LocalMinMaxScaler(stats_=[[  5.11211699 325.92896936]]),"[1, 2, 3, 4, 5, 6, 7, 8, 9, 10, 11, 12, 13, 14, 15, 16, 17, 18, 19, 20, 21, 22, 23, 24, 25, 26, 27, 28, 29, 30, 31, 32, 33, 34, 35, 36, 37, 38, 39, 40, 41, 42, 43, 44, 45, 46, 47, 48, 49, 50, 51, 52, 53, 54, 55, 56, 57, 58, 59, 60, 61, 62, 63, 64, 65, 66, 67, 68, 69, 70, 71, 72, 73, 74, 75, 76, 77, 78, 79, 80, 81, 82, 83, 84, 85, 86, 87, 88, 89, 90, 91, 92, 93, 94, 95, 96, 97, 98, 99, 100, 101, 102, 103, 104, 105, 106, 107, 108, 109, 110, 111, 112, 113, 114, 115, 116, 117, 118, 119, 120, 121, 122, 123, 124, 125, 126, 127, 128, 129, 130, 131, 132, 133, 134, 135, 136, 137, 138, 139, 140, 141, 142, 143, 144, 145, 146, 147, 148, 149, 150, 151, 152, 153, 154, 155, 156, 157, 158, 159, 160, 161, 162, 163, 164, 165, 166, 167, 168, 169, 170, 171, 172, 173, 174, 175, 176, 177, 178, 179, 180, 181, 182, 183, 184, 185, 186, 187, 188, 189, 190, 191, 192, 193, 194, 195, 196, 197, 198, 199, 200]","{1: [<function expanding_mean at 0x000002C58F7A04A0>], 7: [<function rolling_mean_14 at 0x000002C5930FAA20>], 30: [<function expanding_mean at 0x000002C58F7A04A0>]}",lags_200_features_200,145.91668242307156,128.66457858121706,126.77088945740431,114.38817583127974,97.04802135367676,85.62326385462183,74.10101743566766,66.83985079017535,86.2044894423342,116.58506775597499,116.11560232705554
SGD_Ridge,LocalMinMaxScaler(stats_=[[  5.11211699 325.92896936]]),"[1, 2, 3, 4, 5, 6, 7, 8, 9, 10, 11, 12, 13, 14, 15, 16, 17, 18, 19, 20, 21, 22, 23, 24, 25, 26, 27, 28, 29, 30, 31, 32, 33, 34, 35, 36, 37, 38, 39, 40, 41, 42, 43, 44, 45, 46, 47, 48, 49, 50, 51, 52, 53, 54, 55, 56, 57, 58, 59, 60, 61, 62, 63, 64, 65, 66, 67, 68, 69, 70, 71, 72, 73, 74, 75, 76, 77, 78, 79, 80, 81, 82, 83, 84, 85, 86, 87, 88, 89, 90, 91, 92, 93, 94, 95, 96, 97, 98, 99, 100, 101, 102, 103, 104, 105, 106, 107, 108, 109, 110, 111, 112, 113, 114, 115, 116, 117, 118, 119, 120, 121, 122, 123, 124, 125, 126, 127, 128, 129, 130, 131, 132, 133, 134, 135, 136, 137, 138, 139, 140, 141, 142, 143, 144, 145, 146, 147, 148, 149, 150, 151, 152, 153, 154, 155, 156, 157, 158, 159, 160, 161, 162, 163, 164, 165, 166, 167, 168, 169, 170, 171, 172, 173, 174, 175, 176, 177, 178, 179, 180, 181, 182, 183, 184, 185, 186, 187, 188, 189, 190, 191, 192, 193, 194, 195, 196, 197, 198, 199, 200]","{1: [<function expanding_mean at 0x000002C58F7A04A0>], 7: [<function rolling_mean_14 at 0x000002C5930FAA20>], 30: [<function expanding_mean at 0x000002C58F7A04A0>]}",lags_200_features_200,99.73925062731513,102.16173130324442,120.77693522112125,125.02144062840689,117.26747644144491,110.86165677382402,94.01552341673823,81.24465514713263,92.87804794672287,135.38774914378422,136.66923755969881
SGDRegressor,LocalMinMaxScaler(stats_=[[  5.11211699 325.92896936]]),"[1, 2, 3, 4, 5, 6, 7, 8, 9, 10, 11, 12, 13, 14, 15, 16, 17, 18, 19, 20, 21, 22, 23, 24, 25, 26, 27, 28, 29, 30, 31, 32, 33, 34, 35, 36, 37, 38, 39, 40, 41, 42, 43, 44, 45, 46, 47, 48, 49, 50, 51, 52, 53, 54, 55, 56, 57, 58, 59, 60, 61, 62, 63, 64, 65, 66, 67, 68, 69, 70, 71, 72, 73, 74, 75, 76, 77, 78, 79, 80, 81, 82, 83, 84, 85, 86, 87, 88, 89, 90, 91, 92, 93, 94, 95, 96, 97, 98, 99, 100, 101, 102, 103, 104, 105, 106, 107, 108, 109, 110, 111, 112, 113, 114, 115, 116, 117, 118, 119, 120, 121, 122, 123, 124, 125, 126, 127, 128, 129, 130, 131, 132, 133, 134, 135, 136, 137, 138, 139, 140, 141, 142, 143, 144, 145, 146, 147, 148, 149, 150, 151, 152, 153, 154, 155, 156, 157, 158, 159, 160, 161, 162, 163, 164, 165, 166, 167, 168, 169, 170, 171, 172, 173, 174, 175, 176, 177, 178, 179, 180, 181, 182, 183, 184, 185, 186, 187, 188, 189, 190, 191, 192, 193, 194, 195, 196, 197, 198, 199, 200]","{1: [<function expanding_mean at 0x000002C58F7A04A0>], 7: [<function rolling_mean_14 at 0x000002C5930FAA20>], 30: [<function expanding_mean at 0x000002C58F7A04A0>]}",lags_200_features_200,15.77080115708804,22.974539580386786,50.957591261527334,75.00163180730127,88.02907549129574,101.28756854429908,94.98301039828829,83.8212805733732,83.41901120471593,94.75497839838046,100.01886800456101
XGBRegressor,LocalMinMaxScaler(stats_=[[  5.11211699 325.92896936]]),"[1, 2, 3, 4, 5, 6, 7, 8, 9, 10, 11, 12, 13, 14, 15, 16, 17, 18, 19, 20, 21, 22, 23, 24, 25, 26, 27, 28, 29, 30, 31, 32, 33, 34, 35, 36, 37, 38, 39, 40, 41, 42, 43, 44, 45, 46, 47, 48, 49, 50, 51, 52, 53, 54, 55, 56, 57, 58, 59, 60, 61, 62, 63, 64, 65, 66, 67, 68, 69, 70, 71, 72, 73, 74, 75, 76, 77, 78, 79, 80, 81, 82, 83, 84, 85, 86, 87, 88, 89, 90, 91, 92, 93, 94, 95, 96, 97, 98, 99, 100, 101, 102, 103, 104, 105, 106, 107, 108, 109, 110, 111, 112, 113, 114, 115, 116, 117, 118, 119, 120, 121, 122, 123, 124, 125, 126, 127, 128, 129, 130, 131, 132, 133, 134, 135, 136, 137, 138, 139, 140, 141, 142, 143, 144, 145, 146, 147, 148, 149, 150, 151, 152, 153, 154, 155, 156, 157, 158, 159, 160, 161, 162, 163, 164, 165, 166, 167, 168, 169, 170, 171, 172, 173, 174, 175, 176, 177, 178, 179, 180, 181, 182, 183, 184, 185, 186, 187, 188, 189, 190, 191, 192, 193, 194, 195, 196, 197, 198, 199, 200]","{1: [<function expanding_mean at 0x000002C58F7A04A0>], 7: [<function rolling_mean_14 at 0x000002C5930FAA20>], 30: [<function expanding_mean at 0x000002C58F7A04A0>]}",lags_200_features_200,20.894374825591118,25.603965097054864,25.98292380530803,26.594415559572244,26.971349148793415,26.512378484771805,30.871974021325332,31.30017720254606,41.058252417845445,41.796044675112434,41.316040259610126
LGBMRegressor,LocalMinMaxScaler(stats_=[[  5.11211699 325.92896936]]),"[1, 2, 3, 4, 5, 6, 7, 8, 9, 10, 11, 12, 13, 14, 15, 16, 17, 18, 19, 20, 21, 22, 23, 24, 25, 26, 27, 28, 29, 30, 31, 32, 33, 34, 35, 36, 37, 38, 39, 40, 41, 42, 43, 44, 45, 46, 47, 48, 49, 50, 51, 52, 53, 54, 55, 56, 57, 58, 59, 60, 61, 62, 63, 64, 65, 66, 67, 68, 69, 70, 71, 72, 73, 74, 75, 76, 77, 78, 79, 80, 81, 82, 83, 84, 85, 86, 87, 88, 89, 90, 91, 92, 93, 94, 95, 96, 97, 98, 99, 100, 101, 102, 103, 104, 105, 106, 107, 108, 109, 110, 111, 112, 113, 114, 115, 116, 117, 118, 119, 120, 121, 122, 123, 124, 125, 126, 127, 128, 129, 130, 131, 132, 133, 134, 135, 136, 137, 138, 139, 140, 141, 142, 143, 144, 145, 146, 147, 148, 149, 150, 151, 152, 153, 154, 155, 156, 157, 158, 159, 160, 161, 162, 163, 164, 165, 166, 167, 168, 169, 170, 171, 172, 173, 174, 175, 176, 177, 178, 179, 180, 181, 182, 183, 184, 185, 186, 187, 188, 189, 190, 191, 192, 193, 194, 195, 196, 197, 198, 199, 200]","{1: [<function expanding_mean at 0x000002C58F7A04A0>], 7: [<function rolling_mean_14 at 0x000002C5930FAA20>], 30: [<function expanding_mean at 0x000002C58F7A04A0>]}",lags_200_features_200,13.373549157547549,23.3236501790668,24.332270913731616,25.27853327397962,27.615588957754394,28.437065678960543,33.372406361801566,33.33803625373154,38.289276023444984,38.07240739332838,37.514776229432584
SGD_EarlyStopping,LocalMinMaxScaler(stats_=[[  5.11211699 325.92896936]]),"[1, 2, 3, 4, 5, 6, 7, 8, 9, 10, 11, 12, 13, 14, 15, 16, 17, 18, 19, 20, 21, 22, 23, 24, 25, 26, 27, 28, 29, 30, 31, 32, 33, 34, 35, 36, 37, 38, 39, 40, 41, 42, 43, 44, 45, 46, 47, 48, 49, 50, 51, 52, 53, 54, 55, 56, 57, 58, 59, 60, 61, 62, 63, 64, 65, 66, 67, 68, 69, 70, 71, 72, 73, 74, 75, 76, 77, 78, 79, 80, 81, 82, 83, 84, 85, 86, 87, 88, 89, 90, 91, 92, 93, 94, 95, 96, 97, 98, 99, 100, 101, 102, 103, 104, 105, 106, 107, 108, 109, 110, 111, 112, 113, 114, 115, 116, 117, 118, 119, 120, 121, 122, 123, 124, 125, 126, 127, 128, 129, 130, 131, 132, 133, 134, 135, 136, 137, 138, 139, 140, 141, 142, 143, 144, 145, 146, 147, 148, 149, 150, 151, 152, 153, 154, 155, 156, 157, 158, 159, 160, 161, 162, 163, 164, 165, 166, 167, 168, 169, 170, 171, 172, 173, 174, 175, 176, 177, 178, 179, 180, 181, 182, 183, 184, 185, 186, 187, 188, 189, 190, 191, 192, 193, 194, 195, 196, 197, 198, 199, 200]","{1: [<function rolling_mean_14 at 0x000002C5930FAA20>], 7: [<function rolling_mean_30 at 0x000002C58DBF9260>], 30: [<function expanding_mean at 0x000002C58F7A04A0>]}",lags_200_features_200,38.782945093995465,58.163814430352,60.254522471401074,52.765967267092265,46.4937493787277,47.15205223960496,44.7518432746615,42.380690964215475,40.97165118553562,40.706724781818195,42.236307308152924
SGD_ElasticNet,LocalMinMaxScaler(stats_=[[  5.11211699 325.92896936]]),"[1, 2, 3, 4, 5, 6, 7, 8, 9, 10, 11, 12, 13, 14, 15, 16, 17, 18, 19, 20, 21, 22, 23, 24, 25, 26, 27, 28, 29, 30, 31, 32, 33, 34, 35, 36, 37, 38, 39, 40, 41, 42, 43, 44, 45, 46, 47, 48, 49, 50, 51, 52, 53, 54, 55, 56, 57, 58, 59, 60, 61, 62, 63, 64, 65, 66, 67, 68, 69, 70, 71, 72, 73, 74, 75, 76, 77, 78, 79, 80, 81, 82, 83, 84, 85, 86, 87, 88, 89, 90, 91, 92, 93, 94, 95, 96, 97, 98, 99, 100, 101, 102, 103, 104, 105, 106, 107, 108, 109, 110, 111, 112, 113, 114, 115, 116, 117, 118, 119, 120, 121, 122, 123, 124, 125, 126, 127, 128, 129, 130, 131, 132, 133, 134, 135, 136, 137, 138, 139, 140, 141, 142, 143, 144, 145, 146, 147, 148, 149, 150, 151, 152, 153, 154, 155, 156, 157, 158, 159, 160, 161, 162, 163, 164, 165, 166, 167, 168, 169, 170, 171, 172, 173, 174, 175, 176, 177, 178, 179, 180, 181, 182, 183, 184, 185, 186, 187, 188, 189, 190, 191, 192, 193, 194, 195, 196, 197, 198, 199, 200]","{1: [<function rolling_mean_14 at 0x000002C5930FAA20>], 7: [<function rolling_mean_30 at 0x000002C58DBF9260>], 30: [<function expanding_mean at 0x000002C58F7A04A0>]}",lags_200_features_200,32.48014811637735,40.86924551024465,69.4521407832593,90.23765661459467,98.84796315758537,107.64651256161793,97.2130174843933,84.98353373064519,76.10243528624869,91.76996026064975,96.43384782730614
SGD_Lasso,LocalMinMaxScaler(stats_=[[  5.11211699 325.92896936]]),"[1, 2, 3, 4, 5, 6, 7, 8, 9, 10, 11, 12, 13, 14, 15, 16, 17, 18, 19, 20, 21, 22, 23, 24, 25, 26, 27, 28, 29, 30, 31, 32, 33, 34, 35, 36, 37, 38, 39, 40, 41, 42, 43, 44, 45, 46, 47, 48, 49, 50, 51, 52, 53, 54, 55, 56, 57, 58, 59, 60, 61, 62, 63, 64, 65, 66, 67, 68, 69, 70, 71, 72, 73, 74, 75, 76, 77, 78, 79, 80, 81, 82, 83, 84, 85, 86, 87, 88, 89, 90, 91, 92, 93, 94, 95, 96, 97, 98, 99, 100, 101, 102, 103, 104, 105, 106, 107, 108, 109, 110, 111, 112, 113, 114, 115, 116, 117, 118, 119, 120, 121, 122, 123, 124, 125, 126, 127, 128, 129, 130, 131, 132, 133, 134, 135, 136, 137, 138, 139, 140, 141, 142, 143, 144, 145, 146, 147, 148, 149, 150, 151, 152, 153, 154, 155, 156, 157, 158, 159, 160, 161, 162, 163, 164, 165, 166, 167, 168, 169, 170, 171, 172, 173, 174, 175, 176, 177, 178, 179, 180, 181, 182, 183, 184, 185, 186, 187, 188, 189, 190, 191, 192, 193, 194, 195, 196, 197, 198, 199, 200]","{1: [<function rolling_mean_14 at 0x000002C5930FAA20>], 7: [<function rolling_mean_30 at 0x000002C58DBF9260>], 30: [<function expanding_mean at 0x000002C58F7A04A0>]}",lags_200_features_200,145.91668242307156,128.66457858121706,126.77088945740431,114.38817583127974,97.04802135367676,85.62326385462183,74.10101743566766,66.83985079017535,86.2044894423342,116.58506775597499,116.11560232705554
SGD_Ridge,LocalMinMaxScaler(stats_=[[  5.11211699 325.92896936]]),"[1, 2, 3, 4, 5, 6, 7, 8, 9, 10, 11, 12, 13, 14, 15, 16, 17, 18, 19, 20, 21, 22, 23, 24, 25, 26, 27, 28, 29, 30, 31, 32, 33, 34, 35, 36, 37, 38, 39, 40, 41, 42, 43, 44, 45, 46, 47, 48, 49, 50, 51, 52, 53, 54, 55, 56, 57, 58, 59, 60, 61, 62, 63, 64, 65, 66, 67, 68, 69, 70, 71, 72, 73, 74, 75, 76, 77, 78, 79, 80, 81, 82, 83, 84, 85, 86, 87, 88, 89, 90, 91, 92, 93, 94, 95, 96, 97, 98, 99, 100, 101, 102, 103, 104, 105, 106, 107, 108, 109, 110, 111, 112, 113, 114, 115, 116, 117, 118, 119, 120, 121, 122, 123, 124, 125, 126, 127, 128, 129, 130, 131, 132, 133, 134, 135, 136, 137, 138, 139, 140, 141, 142, 143, 144, 145, 146, 147, 148, 149, 150, 151, 152, 153, 154, 155, 156, 157, 158, 159, 160, 161, 162, 163, 164, 165, 166, 167, 168, 169, 170, 171, 172, 173, 174, 175, 176, 177, 178, 179, 180, 181, 182, 183, 184, 185, 186, 187, 188, 189, 190, 191, 192, 193, 194, 195, 196, 197, 198, 199, 200]","{1: [<function rolling_mean_14 at 0x000002C5930FAA20>], 7: [<function rolling_mean_30 at 0x000002C58DBF9260>], 30: [<function expanding_mean at 0x000002C58F7A04A0>]}",lags_200_features_200,99.6025670257631,102.13544610394747,120.82649271200223,125.12376623379666,117.40424990662073,111.02665169951833,94.14605713287537,81.34587839707535,92.9110626596287,135.45252816905895,136.74453823354216
SGDRegressor,LocalMinMaxScaler(stats_=[[  5.11211699 325.92896936]]),"[1, 2, 3, 4, 5, 6, 7, 8, 9, 10, 11, 12, 13, 14, 15, 16, 17, 18, 19, 20, 21, 22, 23, 24, 25, 26, 27, 28, 29, 30, 31, 32, 33, 34, 35, 36, 37, 38, 39, 40, 41, 42, 43, 44, 45, 46, 47, 48, 49, 50, 51, 52, 53, 54, 55, 56, 57, 58, 59, 60, 61, 62, 63, 64, 65, 66, 67, 68, 69, 70, 71, 72, 73, 74, 75, 76, 77, 78, 79, 80, 81, 82, 83, 84, 85, 86, 87, 88, 89, 90, 91, 92, 93, 94, 95, 96, 97, 98, 99, 100, 101, 102, 103, 104, 105, 106, 107, 108, 109, 110, 111, 112, 113, 114, 115, 116, 117, 118, 119, 120, 121, 122, 123, 124, 125, 126, 127, 128, 129, 130, 131, 132, 133, 134, 135, 136, 137, 138, 139, 140, 141, 142, 143, 144, 145, 146, 147, 148, 149, 150, 151, 152, 153, 154, 155, 156, 157, 158, 159, 160, 161, 162, 163, 164, 165, 166, 167, 168, 169, 170, 171, 172, 173, 174, 175, 176, 177, 178, 179, 180, 181, 182, 183, 184, 185, 186, 187, 188, 189, 190, 191, 192, 193, 194, 195, 196, 197, 198, 199, 200]","{1: [<function rolling_mean_14 at 0x000002C5930FAA20>], 7: [<function rolling_mean_30 at 0x000002C58DBF9260>], 30: [<function expanding_mean at 0x000002C58F7A04A0>]}",lags_200_features_200,16.008451790321995,23.281889625171566,51.429544657048574,75.58743046163407,88.68928556453932,102.0348618966171,95.72063853291476,84.47239608360839,84.18234279056351,95.41307511788393,100.65618069823543
XGBRegressor,LocalMinMaxScaler(stats_=[[  5.11211699 325.92896936]]),"[1, 2, 3, 4, 5, 6, 7, 8, 9, 10, 11, 12, 13, 14, 15, 16, 17, 18, 19, 20, 21, 22, 23, 24, 25, 26, 27, 28, 29, 30, 31, 32, 33, 34, 35, 36, 37, 38, 39, 40, 41, 42, 43, 44, 45, 46, 47, 48, 49, 50, 51, 52, 53, 54, 55, 56, 57, 58, 59, 60, 61, 62, 63, 64, 65, 66, 67, 68, 69, 70, 71, 72, 73, 74, 75, 76, 77, 78, 79, 80, 81, 82, 83, 84, 85, 86, 87, 88, 89, 90, 91, 92, 93, 94, 95, 96, 97, 98, 99, 100, 101, 102, 103, 104, 105, 106, 107, 108, 109, 110, 111, 112, 113, 114, 115, 116, 117, 118, 119, 120, 121, 122, 123, 124, 125, 126, 127, 128, 129, 130, 131, 132, 133, 134, 135, 136, 137, 138, 139, 140, 141, 142, 143, 144, 145, 146, 147, 148, 149, 150, 151, 152, 153, 154, 155, 156, 157, 158, 159, 160, 161, 162, 163, 164, 165, 166, 167, 168, 169, 170, 171, 172, 173, 174, 175, 176, 177, 178, 179, 180, 181, 182, 183, 184, 185, 186, 187, 188, 189, 190, 191, 192, 193, 194, 195, 196, 197, 198, 199, 200]","{1: [<function rolling_mean_14 at 0x000002C5930FAA20>], 7: [<function rolling_mean_30 at 0x000002C58DBF9260>], 30: [<function expanding_mean at 0x000002C58F7A04A0>]}",lags_200_features_200,15.949104276124762,22.73770138888827,24.491891305597253,25.484263182500733,26.869709665749724,27.645638655316198,32.29491834302313,32.30518923653866,36.982676184236325,44.327164733153396,43.65198787981382
LGBMRegressor,LocalMinMaxScaler(stats_=[[  5.11211699 325.92896936]]),"[1, 2, 3, 4, 5, 6, 7, 8, 9, 10, 11, 12, 13, 14, 15, 16, 17, 18, 19, 20, 21, 22, 23, 24, 25, 26, 27, 28, 29, 30, 31, 32, 33, 34, 35, 36, 37, 38, 39, 40, 41, 42, 43, 44, 45, 46, 47, 48, 49, 50, 51, 52, 53, 54, 55, 56, 57, 58, 59, 60, 61, 62, 63, 64, 65, 66, 67, 68, 69, 70, 71, 72, 73, 74, 75, 76, 77, 78, 79, 80, 81, 82, 83, 84, 85, 86, 87, 88, 89, 90, 91, 92, 93, 94, 95, 96, 97, 98, 99, 100, 101, 102, 103, 104, 105, 106, 107, 108, 109, 110, 111, 112, 113, 114, 115, 116, 117, 118, 119, 120, 121, 122, 123, 124, 125, 126, 127, 128, 129, 130, 131, 132, 133, 134, 135, 136, 137, 138, 139, 140, 141, 142, 143, 144, 145, 146, 147, 148, 149, 150, 151, 152, 153, 154, 155, 156, 157, 158, 159, 160, 161, 162, 163, 164, 165, 166, 167, 168, 169, 170, 171, 172, 173, 174, 175, 176, 177, 178, 179, 180, 181, 182, 183, 184, 185, 186, 187, 188, 189, 190, 191, 192, 193, 194, 195, 196, 197, 198, 199, 200]","{1: [<function rolling_mean_14 at 0x000002C5930FAA20>], 7: [<function rolling_mean_30 at 0x000002C58DBF9260>], 30: [<function expanding_mean at 0x000002C58F7A04A0>]}",lags_200_features_200,16.227434778448288,24.751334504425916,25.156485648950603,25.80804831685703,27.221297081878586,27.421296120179385,31.63663225530537,31.988910945558086,32.83281504295552,33.034299769586376,32.735790188061856
SGD_EarlyStopping,LocalMinMaxScaler(stats_=[[  5.11211699 325.92896936]]),"[1, 2, 3, 4, 5, 6, 7, 8, 9, 10, 11, 12, 13, 14, 15, 16, 17, 18, 19, 20, 21, 22, 23, 24, 25, 26, 27, 28, 29, 30, 31, 32, 33, 34, 35, 36, 37, 38, 39, 40, 41, 42, 43, 44, 45, 46, 47, 48, 49, 50, 51, 52, 53, 54, 55, 56, 57, 58, 59, 60, 61, 62, 63, 64, 65, 66, 67, 68, 69, 70, 71, 72, 73, 74, 75, 76, 77, 78, 79, 80, 81, 82, 83, 84, 85, 86, 87, 88, 89, 90, 91, 92, 93, 94, 95, 96, 97, 98, 99, 100, 101, 102, 103, 104, 105, 106, 107, 108, 109, 110, 111, 112, 113, 114, 115, 116, 117, 118, 119, 120, 121, 122, 123, 124, 125, 126, 127, 128, 129, 130, 131, 132, 133, 134, 135, 136, 137, 138, 139, 140, 141, 142, 143, 144, 145, 146, 147, 148, 149, 150, 151, 152, 153, 154, 155, 156, 157, 158, 159, 160, 161, 162, 163, 164, 165, 166, 167, 168, 169, 170, 171, 172, 173, 174, 175, 176, 177, 178, 179, 180, 181, 182, 183, 184, 185, 186, 187, 188, 189, 190, 191, 192, 193, 194, 195, 196, 197, 198, 199, 200]","{7: [RollingMean(window_size=7)], 30: [RollingMean(window_size=30)], 60: [RollingMean(window_size=60)]}",lags_200_features_200,38.9290089624432,58.17925717387459,60.11194507304555,52.5637597790787,46.34852577302403,47.04035817138259,44.65410556055816,42.28729083660697,40.90370375882606,40.67873086806779,42.23129843316716
SGD_ElasticNet,LocalMinMaxScaler(stats_=[[  5.11211699 325.92896936]]),"[1, 2, 3, 4, 5, 6, 7, 8, 9, 10, 11, 12, 13, 14, 15, 16, 17, 18, 19, 20, 21, 22, 23, 24, 25, 26, 27, 28, 29, 30, 31, 32, 33, 34, 35, 36, 37, 38, 39, 40, 41, 42, 43, 44, 45, 46, 47, 48, 49, 50, 51, 52, 53, 54, 55, 56, 57, 58, 59, 60, 61, 62, 63, 64, 65, 66, 67, 68, 69, 70, 71, 72, 73, 74, 75, 76, 77, 78, 79, 80, 81, 82, 83, 84, 85, 86, 87, 88, 89, 90, 91, 92, 93, 94, 95, 96, 97, 98, 99, 100, 101, 102, 103, 104, 105, 106, 107, 108, 109, 110, 111, 112, 113, 114, 115, 116, 117, 118, 119, 120, 121, 122, 123, 124, 125, 126, 127, 128, 129, 130, 131, 132, 133, 134, 135, 136, 137, 138, 139, 140, 141, 142, 143, 144, 145, 146, 147, 148, 149, 150, 151, 152, 153, 154, 155, 156, 157, 158, 159, 160, 161, 162, 163, 164, 165, 166, 167, 168, 169, 170, 171, 172, 173, 174, 175, 176, 177, 178, 179, 180, 181, 182, 183, 184, 185, 186, 187, 188, 189, 190, 191, 192, 193, 194, 195, 196, 197, 198, 199, 200]","{7: [RollingMean(window_size=7)], 30: [RollingMean(window_size=30)], 60: [RollingMean(window_size=60)]}",lags_200_features_200,32.279420634309325,40.57863848866937,69.05431057520607,89.7488919624776,98.29055662657194,107.0077836408642,96.59014552884237,84.40852808418221,75.60757604244324,91.68733741136877,96.35163776297578
SGD_Lasso,LocalMinMaxScaler(stats_=[[  5.11211699 325.92896936]]),"[1, 2, 3, 4, 5, 6, 7, 8, 9, 10, 11, 12, 13, 14, 15, 16, 17, 18, 19, 20, 21, 22, 23, 24, 25, 26, 27, 28, 29, 30, 31, 32, 33, 34, 35, 36, 37, 38, 39, 40, 41, 42, 43, 44, 45, 46, 47, 48, 49, 50, 51, 52, 53, 54, 55, 56, 57, 58, 59, 60, 61, 62, 63, 64, 65, 66, 67, 68, 69, 70, 71, 72, 73, 74, 75, 76, 77, 78, 79, 80, 81, 82, 83, 84, 85, 86, 87, 88, 89, 90, 91, 92, 93, 94, 95, 96, 97, 98, 99, 100, 101, 102, 103, 104, 105, 106, 107, 108, 109, 110, 111, 112, 113, 114, 115, 116, 117, 118, 119, 120, 121, 122, 123, 124, 125, 126, 127, 128, 129, 130, 131, 132, 133, 134, 135, 136, 137, 138, 139, 140, 141, 142, 143, 144, 145, 146, 147, 148, 149, 150, 151, 152, 153, 154, 155, 156, 157, 158, 159, 160, 161, 162, 163, 164, 165, 166, 167, 168, 169, 170, 171, 172, 173, 174, 175, 176, 177, 178, 179, 180, 181, 182, 183, 184, 185, 186, 187, 188, 189, 190, 191, 192, 193, 194, 195, 196, 197, 198, 199, 200]","{7: [RollingMean(window_size=7)], 30: [RollingMean(window_size=30)], 60: [RollingMean(window_size=60)]}",lags_200_features_200,145.91668242307156,128.66457858121706,126.77088945740431,114.38817583127974,97.04802135367676,85.62326385462183,74.10101743566766,66.83985079017535,86.2044894423342,116.58506775597499,116.11560232705554
SGD_Ridge,LocalMinMaxScaler(stats_=[[  5.11211699 325.92896936]]),"[1, 2, 3, 4, 5, 6, 7, 8, 9, 10, 11, 12, 13, 14, 15, 16, 17, 18, 19, 20, 21, 22, 23, 24, 25, 26, 27, 28, 29, 30, 31, 32, 33, 34, 35, 36, 37, 38, 39, 40, 41, 42, 43, 44, 45, 46, 47, 48, 49, 50, 51, 52, 53, 54, 55, 56, 57, 58, 59, 60, 61, 62, 63, 64, 65, 66, 67, 68, 69, 70, 71, 72, 73, 74, 75, 76, 77, 78, 79, 80, 81, 82, 83, 84, 85, 86, 87, 88, 89, 90, 91, 92, 93, 94, 95, 96, 97, 98, 99, 100, 101, 102, 103, 104, 105, 106, 107, 108, 109, 110, 111, 112, 113, 114, 115, 116, 117, 118, 119, 120, 121, 122, 123, 124, 125, 126, 127, 128, 129, 130, 131, 132, 133, 134, 135, 136, 137, 138, 139, 140, 141, 142, 143, 144, 145, 146, 147, 148, 149, 150, 151, 152, 153, 154, 155, 156, 157, 158, 159, 160, 161, 162, 163, 164, 165, 166, 167, 168, 169, 170, 171, 172, 173, 174, 175, 176, 177, 178, 179, 180, 181, 182, 183, 184, 185, 186, 187, 188, 189, 190, 191, 192, 193, 194, 195, 196, 197, 198, 199, 200]","{7: [RollingMean(window_size=7)], 30: [RollingMean(window_size=30)], 60: [RollingMean(window_size=60)]}",lags_200_features_200,99.47144207369548,101.89998264100058,120.56340158271661,124.85677055837863,117.148959126758,110.78371391851223,93.96328742239413,81.19539602962253,92.75741578394371,135.24470020913162,136.5344229493756
SGDRegressor,LocalMinMaxScaler(stats_=[[  5.11211699 325.92896936]]),"[1, 2, 3, 4, 5, 6, 7, 8, 9, 10, 11, 12, 13, 14, 15, 16, 17, 18, 19, 20, 21, 22, 23, 24, 25, 26, 27, 28, 29, 30, 31, 32, 33, 34, 35, 36, 37, 38, 39, 40, 41, 42, 43, 44, 45, 46, 47, 48, 49, 50, 51, 52, 53, 54, 55, 56, 57, 58, 59, 60, 61, 62, 63, 64, 65, 66, 67, 68, 69, 70, 71, 72, 73, 74, 75, 76, 77, 78, 79, 80, 81, 82, 83, 84, 85, 86, 87, 88, 89, 90, 91, 92, 93, 94, 95, 96, 97, 98, 99, 100, 101, 102, 103, 104, 105, 106, 107, 108, 109, 110, 111, 112, 113, 114, 115, 116, 117, 118, 119, 120, 121, 122, 123, 124, 125, 126, 127, 128, 129, 130, 131, 132, 133, 134, 135, 136, 137, 138, 139, 140, 141, 142, 143, 144, 145, 146, 147, 148, 149, 150, 151, 152, 153, 154, 155, 156, 157, 158, 159, 160, 161, 162, 163, 164, 165, 166, 167, 168, 169, 170, 171, 172, 173, 174, 175, 176, 177, 178, 179, 180, 181, 182, 183, 184, 185, 186, 187, 188, 189, 190, 191, 192, 193, 194, 195, 196, 197, 198, 199, 200]","{7: [RollingMean(window_size=7)], 30: [RollingMean(window_size=30)], 60: [RollingMean(window_size=60)]}",lags_200_features_200,15.707400367534019,22.910683255427998,50.813174705400066,74.77204137147234,87.74693351034443,100.9622320764646,94.67247051525585,83.54918147602126,83.17036636486289,94.45660935000585,99.70066781791502
XGBRegressor,LocalMinMaxScaler(stats_=[[  5.11211699 325.92896936]]),"[1, 2, 3, 4, 5, 6, 7, 8, 9, 10, 11, 12, 13, 14, 15, 16, 17, 18, 19, 20, 21, 22, 23, 24, 25, 26, 27, 28, 29, 30, 31, 32, 33, 34, 35, 36, 37, 38, 39, 40, 41, 42, 43, 44, 45, 46, 47, 48, 49, 50, 51, 52, 53, 54, 55, 56, 57, 58, 59, 60, 61, 62, 63, 64, 65, 66, 67, 68, 69, 70, 71, 72, 73, 74, 75, 76, 77, 78, 79, 80, 81, 82, 83, 84, 85, 86, 87, 88, 89, 90, 91, 92, 93, 94, 95, 96, 97, 98, 99, 100, 101, 102, 103, 104, 105, 106, 107, 108, 109, 110, 111, 112, 113, 114, 115, 116, 117, 118, 119, 120, 121, 122, 123, 124, 125, 126, 127, 128, 129, 130, 131, 132, 133, 134, 135, 136, 137, 138, 139, 140, 141, 142, 143, 144, 145, 146, 147, 148, 149, 150, 151, 152, 153, 154, 155, 156, 157, 158, 159, 160, 161, 162, 163, 164, 165, 166, 167, 168, 169, 170, 171, 172, 173, 174, 175, 176, 177, 178, 179, 180, 181, 182, 183, 184, 185, 186, 187, 188, 189, 190, 191, 192, 193, 194, 195, 196, 197, 198, 199, 200]","{7: [RollingMean(window_size=7)], 30: [RollingMean(window_size=30)], 60: [RollingMean(window_size=60)]}",lags_200_features_200,16.411336343025955,23.080003366774683,24.80140594864767,24.882659300698958,25.739731033199615,26.410552949439726,34.12940024497574,34.52654900426244,40.868963329982954,52.30251368620308,51.58301684161927
LGBMRegressor,LocalMinMaxScaler(stats_=[[  5.11211699 325.92896936]]),"[1, 2, 3, 4, 5, 6, 7, 8, 9, 10, 11, 12, 13, 14, 15, 16, 17, 18, 19, 20, 21, 22, 23, 24, 25, 26, 27, 28, 29, 30, 31, 32, 33, 34, 35, 36, 37, 38, 39, 40, 41, 42, 43, 44, 45, 46, 47, 48, 49, 50, 51, 52, 53, 54, 55, 56, 57, 58, 59, 60, 61, 62, 63, 64, 65, 66, 67, 68, 69, 70, 71, 72, 73, 74, 75, 76, 77, 78, 79, 80, 81, 82, 83, 84, 85, 86, 87, 88, 89, 90, 91, 92, 93, 94, 95, 96, 97, 98, 99, 100, 101, 102, 103, 104, 105, 106, 107, 108, 109, 110, 111, 112, 113, 114, 115, 116, 117, 118, 119, 120, 121, 122, 123, 124, 125, 126, 127, 128, 129, 130, 131, 132, 133, 134, 135, 136, 137, 138, 139, 140, 141, 142, 143, 144, 145, 146, 147, 148, 149, 150, 151, 152, 153, 154, 155, 156, 157, 158, 159, 160, 161, 162, 163, 164, 165, 166, 167, 168, 169, 170, 171, 172, 173, 174, 175, 176, 177, 178, 179, 180, 181, 182, 183, 184, 185, 186, 187, 188, 189, 190, 191, 192, 193, 194, 195, 196, 197, 198, 199, 200]","{7: [RollingMean(window_size=7)], 30: [RollingMean(window_size=30)], 60: [RollingMean(window_size=60)]}",lags_200_features_200,16.574852837752598,25.339147367354276,25.936520890141658,25.98460745163809,27.421849585012264,27.601570192348674,32.36182860754424,32.17463898353797,34.129855604378974,34.19427922465355,33.73171423051253
SGD_EarlyStopping,LocalMinMaxScaler(stats_=[[  5.11211699 325.92896936]]),"[1, 2, 3, 4, 5, 6, 7, 8, 9, 10, 11, 12, 13, 14, 15, 16, 17, 18, 19, 20, 21, 22, 23, 24, 25, 26, 27, 28, 29, 30, 31, 32, 33, 34, 35, 36, 37, 38, 39, 40, 41, 42, 43, 44, 45, 46, 47, 48, 49, 50, 51, 52, 53, 54, 55, 56, 57, 58, 59, 60, 61, 62, 63, 64, 65, 66, 67, 68, 69, 70, 71, 72, 73, 74, 75, 76, 77, 78, 79, 80, 81, 82, 83, 84, 85, 86, 87, 88, 89, 90, 91, 92, 93, 94, 95, 96, 97, 98, 99, 100, 101, 102, 103, 104, 105, 106, 107, 108, 109, 110, 111, 112, 113, 114, 115, 116, 117, 118, 119, 120, 121, 122, 123, 124, 125, 126, 127, 128, 129, 130, 131, 132, 133, 134, 135, 136, 137, 138, 139, 140, 141, 142, 143, 144, 145, 146, 147, 148, 149, 150, 151, 152, 153, 154, 155, 156, 157, 158, 159, 160, 161, 162, 163, 164, 165, 166, 167, 168, 169, 170, 171, 172, 173, 174, 175, 176, 177, 178, 179, 180, 181, 182, 183, 184, 185, 186, 187, 188, 189, 190, 191, 192, 193, 194, 195, 196, 197, 198, 199, 200]","{7: [RollingMean(window_size=7), RollingStd(window_size=7)], 30: [RollingMean(window_size=30)], 60: [ExpandingMean()], 14: [ExponentiallyWeightedMean(alpha=0.3)]}",lags_200_features_200,38.45289070344663,57.805474669781084,59.85821939380078,52.43638182509016,46.19870150839658,46.81135659523949,44.43624818938909,42.01852321977269,40.53754160684611,40.391942019518254,41.972943758901984
SGD_ElasticNet,LocalMinMaxScaler(stats_=[[  5.11211699 325.92896936]]),"[1, 2, 3, 4, 5, 6, 7, 8, 9, 10, 11, 12, 13, 14, 15, 16, 17, 18, 19, 20, 21, 22, 23, 24, 25, 26, 27, 28, 29, 30, 31, 32, 33, 34, 35, 36, 37, 38, 39, 40, 41, 42, 43, 44, 45, 46, 47, 48, 49, 50, 51, 52, 53, 54, 55, 56, 57, 58, 59, 60, 61, 62, 63, 64, 65, 66, 67, 68, 69, 70, 71, 72, 73, 74, 75, 76, 77, 78, 79, 80, 81, 82, 83, 84, 85, 86, 87, 88, 89, 90, 91, 92, 93, 94, 95, 96, 97, 98, 99, 100, 101, 102, 103, 104, 105, 106, 107, 108, 109, 110, 111, 112, 113, 114, 115, 116, 117, 118, 119, 120, 121, 122, 123, 124, 125, 126, 127, 128, 129, 130, 131, 132, 133, 134, 135, 136, 137, 138, 139, 140, 141, 142, 143, 144, 145, 146, 147, 148, 149, 150, 151, 152, 153, 154, 155, 156, 157, 158, 159, 160, 161, 162, 163, 164, 165, 166, 167, 168, 169, 170, 171, 172, 173, 174, 175, 176, 177, 178, 179, 180, 181, 182, 183, 184, 185, 186, 187, 188, 189, 190, 191, 192, 193, 194, 195, 196, 197, 198, 199, 200]","{7: [RollingMean(window_size=7), RollingStd(window_size=7)], 30: [RollingMean(window_size=30)], 60: [ExpandingMean()], 14: [ExponentiallyWeightedMean(alpha=0.3)]}",lags_200_features_200,33.169227718777414,41.683120440322696,70.39205193136345,91.17476048830329,99.69943264312957,108.40464174645106,97.78563431110867,85.39750781128839,76.43036746096104,92.49279527770156,97.17054819312449
SGD_Lasso,LocalMinMaxScaler(stats_=[[  5.11211699 325.92896936]]),"[1, 2, 3, 4, 5, 6, 7, 8, 9, 10, 11, 12, 13, 14, 15, 16, 17, 18, 19, 20, 21, 22, 23, 24, 25, 26, 27, 28, 29, 30, 31, 32, 33, 34, 35, 36, 37, 38, 39, 40, 41, 42, 43, 44, 45, 46, 47, 48, 49, 50, 51, 52, 53, 54, 55, 56, 57, 58, 59, 60, 61, 62, 63, 64, 65, 66, 67, 68, 69, 70, 71, 72, 73, 74, 75, 76, 77, 78, 79, 80, 81, 82, 83, 84, 85, 86, 87, 88, 89, 90, 91, 92, 93, 94, 95, 96, 97, 98, 99, 100, 101, 102, 103, 104, 105, 106, 107, 108, 109, 110, 111, 112, 113, 114, 115, 116, 117, 118, 119, 120, 121, 122, 123, 124, 125, 126, 127, 128, 129, 130, 131, 132, 133, 134, 135, 136, 137, 138, 139, 140, 141, 142, 143, 144, 145, 146, 147, 148, 149, 150, 151, 152, 153, 154, 155, 156, 157, 158, 159, 160, 161, 162, 163, 164, 165, 166, 167, 168, 169, 170, 171, 172, 173, 174, 175, 176, 177, 178, 179, 180, 181, 182, 183, 184, 185, 186, 187, 188, 189, 190, 191, 192, 193, 194, 195, 196, 197, 198, 199, 200]","{7: [RollingMean(window_size=7), RollingStd(window_size=7)], 30: [RollingMean(window_size=30)], 60: [ExpandingMean()], 14: [ExponentiallyWeightedMean(alpha=0.3)]}",lags_200_features_200,145.91668242307156,128.66457858121706,126.77088945740431,114.38817583127974,97.04802135367676,85.62326385462183,74.10101743566766,66.83985079017535,86.2044894423342,116.58506775597499,116.11560232705554
SGD_Ridge,LocalMinMaxScaler(stats_=[[  5.11211699 325.92896936]]),"[1, 2, 3, 4, 5, 6, 7, 8, 9, 10, 11, 12, 13, 14, 15, 16, 17, 18, 19, 20, 21, 22, 23, 24, 25, 26, 27, 28, 29, 30, 31, 32, 33, 34, 35, 36, 37, 38, 39, 40, 41, 42, 43, 44, 45, 46, 47, 48, 49, 50, 51, 52, 53, 54, 55, 56, 57, 58, 59, 60, 61, 62, 63, 64, 65, 66, 67, 68, 69, 70, 71, 72, 73, 74, 75, 76, 77, 78, 79, 80, 81, 82, 83, 84, 85, 86, 87, 88, 89, 90, 91, 92, 93, 94, 95, 96, 97, 98, 99, 100, 101, 102, 103, 104, 105, 106, 107, 108, 109, 110, 111, 112, 113, 114, 115, 116, 117, 118, 119, 120, 121, 122, 123, 124, 125, 126, 127, 128, 129, 130, 131, 132, 133, 134, 135, 136, 137, 138, 139, 140, 141, 142, 143, 144, 145, 146, 147, 148, 149, 150, 151, 152, 153, 154, 155, 156, 157, 158, 159, 160, 161, 162, 163, 164, 165, 166, 167, 168, 169, 170, 171, 172, 173, 174, 175, 176, 177, 178, 179, 180, 181, 182, 183, 184, 185, 186, 187, 188, 189, 190, 191, 192, 193, 194, 195, 196, 197, 198, 199, 200]","{7: [RollingMean(window_size=7), RollingStd(window_size=7)], 30: [RollingMean(window_size=30)], 60: [ExpandingMean()], 14: [ExponentiallyWeightedMean(alpha=0.3)]}",lags_200_features_200,99.40413632905266,101.97742259116463,120.7363059117984,125.09102988432856,117.41622188693984,111.0788224128062,94.1931826286493,81.37661428734813,92.8632120840899,135.41011043046888,136.7136699723135
SGDRegressor,LocalMinMaxScaler(stats_=[[  5.11211699 325.92896936]]),"[1, 2, 3, 4, 5, 6, 7, 8, 9, 10, 11, 12, 13, 14, 15, 16, 17, 18, 19, 20, 21, 22, 23, 24, 25, 26, 27, 28, 29, 30, 31, 32, 33, 34, 35, 36, 37, 38, 39, 40, 41, 42, 43, 44, 45, 46, 47, 48, 49, 50, 51, 52, 53, 54, 55, 56, 57, 58, 59, 60, 61, 62, 63, 64, 65, 66, 67, 68, 69, 70, 71, 72, 73, 74, 75, 76, 77, 78, 79, 80, 81, 82, 83, 84, 85, 86, 87, 88, 89, 90, 91, 92, 93, 94, 95, 96, 97, 98, 99, 100, 101, 102, 103, 104, 105, 106, 107, 108, 109, 110, 111, 112, 113, 114, 115, 116, 117, 118, 119, 120, 121, 122, 123, 124, 125, 126, 127, 128, 129, 130, 131, 132, 133, 134, 135, 136, 137, 138, 139, 140, 141, 142, 143, 144, 145, 146, 147, 148, 149, 150, 151, 152, 153, 154, 155, 156, 157, 158, 159, 160, 161, 162, 163, 164, 165, 166, 167, 168, 169, 170, 171, 172, 173, 174, 175, 176, 177, 178, 179, 180, 181, 182, 183, 184, 185, 186, 187, 188, 189, 190, 191, 192, 193, 194, 195, 196, 197, 198, 199, 200]","{7: [RollingMean(window_size=7), RollingStd(window_size=7)], 30: [RollingMean(window_size=30)], 60: [ExpandingMean()], 14: [ExponentiallyWeightedMean(alpha=0.3)]}",lags_200_features_200,16.531829251621875,23.798868514262907,52.013818286196546,76.10040772259765,89.06524141919999,102.25704815030714,95.77381189445572,84.42252916772944,84.05171510185882,95.34494700496869,100.62271116821894
XGBRegressor,LocalMinMaxScaler(stats_=[[  5.11211699 325.92896936]]),"[1, 2, 3, 4, 5, 6, 7, 8, 9, 10, 11, 12, 13, 14, 15, 16, 17, 18, 19, 20, 21, 22, 23, 24, 25, 26, 27, 28, 29, 30, 31, 32, 33, 34, 35, 36, 37, 38, 39, 40, 41, 42, 43, 44, 45, 46, 47, 48, 49, 50, 51, 52, 53, 54, 55, 56, 57, 58, 59, 60, 61, 62, 63, 64, 65, 66, 67, 68, 69, 70, 71, 72, 73, 74, 75, 76, 77, 78, 79, 80, 81, 82, 83, 84, 85, 86, 87, 88, 89, 90, 91, 92, 93, 94, 95, 96, 97, 98, 99, 100, 101, 102, 103, 104, 105, 106, 107, 108, 109, 110, 111, 112, 113, 114, 115, 116, 117, 118, 119, 120, 121, 122, 123, 124, 125, 126, 127, 128, 129, 130, 131, 132, 133, 134, 135, 136, 137, 138, 139, 140, 141, 142, 143, 144, 145, 146, 147, 148, 149, 150, 151, 152, 153, 154, 155, 156, 157, 158, 159, 160, 161, 162, 163, 164, 165, 166, 167, 168, 169, 170, 171, 172, 173, 174, 175, 176, 177, 178, 179, 180, 181, 182, 183, 184, 185, 186, 187, 188, 189, 190, 191, 192, 193, 194, 195, 196, 197, 198, 199, 200]","{7: [RollingMean(window_size=7), RollingStd(window_size=7)], 30: [RollingMean(window_size=30)], 60: [ExpandingMean()], 14: [ExponentiallyWeightedMean(alpha=0.3)]}",lags_200_features_200,16.105524038087214,23.64161807000548,25.39015051387977,25.40156600926383,27.294869260063052,28.685123963830378,32.74986630426272,32.87531543898374,50.20230698730869,72.01088353796406,71.53776464444847
LGBMRegressor,LocalMinMaxScaler(stats_=[[  5.11211699 325.92896936]]),"[1, 2, 3, 4, 5, 6, 7, 8, 9, 10, 11, 12, 13, 14, 15, 16, 17, 18, 19, 20, 21, 22, 23, 24, 25, 26, 27, 28, 29, 30, 31, 32, 33, 34, 35, 36, 37, 38, 39, 40, 41, 42, 43, 44, 45, 46, 47, 48, 49, 50, 51, 52, 53, 54, 55, 56, 57, 58, 59, 60, 61, 62, 63, 64, 65, 66, 67, 68, 69, 70, 71, 72, 73, 74, 75, 76, 77, 78, 79, 80, 81, 82, 83, 84, 85, 86, 87, 88, 89, 90, 91, 92, 93, 94, 95, 96, 97, 98, 99, 100, 101, 102, 103, 104, 105, 106, 107, 108, 109, 110, 111, 112, 113, 114, 115, 116, 117, 118, 119, 120, 121, 122, 123, 124, 125, 126, 127, 128, 129, 130, 131, 132, 133, 134, 135, 136, 137, 138, 139, 140, 141, 142, 143, 144, 145, 146, 147, 148, 149, 150, 151, 152, 153, 154, 155, 156, 157, 158, 159, 160, 161, 162, 163, 164, 165, 166, 167, 168, 169, 170, 171, 172, 173, 174, 175, 176, 177, 178, 179, 180, 181, 182, 183, 184, 185, 186, 187, 188, 189, 190, 191, 192, 193, 194, 195, 196, 197, 198, 199, 200]","{7: [RollingMean(window_size=7), RollingStd(window_size=7)], 30: [RollingMean(window_size=30)], 60: [ExpandingMean()], 14: [ExponentiallyWeightedMean(alpha=0.3)]}",lags_200_features_200,15.225675786650203,23.817589462883042,25.33346060436147,26.41219941072192,27.74004046251004,27.69742385562254,32.53037211432985,32.56582324371232,34.82637398270804,34.20735491216547,33.72548749188376
XGBRegressor,"LocalBoxCox(lower=0.0, method=loglik, season_length=None, stats_=[[4.10226185e-05 0.00000000e+00]], upper=2.0)","[1, 2, 3, 4, 5, 6, 7, 8, 9, 10, 11, 12, 13, 14, 15, 16, 17, 18, 19, 20, 21, 22, 23, 24, 25, 26, 27, 28, 29, 30, 31, 32, 33, 34, 35, 36, 37, 38, 39, 40, 41, 42, 43, 44, 45, 46, 47, 48, 49, 50, 51, 52, 53, 54, 55, 56, 57, 58, 59, 60, 61, 62, 63, 64, 65, 66, 67, 68, 69, 70, 71, 72, 73, 74, 75, 76, 77, 78, 79, 80, 81, 82, 83, 84, 85, 86, 87, 88, 89, 90, 91, 92, 93, 94, 95, 96, 97, 98, 99, 100, 101, 102, 103, 104, 105, 106, 107, 108, 109, 110, 111, 112, 113, 114, 115, 116, 117, 118, 119, 120, 121, 122, 123, 124, 125, 126, 127, 128, 129, 130, 131, 132, 133, 134, 135, 136, 137, 138, 139, 140, 141, 142, 143, 144, 145, 146, 147, 148, 149, 150, 151, 152, 153, 154, 155, 156, 157, 158, 159, 160, 161, 162, 163, 164, 165, 166, 167, 168, 169, 170, 171, 172, 173, 174, 175, 176, 177, 178, 179, 180, 181, 182, 183, 184, 185, 186, 187, 188, 189, 190, 191, 192, 193, 194, 195, 196, 197, 198, 199, 200]","{1: [<function expanding_mean at 0x000002C58F7A04A0>], 7: [<function rolling_mean_14 at 0x000002C5930FAA20>], 30: [<function expanding_mean at 0x000002C58F7A04A0>]}",lags_200_features_200,15.9080513159565,23.81685567640078,24.681575440099415,25.607558298265843,27.963614927981585,28.914114852538496,32.59944784860483,50.922008408252815,74.33652894082387,67.66097746305272,66.43936964054237
LGBMRegressor,"LocalBoxCox(lower=0.0, method=loglik, season_length=None, stats_=[[4.10226185e-05 0.00000000e+00]], upper=2.0)","[1, 2, 3, 4, 5, 6, 7, 8, 9, 10, 11, 12, 13, 14, 15, 16, 17, 18, 19, 20, 21, 22, 23, 24, 25, 26, 27, 28, 29, 30, 31, 32, 33, 34, 35, 36, 37, 38, 39, 40, 41, 42, 43, 44, 45, 46, 47, 48, 49, 50, 51, 52, 53, 54, 55, 56, 57, 58, 59, 60, 61, 62, 63, 64, 65, 66, 67, 68, 69, 70, 71, 72, 73, 74, 75, 76, 77, 78, 79, 80, 81, 82, 83, 84, 85, 86, 87, 88, 89, 90, 91, 92, 93, 94, 95, 96, 97, 98, 99, 100, 101, 102, 103, 104, 105, 106, 107, 108, 109, 110, 111, 112, 113, 114, 115, 116, 117, 118, 119, 120, 121, 122, 123, 124, 125, 126, 127, 128, 129, 130, 131, 132, 133, 134, 135, 136, 137, 138, 139, 140, 141, 142, 143, 144, 145, 146, 147, 148, 149, 150, 151, 152, 153, 154, 155, 156, 157, 158, 159, 160, 161, 162, 163, 164, 165, 166, 167, 168, 169, 170, 171, 172, 173, 174, 175, 176, 177, 178, 179, 180, 181, 182, 183, 184, 185, 186, 187, 188, 189, 190, 191, 192, 193, 194, 195, 196, 197, 198, 199, 200]","{1: [<function expanding_mean at 0x000002C58F7A04A0>], 7: [<function rolling_mean_14 at 0x000002C5930FAA20>], 30: [<function expanding_mean at 0x000002C58F7A04A0>]}",lags_200_features_200,15.023633854697138,22.352376389114962,23.44643600623942,23.856612137964657,25.271962435229756,25.409581266525482,28.725584894401084,41.42134574457986,57.729095725827285,64.25972407726692,63.28060664973796
XGBRegressor,"LocalBoxCox(lower=0.0, method=loglik, season_length=None, stats_=[[4.10226185e-05 0.00000000e+00]], upper=2.0)","[1, 2, 3, 4, 5, 6, 7, 8, 9, 10, 11, 12, 13, 14, 15, 16, 17, 18, 19, 20, 21, 22, 23, 24, 25, 26, 27, 28, 29, 30, 31, 32, 33, 34, 35, 36, 37, 38, 39, 40, 41, 42, 43, 44, 45, 46, 47, 48, 49, 50, 51, 52, 53, 54, 55, 56, 57, 58, 59, 60, 61, 62, 63, 64, 65, 66, 67, 68, 69, 70, 71, 72, 73, 74, 75, 76, 77, 78, 79, 80, 81, 82, 83, 84, 85, 86, 87, 88, 89, 90, 91, 92, 93, 94, 95, 96, 97, 98, 99, 100, 101, 102, 103, 104, 105, 106, 107, 108, 109, 110, 111, 112, 113, 114, 115, 116, 117, 118, 119, 120, 121, 122, 123, 124, 125, 126, 127, 128, 129, 130, 131, 132, 133, 134, 135, 136, 137, 138, 139, 140, 141, 142, 143, 144, 145, 146, 147, 148, 149, 150, 151, 152, 153, 154, 155, 156, 157, 158, 159, 160, 161, 162, 163, 164, 165, 166, 167, 168, 169, 170, 171, 172, 173, 174, 175, 176, 177, 178, 179, 180, 181, 182, 183, 184, 185, 186, 187, 188, 189, 190, 191, 192, 193, 194, 195, 196, 197, 198, 199, 200]","{1: [<function rolling_mean_14 at 0x000002C5930FAA20>], 7: [<function rolling_mean_30 at 0x000002C58DBF9260>], 30: [<function expanding_mean at 0x000002C58F7A04A0>]}",lags_200_features_200,20.700739673398775,26.502363629977143,27.59682448596765,29.05994700026936,31.25443252735697,30.838955218182335,34.96332910642496,48.401424974736436,65.38104984890603,58.527939563287134,57.662397961944976
LGBMRegressor,"LocalBoxCox(lower=0.0, method=loglik, season_length=None, stats_=[[4.10226185e-05 0.00000000e+00]], upper=2.0)","[1, 2, 3, 4, 5, 6, 7, 8, 9, 10, 11, 12, 13, 14, 15, 16, 17, 18, 19, 20, 21, 22, 23, 24, 25, 26, 27, 28, 29, 30, 31, 32, 33, 34, 35, 36, 37, 38, 39, 40, 41, 42, 43, 44, 45, 46, 47, 48, 49, 50, 51, 52, 53, 54, 55, 56, 57, 58, 59, 60, 61, 62, 63, 64, 65, 66, 67, 68, 69, 70, 71, 72, 73, 74, 75, 76, 77, 78, 79, 80, 81, 82, 83, 84, 85, 86, 87, 88, 89, 90, 91, 92, 93, 94, 95, 96, 97, 98, 99, 100, 101, 102, 103, 104, 105, 106, 107, 108, 109, 110, 111, 112, 113, 114, 115, 116, 117, 118, 119, 120, 121, 122, 123, 124, 125, 126, 127, 128, 129, 130, 131, 132, 133, 134, 135, 136, 137, 138, 139, 140, 141, 142, 143, 144, 145, 146, 147, 148, 149, 150, 151, 152, 153, 154, 155, 156, 157, 158, 159, 160, 161, 162, 163, 164, 165, 166, 167, 168, 169, 170, 171, 172, 173, 174, 175, 176, 177, 178, 179, 180, 181, 182, 183, 184, 185, 186, 187, 188, 189, 190, 191, 192, 193, 194, 195, 196, 197, 198, 199, 200]","{1: [<function rolling_mean_14 at 0x000002C5930FAA20>], 7: [<function rolling_mean_30 at 0x000002C58DBF9260>], 30: [<function expanding_mean at 0x000002C58F7A04A0>]}",lags_200_features_200,17.271941712783427,24.486555540429084,24.92012098420991,25.27301869760502,26.45963985920769,26.727551823266793,30.127030341185296,42.834549082365655,60.14687372525533,57.436835880671524,56.51100568401741
XGBRegressor,"LocalBoxCox(lower=0.0, method=loglik, season_length=None, stats_=[[4.10226185e-05 0.00000000e+00]], upper=2.0)","[1, 2, 3, 4, 5, 6, 7, 8, 9, 10, 11, 12, 13, 14, 15, 16, 17, 18, 19, 20, 21, 22, 23, 24, 25, 26, 27, 28, 29, 30, 31, 32, 33, 34, 35, 36, 37, 38, 39, 40, 41, 42, 43, 44, 45, 46, 47, 48, 49, 50, 51, 52, 53, 54, 55, 56, 57, 58, 59, 60, 61, 62, 63, 64, 65, 66, 67, 68, 69, 70, 71, 72, 73, 74, 75, 76, 77, 78, 79, 80, 81, 82, 83, 84, 85, 86, 87, 88, 89, 90, 91, 92, 93, 94, 95, 96, 97, 98, 99, 100, 101, 102, 103, 104, 105, 106, 107, 108, 109, 110, 111, 112, 113, 114, 115, 116, 117, 118, 119, 120, 121, 122, 123, 124, 125, 126, 127, 128, 129, 130, 131, 132, 133, 134, 135, 136, 137, 138, 139, 140, 141, 142, 143, 144, 145, 146, 147, 148, 149, 150, 151, 152, 153, 154, 155, 156, 157, 158, 159, 160, 161, 162, 163, 164, 165, 166, 167, 168, 169, 170, 171, 172, 173, 174, 175, 176, 177, 178, 179, 180, 181, 182, 183, 184, 185, 186, 187, 188, 189, 190, 191, 192, 193, 194, 195, 196, 197, 198, 199, 200]","{7: [RollingMean(window_size=7)], 30: [RollingMean(window_size=30)], 60: [RollingMean(window_size=60)]}",lags_200_features_200,13.991819595022056,21.88857349741446,24.486048577507383,26.194251194983277,27.873496444988643,27.950956848985648,32.352690362933,47.175809823271514,65.26749343055405,58.841006292482,57.95998976039427
LGBMRegressor,"LocalBoxCox(lower=0.0, method=loglik, season_length=None, stats_=[[4.10226185e-05 0.00000000e+00]], upper=2.0)","[1, 2, 3, 4, 5, 6, 7, 8, 9, 10, 11, 12, 13, 14, 15, 16, 17, 18, 19, 20, 21, 22, 23, 24, 25, 26, 27, 28, 29, 30, 31, 32, 33, 34, 35, 36, 37, 38, 39, 40, 41, 42, 43, 44, 45, 46, 47, 48, 49, 50, 51, 52, 53, 54, 55, 56, 57, 58, 59, 60, 61, 62, 63, 64, 65, 66, 67, 68, 69, 70, 71, 72, 73, 74, 75, 76, 77, 78, 79, 80, 81, 82, 83, 84, 85, 86, 87, 88, 89, 90, 91, 92, 93, 94, 95, 96, 97, 98, 99, 100, 101, 102, 103, 104, 105, 106, 107, 108, 109, 110, 111, 112, 113, 114, 115, 116, 117, 118, 119, 120, 121, 122, 123, 124, 125, 126, 127, 128, 129, 130, 131, 132, 133, 134, 135, 136, 137, 138, 139, 140, 141, 142, 143, 144, 145, 146, 147, 148, 149, 150, 151, 152, 153, 154, 155, 156, 157, 158, 159, 160, 161, 162, 163, 164, 165, 166, 167, 168, 169, 170, 171, 172, 173, 174, 175, 176, 177, 178, 179, 180, 181, 182, 183, 184, 185, 186, 187, 188, 189, 190, 191, 192, 193, 194, 195, 196, 197, 198, 199, 200]","{7: [RollingMean(window_size=7)], 30: [RollingMean(window_size=30)], 60: [RollingMean(window_size=60)]}",lags_200_features_200,15.565382331728719,21.778176284271673,22.952782978344512,23.684612618839214,25.27018397642268,25.413922056608797,28.51498411508691,41.41758323438541,56.789321428551375,53.30303450257674,52.4460913702514
XGBRegressor,"LocalBoxCox(lower=0.0, method=loglik, season_length=None, stats_=[[4.10226185e-05 0.00000000e+00]], upper=2.0)","[1, 2, 3, 4, 5, 6, 7, 8, 9, 10, 11, 12, 13, 14, 15, 16, 17, 18, 19, 20, 21, 22, 23, 24, 25, 26, 27, 28, 29, 30, 31, 32, 33, 34, 35, 36, 37, 38, 39, 40, 41, 42, 43, 44, 45, 46, 47, 48, 49, 50, 51, 52, 53, 54, 55, 56, 57, 58, 59, 60, 61, 62, 63, 64, 65, 66, 67, 68, 69, 70, 71, 72, 73, 74, 75, 76, 77, 78, 79, 80, 81, 82, 83, 84, 85, 86, 87, 88, 89, 90, 91, 92, 93, 94, 95, 96, 97, 98, 99, 100, 101, 102, 103, 104, 105, 106, 107, 108, 109, 110, 111, 112, 113, 114, 115, 116, 117, 118, 119, 120, 121, 122, 123, 124, 125, 126, 127, 128, 129, 130, 131, 132, 133, 134, 135, 136, 137, 138, 139, 140, 141, 142, 143, 144, 145, 146, 147, 148, 149, 150, 151, 152, 153, 154, 155, 156, 157, 158, 159, 160, 161, 162, 163, 164, 165, 166, 167, 168, 169, 170, 171, 172, 173, 174, 175, 176, 177, 178, 179, 180, 181, 182, 183, 184, 185, 186, 187, 188, 189, 190, 191, 192, 193, 194, 195, 196, 197, 198, 199, 200]","{7: [RollingMean(window_size=7), RollingStd(window_size=7)], 30: [RollingMean(window_size=30)], 60: [ExpandingMean()], 14: [ExponentiallyWeightedMean(alpha=0.3)]}",lags_200_features_200,18.944902791536897,26.284882554750627,27.08361209580098,27.644932530528738,29.4202155274283,29.94509768905605,33.90229061529075,49.76107469619012,69.60151580621046,61.61424886739736,60.69043126729452
LGBMRegressor,"LocalBoxCox(lower=0.0, method=loglik, season_length=None, stats_=[[4.10226185e-05 0.00000000e+00]], upper=2.0)","[1, 2, 3, 4, 5, 6, 7, 8, 9, 10, 11, 12, 13, 14, 15, 16, 17, 18, 19, 20, 21, 22, 23, 24, 25, 26, 27, 28, 29, 30, 31, 32, 33, 34, 35, 36, 37, 38, 39, 40, 41, 42, 43, 44, 45, 46, 47, 48, 49, 50, 51, 52, 53, 54, 55, 56, 57, 58, 59, 60, 61, 62, 63, 64, 65, 66, 67, 68, 69, 70, 71, 72, 73, 74, 75, 76, 77, 78, 79, 80, 81, 82, 83, 84, 85, 86, 87, 88, 89, 90, 91, 92, 93, 94, 95, 96, 97, 98, 99, 100, 101, 102, 103, 104, 105, 106, 107, 108, 109, 110, 111, 112, 113, 114, 115, 116, 117, 118, 119, 120, 121, 122, 123, 124, 125, 126, 127, 128, 129, 130, 131, 132, 133, 134, 135, 136, 137, 138, 139, 140, 141, 142, 143, 144, 145, 146, 147, 148, 149, 150, 151, 152, 153, 154, 155, 156, 157, 158, 159, 160, 161, 162, 163, 164, 165, 166, 167, 168, 169, 170, 171, 172, 173, 174, 175, 176, 177, 178, 179, 180, 181, 182, 183, 184, 185, 186, 187, 188, 189, 190, 191, 192, 193, 194, 195, 196, 197, 198, 199, 200]","{7: [RollingMean(window_size=7), RollingStd(window_size=7)], 30: [RollingMean(window_size=30)], 60: [ExpandingMean()], 14: [ExponentiallyWeightedMean(alpha=0.3)]}",lags_200_features_200,16.021085098292442,22.09419621709819,23.13583641842825,23.79836941991866,25.837641602381183,26.139091630269334,30.40626231688134,44.497777053633,63.30767694666203,60.29735328900758,59.25387000668324
SGD_EarlyStopping,AutoDifferences(max_diffs=380) | LocalStandardScaler(stats_=[[-2.09155811e-02  2.20585897e+01]]),"[1, 2, 3, 4, 5, 6, 7, 8, 9, 10, 11, 12, 13, 14, 15, 16, 17, 18, 19, 20, 21, 22, 23, 24, 25, 26, 27, 28, 29, 30, 31, 32, 33, 34, 35, 36, 37, 38, 39, 40, 41, 42, 43, 44, 45, 46, 47, 48, 49, 50, 51, 52, 53, 54, 55, 56, 57, 58, 59, 60, 61, 62, 63, 64, 65, 66, 67, 68, 69, 70, 71, 72, 73, 74, 75, 76, 77, 78, 79, 80, 81, 82, 83, 84, 85, 86, 87, 88, 89, 90, 91, 92, 93, 94, 95, 96, 97, 98, 99, 100, 101, 102, 103, 104, 105, 106, 107, 108, 109, 110, 111, 112, 113, 114, 115, 116, 117, 118, 119, 120, 121, 122, 123, 124, 125, 126, 127, 128, 129, 130, 131, 132, 133, 134, 135, 136, 137, 138, 139, 140, 141, 142, 143, 144, 145, 146, 147, 148, 149, 150, 151, 152, 153, 154, 155, 156, 157, 158, 159, 160, 161, 162, 163, 164, 165, 166, 167, 168, 169, 170, 171, 172, 173, 174, 175, 176, 177, 178, 179, 180, 181, 182, 183, 184, 185, 186, 187, 188, 189, 190, 191, 192, 193, 194, 195, 196, 197, 198, 199, 200]","{1: [<function expanding_mean at 0x000002C58F7A04A0>], 7: [<function rolling_mean_14 at 0x000002C5930FAA20>], 30: [<function expanding_mean at 0x000002C58F7A04A0>]}",lags_200_features_200,59.33585050621111,79.01375504427016,122.23574841350751,156.1404184615499,176.54131882853972,202.63929909333834,216.1952808400461,253.1402846595816,394.3752519745324,654.8095516164271,669.3159024518835
SGD_ElasticNet,AutoDifferences(max_diffs=380) | LocalStandardScaler(stats_=[[-2.09155811e-02  2.20585897e+01]]),"[1, 2, 3, 4, 5, 6, 7, 8, 9, 10, 11, 12, 13, 14, 15, 16, 17, 18, 19, 20, 21, 22, 23, 24, 25, 26, 27, 28, 29, 30, 31, 32, 33, 34, 35, 36, 37, 38, 39, 40, 41, 42, 43, 44, 45, 46, 47, 48, 49, 50, 51, 52, 53, 54, 55, 56, 57, 58, 59, 60, 61, 62, 63, 64, 65, 66, 67, 68, 69, 70, 71, 72, 73, 74, 75, 76, 77, 78, 79, 80, 81, 82, 83, 84, 85, 86, 87, 88, 89, 90, 91, 92, 93, 94, 95, 96, 97, 98, 99, 100, 101, 102, 103, 104, 105, 106, 107, 108, 109, 110, 111, 112, 113, 114, 115, 116, 117, 118, 119, 120, 121, 122, 123, 124, 125, 126, 127, 128, 129, 130, 131, 132, 133, 134, 135, 136, 137, 138, 139, 140, 141, 142, 143, 144, 145, 146, 147, 148, 149, 150, 151, 152, 153, 154, 155, 156, 157, 158, 159, 160, 161, 162, 163, 164, 165, 166, 167, 168, 169, 170, 171, 172, 173, 174, 175, 176, 177, 178, 179, 180, 181, 182, 183, 184, 185, 186, 187, 188, 189, 190, 191, 192, 193, 194, 195, 196, 197, 198, 199, 200]","{1: [<function expanding_mean at 0x000002C58F7A04A0>], 7: [<function rolling_mean_14 at 0x000002C5930FAA20>], 30: [<function expanding_mean at 0x000002C58F7A04A0>]}",lags_200_features_200,51.97263470932651,66.57340234466847,78.8365291953103,87.78674309603929,90.85254531815899,90.4604743684579,89.11922108914084,115.8500525253502,215.77304326573076,408.1054039421847,416.60407843354693
SGD_Lasso,AutoDifferences(max_diffs=380) | LocalStandardScaler(stats_=[[-2.09155811e-02  2.20585897e+01]]),"[1, 2, 3, 4, 5, 6, 7, 8, 9, 10, 11, 12, 13, 14, 15, 16, 17, 18, 19, 20, 21, 22, 23, 24, 25, 26, 27, 28, 29, 30, 31, 32, 33, 34, 35, 36, 37, 38, 39, 40, 41, 42, 43, 44, 45, 46, 47, 48, 49, 50, 51, 52, 53, 54, 55, 56, 57, 58, 59, 60, 61, 62, 63, 64, 65, 66, 67, 68, 69, 70, 71, 72, 73, 74, 75, 76, 77, 78, 79, 80, 81, 82, 83, 84, 85, 86, 87, 88, 89, 90, 91, 92, 93, 94, 95, 96, 97, 98, 99, 100, 101, 102, 103, 104, 105, 106, 107, 108, 109, 110, 111, 112, 113, 114, 115, 116, 117, 118, 119, 120, 121, 122, 123, 124, 125, 126, 127, 128, 129, 130, 131, 132, 133, 134, 135, 136, 137, 138, 139, 140, 141, 142, 143, 144, 145, 146, 147, 148, 149, 150, 151, 152, 153, 154, 155, 156, 157, 158, 159, 160, 161, 162, 163, 164, 165, 166, 167, 168, 169, 170, 171, 172, 173, 174, 175, 176, 177, 178, 179, 180, 181, 182, 183, 184, 185, 186, 187, 188, 189, 190, 191, 192, 193, 194, 195, 196, 197, 198, 199, 200]","{1: [<function expanding_mean at 0x000002C58F7A04A0>], 7: [<function rolling_mean_14 at 0x000002C5930FAA20>], 30: [<function expanding_mean at 0x000002C58F7A04A0>]}",lags_200_features_200,15.892241992793693,17.290206343916385,21.85155796647177,21.647733172647662,20.69513321667575,21.01135336295864,27.03516898968893,29.5535245281957,61.428535099385506,121.42332690084952,123.41801017199161
SGD_Ridge,AutoDifferences(max_diffs=380) | LocalStandardScaler(stats_=[[-2.09155811e-02  2.20585897e+01]]),"[1, 2, 3, 4, 5, 6, 7, 8, 9, 10, 11, 12, 13, 14, 15, 16, 17, 18, 19, 20, 21, 22, 23, 24, 25, 26, 27, 28, 29, 30, 31, 32, 33, 34, 35, 36, 37, 38, 39, 40, 41, 42, 43, 44, 45, 46, 47, 48, 49, 50, 51, 52, 53, 54, 55, 56, 57, 58, 59, 60, 61, 62, 63, 64, 65, 66, 67, 68, 69, 70, 71, 72, 73, 74, 75, 76, 77, 78, 79, 80, 81, 82, 83, 84, 85, 86, 87, 88, 89, 90, 91, 92, 93, 94, 95, 96, 97, 98, 99, 100, 101, 102, 103, 104, 105, 106, 107, 108, 109, 110, 111, 112, 113, 114, 115, 116, 117, 118, 119, 120, 121, 122, 123, 124, 125, 126, 127, 128, 129, 130, 131, 132, 133, 134, 135, 136, 137, 138, 139, 140, 141, 142, 143, 144, 145, 146, 147, 148, 149, 150, 151, 152, 153, 154, 155, 156, 157, 158, 159, 160, 161, 162, 163, 164, 165, 166, 167, 168, 169, 170, 171, 172, 173, 174, 175, 176, 177, 178, 179, 180, 181, 182, 183, 184, 185, 186, 187, 188, 189, 190, 191, 192, 193, 194, 195, 196, 197, 198, 199, 200]","{1: [<function expanding_mean at 0x000002C58F7A04A0>], 7: [<function rolling_mean_14 at 0x000002C5930FAA20>], 30: [<function expanding_mean at 0x000002C58F7A04A0>]}",lags_200_features_200,28.25946017340283,45.90525214954322,83.8761905124787,115.23598814324933,134.93176534733294,159.32159401401867,173.34119014500666,207.87387711975347,320.9144995382936,517.2456151915329,528.7496068133815
SGDRegressor,AutoDifferences(max_diffs=380) | LocalStandardScaler(stats_=[[-2.09155811e-02  2.20585897e+01]]),"[1, 2, 3, 4, 5, 6, 7, 8, 9, 10, 11, 12, 13, 14, 15, 16, 17, 18, 19, 20, 21, 22, 23, 24, 25, 26, 27, 28, 29, 30, 31, 32, 33, 34, 35, 36, 37, 38, 39, 40, 41, 42, 43, 44, 45, 46, 47, 48, 49, 50, 51, 52, 53, 54, 55, 56, 57, 58, 59, 60, 61, 62, 63, 64, 65, 66, 67, 68, 69, 70, 71, 72, 73, 74, 75, 76, 77, 78, 79, 80, 81, 82, 83, 84, 85, 86, 87, 88, 89, 90, 91, 92, 93, 94, 95, 96, 97, 98, 99, 100, 101, 102, 103, 104, 105, 106, 107, 108, 109, 110, 111, 112, 113, 114, 115, 116, 117, 118, 119, 120, 121, 122, 123, 124, 125, 126, 127, 128, 129, 130, 131, 132, 133, 134, 135, 136, 137, 138, 139, 140, 141, 142, 143, 144, 145, 146, 147, 148, 149, 150, 151, 152, 153, 154, 155, 156, 157, 158, 159, 160, 161, 162, 163, 164, 165, 166, 167, 168, 169, 170, 171, 172, 173, 174, 175, 176, 177, 178, 179, 180, 181, 182, 183, 184, 185, 186, 187, 188, 189, 190, 191, 192, 193, 194, 195, 196, 197, 198, 199, 200]","{1: [<function expanding_mean at 0x000002C58F7A04A0>], 7: [<function rolling_mean_14 at 0x000002C5930FAA20>], 30: [<function expanding_mean at 0x000002C58F7A04A0>]}",lags_200_features_200,56.011917872889015,71.95341843084208,86.15831325948011,96.61929758594412,100.35301218338304,100.601037337789,99.18980822631165,128.46223334728484,238.86306864232841,449.81259074164984,459.1375943959324
XGBRegressor,AutoDifferences(max_diffs=380) | LocalStandardScaler(stats_=[[-2.09155811e-02  2.20585897e+01]]),"[1, 2, 3, 4, 5, 6, 7, 8, 9, 10, 11, 12, 13, 14, 15, 16, 17, 18, 19, 20, 21, 22, 23, 24, 25, 26, 27, 28, 29, 30, 31, 32, 33, 34, 35, 36, 37, 38, 39, 40, 41, 42, 43, 44, 45, 46, 47, 48, 49, 50, 51, 52, 53, 54, 55, 56, 57, 58, 59, 60, 61, 62, 63, 64, 65, 66, 67, 68, 69, 70, 71, 72, 73, 74, 75, 76, 77, 78, 79, 80, 81, 82, 83, 84, 85, 86, 87, 88, 89, 90, 91, 92, 93, 94, 95, 96, 97, 98, 99, 100, 101, 102, 103, 104, 105, 106, 107, 108, 109, 110, 111, 112, 113, 114, 115, 116, 117, 118, 119, 120, 121, 122, 123, 124, 125, 126, 127, 128, 129, 130, 131, 132, 133, 134, 135, 136, 137, 138, 139, 140, 141, 142, 143, 144, 145, 146, 147, 148, 149, 150, 151, 152, 153, 154, 155, 156, 157, 158, 159, 160, 161, 162, 163, 164, 165, 166, 167, 168, 169, 170, 171, 172, 173, 174, 175, 176, 177, 178, 179, 180, 181, 182, 183, 184, 185, 186, 187, 188, 189, 190, 191, 192, 193, 194, 195, 196, 197, 198, 199, 200]","{1: [<function expanding_mean at 0x000002C58F7A04A0>], 7: [<function rolling_mean_14 at 0x000002C5930FAA20>], 30: [<function expanding_mean at 0x000002C58F7A04A0>]}",lags_200_features_200,25.275513674585383,52.56839116549226,66.01247901407615,80.3498790498092,82.96004117391072,80.63239188707071,71.8579195634594,76.46809961240304,103.94224149977165,101.01377074415323,98.94821051790062
LGBMRegressor,AutoDifferences(max_diffs=380) | LocalStandardScaler(stats_=[[-2.09155811e-02  2.20585897e+01]]),"[1, 2, 3, 4, 5, 6, 7, 8, 9, 10, 11, 12, 13, 14, 15, 16, 17, 18, 19, 20, 21, 22, 23, 24, 25, 26, 27, 28, 29, 30, 31, 32, 33, 34, 35, 36, 37, 38, 39, 40, 41, 42, 43, 44, 45, 46, 47, 48, 49, 50, 51, 52, 53, 54, 55, 56, 57, 58, 59, 60, 61, 62, 63, 64, 65, 66, 67, 68, 69, 70, 71, 72, 73, 74, 75, 76, 77, 78, 79, 80, 81, 82, 83, 84, 85, 86, 87, 88, 89, 90, 91, 92, 93, 94, 95, 96, 97, 98, 99, 100, 101, 102, 103, 104, 105, 106, 107, 108, 109, 110, 111, 112, 113, 114, 115, 116, 117, 118, 119, 120, 121, 122, 123, 124, 125, 126, 127, 128, 129, 130, 131, 132, 133, 134, 135, 136, 137, 138, 139, 140, 141, 142, 143, 144, 145, 146, 147, 148, 149, 150, 151, 152, 153, 154, 155, 156, 157, 158, 159, 160, 161, 162, 163, 164, 165, 166, 167, 168, 169, 170, 171, 172, 173, 174, 175, 176, 177, 178, 179, 180, 181, 182, 183, 184, 185, 186, 187, 188, 189, 190, 191, 192, 193, 194, 195, 196, 197, 198, 199, 200]","{1: [<function expanding_mean at 0x000002C58F7A04A0>], 7: [<function rolling_mean_14 at 0x000002C5930FAA20>], 30: [<function expanding_mean at 0x000002C58F7A04A0>]}",lags_200_features_200,53.14032035813949,38.90376967359569,35.82554242881679,35.14233171117442,34.9607965597929,34.08164857065267,37.26732680092733,35.7550012349642,38.46455756869961,39.73129158366239,39.28667303478448
SGD_EarlyStopping,AutoDifferences(max_diffs=380) | LocalStandardScaler(stats_=[[-2.09155811e-02  2.20585897e+01]]),"[1, 2, 3, 4, 5, 6, 7, 8, 9, 10, 11, 12, 13, 14, 15, 16, 17, 18, 19, 20, 21, 22, 23, 24, 25, 26, 27, 28, 29, 30, 31, 32, 33, 34, 35, 36, 37, 38, 39, 40, 41, 42, 43, 44, 45, 46, 47, 48, 49, 50, 51, 52, 53, 54, 55, 56, 57, 58, 59, 60, 61, 62, 63, 64, 65, 66, 67, 68, 69, 70, 71, 72, 73, 74, 75, 76, 77, 78, 79, 80, 81, 82, 83, 84, 85, 86, 87, 88, 89, 90, 91, 92, 93, 94, 95, 96, 97, 98, 99, 100, 101, 102, 103, 104, 105, 106, 107, 108, 109, 110, 111, 112, 113, 114, 115, 116, 117, 118, 119, 120, 121, 122, 123, 124, 125, 126, 127, 128, 129, 130, 131, 132, 133, 134, 135, 136, 137, 138, 139, 140, 141, 142, 143, 144, 145, 146, 147, 148, 149, 150, 151, 152, 153, 154, 155, 156, 157, 158, 159, 160, 161, 162, 163, 164, 165, 166, 167, 168, 169, 170, 171, 172, 173, 174, 175, 176, 177, 178, 179, 180, 181, 182, 183, 184, 185, 186, 187, 188, 189, 190, 191, 192, 193, 194, 195, 196, 197, 198, 199, 200]","{1: [<function rolling_mean_14 at 0x000002C5930FAA20>], 7: [<function rolling_mean_30 at 0x000002C58DBF9260>], 30: [<function expanding_mean at 0x000002C58F7A04A0>]}",lags_200_features_200,58.73138124282203,77.01723071046031,118.43595818658696,150.9450550126909,170.46431956850782,195.6053597194745,208.3518123692362,243.31369217759655,377.87420594261357,625.9179715692519,639.7737463388042
SGD_ElasticNet,AutoDifferences(max_diffs=380) | LocalStandardScaler(stats_=[[-2.09155811e-02  2.20585897e+01]]),"[1, 2, 3, 4, 5, 6, 7, 8, 9, 10, 11, 12, 13, 14, 15, 16, 17, 18, 19, 20, 21, 22, 23, 24, 25, 26, 27, 28, 29, 30, 31, 32, 33, 34, 35, 36, 37, 38, 39, 40, 41, 42, 43, 44, 45, 46, 47, 48, 49, 50, 51, 52, 53, 54, 55, 56, 57, 58, 59, 60, 61, 62, 63, 64, 65, 66, 67, 68, 69, 70, 71, 72, 73, 74, 75, 76, 77, 78, 79, 80, 81, 82, 83, 84, 85, 86, 87, 88, 89, 90, 91, 92, 93, 94, 95, 96, 97, 98, 99, 100, 101, 102, 103, 104, 105, 106, 107, 108, 109, 110, 111, 112, 113, 114, 115, 116, 117, 118, 119, 120, 121, 122, 123, 124, 125, 126, 127, 128, 129, 130, 131, 132, 133, 134, 135, 136, 137, 138, 139, 140, 141, 142, 143, 144, 145, 146, 147, 148, 149, 150, 151, 152, 153, 154, 155, 156, 157, 158, 159, 160, 161, 162, 163, 164, 165, 166, 167, 168, 169, 170, 171, 172, 173, 174, 175, 176, 177, 178, 179, 180, 181, 182, 183, 184, 185, 186, 187, 188, 189, 190, 191, 192, 193, 194, 195, 196, 197, 198, 199, 200]","{1: [<function rolling_mean_14 at 0x000002C5930FAA20>], 7: [<function rolling_mean_30 at 0x000002C58DBF9260>], 30: [<function expanding_mean at 0x000002C58F7A04A0>]}",lags_200_features_200,51.9161965407918,66.1698877461512,78.19671173617776,87.05263535931674,90.12496956913671,89.76183006223658,88.53068168227584,115.12258335890063,214.30606842266334,405.1528806653866,413.58874151297033
SGD_Lasso,AutoDifferences(max_diffs=380) | LocalStandardScaler(stats_=[[-2.09155811e-02  2.20585897e+01]]),"[1, 2, 3, 4, 5, 6, 7, 8, 9, 10, 11, 12, 13, 14, 15, 16, 17, 18, 19, 20, 21, 22, 23, 24, 25, 26, 27, 28, 29, 30, 31, 32, 33, 34, 35, 36, 37, 38, 39, 40, 41, 42, 43, 44, 45, 46, 47, 48, 49, 50, 51, 52, 53, 54, 55, 56, 57, 58, 59, 60, 61, 62, 63, 64, 65, 66, 67, 68, 69, 70, 71, 72, 73, 74, 75, 76, 77, 78, 79, 80, 81, 82, 83, 84, 85, 86, 87, 88, 89, 90, 91, 92, 93, 94, 95, 96, 97, 98, 99, 100, 101, 102, 103, 104, 105, 106, 107, 108, 109, 110, 111, 112, 113, 114, 115, 116, 117, 118, 119, 120, 121, 122, 123, 124, 125, 126, 127, 128, 129, 130, 131, 132, 133, 134, 135, 136, 137, 138, 139, 140, 141, 142, 143, 144, 145, 146, 147, 148, 149, 150, 151, 152, 153, 154, 155, 156, 157, 158, 159, 160, 161, 162, 163, 164, 165, 166, 167, 168, 169, 170, 171, 172, 173, 174, 175, 176, 177, 178, 179, 180, 181, 182, 183, 184, 185, 186, 187, 188, 189, 190, 191, 192, 193, 194, 195, 196, 197, 198, 199, 200]","{1: [<function rolling_mean_14 at 0x000002C5930FAA20>], 7: [<function rolling_mean_30 at 0x000002C58DBF9260>], 30: [<function expanding_mean at 0x000002C58F7A04A0>]}",lags_200_features_200,15.892241992793693,17.290206343916385,21.85155796647177,21.647733172647662,20.69513321667575,21.01135336295864,27.03516898968893,29.5535245281957,61.428535099385506,121.42332690084952,123.41801017199161
SGD_Ridge,AutoDifferences(max_diffs=380) | LocalStandardScaler(stats_=[[-2.09155811e-02  2.20585897e+01]]),"[1, 2, 3, 4, 5, 6, 7, 8, 9, 10, 11, 12, 13, 14, 15, 16, 17, 18, 19, 20, 21, 22, 23, 24, 25, 26, 27, 28, 29, 30, 31, 32, 33, 34, 35, 36, 37, 38, 39, 40, 41, 42, 43, 44, 45, 46, 47, 48, 49, 50, 51, 52, 53, 54, 55, 56, 57, 58, 59, 60, 61, 62, 63, 64, 65, 66, 67, 68, 69, 70, 71, 72, 73, 74, 75, 76, 77, 78, 79, 80, 81, 82, 83, 84, 85, 86, 87, 88, 89, 90, 91, 92, 93, 94, 95, 96, 97, 98, 99, 100, 101, 102, 103, 104, 105, 106, 107, 108, 109, 110, 111, 112, 113, 114, 115, 116, 117, 118, 119, 120, 121, 122, 123, 124, 125, 126, 127, 128, 129, 130, 131, 132, 133, 134, 135, 136, 137, 138, 139, 140, 141, 142, 143, 144, 145, 146, 147, 148, 149, 150, 151, 152, 153, 154, 155, 156, 157, 158, 159, 160, 161, 162, 163, 164, 165, 166, 167, 168, 169, 170, 171, 172, 173, 174, 175, 176, 177, 178, 179, 180, 181, 182, 183, 184, 185, 186, 187, 188, 189, 190, 191, 192, 193, 194, 195, 196, 197, 198, 199, 200]","{1: [<function rolling_mean_14 at 0x000002C5930FAA20>], 7: [<function rolling_mean_30 at 0x000002C58DBF9260>], 30: [<function expanding_mean at 0x000002C58F7A04A0>]}",lags_200_features_200,27.70222410247894,44.524150172679846,81.47065368158762,111.98930345456664,131.14845640679945,154.9734385836131,168.5429938036988,201.8285500773911,311.1137218717087,500.73743786109566,511.8813191111621
SGDRegressor,AutoDifferences(max_diffs=380) | LocalStandardScaler(stats_=[[-2.09155811e-02  2.20585897e+01]]),"[1, 2, 3, 4, 5, 6, 7, 8, 9, 10, 11, 12, 13, 14, 15, 16, 17, 18, 19, 20, 21, 22, 23, 24, 25, 26, 27, 28, 29, 30, 31, 32, 33, 34, 35, 36, 37, 38, 39, 40, 41, 42, 43, 44, 45, 46, 47, 48, 49, 50, 51, 52, 53, 54, 55, 56, 57, 58, 59, 60, 61, 62, 63, 64, 65, 66, 67, 68, 69, 70, 71, 72, 73, 74, 75, 76, 77, 78, 79, 80, 81, 82, 83, 84, 85, 86, 87, 88, 89, 90, 91, 92, 93, 94, 95, 96, 97, 98, 99, 100, 101, 102, 103, 104, 105, 106, 107, 108, 109, 110, 111, 112, 113, 114, 115, 116, 117, 118, 119, 120, 121, 122, 123, 124, 125, 126, 127, 128, 129, 130, 131, 132, 133, 134, 135, 136, 137, 138, 139, 140, 141, 142, 143, 144, 145, 146, 147, 148, 149, 150, 151, 152, 153, 154, 155, 156, 157, 158, 159, 160, 161, 162, 163, 164, 165, 166, 167, 168, 169, 170, 171, 172, 173, 174, 175, 176, 177, 178, 179, 180, 181, 182, 183, 184, 185, 186, 187, 188, 189, 190, 191, 192, 193, 194, 195, 196, 197, 198, 199, 200]","{1: [<function rolling_mean_14 at 0x000002C5930FAA20>], 7: [<function rolling_mean_30 at 0x000002C58DBF9260>], 30: [<function expanding_mean at 0x000002C58F7A04A0>]}",lags_200_features_200,55.76306995323984,70.84001559471835,84.28786981622522,94.29341394479995,97.83711997501956,97.91803846730377,96.53636874598877,125.27952128271436,233.53281991130572,440.32102476917333,449.44297704493226
XGBRegressor,AutoDifferences(max_diffs=380) | LocalStandardScaler(stats_=[[-2.09155811e-02  2.20585897e+01]]),"[1, 2, 3, 4, 5, 6, 7, 8, 9, 10, 11, 12, 13, 14, 15, 16, 17, 18, 19, 20, 21, 22, 23, 24, 25, 26, 27, 28, 29, 30, 31, 32, 33, 34, 35, 36, 37, 38, 39, 40, 41, 42, 43, 44, 45, 46, 47, 48, 49, 50, 51, 52, 53, 54, 55, 56, 57, 58, 59, 60, 61, 62, 63, 64, 65, 66, 67, 68, 69, 70, 71, 72, 73, 74, 75, 76, 77, 78, 79, 80, 81, 82, 83, 84, 85, 86, 87, 88, 89, 90, 91, 92, 93, 94, 95, 96, 97, 98, 99, 100, 101, 102, 103, 104, 105, 106, 107, 108, 109, 110, 111, 112, 113, 114, 115, 116, 117, 118, 119, 120, 121, 122, 123, 124, 125, 126, 127, 128, 129, 130, 131, 132, 133, 134, 135, 136, 137, 138, 139, 140, 141, 142, 143, 144, 145, 146, 147, 148, 149, 150, 151, 152, 153, 154, 155, 156, 157, 158, 159, 160, 161, 162, 163, 164, 165, 166, 167, 168, 169, 170, 171, 172, 173, 174, 175, 176, 177, 178, 179, 180, 181, 182, 183, 184, 185, 186, 187, 188, 189, 190, 191, 192, 193, 194, 195, 196, 197, 198, 199, 200]","{1: [<function rolling_mean_14 at 0x000002C5930FAA20>], 7: [<function rolling_mean_30 at 0x000002C58DBF9260>], 30: [<function expanding_mean at 0x000002C58F7A04A0>]}",lags_200_features_200,15.093326255135874,28.387060704601456,32.956859412513765,36.07273759868932,39.59603941771004,39.536030851343654,42.515393316535786,103.5297321696033,298.91229692030026,584.521699063146,594.1699039704989
LGBMRegressor,AutoDifferences(max_diffs=380) | LocalStandardScaler(stats_=[[-2.09155811e-02  2.20585897e+01]]),"[1, 2, 3, 4, 5, 6, 7, 8, 9, 10, 11, 12, 13, 14, 15, 16, 17, 18, 19, 20, 21, 22, 23, 24, 25, 26, 27, 28, 29, 30, 31, 32, 33, 34, 35, 36, 37, 38, 39, 40, 41, 42, 43, 44, 45, 46, 47, 48, 49, 50, 51, 52, 53, 54, 55, 56, 57, 58, 59, 60, 61, 62, 63, 64, 65, 66, 67, 68, 69, 70, 71, 72, 73, 74, 75, 76, 77, 78, 79, 80, 81, 82, 83, 84, 85, 86, 87, 88, 89, 90, 91, 92, 93, 94, 95, 96, 97, 98, 99, 100, 101, 102, 103, 104, 105, 106, 107, 108, 109, 110, 111, 112, 113, 114, 115, 116, 117, 118, 119, 120, 121, 122, 123, 124, 125, 126, 127, 128, 129, 130, 131, 132, 133, 134, 135, 136, 137, 138, 139, 140, 141, 142, 143, 144, 145, 146, 147, 148, 149, 150, 151, 152, 153, 154, 155, 156, 157, 158, 159, 160, 161, 162, 163, 164, 165, 166, 167, 168, 169, 170, 171, 172, 173, 174, 175, 176, 177, 178, 179, 180, 181, 182, 183, 184, 185, 186, 187, 188, 189, 190, 191, 192, 193, 194, 195, 196, 197, 198, 199, 200]","{1: [<function rolling_mean_14 at 0x000002C5930FAA20>], 7: [<function rolling_mean_30 at 0x000002C58DBF9260>], 30: [<function expanding_mean at 0x000002C58F7A04A0>]}",lags_200_features_200,26.513402485485248,21.387654614903383,29.99288915467905,33.10589629678846,32.056533008780484,32.76442082566312,44.48296718256902,113.33344368913167,393.4026509078549,1014.1034904521547,1053.5156395407005
SGD_EarlyStopping,AutoDifferences(max_diffs=380) | LocalStandardScaler(stats_=[[-2.09155811e-02  2.20585897e+01]]),"[1, 2, 3, 4, 5, 6, 7, 8, 9, 10, 11, 12, 13, 14, 15, 16, 17, 18, 19, 20, 21, 22, 23, 24, 25, 26, 27, 28, 29, 30, 31, 32, 33, 34, 35, 36, 37, 38, 39, 40, 41, 42, 43, 44, 45, 46, 47, 48, 49, 50, 51, 52, 53, 54, 55, 56, 57, 58, 59, 60, 61, 62, 63, 64, 65, 66, 67, 68, 69, 70, 71, 72, 73, 74, 75, 76, 77, 78, 79, 80, 81, 82, 83, 84, 85, 86, 87, 88, 89, 90, 91, 92, 93, 94, 95, 96, 97, 98, 99, 100, 101, 102, 103, 104, 105, 106, 107, 108, 109, 110, 111, 112, 113, 114, 115, 116, 117, 118, 119, 120, 121, 122, 123, 124, 125, 126, 127, 128, 129, 130, 131, 132, 133, 134, 135, 136, 137, 138, 139, 140, 141, 142, 143, 144, 145, 146, 147, 148, 149, 150, 151, 152, 153, 154, 155, 156, 157, 158, 159, 160, 161, 162, 163, 164, 165, 166, 167, 168, 169, 170, 171, 172, 173, 174, 175, 176, 177, 178, 179, 180, 181, 182, 183, 184, 185, 186, 187, 188, 189, 190, 191, 192, 193, 194, 195, 196, 197, 198, 199, 200]","{7: [RollingMean(window_size=7)], 30: [RollingMean(window_size=30)], 60: [RollingMean(window_size=60)]}",lags_200_features_200,58.887598314991585,77.52955565567895,119.37721235109791,152.17281457374688,171.85786134614742,197.17870679500808,210.05394980779593,245.35311355514403,381.19371831783127,631.6994492068657,645.6829884415714
SGD_ElasticNet,AutoDifferences(max_diffs=380) | LocalStandardScaler(stats_=[[-2.09155811e-02  2.20585897e+01]]),"[1, 2, 3, 4, 5, 6, 7, 8, 9, 10, 11, 12, 13, 14, 15, 16, 17, 18, 19, 20, 21, 22, 23, 24, 25, 26, 27, 28, 29, 30, 31, 32, 33, 34, 35, 36, 37, 38, 39, 40, 41, 42, 43, 44, 45, 46, 47, 48, 49, 50, 51, 52, 53, 54, 55, 56, 57, 58, 59, 60, 61, 62, 63, 64, 65, 66, 67, 68, 69, 70, 71, 72, 73, 74, 75, 76, 77, 78, 79, 80, 81, 82, 83, 84, 85, 86, 87, 88, 89, 90, 91, 92, 93, 94, 95, 96, 97, 98, 99, 100, 101, 102, 103, 104, 105, 106, 107, 108, 109, 110, 111, 112, 113, 114, 115, 116, 117, 118, 119, 120, 121, 122, 123, 124, 125, 126, 127, 128, 129, 130, 131, 132, 133, 134, 135, 136, 137, 138, 139, 140, 141, 142, 143, 144, 145, 146, 147, 148, 149, 150, 151, 152, 153, 154, 155, 156, 157, 158, 159, 160, 161, 162, 163, 164, 165, 166, 167, 168, 169, 170, 171, 172, 173, 174, 175, 176, 177, 178, 179, 180, 181, 182, 183, 184, 185, 186, 187, 188, 189, 190, 191, 192, 193, 194, 195, 196, 197, 198, 199, 200]","{7: [RollingMean(window_size=7)], 30: [RollingMean(window_size=30)], 60: [RollingMean(window_size=60)]}",lags_200_features_200,51.9137359998479,66.2246363046241,78.28211899734178,87.15107365530474,90.21815144985317,89.84579071972178,88.58933169091065,115.17476528033406,214.41426755337235,405.4331197299099,413.8773315804683
SGD_Lasso,AutoDifferences(max_diffs=380) | LocalStandardScaler(stats_=[[-2.09155811e-02  2.20585897e+01]]),"[1, 2, 3, 4, 5, 6, 7, 8, 9, 10, 11, 12, 13, 14, 15, 16, 17, 18, 19, 20, 21, 22, 23, 24, 25, 26, 27, 28, 29, 30, 31, 32, 33, 34, 35, 36, 37, 38, 39, 40, 41, 42, 43, 44, 45, 46, 47, 48, 49, 50, 51, 52, 53, 54, 55, 56, 57, 58, 59, 60, 61, 62, 63, 64, 65, 66, 67, 68, 69, 70, 71, 72, 73, 74, 75, 76, 77, 78, 79, 80, 81, 82, 83, 84, 85, 86, 87, 88, 89, 90, 91, 92, 93, 94, 95, 96, 97, 98, 99, 100, 101, 102, 103, 104, 105, 106, 107, 108, 109, 110, 111, 112, 113, 114, 115, 116, 117, 118, 119, 120, 121, 122, 123, 124, 125, 126, 127, 128, 129, 130, 131, 132, 133, 134, 135, 136, 137, 138, 139, 140, 141, 142, 143, 144, 145, 146, 147, 148, 149, 150, 151, 152, 153, 154, 155, 156, 157, 158, 159, 160, 161, 162, 163, 164, 165, 166, 167, 168, 169, 170, 171, 172, 173, 174, 175, 176, 177, 178, 179, 180, 181, 182, 183, 184, 185, 186, 187, 188, 189, 190, 191, 192, 193, 194, 195, 196, 197, 198, 199, 200]","{7: [RollingMean(window_size=7)], 30: [RollingMean(window_size=30)], 60: [RollingMean(window_size=60)]}",lags_200_features_200,15.892241992793693,17.290206343916385,21.85155796647177,21.647733172647662,20.69513321667575,21.01135336295864,27.03516898968893,29.5535245281957,61.428535099385506,121.42332690084952,123.41801017199161
SGD_Ridge,AutoDifferences(max_diffs=380) | LocalStandardScaler(stats_=[[-2.09155811e-02  2.20585897e+01]]),"[1, 2, 3, 4, 5, 6, 7, 8, 9, 10, 11, 12, 13, 14, 15, 16, 17, 18, 19, 20, 21, 22, 23, 24, 25, 26, 27, 28, 29, 30, 31, 32, 33, 34, 35, 36, 37, 38, 39, 40, 41, 42, 43, 44, 45, 46, 47, 48, 49, 50, 51, 52, 53, 54, 55, 56, 57, 58, 59, 60, 61, 62, 63, 64, 65, 66, 67, 68, 69, 70, 71, 72, 73, 74, 75, 76, 77, 78, 79, 80, 81, 82, 83, 84, 85, 86, 87, 88, 89, 90, 91, 92, 93, 94, 95, 96, 97, 98, 99, 100, 101, 102, 103, 104, 105, 106, 107, 108, 109, 110, 111, 112, 113, 114, 115, 116, 117, 118, 119, 120, 121, 122, 123, 124, 125, 126, 127, 128, 129, 130, 131, 132, 133, 134, 135, 136, 137, 138, 139, 140, 141, 142, 143, 144, 145, 146, 147, 148, 149, 150, 151, 152, 153, 154, 155, 156, 157, 158, 159, 160, 161, 162, 163, 164, 165, 166, 167, 168, 169, 170, 171, 172, 173, 174, 175, 176, 177, 178, 179, 180, 181, 182, 183, 184, 185, 186, 187, 188, 189, 190, 191, 192, 193, 194, 195, 196, 197, 198, 199, 200]","{7: [RollingMean(window_size=7)], 30: [RollingMean(window_size=30)], 60: [RollingMean(window_size=60)]}",lags_200_features_200,28.397515339246336,45.94032218139503,83.76761023812527,114.97778082482213,134.55619541340457,158.82085384838805,172.68778270118526,206.9635764922105,319.4155440866517,514.7937537230907,526.2442963809389
SGDRegressor,AutoDifferences(max_diffs=380) | LocalStandardScaler(stats_=[[-2.09155811e-02  2.20585897e+01]]),"[1, 2, 3, 4, 5, 6, 7, 8, 9, 10, 11, 12, 13, 14, 15, 16, 17, 18, 19, 20, 21, 22, 23, 24, 25, 26, 27, 28, 29, 30, 31, 32, 33, 34, 35, 36, 37, 38, 39, 40, 41, 42, 43, 44, 45, 46, 47, 48, 49, 50, 51, 52, 53, 54, 55, 56, 57, 58, 59, 60, 61, 62, 63, 64, 65, 66, 67, 68, 69, 70, 71, 72, 73, 74, 75, 76, 77, 78, 79, 80, 81, 82, 83, 84, 85, 86, 87, 88, 89, 90, 91, 92, 93, 94, 95, 96, 97, 98, 99, 100, 101, 102, 103, 104, 105, 106, 107, 108, 109, 110, 111, 112, 113, 114, 115, 116, 117, 118, 119, 120, 121, 122, 123, 124, 125, 126, 127, 128, 129, 130, 131, 132, 133, 134, 135, 136, 137, 138, 139, 140, 141, 142, 143, 144, 145, 146, 147, 148, 149, 150, 151, 152, 153, 154, 155, 156, 157, 158, 159, 160, 161, 162, 163, 164, 165, 166, 167, 168, 169, 170, 171, 172, 173, 174, 175, 176, 177, 178, 179, 180, 181, 182, 183, 184, 185, 186, 187, 188, 189, 190, 191, 192, 193, 194, 195, 196, 197, 198, 199, 200]","{7: [RollingMean(window_size=7)], 30: [RollingMean(window_size=30)], 60: [RollingMean(window_size=60)]}",lags_200_features_200,55.768193223674025,70.96926332821602,84.55533877469053,94.66151370598264,98.25009013775488,98.36639066763146,96.97447901604751,125.78971874112743,234.46091066526424,442.1107124120768,451.2769340786372
XGBRegressor,AutoDifferences(max_diffs=380) | LocalStandardScaler(stats_=[[-2.09155811e-02  2.20585897e+01]]),"[1, 2, 3, 4, 5, 6, 7, 8, 9, 10, 11, 12, 13, 14, 15, 16, 17, 18, 19, 20, 21, 22, 23, 24, 25, 26, 27, 28, 29, 30, 31, 32, 33, 34, 35, 36, 37, 38, 39, 40, 41, 42, 43, 44, 45, 46, 47, 48, 49, 50, 51, 52, 53, 54, 55, 56, 57, 58, 59, 60, 61, 62, 63, 64, 65, 66, 67, 68, 69, 70, 71, 72, 73, 74, 75, 76, 77, 78, 79, 80, 81, 82, 83, 84, 85, 86, 87, 88, 89, 90, 91, 92, 93, 94, 95, 96, 97, 98, 99, 100, 101, 102, 103, 104, 105, 106, 107, 108, 109, 110, 111, 112, 113, 114, 115, 116, 117, 118, 119, 120, 121, 122, 123, 124, 125, 126, 127, 128, 129, 130, 131, 132, 133, 134, 135, 136, 137, 138, 139, 140, 141, 142, 143, 144, 145, 146, 147, 148, 149, 150, 151, 152, 153, 154, 155, 156, 157, 158, 159, 160, 161, 162, 163, 164, 165, 166, 167, 168, 169, 170, 171, 172, 173, 174, 175, 176, 177, 178, 179, 180, 181, 182, 183, 184, 185, 186, 187, 188, 189, 190, 191, 192, 193, 194, 195, 196, 197, 198, 199, 200]","{7: [RollingMean(window_size=7)], 30: [RollingMean(window_size=30)], 60: [RollingMean(window_size=60)]}",lags_200_features_200,31.420005388979565,33.51941908408483,32.360217640001764,28.730839772832034,33.00520686072758,35.91249627243747,41.49452578006078,134.57884388567425,499.4622945243778,1237.617243808921,1284.3513639457656
LGBMRegressor,AutoDifferences(max_diffs=380) | LocalStandardScaler(stats_=[[-2.09155811e-02  2.20585897e+01]]),"[1, 2, 3, 4, 5, 6, 7, 8, 9, 10, 11, 12, 13, 14, 15, 16, 17, 18, 19, 20, 21, 22, 23, 24, 25, 26, 27, 28, 29, 30, 31, 32, 33, 34, 35, 36, 37, 38, 39, 40, 41, 42, 43, 44, 45, 46, 47, 48, 49, 50, 51, 52, 53, 54, 55, 56, 57, 58, 59, 60, 61, 62, 63, 64, 65, 66, 67, 68, 69, 70, 71, 72, 73, 74, 75, 76, 77, 78, 79, 80, 81, 82, 83, 84, 85, 86, 87, 88, 89, 90, 91, 92, 93, 94, 95, 96, 97, 98, 99, 100, 101, 102, 103, 104, 105, 106, 107, 108, 109, 110, 111, 112, 113, 114, 115, 116, 117, 118, 119, 120, 121, 122, 123, 124, 125, 126, 127, 128, 129, 130, 131, 132, 133, 134, 135, 136, 137, 138, 139, 140, 141, 142, 143, 144, 145, 146, 147, 148, 149, 150, 151, 152, 153, 154, 155, 156, 157, 158, 159, 160, 161, 162, 163, 164, 165, 166, 167, 168, 169, 170, 171, 172, 173, 174, 175, 176, 177, 178, 179, 180, 181, 182, 183, 184, 185, 186, 187, 188, 189, 190, 191, 192, 193, 194, 195, 196, 197, 198, 199, 200]","{7: [RollingMean(window_size=7)], 30: [RollingMean(window_size=30)], 60: [RollingMean(window_size=60)]}",lags_200_features_200,23.874019821067268,33.78914367082026,41.1611920856986,42.56266284996888,38.63383859603239,45.58848788520955,90.91886742255593,162.4282383810515,284.9754899460942,477.3791056426017,486.12524618706317
SGD_EarlyStopping,AutoDifferences(max_diffs=380) | LocalStandardScaler(stats_=[[-2.09155811e-02  2.20585897e+01]]),"[1, 2, 3, 4, 5, 6, 7, 8, 9, 10, 11, 12, 13, 14, 15, 16, 17, 18, 19, 20, 21, 22, 23, 24, 25, 26, 27, 28, 29, 30, 31, 32, 33, 34, 35, 36, 37, 38, 39, 40, 41, 42, 43, 44, 45, 46, 47, 48, 49, 50, 51, 52, 53, 54, 55, 56, 57, 58, 59, 60, 61, 62, 63, 64, 65, 66, 67, 68, 69, 70, 71, 72, 73, 74, 75, 76, 77, 78, 79, 80, 81, 82, 83, 84, 85, 86, 87, 88, 89, 90, 91, 92, 93, 94, 95, 96, 97, 98, 99, 100, 101, 102, 103, 104, 105, 106, 107, 108, 109, 110, 111, 112, 113, 114, 115, 116, 117, 118, 119, 120, 121, 122, 123, 124, 125, 126, 127, 128, 129, 130, 131, 132, 133, 134, 135, 136, 137, 138, 139, 140, 141, 142, 143, 144, 145, 146, 147, 148, 149, 150, 151, 152, 153, 154, 155, 156, 157, 158, 159, 160, 161, 162, 163, 164, 165, 166, 167, 168, 169, 170, 171, 172, 173, 174, 175, 176, 177, 178, 179, 180, 181, 182, 183, 184, 185, 186, 187, 188, 189, 190, 191, 192, 193, 194, 195, 196, 197, 198, 199, 200]","{7: [RollingMean(window_size=7), RollingStd(window_size=7)], 30: [RollingMean(window_size=30)], 60: [ExpandingMean()], 14: [ExponentiallyWeightedMean(alpha=0.3)]}",lags_200_features_200,50.56969095770625,54.386629483004235,55.30900768966753,53.09223517022584,47.84576423260355,44.159547413004155,42.65396165323812,45.67119118307323,72.3021881582225,132.83616182635248,134.78715464559076
SGD_ElasticNet,AutoDifferences(max_diffs=380) | LocalStandardScaler(stats_=[[-2.09155811e-02  2.20585897e+01]]),"[1, 2, 3, 4, 5, 6, 7, 8, 9, 10, 11, 12, 13, 14, 15, 16, 17, 18, 19, 20, 21, 22, 23, 24, 25, 26, 27, 28, 29, 30, 31, 32, 33, 34, 35, 36, 37, 38, 39, 40, 41, 42, 43, 44, 45, 46, 47, 48, 49, 50, 51, 52, 53, 54, 55, 56, 57, 58, 59, 60, 61, 62, 63, 64, 65, 66, 67, 68, 69, 70, 71, 72, 73, 74, 75, 76, 77, 78, 79, 80, 81, 82, 83, 84, 85, 86, 87, 88, 89, 90, 91, 92, 93, 94, 95, 96, 97, 98, 99, 100, 101, 102, 103, 104, 105, 106, 107, 108, 109, 110, 111, 112, 113, 114, 115, 116, 117, 118, 119, 120, 121, 122, 123, 124, 125, 126, 127, 128, 129, 130, 131, 132, 133, 134, 135, 136, 137, 138, 139, 140, 141, 142, 143, 144, 145, 146, 147, 148, 149, 150, 151, 152, 153, 154, 155, 156, 157, 158, 159, 160, 161, 162, 163, 164, 165, 166, 167, 168, 169, 170, 171, 172, 173, 174, 175, 176, 177, 178, 179, 180, 181, 182, 183, 184, 185, 186, 187, 188, 189, 190, 191, 192, 193, 194, 195, 196, 197, 198, 199, 200]","{7: [RollingMean(window_size=7), RollingStd(window_size=7)], 30: [RollingMean(window_size=30)], 60: [ExpandingMean()], 14: [ExponentiallyWeightedMean(alpha=0.3)]}",lags_200_features_200,51.994668010220266,66.70213327303446,79.03644773923303,87.7975161878061,90.60607945752507,89.9284359966005,88.20582869844516,113.79634169165287,210.79889972619412,398.15743262691774,406.38593948887507
SGD_Lasso,AutoDifferences(max_diffs=380) | LocalStandardScaler(stats_=[[-2.09155811e-02  2.20585897e+01]]),"[1, 2, 3, 4, 5, 6, 7, 8, 9, 10, 11, 12, 13, 14, 15, 16, 17, 18, 19, 20, 21, 22, 23, 24, 25, 26, 27, 28, 29, 30, 31, 32, 33, 34, 35, 36, 37, 38, 39, 40, 41, 42, 43, 44, 45, 46, 47, 48, 49, 50, 51, 52, 53, 54, 55, 56, 57, 58, 59, 60, 61, 62, 63, 64, 65, 66, 67, 68, 69, 70, 71, 72, 73, 74, 75, 76, 77, 78, 79, 80, 81, 82, 83, 84, 85, 86, 87, 88, 89, 90, 91, 92, 93, 94, 95, 96, 97, 98, 99, 100, 101, 102, 103, 104, 105, 106, 107, 108, 109, 110, 111, 112, 113, 114, 115, 116, 117, 118, 119, 120, 121, 122, 123, 124, 125, 126, 127, 128, 129, 130, 131, 132, 133, 134, 135, 136, 137, 138, 139, 140, 141, 142, 143, 144, 145, 146, 147, 148, 149, 150, 151, 152, 153, 154, 155, 156, 157, 158, 159, 160, 161, 162, 163, 164, 165, 166, 167, 168, 169, 170, 171, 172, 173, 174, 175, 176, 177, 178, 179, 180, 181, 182, 183, 184, 185, 186, 187, 188, 189, 190, 191, 192, 193, 194, 195, 196, 197, 198, 199, 200]","{7: [RollingMean(window_size=7), RollingStd(window_size=7)], 30: [RollingMean(window_size=30)], 60: [ExpandingMean()], 14: [ExponentiallyWeightedMean(alpha=0.3)]}",lags_200_features_200,15.892158043540535,17.290142325528997,21.85138470916255,21.647546238672167,20.695013236913443,21.011270052282654,27.03517762425808,29.55345482890172,61.4280672148533,121.42214601495371,123.41679083736219
SGD_Ridge,AutoDifferences(max_diffs=380) | LocalStandardScaler(stats_=[[-2.09155811e-02  2.20585897e+01]]),"[1, 2, 3, 4, 5, 6, 7, 8, 9, 10, 11, 12, 13, 14, 15, 16, 17, 18, 19, 20, 21, 22, 23, 24, 25, 26, 27, 28, 29, 30, 31, 32, 33, 34, 35, 36, 37, 38, 39, 40, 41, 42, 43, 44, 45, 46, 47, 48, 49, 50, 51, 52, 53, 54, 55, 56, 57, 58, 59, 60, 61, 62, 63, 64, 65, 66, 67, 68, 69, 70, 71, 72, 73, 74, 75, 76, 77, 78, 79, 80, 81, 82, 83, 84, 85, 86, 87, 88, 89, 90, 91, 92, 93, 94, 95, 96, 97, 98, 99, 100, 101, 102, 103, 104, 105, 106, 107, 108, 109, 110, 111, 112, 113, 114, 115, 116, 117, 118, 119, 120, 121, 122, 123, 124, 125, 126, 127, 128, 129, 130, 131, 132, 133, 134, 135, 136, 137, 138, 139, 140, 141, 142, 143, 144, 145, 146, 147, 148, 149, 150, 151, 152, 153, 154, 155, 156, 157, 158, 159, 160, 161, 162, 163, 164, 165, 166, 167, 168, 169, 170, 171, 172, 173, 174, 175, 176, 177, 178, 179, 180, 181, 182, 183, 184, 185, 186, 187, 188, 189, 190, 191, 192, 193, 194, 195, 196, 197, 198, 199, 200]","{7: [RollingMean(window_size=7), RollingStd(window_size=7)], 30: [RollingMean(window_size=30)], 60: [ExpandingMean()], 14: [ExponentiallyWeightedMean(alpha=0.3)]}",lags_200_features_200,27.194364617885274,43.78662585054921,80.53449801850148,110.96579037314511,130.17769531359352,154.17704834202692,168.15960507775668,200.01673113639794,303.1749222806561,480.3033522014641,490.85125437133047
SGDRegressor,AutoDifferences(max_diffs=380) | LocalStandardScaler(stats_=[[-2.09155811e-02  2.20585897e+01]]),"[1, 2, 3, 4, 5, 6, 7, 8, 9, 10, 11, 12, 13, 14, 15, 16, 17, 18, 19, 20, 21, 22, 23, 24, 25, 26, 27, 28, 29, 30, 31, 32, 33, 34, 35, 36, 37, 38, 39, 40, 41, 42, 43, 44, 45, 46, 47, 48, 49, 50, 51, 52, 53, 54, 55, 56, 57, 58, 59, 60, 61, 62, 63, 64, 65, 66, 67, 68, 69, 70, 71, 72, 73, 74, 75, 76, 77, 78, 79, 80, 81, 82, 83, 84, 85, 86, 87, 88, 89, 90, 91, 92, 93, 94, 95, 96, 97, 98, 99, 100, 101, 102, 103, 104, 105, 106, 107, 108, 109, 110, 111, 112, 113, 114, 115, 116, 117, 118, 119, 120, 121, 122, 123, 124, 125, 126, 127, 128, 129, 130, 131, 132, 133, 134, 135, 136, 137, 138, 139, 140, 141, 142, 143, 144, 145, 146, 147, 148, 149, 150, 151, 152, 153, 154, 155, 156, 157, 158, 159, 160, 161, 162, 163, 164, 165, 166, 167, 168, 169, 170, 171, 172, 173, 174, 175, 176, 177, 178, 179, 180, 181, 182, 183, 184, 185, 186, 187, 188, 189, 190, 191, 192, 193, 194, 195, 196, 197, 198, 199, 200]","{7: [RollingMean(window_size=7), RollingStd(window_size=7)], 30: [RollingMean(window_size=30)], 60: [ExpandingMean()], 14: [ExponentiallyWeightedMean(alpha=0.3)]}",lags_200_features_200,56.19825986020477,72.30743652079248,86.55042640245705,96.42724732310586,99.41625192682918,98.78820420537645,96.27606332540036,123.45146346142712,229.04893496710042,431.75941775555316,440.58466576923377
XGBRegressor,AutoDifferences(max_diffs=380) | LocalStandardScaler(stats_=[[-2.09155811e-02  2.20585897e+01]]),"[1, 2, 3, 4, 5, 6, 7, 8, 9, 10, 11, 12, 13, 14, 15, 16, 17, 18, 19, 20, 21, 22, 23, 24, 25, 26, 27, 28, 29, 30, 31, 32, 33, 34, 35, 36, 37, 38, 39, 40, 41, 42, 43, 44, 45, 46, 47, 48, 49, 50, 51, 52, 53, 54, 55, 56, 57, 58, 59, 60, 61, 62, 63, 64, 65, 66, 67, 68, 69, 70, 71, 72, 73, 74, 75, 76, 77, 78, 79, 80, 81, 82, 83, 84, 85, 86, 87, 88, 89, 90, 91, 92, 93, 94, 95, 96, 97, 98, 99, 100, 101, 102, 103, 104, 105, 106, 107, 108, 109, 110, 111, 112, 113, 114, 115, 116, 117, 118, 119, 120, 121, 122, 123, 124, 125, 126, 127, 128, 129, 130, 131, 132, 133, 134, 135, 136, 137, 138, 139, 140, 141, 142, 143, 144, 145, 146, 147, 148, 149, 150, 151, 152, 153, 154, 155, 156, 157, 158, 159, 160, 161, 162, 163, 164, 165, 166, 167, 168, 169, 170, 171, 172, 173, 174, 175, 176, 177, 178, 179, 180, 181, 182, 183, 184, 185, 186, 187, 188, 189, 190, 191, 192, 193, 194, 195, 196, 197, 198, 199, 200]","{7: [RollingMean(window_size=7), RollingStd(window_size=7)], 30: [RollingMean(window_size=30)], 60: [ExpandingMean()], 14: [ExponentiallyWeightedMean(alpha=0.3)]}",lags_200_features_200,20.876921629533417,28.639227775836268,47.80622427701709,67.4383302536223,102.73288662009787,160.21027457058045,235.05270027773565,444.44479297085707,1065.7473964638334,2219.521796566096,2281.6393932833516
LGBMRegressor,AutoDifferences(max_diffs=380) | LocalStandardScaler(stats_=[[-2.09155811e-02  2.20585897e+01]]),"[1, 2, 3, 4, 5, 6, 7, 8, 9, 10, 11, 12, 13, 14, 15, 16, 17, 18, 19, 20, 21, 22, 23, 24, 25, 26, 27, 28, 29, 30, 31, 32, 33, 34, 35, 36, 37, 38, 39, 40, 41, 42, 43, 44, 45, 46, 47, 48, 49, 50, 51, 52, 53, 54, 55, 56, 57, 58, 59, 60, 61, 62, 63, 64, 65, 66, 67, 68, 69, 70, 71, 72, 73, 74, 75, 76, 77, 78, 79, 80, 81, 82, 83, 84, 85, 86, 87, 88, 89, 90, 91, 92, 93, 94, 95, 96, 97, 98, 99, 100, 101, 102, 103, 104, 105, 106, 107, 108, 109, 110, 111, 112, 113, 114, 115, 116, 117, 118, 119, 120, 121, 122, 123, 124, 125, 126, 127, 128, 129, 130, 131, 132, 133, 134, 135, 136, 137, 138, 139, 140, 141, 142, 143, 144, 145, 146, 147, 148, 149, 150, 151, 152, 153, 154, 155, 156, 157, 158, 159, 160, 161, 162, 163, 164, 165, 166, 167, 168, 169, 170, 171, 172, 173, 174, 175, 176, 177, 178, 179, 180, 181, 182, 183, 184, 185, 186, 187, 188, 189, 190, 191, 192, 193, 194, 195, 196, 197, 198, 199, 200]","{7: [RollingMean(window_size=7), RollingStd(window_size=7)], 30: [RollingMean(window_size=30)], 60: [ExpandingMean()], 14: [ExponentiallyWeightedMean(alpha=0.3)]}",lags_200_features_200,16.477333892663054,19.34877839233294,46.668802360863054,72.39745357423611,101.43694138437066,157.79710457669034,226.02850286384438,413.19117669553896,959.3180272052505,1988.240722695193,2040.1085135195717
SGD_EarlyStopping,AutoDifferences(max_diffs=380) | LocalMinMaxScaler(stats_=[[-214.51499032  437.2315826 ]]),"[1, 2, 3, 4, 5, 6, 7, 8, 9, 10, 11, 12, 13, 14, 15, 16, 17, 18, 19, 20, 21, 22, 23, 24, 25, 26, 27, 28, 29, 30, 31, 32, 33, 34, 35, 36, 37, 38, 39, 40, 41, 42, 43, 44, 45, 46, 47, 48, 49, 50, 51, 52, 53, 54, 55, 56, 57, 58, 59, 60, 61, 62, 63, 64, 65, 66, 67, 68, 69, 70, 71, 72, 73, 74, 75, 76, 77, 78, 79, 80, 81, 82, 83, 84, 85, 86, 87, 88, 89, 90, 91, 92, 93, 94, 95, 96, 97, 98, 99, 100, 101, 102, 103, 104, 105, 106, 107, 108, 109, 110, 111, 112, 113, 114, 115, 116, 117, 118, 119, 120, 121, 122, 123, 124, 125, 126, 127, 128, 129, 130, 131, 132, 133, 134, 135, 136, 137, 138, 139, 140, 141, 142, 143, 144, 145, 146, 147, 148, 149, 150, 151, 152, 153, 154, 155, 156, 157, 158, 159, 160, 161, 162, 163, 164, 165, 166, 167, 168, 169, 170, 171, 172, 173, 174, 175, 176, 177, 178, 179, 180, 181, 182, 183, 184, 185, 186, 187, 188, 189, 190, 191, 192, 193, 194, 195, 196, 197, 198, 199, 200]","{1: [<function expanding_mean at 0x000002C58F7A04A0>], 7: [<function rolling_mean_14 at 0x000002C5930FAA20>], 30: [<function expanding_mean at 0x000002C58F7A04A0>]}",lags_200_features_200,360.10555339342574,694.5806324962148,1096.6410793088905,1407.3450144957458,1594.2899772631154,1790.191033910208,1945.3336200778508,2727.5040443805406,5556.77033221875,11806.831789267988,12207.40388879151
SGD_ElasticNet,AutoDifferences(max_diffs=380) | LocalMinMaxScaler(stats_=[[-214.51499032  437.2315826 ]]),"[1, 2, 3, 4, 5, 6, 7, 8, 9, 10, 11, 12, 13, 14, 15, 16, 17, 18, 19, 20, 21, 22, 23, 24, 25, 26, 27, 28, 29, 30, 31, 32, 33, 34, 35, 36, 37, 38, 39, 40, 41, 42, 43, 44, 45, 46, 47, 48, 49, 50, 51, 52, 53, 54, 55, 56, 57, 58, 59, 60, 61, 62, 63, 64, 65, 66, 67, 68, 69, 70, 71, 72, 73, 74, 75, 76, 77, 78, 79, 80, 81, 82, 83, 84, 85, 86, 87, 88, 89, 90, 91, 92, 93, 94, 95, 96, 97, 98, 99, 100, 101, 102, 103, 104, 105, 106, 107, 108, 109, 110, 111, 112, 113, 114, 115, 116, 117, 118, 119, 120, 121, 122, 123, 124, 125, 126, 127, 128, 129, 130, 131, 132, 133, 134, 135, 136, 137, 138, 139, 140, 141, 142, 143, 144, 145, 146, 147, 148, 149, 150, 151, 152, 153, 154, 155, 156, 157, 158, 159, 160, 161, 162, 163, 164, 165, 166, 167, 168, 169, 170, 171, 172, 173, 174, 175, 176, 177, 178, 179, 180, 181, 182, 183, 184, 185, 186, 187, 188, 189, 190, 191, 192, 193, 194, 195, 196, 197, 198, 199, 200]","{1: [<function expanding_mean at 0x000002C58F7A04A0>], 7: [<function rolling_mean_14 at 0x000002C5930FAA20>], 30: [<function expanding_mean at 0x000002C58F7A04A0>]}",lags_200_features_200,317.58818363902316,608.2775080464471,949.8418762869243,1206.6266655247478,1355.1159294891218,1507.0449829294853,1616.3974976004838,2252.1598805661424,4586.340752514835,9763.49765639633,10094.21303847428
SGD_Lasso,AutoDifferences(max_diffs=380) | LocalMinMaxScaler(stats_=[[-214.51499032  437.2315826 ]]),"[1, 2, 3, 4, 5, 6, 7, 8, 9, 10, 11, 12, 13, 14, 15, 16, 17, 18, 19, 20, 21, 22, 23, 24, 25, 26, 27, 28, 29, 30, 31, 32, 33, 34, 35, 36, 37, 38, 39, 40, 41, 42, 43, 44, 45, 46, 47, 48, 49, 50, 51, 52, 53, 54, 55, 56, 57, 58, 59, 60, 61, 62, 63, 64, 65, 66, 67, 68, 69, 70, 71, 72, 73, 74, 75, 76, 77, 78, 79, 80, 81, 82, 83, 84, 85, 86, 87, 88, 89, 90, 91, 92, 93, 94, 95, 96, 97, 98, 99, 100, 101, 102, 103, 104, 105, 106, 107, 108, 109, 110, 111, 112, 113, 114, 115, 116, 117, 118, 119, 120, 121, 122, 123, 124, 125, 126, 127, 128, 129, 130, 131, 132, 133, 134, 135, 136, 137, 138, 139, 140, 141, 142, 143, 144, 145, 146, 147, 148, 149, 150, 151, 152, 153, 154, 155, 156, 157, 158, 159, 160, 161, 162, 163, 164, 165, 166, 167, 168, 169, 170, 171, 172, 173, 174, 175, 176, 177, 178, 179, 180, 181, 182, 183, 184, 185, 186, 187, 188, 189, 190, 191, 192, 193, 194, 195, 196, 197, 198, 199, 200]","{1: [<function expanding_mean at 0x000002C58F7A04A0>], 7: [<function rolling_mean_14 at 0x000002C5930FAA20>], 30: [<function expanding_mean at 0x000002C58F7A04A0>]}",lags_200_features_200,15.319693228020007,31.033454855534032,43.13210764284585,56.0474200996823,66.95051922713637,76.15338993368022,88.3291683385811,104.40799217615965,142.81013360299875,219.3069122876869,223.90677347145598
SGD_Ridge,AutoDifferences(max_diffs=380) | LocalMinMaxScaler(stats_=[[-214.51499032  437.2315826 ]]),"[1, 2, 3, 4, 5, 6, 7, 8, 9, 10, 11, 12, 13, 14, 15, 16, 17, 18, 19, 20, 21, 22, 23, 24, 25, 26, 27, 28, 29, 30, 31, 32, 33, 34, 35, 36, 37, 38, 39, 40, 41, 42, 43, 44, 45, 46, 47, 48, 49, 50, 51, 52, 53, 54, 55, 56, 57, 58, 59, 60, 61, 62, 63, 64, 65, 66, 67, 68, 69, 70, 71, 72, 73, 74, 75, 76, 77, 78, 79, 80, 81, 82, 83, 84, 85, 86, 87, 88, 89, 90, 91, 92, 93, 94, 95, 96, 97, 98, 99, 100, 101, 102, 103, 104, 105, 106, 107, 108, 109, 110, 111, 112, 113, 114, 115, 116, 117, 118, 119, 120, 121, 122, 123, 124, 125, 126, 127, 128, 129, 130, 131, 132, 133, 134, 135, 136, 137, 138, 139, 140, 141, 142, 143, 144, 145, 146, 147, 148, 149, 150, 151, 152, 153, 154, 155, 156, 157, 158, 159, 160, 161, 162, 163, 164, 165, 166, 167, 168, 169, 170, 171, 172, 173, 174, 175, 176, 177, 178, 179, 180, 181, 182, 183, 184, 185, 186, 187, 188, 189, 190, 191, 192, 193, 194, 195, 196, 197, 198, 199, 200]","{1: [<function expanding_mean at 0x000002C58F7A04A0>], 7: [<function rolling_mean_14 at 0x000002C5930FAA20>], 30: [<function expanding_mean at 0x000002C58F7A04A0>]}",lags_200_features_200,534.7210208783698,955.1259079689698,1404.2006535298983,1685.9206191864512,1801.2149234611052,1897.7727756188497,1879.6208257368978,2551.606395459733,5280.193877949128,11399.085535904007,11774.039086608802
SGDRegressor,AutoDifferences(max_diffs=380) | LocalMinMaxScaler(stats_=[[-214.51499032  437.2315826 ]]),"[1, 2, 3, 4, 5, 6, 7, 8, 9, 10, 11, 12, 13, 14, 15, 16, 17, 18, 19, 20, 21, 22, 23, 24, 25, 26, 27, 28, 29, 30, 31, 32, 33, 34, 35, 36, 37, 38, 39, 40, 41, 42, 43, 44, 45, 46, 47, 48, 49, 50, 51, 52, 53, 54, 55, 56, 57, 58, 59, 60, 61, 62, 63, 64, 65, 66, 67, 68, 69, 70, 71, 72, 73, 74, 75, 76, 77, 78, 79, 80, 81, 82, 83, 84, 85, 86, 87, 88, 89, 90, 91, 92, 93, 94, 95, 96, 97, 98, 99, 100, 101, 102, 103, 104, 105, 106, 107, 108, 109, 110, 111, 112, 113, 114, 115, 116, 117, 118, 119, 120, 121, 122, 123, 124, 125, 126, 127, 128, 129, 130, 131, 132, 133, 134, 135, 136, 137, 138, 139, 140, 141, 142, 143, 144, 145, 146, 147, 148, 149, 150, 151, 152, 153, 154, 155, 156, 157, 158, 159, 160, 161, 162, 163, 164, 165, 166, 167, 168, 169, 170, 171, 172, 173, 174, 175, 176, 177, 178, 179, 180, 181, 182, 183, 184, 185, 186, 187, 188, 189, 190, 191, 192, 193, 194, 195, 196, 197, 198, 199, 200]","{1: [<function expanding_mean at 0x000002C58F7A04A0>], 7: [<function rolling_mean_14 at 0x000002C5930FAA20>], 30: [<function expanding_mean at 0x000002C58F7A04A0>]}",lags_200_features_200,281.1817993303491,547.2206202212903,864.5044106408252,1109.4005729781693,1256.5072846749881,1409.4181795239617,1529.9878110869633,2140.432978267663,4350.372196305974,9240.338968520866,9554.172634268589
XGBRegressor,AutoDifferences(max_diffs=380) | LocalMinMaxScaler(stats_=[[-214.51499032  437.2315826 ]]),"[1, 2, 3, 4, 5, 6, 7, 8, 9, 10, 11, 12, 13, 14, 15, 16, 17, 18, 19, 20, 21, 22, 23, 24, 25, 26, 27, 28, 29, 30, 31, 32, 33, 34, 35, 36, 37, 38, 39, 40, 41, 42, 43, 44, 45, 46, 47, 48, 49, 50, 51, 52, 53, 54, 55, 56, 57, 58, 59, 60, 61, 62, 63, 64, 65, 66, 67, 68, 69, 70, 71, 72, 73, 74, 75, 76, 77, 78, 79, 80, 81, 82, 83, 84, 85, 86, 87, 88, 89, 90, 91, 92, 93, 94, 95, 96, 97, 98, 99, 100, 101, 102, 103, 104, 105, 106, 107, 108, 109, 110, 111, 112, 113, 114, 115, 116, 117, 118, 119, 120, 121, 122, 123, 124, 125, 126, 127, 128, 129, 130, 131, 132, 133, 134, 135, 136, 137, 138, 139, 140, 141, 142, 143, 144, 145, 146, 147, 148, 149, 150, 151, 152, 153, 154, 155, 156, 157, 158, 159, 160, 161, 162, 163, 164, 165, 166, 167, 168, 169, 170, 171, 172, 173, 174, 175, 176, 177, 178, 179, 180, 181, 182, 183, 184, 185, 186, 187, 188, 189, 190, 191, 192, 193, 194, 195, 196, 197, 198, 199, 200]","{1: [<function expanding_mean at 0x000002C58F7A04A0>], 7: [<function rolling_mean_14 at 0x000002C5930FAA20>], 30: [<function expanding_mean at 0x000002C58F7A04A0>]}",lags_200_features_200,31.489290176207884,48.26860112676526,56.29102963981176,75.36939323035955,80.54343461848337,76.27066020918186,67.23571986680693,74.4815608698228,121.48431844133354,134.39574085409575,131.3554241179135
LGBMRegressor,AutoDifferences(max_diffs=380) | LocalMinMaxScaler(stats_=[[-214.51499032  437.2315826 ]]),"[1, 2, 3, 4, 5, 6, 7, 8, 9, 10, 11, 12, 13, 14, 15, 16, 17, 18, 19, 20, 21, 22, 23, 24, 25, 26, 27, 28, 29, 30, 31, 32, 33, 34, 35, 36, 37, 38, 39, 40, 41, 42, 43, 44, 45, 46, 47, 48, 49, 50, 51, 52, 53, 54, 55, 56, 57, 58, 59, 60, 61, 62, 63, 64, 65, 66, 67, 68, 69, 70, 71, 72, 73, 74, 75, 76, 77, 78, 79, 80, 81, 82, 83, 84, 85, 86, 87, 88, 89, 90, 91, 92, 93, 94, 95, 96, 97, 98, 99, 100, 101, 102, 103, 104, 105, 106, 107, 108, 109, 110, 111, 112, 113, 114, 115, 116, 117, 118, 119, 120, 121, 122, 123, 124, 125, 126, 127, 128, 129, 130, 131, 132, 133, 134, 135, 136, 137, 138, 139, 140, 141, 142, 143, 144, 145, 146, 147, 148, 149, 150, 151, 152, 153, 154, 155, 156, 157, 158, 159, 160, 161, 162, 163, 164, 165, 166, 167, 168, 169, 170, 171, 172, 173, 174, 175, 176, 177, 178, 179, 180, 181, 182, 183, 184, 185, 186, 187, 188, 189, 190, 191, 192, 193, 194, 195, 196, 197, 198, 199, 200]","{1: [<function expanding_mean at 0x000002C58F7A04A0>], 7: [<function rolling_mean_14 at 0x000002C5930FAA20>], 30: [<function expanding_mean at 0x000002C58F7A04A0>]}",lags_200_features_200,49.383208136760906,40.86686071610908,39.40183041106949,37.01424111003293,34.494460110495176,34.03900573997394,33.81906956947009,38.31799241172754,40.61262319228852,39.513950357816015,38.96818479769312
SGD_EarlyStopping,AutoDifferences(max_diffs=380) | LocalMinMaxScaler(stats_=[[-214.51499032  437.2315826 ]]),"[1, 2, 3, 4, 5, 6, 7, 8, 9, 10, 11, 12, 13, 14, 15, 16, 17, 18, 19, 20, 21, 22, 23, 24, 25, 26, 27, 28, 29, 30, 31, 32, 33, 34, 35, 36, 37, 38, 39, 40, 41, 42, 43, 44, 45, 46, 47, 48, 49, 50, 51, 52, 53, 54, 55, 56, 57, 58, 59, 60, 61, 62, 63, 64, 65, 66, 67, 68, 69, 70, 71, 72, 73, 74, 75, 76, 77, 78, 79, 80, 81, 82, 83, 84, 85, 86, 87, 88, 89, 90, 91, 92, 93, 94, 95, 96, 97, 98, 99, 100, 101, 102, 103, 104, 105, 106, 107, 108, 109, 110, 111, 112, 113, 114, 115, 116, 117, 118, 119, 120, 121, 122, 123, 124, 125, 126, 127, 128, 129, 130, 131, 132, 133, 134, 135, 136, 137, 138, 139, 140, 141, 142, 143, 144, 145, 146, 147, 148, 149, 150, 151, 152, 153, 154, 155, 156, 157, 158, 159, 160, 161, 162, 163, 164, 165, 166, 167, 168, 169, 170, 171, 172, 173, 174, 175, 176, 177, 178, 179, 180, 181, 182, 183, 184, 185, 186, 187, 188, 189, 190, 191, 192, 193, 194, 195, 196, 197, 198, 199, 200]","{1: [<function rolling_mean_14 at 0x000002C5930FAA20>], 7: [<function rolling_mean_30 at 0x000002C58DBF9260>], 30: [<function expanding_mean at 0x000002C58F7A04A0>]}",lags_200_features_200,360.7982541651422,696.3664750274309,1100.0859388891506,1412.3144366492954,1600.3646667591847,1797.5109075510281,1954.0929990188936,2741.877148811257,5591.72459224717,11893.463336855568,12297.918229069186
SGD_ElasticNet,AutoDifferences(max_diffs=380) | LocalMinMaxScaler(stats_=[[-214.51499032  437.2315826 ]]),"[1, 2, 3, 4, 5, 6, 7, 8, 9, 10, 11, 12, 13, 14, 15, 16, 17, 18, 19, 20, 21, 22, 23, 24, 25, 26, 27, 28, 29, 30, 31, 32, 33, 34, 35, 36, 37, 38, 39, 40, 41, 42, 43, 44, 45, 46, 47, 48, 49, 50, 51, 52, 53, 54, 55, 56, 57, 58, 59, 60, 61, 62, 63, 64, 65, 66, 67, 68, 69, 70, 71, 72, 73, 74, 75, 76, 77, 78, 79, 80, 81, 82, 83, 84, 85, 86, 87, 88, 89, 90, 91, 92, 93, 94, 95, 96, 97, 98, 99, 100, 101, 102, 103, 104, 105, 106, 107, 108, 109, 110, 111, 112, 113, 114, 115, 116, 117, 118, 119, 120, 121, 122, 123, 124, 125, 126, 127, 128, 129, 130, 131, 132, 133, 134, 135, 136, 137, 138, 139, 140, 141, 142, 143, 144, 145, 146, 147, 148, 149, 150, 151, 152, 153, 154, 155, 156, 157, 158, 159, 160, 161, 162, 163, 164, 165, 166, 167, 168, 169, 170, 171, 172, 173, 174, 175, 176, 177, 178, 179, 180, 181, 182, 183, 184, 185, 186, 187, 188, 189, 190, 191, 192, 193, 194, 195, 196, 197, 198, 199, 200]","{1: [<function rolling_mean_14 at 0x000002C5930FAA20>], 7: [<function rolling_mean_30 at 0x000002C58DBF9260>], 30: [<function expanding_mean at 0x000002C58F7A04A0>]}",lags_200_features_200,318.0305368184681,609.5391059632581,952.3488961598634,1210.2651374915179,1359.5600031742326,1512.3806332450204,1622.7341646707093,2262.581678641768,4611.9662908591245,9827.734249812225,10161.37346992396
SGD_Lasso,AutoDifferences(max_diffs=380) | LocalMinMaxScaler(stats_=[[-214.51499032  437.2315826 ]]),"[1, 2, 3, 4, 5, 6, 7, 8, 9, 10, 11, 12, 13, 14, 15, 16, 17, 18, 19, 20, 21, 22, 23, 24, 25, 26, 27, 28, 29, 30, 31, 32, 33, 34, 35, 36, 37, 38, 39, 40, 41, 42, 43, 44, 45, 46, 47, 48, 49, 50, 51, 52, 53, 54, 55, 56, 57, 58, 59, 60, 61, 62, 63, 64, 65, 66, 67, 68, 69, 70, 71, 72, 73, 74, 75, 76, 77, 78, 79, 80, 81, 82, 83, 84, 85, 86, 87, 88, 89, 90, 91, 92, 93, 94, 95, 96, 97, 98, 99, 100, 101, 102, 103, 104, 105, 106, 107, 108, 109, 110, 111, 112, 113, 114, 115, 116, 117, 118, 119, 120, 121, 122, 123, 124, 125, 126, 127, 128, 129, 130, 131, 132, 133, 134, 135, 136, 137, 138, 139, 140, 141, 142, 143, 144, 145, 146, 147, 148, 149, 150, 151, 152, 153, 154, 155, 156, 157, 158, 159, 160, 161, 162, 163, 164, 165, 166, 167, 168, 169, 170, 171, 172, 173, 174, 175, 176, 177, 178, 179, 180, 181, 182, 183, 184, 185, 186, 187, 188, 189, 190, 191, 192, 193, 194, 195, 196, 197, 198, 199, 200]","{1: [<function rolling_mean_14 at 0x000002C5930FAA20>], 7: [<function rolling_mean_30 at 0x000002C58DBF9260>], 30: [<function expanding_mean at 0x000002C58F7A04A0>]}",lags_200_features_200,15.319693228020007,31.033454855534032,43.13210764284585,56.0474200996823,66.95051922713637,76.15338993368022,88.3291683385811,104.40799217615965,142.81013360299875,219.3069122876869,223.90677347145598
SGD_Ridge,AutoDifferences(max_diffs=380) | LocalMinMaxScaler(stats_=[[-214.51499032  437.2315826 ]]),"[1, 2, 3, 4, 5, 6, 7, 8, 9, 10, 11, 12, 13, 14, 15, 16, 17, 18, 19, 20, 21, 22, 23, 24, 25, 26, 27, 28, 29, 30, 31, 32, 33, 34, 35, 36, 37, 38, 39, 40, 41, 42, 43, 44, 45, 46, 47, 48, 49, 50, 51, 52, 53, 54, 55, 56, 57, 58, 59, 60, 61, 62, 63, 64, 65, 66, 67, 68, 69, 70, 71, 72, 73, 74, 75, 76, 77, 78, 79, 80, 81, 82, 83, 84, 85, 86, 87, 88, 89, 90, 91, 92, 93, 94, 95, 96, 97, 98, 99, 100, 101, 102, 103, 104, 105, 106, 107, 108, 109, 110, 111, 112, 113, 114, 115, 116, 117, 118, 119, 120, 121, 122, 123, 124, 125, 126, 127, 128, 129, 130, 131, 132, 133, 134, 135, 136, 137, 138, 139, 140, 141, 142, 143, 144, 145, 146, 147, 148, 149, 150, 151, 152, 153, 154, 155, 156, 157, 158, 159, 160, 161, 162, 163, 164, 165, 166, 167, 168, 169, 170, 171, 172, 173, 174, 175, 176, 177, 178, 179, 180, 181, 182, 183, 184, 185, 186, 187, 188, 189, 190, 191, 192, 193, 194, 195, 196, 197, 198, 199, 200]","{1: [<function rolling_mean_14 at 0x000002C5930FAA20>], 7: [<function rolling_mean_30 at 0x000002C58DBF9260>], 30: [<function expanding_mean at 0x000002C58F7A04A0>]}",lags_200_features_200,535.4089006080542,956.9779305330519,1407.6037498617193,1690.5089665352928,1806.4729662581026,1903.6661517724256,1885.8876956448416,2560.963563358981,5302.249730912079,11453.189950009933,11830.47080812537
SGDRegressor,AutoDifferences(max_diffs=380) | LocalMinMaxScaler(stats_=[[-214.51499032  437.2315826 ]]),"[1, 2, 3, 4, 5, 6, 7, 8, 9, 10, 11, 12, 13, 14, 15, 16, 17, 18, 19, 20, 21, 22, 23, 24, 25, 26, 27, 28, 29, 30, 31, 32, 33, 34, 35, 36, 37, 38, 39, 40, 41, 42, 43, 44, 45, 46, 47, 48, 49, 50, 51, 52, 53, 54, 55, 56, 57, 58, 59, 60, 61, 62, 63, 64, 65, 66, 67, 68, 69, 70, 71, 72, 73, 74, 75, 76, 77, 78, 79, 80, 81, 82, 83, 84, 85, 86, 87, 88, 89, 90, 91, 92, 93, 94, 95, 96, 97, 98, 99, 100, 101, 102, 103, 104, 105, 106, 107, 108, 109, 110, 111, 112, 113, 114, 115, 116, 117, 118, 119, 120, 121, 122, 123, 124, 125, 126, 127, 128, 129, 130, 131, 132, 133, 134, 135, 136, 137, 138, 139, 140, 141, 142, 143, 144, 145, 146, 147, 148, 149, 150, 151, 152, 153, 154, 155, 156, 157, 158, 159, 160, 161, 162, 163, 164, 165, 166, 167, 168, 169, 170, 171, 172, 173, 174, 175, 176, 177, 178, 179, 180, 181, 182, 183, 184, 185, 186, 187, 188, 189, 190, 191, 192, 193, 194, 195, 196, 197, 198, 199, 200]","{1: [<function rolling_mean_14 at 0x000002C5930FAA20>], 7: [<function rolling_mean_30 at 0x000002C58DBF9260>], 30: [<function expanding_mean at 0x000002C58F7A04A0>]}",lags_200_features_200,281.50403817653114,548.2307080044877,866.601878964464,1112.5229348592306,1260.3872976618545,1414.1514407063478,1535.7372085932334,2150.113572929469,4374.555443339389,9301.583348773018,9618.251162593118
XGBRegressor,AutoDifferences(max_diffs=380) | LocalMinMaxScaler(stats_=[[-214.51499032  437.2315826 ]]),"[1, 2, 3, 4, 5, 6, 7, 8, 9, 10, 11, 12, 13, 14, 15, 16, 17, 18, 19, 20, 21, 22, 23, 24, 25, 26, 27, 28, 29, 30, 31, 32, 33, 34, 35, 36, 37, 38, 39, 40, 41, 42, 43, 44, 45, 46, 47, 48, 49, 50, 51, 52, 53, 54, 55, 56, 57, 58, 59, 60, 61, 62, 63, 64, 65, 66, 67, 68, 69, 70, 71, 72, 73, 74, 75, 76, 77, 78, 79, 80, 81, 82, 83, 84, 85, 86, 87, 88, 89, 90, 91, 92, 93, 94, 95, 96, 97, 98, 99, 100, 101, 102, 103, 104, 105, 106, 107, 108, 109, 110, 111, 112, 113, 114, 115, 116, 117, 118, 119, 120, 121, 122, 123, 124, 125, 126, 127, 128, 129, 130, 131, 132, 133, 134, 135, 136, 137, 138, 139, 140, 141, 142, 143, 144, 145, 146, 147, 148, 149, 150, 151, 152, 153, 154, 155, 156, 157, 158, 159, 160, 161, 162, 163, 164, 165, 166, 167, 168, 169, 170, 171, 172, 173, 174, 175, 176, 177, 178, 179, 180, 181, 182, 183, 184, 185, 186, 187, 188, 189, 190, 191, 192, 193, 194, 195, 196, 197, 198, 199, 200]","{1: [<function rolling_mean_14 at 0x000002C5930FAA20>], 7: [<function rolling_mean_30 at 0x000002C58DBF9260>], 30: [<function expanding_mean at 0x000002C58F7A04A0>]}",lags_200_features_200,14.865410311809843,23.224870931355966,22.87620421558274,22.093961790017314,22.450060364813922,23.191582119322852,27.709185023524558,92.27304319107836,336.4505117205953,828.2771262302225,860.4146618976978
LGBMRegressor,AutoDifferences(max_diffs=380) | LocalMinMaxScaler(stats_=[[-214.51499032  437.2315826 ]]),"[1, 2, 3, 4, 5, 6, 7, 8, 9, 10, 11, 12, 13, 14, 15, 16, 17, 18, 19, 20, 21, 22, 23, 24, 25, 26, 27, 28, 29, 30, 31, 32, 33, 34, 35, 36, 37, 38, 39, 40, 41, 42, 43, 44, 45, 46, 47, 48, 49, 50, 51, 52, 53, 54, 55, 56, 57, 58, 59, 60, 61, 62, 63, 64, 65, 66, 67, 68, 69, 70, 71, 72, 73, 74, 75, 76, 77, 78, 79, 80, 81, 82, 83, 84, 85, 86, 87, 88, 89, 90, 91, 92, 93, 94, 95, 96, 97, 98, 99, 100, 101, 102, 103, 104, 105, 106, 107, 108, 109, 110, 111, 112, 113, 114, 115, 116, 117, 118, 119, 120, 121, 122, 123, 124, 125, 126, 127, 128, 129, 130, 131, 132, 133, 134, 135, 136, 137, 138, 139, 140, 141, 142, 143, 144, 145, 146, 147, 148, 149, 150, 151, 152, 153, 154, 155, 156, 157, 158, 159, 160, 161, 162, 163, 164, 165, 166, 167, 168, 169, 170, 171, 172, 173, 174, 175, 176, 177, 178, 179, 180, 181, 182, 183, 184, 185, 186, 187, 188, 189, 190, 191, 192, 193, 194, 195, 196, 197, 198, 199, 200]","{1: [<function rolling_mean_14 at 0x000002C5930FAA20>], 7: [<function rolling_mean_30 at 0x000002C58DBF9260>], 30: [<function expanding_mean at 0x000002C58F7A04A0>]}",lags_200_features_200,30.99587198086864,30.731199522925813,45.89683309764695,47.39613597801425,41.65180564207148,38.55025539353021,45.42390841066223,123.14380204949558,391.60203362838246,897.6543412130685,925.0426750738771
SGD_EarlyStopping,AutoDifferences(max_diffs=380) | LocalMinMaxScaler(stats_=[[-214.51499032  437.2315826 ]]),"[1, 2, 3, 4, 5, 6, 7, 8, 9, 10, 11, 12, 13, 14, 15, 16, 17, 18, 19, 20, 21, 22, 23, 24, 25, 26, 27, 28, 29, 30, 31, 32, 33, 34, 35, 36, 37, 38, 39, 40, 41, 42, 43, 44, 45, 46, 47, 48, 49, 50, 51, 52, 53, 54, 55, 56, 57, 58, 59, 60, 61, 62, 63, 64, 65, 66, 67, 68, 69, 70, 71, 72, 73, 74, 75, 76, 77, 78, 79, 80, 81, 82, 83, 84, 85, 86, 87, 88, 89, 90, 91, 92, 93, 94, 95, 96, 97, 98, 99, 100, 101, 102, 103, 104, 105, 106, 107, 108, 109, 110, 111, 112, 113, 114, 115, 116, 117, 118, 119, 120, 121, 122, 123, 124, 125, 126, 127, 128, 129, 130, 131, 132, 133, 134, 135, 136, 137, 138, 139, 140, 141, 142, 143, 144, 145, 146, 147, 148, 149, 150, 151, 152, 153, 154, 155, 156, 157, 158, 159, 160, 161, 162, 163, 164, 165, 166, 167, 168, 169, 170, 171, 172, 173, 174, 175, 176, 177, 178, 179, 180, 181, 182, 183, 184, 185, 186, 187, 188, 189, 190, 191, 192, 193, 194, 195, 196, 197, 198, 199, 200]","{7: [RollingMean(window_size=7)], 30: [RollingMean(window_size=30)], 60: [RollingMean(window_size=60)]}",lags_200_features_200,360.8569027947797,696.0260228599176,1099.5491706472624,1412.026072080949,1600.5523031453213,1798.3270682628763,1955.930755567437,2746.9498775221805,5608.972762845529,11945.006384852719,12352.326165061839
SGD_ElasticNet,AutoDifferences(max_diffs=380) | LocalMinMaxScaler(stats_=[[-214.51499032  437.2315826 ]]),"[1, 2, 3, 4, 5, 6, 7, 8, 9, 10, 11, 12, 13, 14, 15, 16, 17, 18, 19, 20, 21, 22, 23, 24, 25, 26, 27, 28, 29, 30, 31, 32, 33, 34, 35, 36, 37, 38, 39, 40, 41, 42, 43, 44, 45, 46, 47, 48, 49, 50, 51, 52, 53, 54, 55, 56, 57, 58, 59, 60, 61, 62, 63, 64, 65, 66, 67, 68, 69, 70, 71, 72, 73, 74, 75, 76, 77, 78, 79, 80, 81, 82, 83, 84, 85, 86, 87, 88, 89, 90, 91, 92, 93, 94, 95, 96, 97, 98, 99, 100, 101, 102, 103, 104, 105, 106, 107, 108, 109, 110, 111, 112, 113, 114, 115, 116, 117, 118, 119, 120, 121, 122, 123, 124, 125, 126, 127, 128, 129, 130, 131, 132, 133, 134, 135, 136, 137, 138, 139, 140, 141, 142, 143, 144, 145, 146, 147, 148, 149, 150, 151, 152, 153, 154, 155, 156, 157, 158, 159, 160, 161, 162, 163, 164, 165, 166, 167, 168, 169, 170, 171, 172, 173, 174, 175, 176, 177, 178, 179, 180, 181, 182, 183, 184, 185, 186, 187, 188, 189, 190, 191, 192, 193, 194, 195, 196, 197, 198, 199, 200]","{7: [RollingMean(window_size=7)], 30: [RollingMean(window_size=30)], 60: [RollingMean(window_size=60)]}",lags_200_features_200,317.67560064511116,608.4306083970564,950.5422777336523,1208.2288484947503,1357.6308757017061,1510.6434636896483,1621.5031423190997,2262.654385290178,4617.438969510108,9851.470171982824,10186.818917692388
SGD_Lasso,AutoDifferences(max_diffs=380) | LocalMinMaxScaler(stats_=[[-214.51499032  437.2315826 ]]),"[1, 2, 3, 4, 5, 6, 7, 8, 9, 10, 11, 12, 13, 14, 15, 16, 17, 18, 19, 20, 21, 22, 23, 24, 25, 26, 27, 28, 29, 30, 31, 32, 33, 34, 35, 36, 37, 38, 39, 40, 41, 42, 43, 44, 45, 46, 47, 48, 49, 50, 51, 52, 53, 54, 55, 56, 57, 58, 59, 60, 61, 62, 63, 64, 65, 66, 67, 68, 69, 70, 71, 72, 73, 74, 75, 76, 77, 78, 79, 80, 81, 82, 83, 84, 85, 86, 87, 88, 89, 90, 91, 92, 93, 94, 95, 96, 97, 98, 99, 100, 101, 102, 103, 104, 105, 106, 107, 108, 109, 110, 111, 112, 113, 114, 115, 116, 117, 118, 119, 120, 121, 122, 123, 124, 125, 126, 127, 128, 129, 130, 131, 132, 133, 134, 135, 136, 137, 138, 139, 140, 141, 142, 143, 144, 145, 146, 147, 148, 149, 150, 151, 152, 153, 154, 155, 156, 157, 158, 159, 160, 161, 162, 163, 164, 165, 166, 167, 168, 169, 170, 171, 172, 173, 174, 175, 176, 177, 178, 179, 180, 181, 182, 183, 184, 185, 186, 187, 188, 189, 190, 191, 192, 193, 194, 195, 196, 197, 198, 199, 200]","{7: [RollingMean(window_size=7)], 30: [RollingMean(window_size=30)], 60: [RollingMean(window_size=60)]}",lags_200_features_200,15.319693228020007,31.033454855534032,43.13210764284585,56.0474200996823,66.95051922713637,76.15338993368022,88.3291683385811,104.40799217615965,142.81013360299875,219.3069122876869,223.90677347145598
SGD_Ridge,AutoDifferences(max_diffs=380) | LocalMinMaxScaler(stats_=[[-214.51499032  437.2315826 ]]),"[1, 2, 3, 4, 5, 6, 7, 8, 9, 10, 11, 12, 13, 14, 15, 16, 17, 18, 19, 20, 21, 22, 23, 24, 25, 26, 27, 28, 29, 30, 31, 32, 33, 34, 35, 36, 37, 38, 39, 40, 41, 42, 43, 44, 45, 46, 47, 48, 49, 50, 51, 52, 53, 54, 55, 56, 57, 58, 59, 60, 61, 62, 63, 64, 65, 66, 67, 68, 69, 70, 71, 72, 73, 74, 75, 76, 77, 78, 79, 80, 81, 82, 83, 84, 85, 86, 87, 88, 89, 90, 91, 92, 93, 94, 95, 96, 97, 98, 99, 100, 101, 102, 103, 104, 105, 106, 107, 108, 109, 110, 111, 112, 113, 114, 115, 116, 117, 118, 119, 120, 121, 122, 123, 124, 125, 126, 127, 128, 129, 130, 131, 132, 133, 134, 135, 136, 137, 138, 139, 140, 141, 142, 143, 144, 145, 146, 147, 148, 149, 150, 151, 152, 153, 154, 155, 156, 157, 158, 159, 160, 161, 162, 163, 164, 165, 166, 167, 168, 169, 170, 171, 172, 173, 174, 175, 176, 177, 178, 179, 180, 181, 182, 183, 184, 185, 186, 187, 188, 189, 190, 191, 192, 193, 194, 195, 196, 197, 198, 199, 200]","{7: [RollingMean(window_size=7)], 30: [RollingMean(window_size=30)], 60: [RollingMean(window_size=60)]}",lags_200_features_200,534.9696037092402,955.6349217311382,1405.687110574249,1688.700878864626,1805.1102609985428,1902.83162260259,1885.8345102310302,2561.9309065780476,5307.871310129855,11475.830993659672,11854.687726473903
SGDRegressor,AutoDifferences(max_diffs=380) | LocalMinMaxScaler(stats_=[[-214.51499032  437.2315826 ]]),"[1, 2, 3, 4, 5, 6, 7, 8, 9, 10, 11, 12, 13, 14, 15, 16, 17, 18, 19, 20, 21, 22, 23, 24, 25, 26, 27, 28, 29, 30, 31, 32, 33, 34, 35, 36, 37, 38, 39, 40, 41, 42, 43, 44, 45, 46, 47, 48, 49, 50, 51, 52, 53, 54, 55, 56, 57, 58, 59, 60, 61, 62, 63, 64, 65, 66, 67, 68, 69, 70, 71, 72, 73, 74, 75, 76, 77, 78, 79, 80, 81, 82, 83, 84, 85, 86, 87, 88, 89, 90, 91, 92, 93, 94, 95, 96, 97, 98, 99, 100, 101, 102, 103, 104, 105, 106, 107, 108, 109, 110, 111, 112, 113, 114, 115, 116, 117, 118, 119, 120, 121, 122, 123, 124, 125, 126, 127, 128, 129, 130, 131, 132, 133, 134, 135, 136, 137, 138, 139, 140, 141, 142, 143, 144, 145, 146, 147, 148, 149, 150, 151, 152, 153, 154, 155, 156, 157, 158, 159, 160, 161, 162, 163, 164, 165, 166, 167, 168, 169, 170, 171, 172, 173, 174, 175, 176, 177, 178, 179, 180, 181, 182, 183, 184, 185, 186, 187, 188, 189, 190, 191, 192, 193, 194, 195, 196, 197, 198, 199, 200]","{7: [RollingMean(window_size=7)], 30: [RollingMean(window_size=30)], 60: [RollingMean(window_size=60)]}",lags_200_features_200,281.3735668087474,547.5689497160434,865.4709104847111,1111.3021682842952,1259.336871583944,1413.365370735866,1535.5119583782762,2151.646348527654,4383.044102819415,9331.500530874882,9650.072613542301
XGBRegressor,AutoDifferences(max_diffs=380) | LocalMinMaxScaler(stats_=[[-214.51499032  437.2315826 ]]),"[1, 2, 3, 4, 5, 6, 7, 8, 9, 10, 11, 12, 13, 14, 15, 16, 17, 18, 19, 20, 21, 22, 23, 24, 25, 26, 27, 28, 29, 30, 31, 32, 33, 34, 35, 36, 37, 38, 39, 40, 41, 42, 43, 44, 45, 46, 47, 48, 49, 50, 51, 52, 53, 54, 55, 56, 57, 58, 59, 60, 61, 62, 63, 64, 65, 66, 67, 68, 69, 70, 71, 72, 73, 74, 75, 76, 77, 78, 79, 80, 81, 82, 83, 84, 85, 86, 87, 88, 89, 90, 91, 92, 93, 94, 95, 96, 97, 98, 99, 100, 101, 102, 103, 104, 105, 106, 107, 108, 109, 110, 111, 112, 113, 114, 115, 116, 117, 118, 119, 120, 121, 122, 123, 124, 125, 126, 127, 128, 129, 130, 131, 132, 133, 134, 135, 136, 137, 138, 139, 140, 141, 142, 143, 144, 145, 146, 147, 148, 149, 150, 151, 152, 153, 154, 155, 156, 157, 158, 159, 160, 161, 162, 163, 164, 165, 166, 167, 168, 169, 170, 171, 172, 173, 174, 175, 176, 177, 178, 179, 180, 181, 182, 183, 184, 185, 186, 187, 188, 189, 190, 191, 192, 193, 194, 195, 196, 197, 198, 199, 200]","{7: [RollingMean(window_size=7)], 30: [RollingMean(window_size=30)], 60: [RollingMean(window_size=60)]}",lags_200_features_200,37.077547128023895,47.27970918152647,50.2578161616089,47.58589206271304,48.00648458677983,44.778509083063234,55.49835805580773,172.84260985395662,599.3596933361889,1371.9246510132048,1411.4961777238225
LGBMRegressor,AutoDifferences(max_diffs=380) | LocalMinMaxScaler(stats_=[[-214.51499032  437.2315826 ]]),"[1, 2, 3, 4, 5, 6, 7, 8, 9, 10, 11, 12, 13, 14, 15, 16, 17, 18, 19, 20, 21, 22, 23, 24, 25, 26, 27, 28, 29, 30, 31, 32, 33, 34, 35, 36, 37, 38, 39, 40, 41, 42, 43, 44, 45, 46, 47, 48, 49, 50, 51, 52, 53, 54, 55, 56, 57, 58, 59, 60, 61, 62, 63, 64, 65, 66, 67, 68, 69, 70, 71, 72, 73, 74, 75, 76, 77, 78, 79, 80, 81, 82, 83, 84, 85, 86, 87, 88, 89, 90, 91, 92, 93, 94, 95, 96, 97, 98, 99, 100, 101, 102, 103, 104, 105, 106, 107, 108, 109, 110, 111, 112, 113, 114, 115, 116, 117, 118, 119, 120, 121, 122, 123, 124, 125, 126, 127, 128, 129, 130, 131, 132, 133, 134, 135, 136, 137, 138, 139, 140, 141, 142, 143, 144, 145, 146, 147, 148, 149, 150, 151, 152, 153, 154, 155, 156, 157, 158, 159, 160, 161, 162, 163, 164, 165, 166, 167, 168, 169, 170, 171, 172, 173, 174, 175, 176, 177, 178, 179, 180, 181, 182, 183, 184, 185, 186, 187, 188, 189, 190, 191, 192, 193, 194, 195, 196, 197, 198, 199, 200]","{7: [RollingMean(window_size=7)], 30: [RollingMean(window_size=30)], 60: [RollingMean(window_size=60)]}",lags_200_features_200,26.075239258860716,37.24700901768635,76.6716599807517,127.6214345455004,171.704361075967,208.96390544176083,240.82478094880986,337.96725076211806,612.4447669881115,1155.5085264473767,1182.8016411997894
SGD_EarlyStopping,AutoDifferences(max_diffs=380) | LocalMinMaxScaler(stats_=[[-214.51499032  437.2315826 ]]),"[1, 2, 3, 4, 5, 6, 7, 8, 9, 10, 11, 12, 13, 14, 15, 16, 17, 18, 19, 20, 21, 22, 23, 24, 25, 26, 27, 28, 29, 30, 31, 32, 33, 34, 35, 36, 37, 38, 39, 40, 41, 42, 43, 44, 45, 46, 47, 48, 49, 50, 51, 52, 53, 54, 55, 56, 57, 58, 59, 60, 61, 62, 63, 64, 65, 66, 67, 68, 69, 70, 71, 72, 73, 74, 75, 76, 77, 78, 79, 80, 81, 82, 83, 84, 85, 86, 87, 88, 89, 90, 91, 92, 93, 94, 95, 96, 97, 98, 99, 100, 101, 102, 103, 104, 105, 106, 107, 108, 109, 110, 111, 112, 113, 114, 115, 116, 117, 118, 119, 120, 121, 122, 123, 124, 125, 126, 127, 128, 129, 130, 131, 132, 133, 134, 135, 136, 137, 138, 139, 140, 141, 142, 143, 144, 145, 146, 147, 148, 149, 150, 151, 152, 153, 154, 155, 156, 157, 158, 159, 160, 161, 162, 163, 164, 165, 166, 167, 168, 169, 170, 171, 172, 173, 174, 175, 176, 177, 178, 179, 180, 181, 182, 183, 184, 185, 186, 187, 188, 189, 190, 191, 192, 193, 194, 195, 196, 197, 198, 199, 200]","{7: [RollingMean(window_size=7), RollingStd(window_size=7)], 30: [RollingMean(window_size=30)], 60: [ExpandingMean()], 14: [ExponentiallyWeightedMean(alpha=0.3)]}",lags_200_features_200,361.91454529675116,699.1318363189852,1105.2346132918008,1419.5311930763369,1608.9201440264198,1807.4435720693564,1965.2141254998053,2758.3816104409866,5627.508766521186,11972.446784221633,12379.718571036128
SGD_ElasticNet,AutoDifferences(max_diffs=380) | LocalMinMaxScaler(stats_=[[-214.51499032  437.2315826 ]]),"[1, 2, 3, 4, 5, 6, 7, 8, 9, 10, 11, 12, 13, 14, 15, 16, 17, 18, 19, 20, 21, 22, 23, 24, 25, 26, 27, 28, 29, 30, 31, 32, 33, 34, 35, 36, 37, 38, 39, 40, 41, 42, 43, 44, 45, 46, 47, 48, 49, 50, 51, 52, 53, 54, 55, 56, 57, 58, 59, 60, 61, 62, 63, 64, 65, 66, 67, 68, 69, 70, 71, 72, 73, 74, 75, 76, 77, 78, 79, 80, 81, 82, 83, 84, 85, 86, 87, 88, 89, 90, 91, 92, 93, 94, 95, 96, 97, 98, 99, 100, 101, 102, 103, 104, 105, 106, 107, 108, 109, 110, 111, 112, 113, 114, 115, 116, 117, 118, 119, 120, 121, 122, 123, 124, 125, 126, 127, 128, 129, 130, 131, 132, 133, 134, 135, 136, 137, 138, 139, 140, 141, 142, 143, 144, 145, 146, 147, 148, 149, 150, 151, 152, 153, 154, 155, 156, 157, 158, 159, 160, 161, 162, 163, 164, 165, 166, 167, 168, 169, 170, 171, 172, 173, 174, 175, 176, 177, 178, 179, 180, 181, 182, 183, 184, 185, 186, 187, 188, 189, 190, 191, 192, 193, 194, 195, 196, 197, 198, 199, 200]","{7: [RollingMean(window_size=7), RollingStd(window_size=7)], 30: [RollingMean(window_size=30)], 60: [ExpandingMean()], 14: [ExponentiallyWeightedMean(alpha=0.3)]}",lags_200_features_200,318.74348424723195,611.2802297468546,955.6735979637565,1215.0063022003296,1365.2314992650856,1519.0045389215968,1630.1708750952762,2273.5364136388953,4635.60302290555,9879.607360121649,10215.073767571343
SGD_Lasso,AutoDifferences(max_diffs=380) | LocalMinMaxScaler(stats_=[[-214.51499032  437.2315826 ]]),"[1, 2, 3, 4, 5, 6, 7, 8, 9, 10, 11, 12, 13, 14, 15, 16, 17, 18, 19, 20, 21, 22, 23, 24, 25, 26, 27, 28, 29, 30, 31, 32, 33, 34, 35, 36, 37, 38, 39, 40, 41, 42, 43, 44, 45, 46, 47, 48, 49, 50, 51, 52, 53, 54, 55, 56, 57, 58, 59, 60, 61, 62, 63, 64, 65, 66, 67, 68, 69, 70, 71, 72, 73, 74, 75, 76, 77, 78, 79, 80, 81, 82, 83, 84, 85, 86, 87, 88, 89, 90, 91, 92, 93, 94, 95, 96, 97, 98, 99, 100, 101, 102, 103, 104, 105, 106, 107, 108, 109, 110, 111, 112, 113, 114, 115, 116, 117, 118, 119, 120, 121, 122, 123, 124, 125, 126, 127, 128, 129, 130, 131, 132, 133, 134, 135, 136, 137, 138, 139, 140, 141, 142, 143, 144, 145, 146, 147, 148, 149, 150, 151, 152, 153, 154, 155, 156, 157, 158, 159, 160, 161, 162, 163, 164, 165, 166, 167, 168, 169, 170, 171, 172, 173, 174, 175, 176, 177, 178, 179, 180, 181, 182, 183, 184, 185, 186, 187, 188, 189, 190, 191, 192, 193, 194, 195, 196, 197, 198, 199, 200]","{7: [RollingMean(window_size=7), RollingStd(window_size=7)], 30: [RollingMean(window_size=30)], 60: [ExpandingMean()], 14: [ExponentiallyWeightedMean(alpha=0.3)]}",lags_200_features_200,15.319693228020007,31.033454855534032,43.13210764284585,56.0474200996823,66.95051922713637,76.15338993368022,88.3291683385811,104.40799217615965,142.81013360299875,219.3069122876869,223.90677347145598
SGD_Ridge,AutoDifferences(max_diffs=380) | LocalMinMaxScaler(stats_=[[-214.51499032  437.2315826 ]]),"[1, 2, 3, 4, 5, 6, 7, 8, 9, 10, 11, 12, 13, 14, 15, 16, 17, 18, 19, 20, 21, 22, 23, 24, 25, 26, 27, 28, 29, 30, 31, 32, 33, 34, 35, 36, 37, 38, 39, 40, 41, 42, 43, 44, 45, 46, 47, 48, 49, 50, 51, 52, 53, 54, 55, 56, 57, 58, 59, 60, 61, 62, 63, 64, 65, 66, 67, 68, 69, 70, 71, 72, 73, 74, 75, 76, 77, 78, 79, 80, 81, 82, 83, 84, 85, 86, 87, 88, 89, 90, 91, 92, 93, 94, 95, 96, 97, 98, 99, 100, 101, 102, 103, 104, 105, 106, 107, 108, 109, 110, 111, 112, 113, 114, 115, 116, 117, 118, 119, 120, 121, 122, 123, 124, 125, 126, 127, 128, 129, 130, 131, 132, 133, 134, 135, 136, 137, 138, 139, 140, 141, 142, 143, 144, 145, 146, 147, 148, 149, 150, 151, 152, 153, 154, 155, 156, 157, 158, 159, 160, 161, 162, 163, 164, 165, 166, 167, 168, 169, 170, 171, 172, 173, 174, 175, 176, 177, 178, 179, 180, 181, 182, 183, 184, 185, 186, 187, 188, 189, 190, 191, 192, 193, 194, 195, 196, 197, 198, 199, 200]","{7: [RollingMean(window_size=7), RollingStd(window_size=7)], 30: [RollingMean(window_size=30)], 60: [ExpandingMean()], 14: [ExponentiallyWeightedMean(alpha=0.3)]}",lags_200_features_200,535.3775997945714,957.6250110265145,1409.6199904438784,1693.88533111381,1810.7987369309492,1908.9408050009442,1891.9539061936173,2569.4628048786067,5320.090143564438,11491.572926572537,11870.168798748975
SGDRegressor,AutoDifferences(max_diffs=380) | LocalMinMaxScaler(stats_=[[-214.51499032  437.2315826 ]]),"[1, 2, 3, 4, 5, 6, 7, 8, 9, 10, 11, 12, 13, 14, 15, 16, 17, 18, 19, 20, 21, 22, 23, 24, 25, 26, 27, 28, 29, 30, 31, 32, 33, 34, 35, 36, 37, 38, 39, 40, 41, 42, 43, 44, 45, 46, 47, 48, 49, 50, 51, 52, 53, 54, 55, 56, 57, 58, 59, 60, 61, 62, 63, 64, 65, 66, 67, 68, 69, 70, 71, 72, 73, 74, 75, 76, 77, 78, 79, 80, 81, 82, 83, 84, 85, 86, 87, 88, 89, 90, 91, 92, 93, 94, 95, 96, 97, 98, 99, 100, 101, 102, 103, 104, 105, 106, 107, 108, 109, 110, 111, 112, 113, 114, 115, 116, 117, 118, 119, 120, 121, 122, 123, 124, 125, 126, 127, 128, 129, 130, 131, 132, 133, 134, 135, 136, 137, 138, 139, 140, 141, 142, 143, 144, 145, 146, 147, 148, 149, 150, 151, 152, 153, 154, 155, 156, 157, 158, 159, 160, 161, 162, 163, 164, 165, 166, 167, 168, 169, 170, 171, 172, 173, 174, 175, 176, 177, 178, 179, 180, 181, 182, 183, 184, 185, 186, 187, 188, 189, 190, 191, 192, 193, 194, 195, 196, 197, 198, 199, 200]","{7: [RollingMean(window_size=7), RollingStd(window_size=7)], 30: [RollingMean(window_size=30)], 60: [ExpandingMean()], 14: [ExponentiallyWeightedMean(alpha=0.3)]}",lags_200_features_200,282.77601484072176,551.0172048785049,871.4936326459331,1119.180062123789,1268.1474070460963,1423.0390946604612,1545.535083274878,2164.5347433358693,4405.828372112208,9370.897054291963,9690.054261028805
XGBRegressor,AutoDifferences(max_diffs=380) | LocalMinMaxScaler(stats_=[[-214.51499032  437.2315826 ]]),"[1, 2, 3, 4, 5, 6, 7, 8, 9, 10, 11, 12, 13, 14, 15, 16, 17, 18, 19, 20, 21, 22, 23, 24, 25, 26, 27, 28, 29, 30, 31, 32, 33, 34, 35, 36, 37, 38, 39, 40, 41, 42, 43, 44, 45, 46, 47, 48, 49, 50, 51, 52, 53, 54, 55, 56, 57, 58, 59, 60, 61, 62, 63, 64, 65, 66, 67, 68, 69, 70, 71, 72, 73, 74, 75, 76, 77, 78, 79, 80, 81, 82, 83, 84, 85, 86, 87, 88, 89, 90, 91, 92, 93, 94, 95, 96, 97, 98, 99, 100, 101, 102, 103, 104, 105, 106, 107, 108, 109, 110, 111, 112, 113, 114, 115, 116, 117, 118, 119, 120, 121, 122, 123, 124, 125, 126, 127, 128, 129, 130, 131, 132, 133, 134, 135, 136, 137, 138, 139, 140, 141, 142, 143, 144, 145, 146, 147, 148, 149, 150, 151, 152, 153, 154, 155, 156, 157, 158, 159, 160, 161, 162, 163, 164, 165, 166, 167, 168, 169, 170, 171, 172, 173, 174, 175, 176, 177, 178, 179, 180, 181, 182, 183, 184, 185, 186, 187, 188, 189, 190, 191, 192, 193, 194, 195, 196, 197, 198, 199, 200]","{7: [RollingMean(window_size=7), RollingStd(window_size=7)], 30: [RollingMean(window_size=30)], 60: [ExpandingMean()], 14: [ExponentiallyWeightedMean(alpha=0.3)]}",lags_200_features_200,34.16403228983319,48.551391189136304,77.93785347266464,107.77987019594175,151.50018740915817,203.07105985149235,271.92934800051796,485.02596784372224,1129.5556290121376,2378.4675181894336,2447.399323978536
LGBMRegressor,AutoDifferences(max_diffs=380) | LocalMinMaxScaler(stats_=[[-214.51499032  437.2315826 ]]),"[1, 2, 3, 4, 5, 6, 7, 8, 9, 10, 11, 12, 13, 14, 15, 16, 17, 18, 19, 20, 21, 22, 23, 24, 25, 26, 27, 28, 29, 30, 31, 32, 33, 34, 35, 36, 37, 38, 39, 40, 41, 42, 43, 44, 45, 46, 47, 48, 49, 50, 51, 52, 53, 54, 55, 56, 57, 58, 59, 60, 61, 62, 63, 64, 65, 66, 67, 68, 69, 70, 71, 72, 73, 74, 75, 76, 77, 78, 79, 80, 81, 82, 83, 84, 85, 86, 87, 88, 89, 90, 91, 92, 93, 94, 95, 96, 97, 98, 99, 100, 101, 102, 103, 104, 105, 106, 107, 108, 109, 110, 111, 112, 113, 114, 115, 116, 117, 118, 119, 120, 121, 122, 123, 124, 125, 126, 127, 128, 129, 130, 131, 132, 133, 134, 135, 136, 137, 138, 139, 140, 141, 142, 143, 144, 145, 146, 147, 148, 149, 150, 151, 152, 153, 154, 155, 156, 157, 158, 159, 160, 161, 162, 163, 164, 165, 166, 167, 168, 169, 170, 171, 172, 173, 174, 175, 176, 177, 178, 179, 180, 181, 182, 183, 184, 185, 186, 187, 188, 189, 190, 191, 192, 193, 194, 195, 196, 197, 198, 199, 200]","{7: [RollingMean(window_size=7), RollingStd(window_size=7)], 30: [RollingMean(window_size=30)], 60: [ExpandingMean()], 14: [ExponentiallyWeightedMean(alpha=0.3)]}",lags_200_features_200,43.46688173895593,65.63952800004232,126.55659346940833,195.6072400737994,249.4812005947061,276.3148820211347,307.79305532071606,406.34561341613875,748.4242296313563,1426.1935130628904,1453.297546729471
SGD_EarlyStopping,"AutoSeasonalDifferences(max_diffs=380, n_seasons=10, season_length=267) | LocalStandardScaler(stats_=[[47.42372721 38.3630083 ]])","[1, 2, 3, 4, 5, 6, 7, 8, 9, 10, 11, 12, 13, 14, 15, 16, 17, 18, 19, 20, 21, 22, 23, 24, 25, 26, 27, 28, 29, 30, 31, 32, 33, 34, 35, 36, 37, 38, 39, 40, 41, 42, 43, 44, 45, 46, 47, 48, 49, 50, 51, 52, 53, 54, 55, 56, 57, 58, 59, 60, 61, 62, 63, 64, 65, 66, 67, 68, 69, 70, 71, 72, 73, 74, 75, 76, 77, 78, 79, 80, 81, 82, 83, 84, 85, 86, 87, 88, 89, 90, 91, 92, 93, 94, 95, 96, 97, 98, 99, 100, 101, 102, 103, 104, 105, 106, 107, 108, 109, 110, 111, 112, 113, 114, 115, 116, 117, 118, 119, 120, 121, 122, 123, 124, 125, 126, 127, 128, 129, 130, 131, 132, 133, 134, 135, 136, 137, 138, 139, 140, 141, 142, 143, 144, 145, 146, 147, 148, 149, 150, 151, 152, 153, 154, 155, 156, 157, 158, 159, 160, 161, 162, 163, 164, 165, 166, 167, 168, 169, 170, 171, 172, 173, 174, 175, 176, 177, 178, 179, 180, 181, 182, 183, 184, 185, 186, 187, 188, 189, 190, 191, 192, 193, 194, 195, 196, 197, 198, 199, 200]","{1: [<function expanding_mean at 0x000002C58F7A04A0>], 7: [<function rolling_mean_14 at 0x000002C5930FAA20>], 30: [<function expanding_mean at 0x000002C58F7A04A0>]}",lags_200_features_200,58.524125024221874,45.41205970452616,43.39385439282214,56.81699502422155,65.19574013920327,74.71632427934917,69.26215995513662,61.36419555900612,57.10908874098206,75.55596568230887,81.46143302733368
SGD_ElasticNet,"AutoSeasonalDifferences(max_diffs=380, n_seasons=10, season_length=267) | LocalStandardScaler(stats_=[[47.42372721 38.3630083 ]])","[1, 2, 3, 4, 5, 6, 7, 8, 9, 10, 11, 12, 13, 14, 15, 16, 17, 18, 19, 20, 21, 22, 23, 24, 25, 26, 27, 28, 29, 30, 31, 32, 33, 34, 35, 36, 37, 38, 39, 40, 41, 42, 43, 44, 45, 46, 47, 48, 49, 50, 51, 52, 53, 54, 55, 56, 57, 58, 59, 60, 61, 62, 63, 64, 65, 66, 67, 68, 69, 70, 71, 72, 73, 74, 75, 76, 77, 78, 79, 80, 81, 82, 83, 84, 85, 86, 87, 88, 89, 90, 91, 92, 93, 94, 95, 96, 97, 98, 99, 100, 101, 102, 103, 104, 105, 106, 107, 108, 109, 110, 111, 112, 113, 114, 115, 116, 117, 118, 119, 120, 121, 122, 123, 124, 125, 126, 127, 128, 129, 130, 131, 132, 133, 134, 135, 136, 137, 138, 139, 140, 141, 142, 143, 144, 145, 146, 147, 148, 149, 150, 151, 152, 153, 154, 155, 156, 157, 158, 159, 160, 161, 162, 163, 164, 165, 166, 167, 168, 169, 170, 171, 172, 173, 174, 175, 176, 177, 178, 179, 180, 181, 182, 183, 184, 185, 186, 187, 188, 189, 190, 191, 192, 193, 194, 195, 196, 197, 198, 199, 200]","{1: [<function expanding_mean at 0x000002C58F7A04A0>], 7: [<function rolling_mean_14 at 0x000002C5930FAA20>], 30: [<function expanding_mean at 0x000002C58F7A04A0>]}",lags_200_features_200,44.199275546160045,34.947093164031074,40.03154128216131,54.233185143442775,64.25353837253294,75.70134900176232,70.38917379929752,79.76683465949134,114.14352825918105,204.27591869796817,211.76563992671774
SGD_Lasso,"AutoSeasonalDifferences(max_diffs=380, n_seasons=10, season_length=267) | LocalStandardScaler(stats_=[[47.42372721 38.3630083 ]])","[1, 2, 3, 4, 5, 6, 7, 8, 9, 10, 11, 12, 13, 14, 15, 16, 17, 18, 19, 20, 21, 22, 23, 24, 25, 26, 27, 28, 29, 30, 31, 32, 33, 34, 35, 36, 37, 38, 39, 40, 41, 42, 43, 44, 45, 46, 47, 48, 49, 50, 51, 52, 53, 54, 55, 56, 57, 58, 59, 60, 61, 62, 63, 64, 65, 66, 67, 68, 69, 70, 71, 72, 73, 74, 75, 76, 77, 78, 79, 80, 81, 82, 83, 84, 85, 86, 87, 88, 89, 90, 91, 92, 93, 94, 95, 96, 97, 98, 99, 100, 101, 102, 103, 104, 105, 106, 107, 108, 109, 110, 111, 112, 113, 114, 115, 116, 117, 118, 119, 120, 121, 122, 123, 124, 125, 126, 127, 128, 129, 130, 131, 132, 133, 134, 135, 136, 137, 138, 139, 140, 141, 142, 143, 144, 145, 146, 147, 148, 149, 150, 151, 152, 153, 154, 155, 156, 157, 158, 159, 160, 161, 162, 163, 164, 165, 166, 167, 168, 169, 170, 171, 172, 173, 174, 175, 176, 177, 178, 179, 180, 181, 182, 183, 184, 185, 186, 187, 188, 189, 190, 191, 192, 193, 194, 195, 196, 197, 198, 199, 200]","{1: [<function expanding_mean at 0x000002C58F7A04A0>], 7: [<function rolling_mean_14 at 0x000002C5930FAA20>], 30: [<function expanding_mean at 0x000002C58F7A04A0>]}",lags_200_features_200,146.09119090060258,128.82684454495853,126.9318116131428,114.5403109113253,97.18312060773864,85.74237110650539,74.1837603623808,66.91424770609706,86.2999607637248,116.71126385873609,116.24224457969359
SGD_Ridge,"AutoSeasonalDifferences(max_diffs=380, n_seasons=10, season_length=267) | LocalStandardScaler(stats_=[[47.42372721 38.3630083 ]])","[1, 2, 3, 4, 5, 6, 7, 8, 9, 10, 11, 12, 13, 14, 15, 16, 17, 18, 19, 20, 21, 22, 23, 24, 25, 26, 27, 28, 29, 30, 31, 32, 33, 34, 35, 36, 37, 38, 39, 40, 41, 42, 43, 44, 45, 46, 47, 48, 49, 50, 51, 52, 53, 54, 55, 56, 57, 58, 59, 60, 61, 62, 63, 64, 65, 66, 67, 68, 69, 70, 71, 72, 73, 74, 75, 76, 77, 78, 79, 80, 81, 82, 83, 84, 85, 86, 87, 88, 89, 90, 91, 92, 93, 94, 95, 96, 97, 98, 99, 100, 101, 102, 103, 104, 105, 106, 107, 108, 109, 110, 111, 112, 113, 114, 115, 116, 117, 118, 119, 120, 121, 122, 123, 124, 125, 126, 127, 128, 129, 130, 131, 132, 133, 134, 135, 136, 137, 138, 139, 140, 141, 142, 143, 144, 145, 146, 147, 148, 149, 150, 151, 152, 153, 154, 155, 156, 157, 158, 159, 160, 161, 162, 163, 164, 165, 166, 167, 168, 169, 170, 171, 172, 173, 174, 175, 176, 177, 178, 179, 180, 181, 182, 183, 184, 185, 186, 187, 188, 189, 190, 191, 192, 193, 194, 195, 196, 197, 198, 199, 200]","{1: [<function expanding_mean at 0x000002C58F7A04A0>], 7: [<function rolling_mean_14 at 0x000002C5930FAA20>], 30: [<function expanding_mean at 0x000002C58F7A04A0>]}",lags_200_features_200,30.710879151402736,43.74080326402379,37.80426532083992,56.51262928255216,77.02960977253028,99.66967052067083,100.4755373739104,90.98634011668604,141.43305875914936,206.6993196942418,217.51900509953833
SGDRegressor,"AutoSeasonalDifferences(max_diffs=380, n_seasons=10, season_length=267) | LocalStandardScaler(stats_=[[47.42372721 38.3630083 ]])","[1, 2, 3, 4, 5, 6, 7, 8, 9, 10, 11, 12, 13, 14, 15, 16, 17, 18, 19, 20, 21, 22, 23, 24, 25, 26, 27, 28, 29, 30, 31, 32, 33, 34, 35, 36, 37, 38, 39, 40, 41, 42, 43, 44, 45, 46, 47, 48, 49, 50, 51, 52, 53, 54, 55, 56, 57, 58, 59, 60, 61, 62, 63, 64, 65, 66, 67, 68, 69, 70, 71, 72, 73, 74, 75, 76, 77, 78, 79, 80, 81, 82, 83, 84, 85, 86, 87, 88, 89, 90, 91, 92, 93, 94, 95, 96, 97, 98, 99, 100, 101, 102, 103, 104, 105, 106, 107, 108, 109, 110, 111, 112, 113, 114, 115, 116, 117, 118, 119, 120, 121, 122, 123, 124, 125, 126, 127, 128, 129, 130, 131, 132, 133, 134, 135, 136, 137, 138, 139, 140, 141, 142, 143, 144, 145, 146, 147, 148, 149, 150, 151, 152, 153, 154, 155, 156, 157, 158, 159, 160, 161, 162, 163, 164, 165, 166, 167, 168, 169, 170, 171, 172, 173, 174, 175, 176, 177, 178, 179, 180, 181, 182, 183, 184, 185, 186, 187, 188, 189, 190, 191, 192, 193, 194, 195, 196, 197, 198, 199, 200]","{1: [<function expanding_mean at 0x000002C58F7A04A0>], 7: [<function rolling_mean_14 at 0x000002C5930FAA20>], 30: [<function expanding_mean at 0x000002C58F7A04A0>]}",lags_200_features_200,49.34016200019332,38.39684541854655,45.88977719915683,60.1141984215601,68.60667156154304,77.71646391708613,70.82907290652875,81.61449779293363,104.9371674306518,211.42366759586807,215.6116474303421
XGBRegressor,"AutoSeasonalDifferences(max_diffs=380, n_seasons=10, season_length=267) | LocalStandardScaler(stats_=[[47.42372721 38.3630083 ]])","[1, 2, 3, 4, 5, 6, 7, 8, 9, 10, 11, 12, 13, 14, 15, 16, 17, 18, 19, 20, 21, 22, 23, 24, 25, 26, 27, 28, 29, 30, 31, 32, 33, 34, 35, 36, 37, 38, 39, 40, 41, 42, 43, 44, 45, 46, 47, 48, 49, 50, 51, 52, 53, 54, 55, 56, 57, 58, 59, 60, 61, 62, 63, 64, 65, 66, 67, 68, 69, 70, 71, 72, 73, 74, 75, 76, 77, 78, 79, 80, 81, 82, 83, 84, 85, 86, 87, 88, 89, 90, 91, 92, 93, 94, 95, 96, 97, 98, 99, 100, 101, 102, 103, 104, 105, 106, 107, 108, 109, 110, 111, 112, 113, 114, 115, 116, 117, 118, 119, 120, 121, 122, 123, 124, 125, 126, 127, 128, 129, 130, 131, 132, 133, 134, 135, 136, 137, 138, 139, 140, 141, 142, 143, 144, 145, 146, 147, 148, 149, 150, 151, 152, 153, 154, 155, 156, 157, 158, 159, 160, 161, 162, 163, 164, 165, 166, 167, 168, 169, 170, 171, 172, 173, 174, 175, 176, 177, 178, 179, 180, 181, 182, 183, 184, 185, 186, 187, 188, 189, 190, 191, 192, 193, 194, 195, 196, 197, 198, 199, 200]","{1: [<function expanding_mean at 0x000002C58F7A04A0>], 7: [<function rolling_mean_14 at 0x000002C5930FAA20>], 30: [<function expanding_mean at 0x000002C58F7A04A0>]}",lags_200_features_200,19.301863731913592,25.17196110172274,25.865975651250633,26.577508219182317,27.133806307111076,27.208818593466788,34.063210081421005,33.7489953412853,40.94859954807956,48.227853590834805,47.50636488435734
LGBMRegressor,"AutoSeasonalDifferences(max_diffs=380, n_seasons=10, season_length=267) | LocalStandardScaler(stats_=[[47.42372721 38.3630083 ]])","[1, 2, 3, 4, 5, 6, 7, 8, 9, 10, 11, 12, 13, 14, 15, 16, 17, 18, 19, 20, 21, 22, 23, 24, 25, 26, 27, 28, 29, 30, 31, 32, 33, 34, 35, 36, 37, 38, 39, 40, 41, 42, 43, 44, 45, 46, 47, 48, 49, 50, 51, 52, 53, 54, 55, 56, 57, 58, 59, 60, 61, 62, 63, 64, 65, 66, 67, 68, 69, 70, 71, 72, 73, 74, 75, 76, 77, 78, 79, 80, 81, 82, 83, 84, 85, 86, 87, 88, 89, 90, 91, 92, 93, 94, 95, 96, 97, 98, 99, 100, 101, 102, 103, 104, 105, 106, 107, 108, 109, 110, 111, 112, 113, 114, 115, 116, 117, 118, 119, 120, 121, 122, 123, 124, 125, 126, 127, 128, 129, 130, 131, 132, 133, 134, 135, 136, 137, 138, 139, 140, 141, 142, 143, 144, 145, 146, 147, 148, 149, 150, 151, 152, 153, 154, 155, 156, 157, 158, 159, 160, 161, 162, 163, 164, 165, 166, 167, 168, 169, 170, 171, 172, 173, 174, 175, 176, 177, 178, 179, 180, 181, 182, 183, 184, 185, 186, 187, 188, 189, 190, 191, 192, 193, 194, 195, 196, 197, 198, 199, 200]","{1: [<function expanding_mean at 0x000002C58F7A04A0>], 7: [<function rolling_mean_14 at 0x000002C5930FAA20>], 30: [<function expanding_mean at 0x000002C58F7A04A0>]}",lags_200_features_200,15.834852311167072,24.365714240945753,24.869578095363657,25.390739503855848,26.769788612564778,26.60781796431437,31.223154199381515,31.621328306413194,33.51581525247566,34.87968477514789,34.46975155276311
SGD_EarlyStopping,"AutoSeasonalDifferences(max_diffs=380, n_seasons=10, season_length=267) | LocalStandardScaler(stats_=[[47.42372721 38.3630083 ]])","[1, 2, 3, 4, 5, 6, 7, 8, 9, 10, 11, 12, 13, 14, 15, 16, 17, 18, 19, 20, 21, 22, 23, 24, 25, 26, 27, 28, 29, 30, 31, 32, 33, 34, 35, 36, 37, 38, 39, 40, 41, 42, 43, 44, 45, 46, 47, 48, 49, 50, 51, 52, 53, 54, 55, 56, 57, 58, 59, 60, 61, 62, 63, 64, 65, 66, 67, 68, 69, 70, 71, 72, 73, 74, 75, 76, 77, 78, 79, 80, 81, 82, 83, 84, 85, 86, 87, 88, 89, 90, 91, 92, 93, 94, 95, 96, 97, 98, 99, 100, 101, 102, 103, 104, 105, 106, 107, 108, 109, 110, 111, 112, 113, 114, 115, 116, 117, 118, 119, 120, 121, 122, 123, 124, 125, 126, 127, 128, 129, 130, 131, 132, 133, 134, 135, 136, 137, 138, 139, 140, 141, 142, 143, 144, 145, 146, 147, 148, 149, 150, 151, 152, 153, 154, 155, 156, 157, 158, 159, 160, 161, 162, 163, 164, 165, 166, 167, 168, 169, 170, 171, 172, 173, 174, 175, 176, 177, 178, 179, 180, 181, 182, 183, 184, 185, 186, 187, 188, 189, 190, 191, 192, 193, 194, 195, 196, 197, 198, 199, 200]","{1: [<function rolling_mean_14 at 0x000002C5930FAA20>], 7: [<function rolling_mean_30 at 0x000002C58DBF9260>], 30: [<function expanding_mean at 0x000002C58F7A04A0>]}",lags_200_features_200,58.5686444449758,45.30298498217769,43.50335504586,56.80161014573232,64.94060678038181,74.18756599993212,68.67812793456409,60.89156803512714,56.16029630075364,75.03333462270913,80.82607136098723
SGD_ElasticNet,"AutoSeasonalDifferences(max_diffs=380, n_seasons=10, season_length=267) | LocalStandardScaler(stats_=[[47.42372721 38.3630083 ]])","[1, 2, 3, 4, 5, 6, 7, 8, 9, 10, 11, 12, 13, 14, 15, 16, 17, 18, 19, 20, 21, 22, 23, 24, 25, 26, 27, 28, 29, 30, 31, 32, 33, 34, 35, 36, 37, 38, 39, 40, 41, 42, 43, 44, 45, 46, 47, 48, 49, 50, 51, 52, 53, 54, 55, 56, 57, 58, 59, 60, 61, 62, 63, 64, 65, 66, 67, 68, 69, 70, 71, 72, 73, 74, 75, 76, 77, 78, 79, 80, 81, 82, 83, 84, 85, 86, 87, 88, 89, 90, 91, 92, 93, 94, 95, 96, 97, 98, 99, 100, 101, 102, 103, 104, 105, 106, 107, 108, 109, 110, 111, 112, 113, 114, 115, 116, 117, 118, 119, 120, 121, 122, 123, 124, 125, 126, 127, 128, 129, 130, 131, 132, 133, 134, 135, 136, 137, 138, 139, 140, 141, 142, 143, 144, 145, 146, 147, 148, 149, 150, 151, 152, 153, 154, 155, 156, 157, 158, 159, 160, 161, 162, 163, 164, 165, 166, 167, 168, 169, 170, 171, 172, 173, 174, 175, 176, 177, 178, 179, 180, 181, 182, 183, 184, 185, 186, 187, 188, 189, 190, 191, 192, 193, 194, 195, 196, 197, 198, 199, 200]","{1: [<function rolling_mean_14 at 0x000002C5930FAA20>], 7: [<function rolling_mean_30 at 0x000002C58DBF9260>], 30: [<function expanding_mean at 0x000002C58F7A04A0>]}",lags_200_features_200,44.09064829141726,34.83595070207277,39.90811333622484,53.94755006445844,63.83243996270792,75.17046837476028,69.91613392879944,79.36549848232207,113.81296570012212,203.98930265966496,211.42050319309996
SGD_Lasso,"AutoSeasonalDifferences(max_diffs=380, n_seasons=10, season_length=267) | LocalStandardScaler(stats_=[[47.42372721 38.3630083 ]])","[1, 2, 3, 4, 5, 6, 7, 8, 9, 10, 11, 12, 13, 14, 15, 16, 17, 18, 19, 20, 21, 22, 23, 24, 25, 26, 27, 28, 29, 30, 31, 32, 33, 34, 35, 36, 37, 38, 39, 40, 41, 42, 43, 44, 45, 46, 47, 48, 49, 50, 51, 52, 53, 54, 55, 56, 57, 58, 59, 60, 61, 62, 63, 64, 65, 66, 67, 68, 69, 70, 71, 72, 73, 74, 75, 76, 77, 78, 79, 80, 81, 82, 83, 84, 85, 86, 87, 88, 89, 90, 91, 92, 93, 94, 95, 96, 97, 98, 99, 100, 101, 102, 103, 104, 105, 106, 107, 108, 109, 110, 111, 112, 113, 114, 115, 116, 117, 118, 119, 120, 121, 122, 123, 124, 125, 126, 127, 128, 129, 130, 131, 132, 133, 134, 135, 136, 137, 138, 139, 140, 141, 142, 143, 144, 145, 146, 147, 148, 149, 150, 151, 152, 153, 154, 155, 156, 157, 158, 159, 160, 161, 162, 163, 164, 165, 166, 167, 168, 169, 170, 171, 172, 173, 174, 175, 176, 177, 178, 179, 180, 181, 182, 183, 184, 185, 186, 187, 188, 189, 190, 191, 192, 193, 194, 195, 196, 197, 198, 199, 200]","{1: [<function rolling_mean_14 at 0x000002C5930FAA20>], 7: [<function rolling_mean_30 at 0x000002C58DBF9260>], 30: [<function expanding_mean at 0x000002C58F7A04A0>]}",lags_200_features_200,146.09119090060258,128.82684454495853,126.9318116131428,114.5403109113253,97.18312060773864,85.74237110650539,74.1837603623808,66.91424770609706,86.2999607637248,116.71126385873609,116.24224457969359
SGD_Ridge,"AutoSeasonalDifferences(max_diffs=380, n_seasons=10, season_length=267) | LocalStandardScaler(stats_=[[47.42372721 38.3630083 ]])","[1, 2, 3, 4, 5, 6, 7, 8, 9, 10, 11, 12, 13, 14, 15, 16, 17, 18, 19, 20, 21, 22, 23, 24, 25, 26, 27, 28, 29, 30, 31, 32, 33, 34, 35, 36, 37, 38, 39, 40, 41, 42, 43, 44, 45, 46, 47, 48, 49, 50, 51, 52, 53, 54, 55, 56, 57, 58, 59, 60, 61, 62, 63, 64, 65, 66, 67, 68, 69, 70, 71, 72, 73, 74, 75, 76, 77, 78, 79, 80, 81, 82, 83, 84, 85, 86, 87, 88, 89, 90, 91, 92, 93, 94, 95, 96, 97, 98, 99, 100, 101, 102, 103, 104, 105, 106, 107, 108, 109, 110, 111, 112, 113, 114, 115, 116, 117, 118, 119, 120, 121, 122, 123, 124, 125, 126, 127, 128, 129, 130, 131, 132, 133, 134, 135, 136, 137, 138, 139, 140, 141, 142, 143, 144, 145, 146, 147, 148, 149, 150, 151, 152, 153, 154, 155, 156, 157, 158, 159, 160, 161, 162, 163, 164, 165, 166, 167, 168, 169, 170, 171, 172, 173, 174, 175, 176, 177, 178, 179, 180, 181, 182, 183, 184, 185, 186, 187, 188, 189, 190, 191, 192, 193, 194, 195, 196, 197, 198, 199, 200]","{1: [<function rolling_mean_14 at 0x000002C5930FAA20>], 7: [<function rolling_mean_30 at 0x000002C58DBF9260>], 30: [<function expanding_mean at 0x000002C58F7A04A0>]}",lags_200_features_200,30.654738752897803,43.73086634518781,37.74062925767439,56.358454271633775,76.91181116221809,99.6897822266281,100.78386086405717,91.2415028184737,141.76163034584982,208.02558455493556,218.62441223249425
SGDRegressor,"AutoSeasonalDifferences(max_diffs=380, n_seasons=10, season_length=267) | LocalStandardScaler(stats_=[[47.42372721 38.3630083 ]])","[1, 2, 3, 4, 5, 6, 7, 8, 9, 10, 11, 12, 13, 14, 15, 16, 17, 18, 19, 20, 21, 22, 23, 24, 25, 26, 27, 28, 29, 30, 31, 32, 33, 34, 35, 36, 37, 38, 39, 40, 41, 42, 43, 44, 45, 46, 47, 48, 49, 50, 51, 52, 53, 54, 55, 56, 57, 58, 59, 60, 61, 62, 63, 64, 65, 66, 67, 68, 69, 70, 71, 72, 73, 74, 75, 76, 77, 78, 79, 80, 81, 82, 83, 84, 85, 86, 87, 88, 89, 90, 91, 92, 93, 94, 95, 96, 97, 98, 99, 100, 101, 102, 103, 104, 105, 106, 107, 108, 109, 110, 111, 112, 113, 114, 115, 116, 117, 118, 119, 120, 121, 122, 123, 124, 125, 126, 127, 128, 129, 130, 131, 132, 133, 134, 135, 136, 137, 138, 139, 140, 141, 142, 143, 144, 145, 146, 147, 148, 149, 150, 151, 152, 153, 154, 155, 156, 157, 158, 159, 160, 161, 162, 163, 164, 165, 166, 167, 168, 169, 170, 171, 172, 173, 174, 175, 176, 177, 178, 179, 180, 181, 182, 183, 184, 185, 186, 187, 188, 189, 190, 191, 192, 193, 194, 195, 196, 197, 198, 199, 200]","{1: [<function rolling_mean_14 at 0x000002C5930FAA20>], 7: [<function rolling_mean_30 at 0x000002C58DBF9260>], 30: [<function expanding_mean at 0x000002C58F7A04A0>]}",lags_200_features_200,49.1488671273556,38.24071641974849,45.61643424442488,59.624376448154294,67.94044267836978,76.88449004867974,70.09553260818726,80.95794122898123,104.00164536790581,210.0002654194916,214.0538100732871
XGBRegressor,"AutoSeasonalDifferences(max_diffs=380, n_seasons=10, season_length=267) | LocalStandardScaler(stats_=[[47.42372721 38.3630083 ]])","[1, 2, 3, 4, 5, 6, 7, 8, 9, 10, 11, 12, 13, 14, 15, 16, 17, 18, 19, 20, 21, 22, 23, 24, 25, 26, 27, 28, 29, 30, 31, 32, 33, 34, 35, 36, 37, 38, 39, 40, 41, 42, 43, 44, 45, 46, 47, 48, 49, 50, 51, 52, 53, 54, 55, 56, 57, 58, 59, 60, 61, 62, 63, 64, 65, 66, 67, 68, 69, 70, 71, 72, 73, 74, 75, 76, 77, 78, 79, 80, 81, 82, 83, 84, 85, 86, 87, 88, 89, 90, 91, 92, 93, 94, 95, 96, 97, 98, 99, 100, 101, 102, 103, 104, 105, 106, 107, 108, 109, 110, 111, 112, 113, 114, 115, 116, 117, 118, 119, 120, 121, 122, 123, 124, 125, 126, 127, 128, 129, 130, 131, 132, 133, 134, 135, 136, 137, 138, 139, 140, 141, 142, 143, 144, 145, 146, 147, 148, 149, 150, 151, 152, 153, 154, 155, 156, 157, 158, 159, 160, 161, 162, 163, 164, 165, 166, 167, 168, 169, 170, 171, 172, 173, 174, 175, 176, 177, 178, 179, 180, 181, 182, 183, 184, 185, 186, 187, 188, 189, 190, 191, 192, 193, 194, 195, 196, 197, 198, 199, 200]","{1: [<function rolling_mean_14 at 0x000002C5930FAA20>], 7: [<function rolling_mean_30 at 0x000002C58DBF9260>], 30: [<function expanding_mean at 0x000002C58F7A04A0>]}",lags_200_features_200,15.287039472966216,22.48115487774992,23.93135669579781,24.68551885578538,26.16998262175939,26.889843335079288,32.67094208670905,32.53782750408868,37.54907295272885,44.452357697602864,43.78390423845361
LGBMRegressor,"AutoSeasonalDifferences(max_diffs=380, n_seasons=10, season_length=267) | LocalStandardScaler(stats_=[[47.42372721 38.3630083 ]])","[1, 2, 3, 4, 5, 6, 7, 8, 9, 10, 11, 12, 13, 14, 15, 16, 17, 18, 19, 20, 21, 22, 23, 24, 25, 26, 27, 28, 29, 30, 31, 32, 33, 34, 35, 36, 37, 38, 39, 40, 41, 42, 43, 44, 45, 46, 47, 48, 49, 50, 51, 52, 53, 54, 55, 56, 57, 58, 59, 60, 61, 62, 63, 64, 65, 66, 67, 68, 69, 70, 71, 72, 73, 74, 75, 76, 77, 78, 79, 80, 81, 82, 83, 84, 85, 86, 87, 88, 89, 90, 91, 92, 93, 94, 95, 96, 97, 98, 99, 100, 101, 102, 103, 104, 105, 106, 107, 108, 109, 110, 111, 112, 113, 114, 115, 116, 117, 118, 119, 120, 121, 122, 123, 124, 125, 126, 127, 128, 129, 130, 131, 132, 133, 134, 135, 136, 137, 138, 139, 140, 141, 142, 143, 144, 145, 146, 147, 148, 149, 150, 151, 152, 153, 154, 155, 156, 157, 158, 159, 160, 161, 162, 163, 164, 165, 166, 167, 168, 169, 170, 171, 172, 173, 174, 175, 176, 177, 178, 179, 180, 181, 182, 183, 184, 185, 186, 187, 188, 189, 190, 191, 192, 193, 194, 195, 196, 197, 198, 199, 200]","{1: [<function rolling_mean_14 at 0x000002C5930FAA20>], 7: [<function rolling_mean_30 at 0x000002C58DBF9260>], 30: [<function expanding_mean at 0x000002C58F7A04A0>]}",lags_200_features_200,13.102398506715954,22.51414775255654,24.120468400609624,25.181599984263652,26.905841409231833,27.458942784930308,32.99941765346229,33.31819350956227,36.19784552112777,37.778204471123175,37.185728584777564
SGD_EarlyStopping,"AutoSeasonalDifferences(max_diffs=380, n_seasons=10, season_length=267) | LocalStandardScaler(stats_=[[47.42372721 38.3630083 ]])","[1, 2, 3, 4, 5, 6, 7, 8, 9, 10, 11, 12, 13, 14, 15, 16, 17, 18, 19, 20, 21, 22, 23, 24, 25, 26, 27, 28, 29, 30, 31, 32, 33, 34, 35, 36, 37, 38, 39, 40, 41, 42, 43, 44, 45, 46, 47, 48, 49, 50, 51, 52, 53, 54, 55, 56, 57, 58, 59, 60, 61, 62, 63, 64, 65, 66, 67, 68, 69, 70, 71, 72, 73, 74, 75, 76, 77, 78, 79, 80, 81, 82, 83, 84, 85, 86, 87, 88, 89, 90, 91, 92, 93, 94, 95, 96, 97, 98, 99, 100, 101, 102, 103, 104, 105, 106, 107, 108, 109, 110, 111, 112, 113, 114, 115, 116, 117, 118, 119, 120, 121, 122, 123, 124, 125, 126, 127, 128, 129, 130, 131, 132, 133, 134, 135, 136, 137, 138, 139, 140, 141, 142, 143, 144, 145, 146, 147, 148, 149, 150, 151, 152, 153, 154, 155, 156, 157, 158, 159, 160, 161, 162, 163, 164, 165, 166, 167, 168, 169, 170, 171, 172, 173, 174, 175, 176, 177, 178, 179, 180, 181, 182, 183, 184, 185, 186, 187, 188, 189, 190, 191, 192, 193, 194, 195, 196, 197, 198, 199, 200]","{7: [RollingMean(window_size=7)], 30: [RollingMean(window_size=30)], 60: [RollingMean(window_size=60)]}",lags_200_features_200,58.63195602869806,45.18682515509283,43.3958382861631,56.53976426563523,64.58429242497364,73.78065812282239,68.33719227033544,60.62132038428572,55.84341979787851,74.53083114102846,80.28470992451595
SGD_ElasticNet,"AutoSeasonalDifferences(max_diffs=380, n_seasons=10, season_length=267) | LocalStandardScaler(stats_=[[47.42372721 38.3630083 ]])","[1, 2, 3, 4, 5, 6, 7, 8, 9, 10, 11, 12, 13, 14, 15, 16, 17, 18, 19, 20, 21, 22, 23, 24, 25, 26, 27, 28, 29, 30, 31, 32, 33, 34, 35, 36, 37, 38, 39, 40, 41, 42, 43, 44, 45, 46, 47, 48, 49, 50, 51, 52, 53, 54, 55, 56, 57, 58, 59, 60, 61, 62, 63, 64, 65, 66, 67, 68, 69, 70, 71, 72, 73, 74, 75, 76, 77, 78, 79, 80, 81, 82, 83, 84, 85, 86, 87, 88, 89, 90, 91, 92, 93, 94, 95, 96, 97, 98, 99, 100, 101, 102, 103, 104, 105, 106, 107, 108, 109, 110, 111, 112, 113, 114, 115, 116, 117, 118, 119, 120, 121, 122, 123, 124, 125, 126, 127, 128, 129, 130, 131, 132, 133, 134, 135, 136, 137, 138, 139, 140, 141, 142, 143, 144, 145, 146, 147, 148, 149, 150, 151, 152, 153, 154, 155, 156, 157, 158, 159, 160, 161, 162, 163, 164, 165, 166, 167, 168, 169, 170, 171, 172, 173, 174, 175, 176, 177, 178, 179, 180, 181, 182, 183, 184, 185, 186, 187, 188, 189, 190, 191, 192, 193, 194, 195, 196, 197, 198, 199, 200]","{7: [RollingMean(window_size=7)], 30: [RollingMean(window_size=30)], 60: [RollingMean(window_size=60)]}",lags_200_features_200,43.86386290004233,34.819574756434776,39.79383368635661,53.84491085159221,63.724149655843476,75.02903515532586,69.776064359914,79.14991254992152,113.36577957823899,202.37933489952735,209.8291119140314
SGD_Lasso,"AutoSeasonalDifferences(max_diffs=380, n_seasons=10, season_length=267) | LocalStandardScaler(stats_=[[47.42372721 38.3630083 ]])","[1, 2, 3, 4, 5, 6, 7, 8, 9, 10, 11, 12, 13, 14, 15, 16, 17, 18, 19, 20, 21, 22, 23, 24, 25, 26, 27, 28, 29, 30, 31, 32, 33, 34, 35, 36, 37, 38, 39, 40, 41, 42, 43, 44, 45, 46, 47, 48, 49, 50, 51, 52, 53, 54, 55, 56, 57, 58, 59, 60, 61, 62, 63, 64, 65, 66, 67, 68, 69, 70, 71, 72, 73, 74, 75, 76, 77, 78, 79, 80, 81, 82, 83, 84, 85, 86, 87, 88, 89, 90, 91, 92, 93, 94, 95, 96, 97, 98, 99, 100, 101, 102, 103, 104, 105, 106, 107, 108, 109, 110, 111, 112, 113, 114, 115, 116, 117, 118, 119, 120, 121, 122, 123, 124, 125, 126, 127, 128, 129, 130, 131, 132, 133, 134, 135, 136, 137, 138, 139, 140, 141, 142, 143, 144, 145, 146, 147, 148, 149, 150, 151, 152, 153, 154, 155, 156, 157, 158, 159, 160, 161, 162, 163, 164, 165, 166, 167, 168, 169, 170, 171, 172, 173, 174, 175, 176, 177, 178, 179, 180, 181, 182, 183, 184, 185, 186, 187, 188, 189, 190, 191, 192, 193, 194, 195, 196, 197, 198, 199, 200]","{7: [RollingMean(window_size=7)], 30: [RollingMean(window_size=30)], 60: [RollingMean(window_size=60)]}",lags_200_features_200,146.09119090060258,128.82684454495853,126.9318116131428,114.5403109113253,97.18312060773864,85.74237110650539,74.1837603623808,66.91424770609706,86.2999607637248,116.71126385873609,116.24224457969359
SGD_Ridge,"AutoSeasonalDifferences(max_diffs=380, n_seasons=10, season_length=267) | LocalStandardScaler(stats_=[[47.42372721 38.3630083 ]])","[1, 2, 3, 4, 5, 6, 7, 8, 9, 10, 11, 12, 13, 14, 15, 16, 17, 18, 19, 20, 21, 22, 23, 24, 25, 26, 27, 28, 29, 30, 31, 32, 33, 34, 35, 36, 37, 38, 39, 40, 41, 42, 43, 44, 45, 46, 47, 48, 49, 50, 51, 52, 53, 54, 55, 56, 57, 58, 59, 60, 61, 62, 63, 64, 65, 66, 67, 68, 69, 70, 71, 72, 73, 74, 75, 76, 77, 78, 79, 80, 81, 82, 83, 84, 85, 86, 87, 88, 89, 90, 91, 92, 93, 94, 95, 96, 97, 98, 99, 100, 101, 102, 103, 104, 105, 106, 107, 108, 109, 110, 111, 112, 113, 114, 115, 116, 117, 118, 119, 120, 121, 122, 123, 124, 125, 126, 127, 128, 129, 130, 131, 132, 133, 134, 135, 136, 137, 138, 139, 140, 141, 142, 143, 144, 145, 146, 147, 148, 149, 150, 151, 152, 153, 154, 155, 156, 157, 158, 159, 160, 161, 162, 163, 164, 165, 166, 167, 168, 169, 170, 171, 172, 173, 174, 175, 176, 177, 178, 179, 180, 181, 182, 183, 184, 185, 186, 187, 188, 189, 190, 191, 192, 193, 194, 195, 196, 197, 198, 199, 200]","{7: [RollingMean(window_size=7)], 30: [RollingMean(window_size=30)], 60: [RollingMean(window_size=60)]}",lags_200_features_200,30.894188020828157,43.86122454946893,37.912656687299474,56.56765822543027,76.89604962374025,99.24072002768993,99.73332427401606,90.2706096391706,139.5844600028062,203.22589920980693,214.01029086013185
SGDRegressor,"AutoSeasonalDifferences(max_diffs=380, n_seasons=10, season_length=267) | LocalStandardScaler(stats_=[[47.42372721 38.3630083 ]])","[1, 2, 3, 4, 5, 6, 7, 8, 9, 10, 11, 12, 13, 14, 15, 16, 17, 18, 19, 20, 21, 22, 23, 24, 25, 26, 27, 28, 29, 30, 31, 32, 33, 34, 35, 36, 37, 38, 39, 40, 41, 42, 43, 44, 45, 46, 47, 48, 49, 50, 51, 52, 53, 54, 55, 56, 57, 58, 59, 60, 61, 62, 63, 64, 65, 66, 67, 68, 69, 70, 71, 72, 73, 74, 75, 76, 77, 78, 79, 80, 81, 82, 83, 84, 85, 86, 87, 88, 89, 90, 91, 92, 93, 94, 95, 96, 97, 98, 99, 100, 101, 102, 103, 104, 105, 106, 107, 108, 109, 110, 111, 112, 113, 114, 115, 116, 117, 118, 119, 120, 121, 122, 123, 124, 125, 126, 127, 128, 129, 130, 131, 132, 133, 134, 135, 136, 137, 138, 139, 140, 141, 142, 143, 144, 145, 146, 147, 148, 149, 150, 151, 152, 153, 154, 155, 156, 157, 158, 159, 160, 161, 162, 163, 164, 165, 166, 167, 168, 169, 170, 171, 172, 173, 174, 175, 176, 177, 178, 179, 180, 181, 182, 183, 184, 185, 186, 187, 188, 189, 190, 191, 192, 193, 194, 195, 196, 197, 198, 199, 200]","{7: [RollingMean(window_size=7)], 30: [RollingMean(window_size=30)], 60: [RollingMean(window_size=60)]}",lags_200_features_200,48.62579830342052,37.7843724398245,44.92862804656257,58.85110683054442,67.12777048617363,75.98357537603981,69.32621589334497,80.53196337672243,103.08777488961178,209.43054007410876,213.2105105067061
XGBRegressor,"AutoSeasonalDifferences(max_diffs=380, n_seasons=10, season_length=267) | LocalStandardScaler(stats_=[[47.42372721 38.3630083 ]])","[1, 2, 3, 4, 5, 6, 7, 8, 9, 10, 11, 12, 13, 14, 15, 16, 17, 18, 19, 20, 21, 22, 23, 24, 25, 26, 27, 28, 29, 30, 31, 32, 33, 34, 35, 36, 37, 38, 39, 40, 41, 42, 43, 44, 45, 46, 47, 48, 49, 50, 51, 52, 53, 54, 55, 56, 57, 58, 59, 60, 61, 62, 63, 64, 65, 66, 67, 68, 69, 70, 71, 72, 73, 74, 75, 76, 77, 78, 79, 80, 81, 82, 83, 84, 85, 86, 87, 88, 89, 90, 91, 92, 93, 94, 95, 96, 97, 98, 99, 100, 101, 102, 103, 104, 105, 106, 107, 108, 109, 110, 111, 112, 113, 114, 115, 116, 117, 118, 119, 120, 121, 122, 123, 124, 125, 126, 127, 128, 129, 130, 131, 132, 133, 134, 135, 136, 137, 138, 139, 140, 141, 142, 143, 144, 145, 146, 147, 148, 149, 150, 151, 152, 153, 154, 155, 156, 157, 158, 159, 160, 161, 162, 163, 164, 165, 166, 167, 168, 169, 170, 171, 172, 173, 174, 175, 176, 177, 178, 179, 180, 181, 182, 183, 184, 185, 186, 187, 188, 189, 190, 191, 192, 193, 194, 195, 196, 197, 198, 199, 200]","{7: [RollingMean(window_size=7)], 30: [RollingMean(window_size=30)], 60: [RollingMean(window_size=60)]}",lags_200_features_200,15.754748550366418,22.89466069531481,24.637969767786803,24.694870620640433,25.994469150551836,26.923103604076687,34.57531370260712,34.97785082527494,41.154375751716714,52.20722751003032,51.47155914801318
LGBMRegressor,"AutoSeasonalDifferences(max_diffs=380, n_seasons=10, season_length=267) | LocalStandardScaler(stats_=[[47.42372721 38.3630083 ]])","[1, 2, 3, 4, 5, 6, 7, 8, 9, 10, 11, 12, 13, 14, 15, 16, 17, 18, 19, 20, 21, 22, 23, 24, 25, 26, 27, 28, 29, 30, 31, 32, 33, 34, 35, 36, 37, 38, 39, 40, 41, 42, 43, 44, 45, 46, 47, 48, 49, 50, 51, 52, 53, 54, 55, 56, 57, 58, 59, 60, 61, 62, 63, 64, 65, 66, 67, 68, 69, 70, 71, 72, 73, 74, 75, 76, 77, 78, 79, 80, 81, 82, 83, 84, 85, 86, 87, 88, 89, 90, 91, 92, 93, 94, 95, 96, 97, 98, 99, 100, 101, 102, 103, 104, 105, 106, 107, 108, 109, 110, 111, 112, 113, 114, 115, 116, 117, 118, 119, 120, 121, 122, 123, 124, 125, 126, 127, 128, 129, 130, 131, 132, 133, 134, 135, 136, 137, 138, 139, 140, 141, 142, 143, 144, 145, 146, 147, 148, 149, 150, 151, 152, 153, 154, 155, 156, 157, 158, 159, 160, 161, 162, 163, 164, 165, 166, 167, 168, 169, 170, 171, 172, 173, 174, 175, 176, 177, 178, 179, 180, 181, 182, 183, 184, 185, 186, 187, 188, 189, 190, 191, 192, 193, 194, 195, 196, 197, 198, 199, 200]","{7: [RollingMean(window_size=7)], 30: [RollingMean(window_size=30)], 60: [RollingMean(window_size=60)]}",lags_200_features_200,15.08519119950384,22.259136018970775,23.873891576710456,25.000085103645965,26.8020603996848,27.276350380162995,33.55627105809802,33.89160397142511,34.80291893980557,36.786898073645276,36.398776302406105
SGD_EarlyStopping,"AutoSeasonalDifferences(max_diffs=380, n_seasons=10, season_length=267) | LocalStandardScaler(stats_=[[47.42372721 38.3630083 ]])","[1, 2, 3, 4, 5, 6, 7, 8, 9, 10, 11, 12, 13, 14, 15, 16, 17, 18, 19, 20, 21, 22, 23, 24, 25, 26, 27, 28, 29, 30, 31, 32, 33, 34, 35, 36, 37, 38, 39, 40, 41, 42, 43, 44, 45, 46, 47, 48, 49, 50, 51, 52, 53, 54, 55, 56, 57, 58, 59, 60, 61, 62, 63, 64, 65, 66, 67, 68, 69, 70, 71, 72, 73, 74, 75, 76, 77, 78, 79, 80, 81, 82, 83, 84, 85, 86, 87, 88, 89, 90, 91, 92, 93, 94, 95, 96, 97, 98, 99, 100, 101, 102, 103, 104, 105, 106, 107, 108, 109, 110, 111, 112, 113, 114, 115, 116, 117, 118, 119, 120, 121, 122, 123, 124, 125, 126, 127, 128, 129, 130, 131, 132, 133, 134, 135, 136, 137, 138, 139, 140, 141, 142, 143, 144, 145, 146, 147, 148, 149, 150, 151, 152, 153, 154, 155, 156, 157, 158, 159, 160, 161, 162, 163, 164, 165, 166, 167, 168, 169, 170, 171, 172, 173, 174, 175, 176, 177, 178, 179, 180, 181, 182, 183, 184, 185, 186, 187, 188, 189, 190, 191, 192, 193, 194, 195, 196, 197, 198, 199, 200]","{7: [RollingMean(window_size=7), RollingStd(window_size=7)], 30: [RollingMean(window_size=30)], 60: [ExpandingMean()], 14: [ExponentiallyWeightedMean(alpha=0.3)]}",lags_200_features_200,58.724192775815375,45.35081983139354,43.560507839997705,57.06769121235702,65.39736737719454,74.83159733929419,69.30885162978949,61.411814860601865,56.88083526409241,75.69091752335048,81.57196432540002
SGD_ElasticNet,"AutoSeasonalDifferences(max_diffs=380, n_seasons=10, season_length=267) | LocalStandardScaler(stats_=[[47.42372721 38.3630083 ]])","[1, 2, 3, 4, 5, 6, 7, 8, 9, 10, 11, 12, 13, 14, 15, 16, 17, 18, 19, 20, 21, 22, 23, 24, 25, 26, 27, 28, 29, 30, 31, 32, 33, 34, 35, 36, 37, 38, 39, 40, 41, 42, 43, 44, 45, 46, 47, 48, 49, 50, 51, 52, 53, 54, 55, 56, 57, 58, 59, 60, 61, 62, 63, 64, 65, 66, 67, 68, 69, 70, 71, 72, 73, 74, 75, 76, 77, 78, 79, 80, 81, 82, 83, 84, 85, 86, 87, 88, 89, 90, 91, 92, 93, 94, 95, 96, 97, 98, 99, 100, 101, 102, 103, 104, 105, 106, 107, 108, 109, 110, 111, 112, 113, 114, 115, 116, 117, 118, 119, 120, 121, 122, 123, 124, 125, 126, 127, 128, 129, 130, 131, 132, 133, 134, 135, 136, 137, 138, 139, 140, 141, 142, 143, 144, 145, 146, 147, 148, 149, 150, 151, 152, 153, 154, 155, 156, 157, 158, 159, 160, 161, 162, 163, 164, 165, 166, 167, 168, 169, 170, 171, 172, 173, 174, 175, 176, 177, 178, 179, 180, 181, 182, 183, 184, 185, 186, 187, 188, 189, 190, 191, 192, 193, 194, 195, 196, 197, 198, 199, 200]","{7: [RollingMean(window_size=7), RollingStd(window_size=7)], 30: [RollingMean(window_size=30)], 60: [ExpandingMean()], 14: [ExponentiallyWeightedMean(alpha=0.3)]}",lags_200_features_200,43.97752172863359,34.892613545540016,39.88024690398074,53.622912541218945,62.97197933268399,73.4444446325757,67.97141523476269,77.14650648700055,103.39749930008273,190.9599821124465,196.90519616537716
SGD_Lasso,"AutoSeasonalDifferences(max_diffs=380, n_seasons=10, season_length=267) | LocalStandardScaler(stats_=[[47.42372721 38.3630083 ]])","[1, 2, 3, 4, 5, 6, 7, 8, 9, 10, 11, 12, 13, 14, 15, 16, 17, 18, 19, 20, 21, 22, 23, 24, 25, 26, 27, 28, 29, 30, 31, 32, 33, 34, 35, 36, 37, 38, 39, 40, 41, 42, 43, 44, 45, 46, 47, 48, 49, 50, 51, 52, 53, 54, 55, 56, 57, 58, 59, 60, 61, 62, 63, 64, 65, 66, 67, 68, 69, 70, 71, 72, 73, 74, 75, 76, 77, 78, 79, 80, 81, 82, 83, 84, 85, 86, 87, 88, 89, 90, 91, 92, 93, 94, 95, 96, 97, 98, 99, 100, 101, 102, 103, 104, 105, 106, 107, 108, 109, 110, 111, 112, 113, 114, 115, 116, 117, 118, 119, 120, 121, 122, 123, 124, 125, 126, 127, 128, 129, 130, 131, 132, 133, 134, 135, 136, 137, 138, 139, 140, 141, 142, 143, 144, 145, 146, 147, 148, 149, 150, 151, 152, 153, 154, 155, 156, 157, 158, 159, 160, 161, 162, 163, 164, 165, 166, 167, 168, 169, 170, 171, 172, 173, 174, 175, 176, 177, 178, 179, 180, 181, 182, 183, 184, 185, 186, 187, 188, 189, 190, 191, 192, 193, 194, 195, 196, 197, 198, 199, 200]","{7: [RollingMean(window_size=7), RollingStd(window_size=7)], 30: [RollingMean(window_size=30)], 60: [ExpandingMean()], 14: [ExponentiallyWeightedMean(alpha=0.3)]}",lags_200_features_200,146.09119090060258,128.82684454495853,126.9318116131428,114.5403109113253,97.18312060773864,85.74237110650539,74.1837603623808,66.91424770609706,86.2999607637248,116.71126385873609,116.24224457969359
SGD_Ridge,"AutoSeasonalDifferences(max_diffs=380, n_seasons=10, season_length=267) | LocalStandardScaler(stats_=[[47.42372721 38.3630083 ]])","[1, 2, 3, 4, 5, 6, 7, 8, 9, 10, 11, 12, 13, 14, 15, 16, 17, 18, 19, 20, 21, 22, 23, 24, 25, 26, 27, 28, 29, 30, 31, 32, 33, 34, 35, 36, 37, 38, 39, 40, 41, 42, 43, 44, 45, 46, 47, 48, 49, 50, 51, 52, 53, 54, 55, 56, 57, 58, 59, 60, 61, 62, 63, 64, 65, 66, 67, 68, 69, 70, 71, 72, 73, 74, 75, 76, 77, 78, 79, 80, 81, 82, 83, 84, 85, 86, 87, 88, 89, 90, 91, 92, 93, 94, 95, 96, 97, 98, 99, 100, 101, 102, 103, 104, 105, 106, 107, 108, 109, 110, 111, 112, 113, 114, 115, 116, 117, 118, 119, 120, 121, 122, 123, 124, 125, 126, 127, 128, 129, 130, 131, 132, 133, 134, 135, 136, 137, 138, 139, 140, 141, 142, 143, 144, 145, 146, 147, 148, 149, 150, 151, 152, 153, 154, 155, 156, 157, 158, 159, 160, 161, 162, 163, 164, 165, 166, 167, 168, 169, 170, 171, 172, 173, 174, 175, 176, 177, 178, 179, 180, 181, 182, 183, 184, 185, 186, 187, 188, 189, 190, 191, 192, 193, 194, 195, 196, 197, 198, 199, 200]","{7: [RollingMean(window_size=7), RollingStd(window_size=7)], 30: [RollingMean(window_size=30)], 60: [ExpandingMean()], 14: [ExponentiallyWeightedMean(alpha=0.3)]}",lags_200_features_200,30.50046603919842,43.70081903233679,37.65515174185543,55.86627464948263,75.82377626073425,97.8070295595838,98.14909981291231,88.75740091130221,135.50810381642677,196.51163210984836,206.9945141105149
SGDRegressor,"AutoSeasonalDifferences(max_diffs=380, n_seasons=10, season_length=267) | LocalStandardScaler(stats_=[[47.42372721 38.3630083 ]])","[1, 2, 3, 4, 5, 6, 7, 8, 9, 10, 11, 12, 13, 14, 15, 16, 17, 18, 19, 20, 21, 22, 23, 24, 25, 26, 27, 28, 29, 30, 31, 32, 33, 34, 35, 36, 37, 38, 39, 40, 41, 42, 43, 44, 45, 46, 47, 48, 49, 50, 51, 52, 53, 54, 55, 56, 57, 58, 59, 60, 61, 62, 63, 64, 65, 66, 67, 68, 69, 70, 71, 72, 73, 74, 75, 76, 77, 78, 79, 80, 81, 82, 83, 84, 85, 86, 87, 88, 89, 90, 91, 92, 93, 94, 95, 96, 97, 98, 99, 100, 101, 102, 103, 104, 105, 106, 107, 108, 109, 110, 111, 112, 113, 114, 115, 116, 117, 118, 119, 120, 121, 122, 123, 124, 125, 126, 127, 128, 129, 130, 131, 132, 133, 134, 135, 136, 137, 138, 139, 140, 141, 142, 143, 144, 145, 146, 147, 148, 149, 150, 151, 152, 153, 154, 155, 156, 157, 158, 159, 160, 161, 162, 163, 164, 165, 166, 167, 168, 169, 170, 171, 172, 173, 174, 175, 176, 177, 178, 179, 180, 181, 182, 183, 184, 185, 186, 187, 188, 189, 190, 191, 192, 193, 194, 195, 196, 197, 198, 199, 200]","{7: [RollingMean(window_size=7), RollingStd(window_size=7)], 30: [RollingMean(window_size=30)], 60: [ExpandingMean()], 14: [ExponentiallyWeightedMean(alpha=0.3)]}",lags_200_features_200,48.92847416177082,37.96320800648611,45.00233652004922,58.426479084067914,66.01834604061956,73.91018874419571,67.23449072468287,77.34318339545342,92.30932885690171,191.78610286257972,194.1609770564656
XGBRegressor,"AutoSeasonalDifferences(max_diffs=380, n_seasons=10, season_length=267) | LocalStandardScaler(stats_=[[47.42372721 38.3630083 ]])","[1, 2, 3, 4, 5, 6, 7, 8, 9, 10, 11, 12, 13, 14, 15, 16, 17, 18, 19, 20, 21, 22, 23, 24, 25, 26, 27, 28, 29, 30, 31, 32, 33, 34, 35, 36, 37, 38, 39, 40, 41, 42, 43, 44, 45, 46, 47, 48, 49, 50, 51, 52, 53, 54, 55, 56, 57, 58, 59, 60, 61, 62, 63, 64, 65, 66, 67, 68, 69, 70, 71, 72, 73, 74, 75, 76, 77, 78, 79, 80, 81, 82, 83, 84, 85, 86, 87, 88, 89, 90, 91, 92, 93, 94, 95, 96, 97, 98, 99, 100, 101, 102, 103, 104, 105, 106, 107, 108, 109, 110, 111, 112, 113, 114, 115, 116, 117, 118, 119, 120, 121, 122, 123, 124, 125, 126, 127, 128, 129, 130, 131, 132, 133, 134, 135, 136, 137, 138, 139, 140, 141, 142, 143, 144, 145, 146, 147, 148, 149, 150, 151, 152, 153, 154, 155, 156, 157, 158, 159, 160, 161, 162, 163, 164, 165, 166, 167, 168, 169, 170, 171, 172, 173, 174, 175, 176, 177, 178, 179, 180, 181, 182, 183, 184, 185, 186, 187, 188, 189, 190, 191, 192, 193, 194, 195, 196, 197, 198, 199, 200]","{7: [RollingMean(window_size=7), RollingStd(window_size=7)], 30: [RollingMean(window_size=30)], 60: [ExpandingMean()], 14: [ExponentiallyWeightedMean(alpha=0.3)]}",lags_200_features_200,15.304595782428306,23.35466394391294,25.178690604590564,25.598076143232223,27.39270141207254,28.138422535706503,33.14057772356184,33.340045857448814,50.04315906633872,62.09783572394758,61.06333721954316
LGBMRegressor,"AutoSeasonalDifferences(max_diffs=380, n_seasons=10, season_length=267) | LocalStandardScaler(stats_=[[47.42372721 38.3630083 ]])","[1, 2, 3, 4, 5, 6, 7, 8, 9, 10, 11, 12, 13, 14, 15, 16, 17, 18, 19, 20, 21, 22, 23, 24, 25, 26, 27, 28, 29, 30, 31, 32, 33, 34, 35, 36, 37, 38, 39, 40, 41, 42, 43, 44, 45, 46, 47, 48, 49, 50, 51, 52, 53, 54, 55, 56, 57, 58, 59, 60, 61, 62, 63, 64, 65, 66, 67, 68, 69, 70, 71, 72, 73, 74, 75, 76, 77, 78, 79, 80, 81, 82, 83, 84, 85, 86, 87, 88, 89, 90, 91, 92, 93, 94, 95, 96, 97, 98, 99, 100, 101, 102, 103, 104, 105, 106, 107, 108, 109, 110, 111, 112, 113, 114, 115, 116, 117, 118, 119, 120, 121, 122, 123, 124, 125, 126, 127, 128, 129, 130, 131, 132, 133, 134, 135, 136, 137, 138, 139, 140, 141, 142, 143, 144, 145, 146, 147, 148, 149, 150, 151, 152, 153, 154, 155, 156, 157, 158, 159, 160, 161, 162, 163, 164, 165, 166, 167, 168, 169, 170, 171, 172, 173, 174, 175, 176, 177, 178, 179, 180, 181, 182, 183, 184, 185, 186, 187, 188, 189, 190, 191, 192, 193, 194, 195, 196, 197, 198, 199, 200]","{7: [RollingMean(window_size=7), RollingStd(window_size=7)], 30: [RollingMean(window_size=30)], 60: [ExpandingMean()], 14: [ExponentiallyWeightedMean(alpha=0.3)]}",lags_200_features_200,14.248724462805837,23.406791050749305,24.99151127303377,25.69142783577758,27.21128323664212,27.349959286815434,32.0990672552315,32.31348375684257,34.689663542043,35.075242417124386,34.60769810711735
SGD_EarlyStopping,"AutoSeasonalDifferences(max_diffs=380, n_seasons=10, season_length=267) | LocalMinMaxScaler(stats_=[[  5.11211699 325.92896936]])","[1, 2, 3, 4, 5, 6, 7, 8, 9, 10, 11, 12, 13, 14, 15, 16, 17, 18, 19, 20, 21, 22, 23, 24, 25, 26, 27, 28, 29, 30, 31, 32, 33, 34, 35, 36, 37, 38, 39, 40, 41, 42, 43, 44, 45, 46, 47, 48, 49, 50, 51, 52, 53, 54, 55, 56, 57, 58, 59, 60, 61, 62, 63, 64, 65, 66, 67, 68, 69, 70, 71, 72, 73, 74, 75, 76, 77, 78, 79, 80, 81, 82, 83, 84, 85, 86, 87, 88, 89, 90, 91, 92, 93, 94, 95, 96, 97, 98, 99, 100, 101, 102, 103, 104, 105, 106, 107, 108, 109, 110, 111, 112, 113, 114, 115, 116, 117, 118, 119, 120, 121, 122, 123, 124, 125, 126, 127, 128, 129, 130, 131, 132, 133, 134, 135, 136, 137, 138, 139, 140, 141, 142, 143, 144, 145, 146, 147, 148, 149, 150, 151, 152, 153, 154, 155, 156, 157, 158, 159, 160, 161, 162, 163, 164, 165, 166, 167, 168, 169, 170, 171, 172, 173, 174, 175, 176, 177, 178, 179, 180, 181, 182, 183, 184, 185, 186, 187, 188, 189, 190, 191, 192, 193, 194, 195, 196, 197, 198, 199, 200]","{1: [<function expanding_mean at 0x000002C58F7A04A0>], 7: [<function rolling_mean_14 at 0x000002C5930FAA20>], 30: [<function expanding_mean at 0x000002C58F7A04A0>]}",lags_200_features_200,38.86612749422076,58.144765168296665,60.04342771809177,52.47013147532539,46.29754757678976,47.05512147580824,44.69055504336642,42.343986443304146,40.95401153485545,40.767447497468915,42.32327165916421
SGD_ElasticNet,"AutoSeasonalDifferences(max_diffs=380, n_seasons=10, season_length=267) | LocalMinMaxScaler(stats_=[[  5.11211699 325.92896936]])","[1, 2, 3, 4, 5, 6, 7, 8, 9, 10, 11, 12, 13, 14, 15, 16, 17, 18, 19, 20, 21, 22, 23, 24, 25, 26, 27, 28, 29, 30, 31, 32, 33, 34, 35, 36, 37, 38, 39, 40, 41, 42, 43, 44, 45, 46, 47, 48, 49, 50, 51, 52, 53, 54, 55, 56, 57, 58, 59, 60, 61, 62, 63, 64, 65, 66, 67, 68, 69, 70, 71, 72, 73, 74, 75, 76, 77, 78, 79, 80, 81, 82, 83, 84, 85, 86, 87, 88, 89, 90, 91, 92, 93, 94, 95, 96, 97, 98, 99, 100, 101, 102, 103, 104, 105, 106, 107, 108, 109, 110, 111, 112, 113, 114, 115, 116, 117, 118, 119, 120, 121, 122, 123, 124, 125, 126, 127, 128, 129, 130, 131, 132, 133, 134, 135, 136, 137, 138, 139, 140, 141, 142, 143, 144, 145, 146, 147, 148, 149, 150, 151, 152, 153, 154, 155, 156, 157, 158, 159, 160, 161, 162, 163, 164, 165, 166, 167, 168, 169, 170, 171, 172, 173, 174, 175, 176, 177, 178, 179, 180, 181, 182, 183, 184, 185, 186, 187, 188, 189, 190, 191, 192, 193, 194, 195, 196, 197, 198, 199, 200]","{1: [<function expanding_mean at 0x000002C58F7A04A0>], 7: [<function rolling_mean_14 at 0x000002C5930FAA20>], 30: [<function expanding_mean at 0x000002C58F7A04A0>]}",lags_200_features_200,32.44125298779149,40.76304927072431,69.29378630560333,90.04212442464646,98.61888778008836,107.37557912085936,96.93756405939756,84.72993786426379,75.90981212629215,91.79170060804334,96.45628981888554
SGD_Lasso,"AutoSeasonalDifferences(max_diffs=380, n_seasons=10, season_length=267) | LocalMinMaxScaler(stats_=[[  5.11211699 325.92896936]])","[1, 2, 3, 4, 5, 6, 7, 8, 9, 10, 11, 12, 13, 14, 15, 16, 17, 18, 19, 20, 21, 22, 23, 24, 25, 26, 27, 28, 29, 30, 31, 32, 33, 34, 35, 36, 37, 38, 39, 40, 41, 42, 43, 44, 45, 46, 47, 48, 49, 50, 51, 52, 53, 54, 55, 56, 57, 58, 59, 60, 61, 62, 63, 64, 65, 66, 67, 68, 69, 70, 71, 72, 73, 74, 75, 76, 77, 78, 79, 80, 81, 82, 83, 84, 85, 86, 87, 88, 89, 90, 91, 92, 93, 94, 95, 96, 97, 98, 99, 100, 101, 102, 103, 104, 105, 106, 107, 108, 109, 110, 111, 112, 113, 114, 115, 116, 117, 118, 119, 120, 121, 122, 123, 124, 125, 126, 127, 128, 129, 130, 131, 132, 133, 134, 135, 136, 137, 138, 139, 140, 141, 142, 143, 144, 145, 146, 147, 148, 149, 150, 151, 152, 153, 154, 155, 156, 157, 158, 159, 160, 161, 162, 163, 164, 165, 166, 167, 168, 169, 170, 171, 172, 173, 174, 175, 176, 177, 178, 179, 180, 181, 182, 183, 184, 185, 186, 187, 188, 189, 190, 191, 192, 193, 194, 195, 196, 197, 198, 199, 200]","{1: [<function expanding_mean at 0x000002C58F7A04A0>], 7: [<function rolling_mean_14 at 0x000002C5930FAA20>], 30: [<function expanding_mean at 0x000002C58F7A04A0>]}",lags_200_features_200,145.91668242307156,128.66457858121706,126.77088945740431,114.38817583127974,97.04802135367676,85.62326385462183,74.10101743566766,66.83985079017535,86.2044894423342,116.58506775597499,116.11560232705554
SGD_Ridge,"AutoSeasonalDifferences(max_diffs=380, n_seasons=10, season_length=267) | LocalMinMaxScaler(stats_=[[  5.11211699 325.92896936]])","[1, 2, 3, 4, 5, 6, 7, 8, 9, 10, 11, 12, 13, 14, 15, 16, 17, 18, 19, 20, 21, 22, 23, 24, 25, 26, 27, 28, 29, 30, 31, 32, 33, 34, 35, 36, 37, 38, 39, 40, 41, 42, 43, 44, 45, 46, 47, 48, 49, 50, 51, 52, 53, 54, 55, 56, 57, 58, 59, 60, 61, 62, 63, 64, 65, 66, 67, 68, 69, 70, 71, 72, 73, 74, 75, 76, 77, 78, 79, 80, 81, 82, 83, 84, 85, 86, 87, 88, 89, 90, 91, 92, 93, 94, 95, 96, 97, 98, 99, 100, 101, 102, 103, 104, 105, 106, 107, 108, 109, 110, 111, 112, 113, 114, 115, 116, 117, 118, 119, 120, 121, 122, 123, 124, 125, 126, 127, 128, 129, 130, 131, 132, 133, 134, 135, 136, 137, 138, 139, 140, 141, 142, 143, 144, 145, 146, 147, 148, 149, 150, 151, 152, 153, 154, 155, 156, 157, 158, 159, 160, 161, 162, 163, 164, 165, 166, 167, 168, 169, 170, 171, 172, 173, 174, 175, 176, 177, 178, 179, 180, 181, 182, 183, 184, 185, 186, 187, 188, 189, 190, 191, 192, 193, 194, 195, 196, 197, 198, 199, 200]","{1: [<function expanding_mean at 0x000002C58F7A04A0>], 7: [<function rolling_mean_14 at 0x000002C5930FAA20>], 30: [<function expanding_mean at 0x000002C58F7A04A0>]}",lags_200_features_200,99.73925062731513,102.16173130324442,120.77693522112125,125.02144062840689,117.26747644144491,110.86165677382402,94.01552341673823,81.24465514713263,92.87804794672287,135.38774914378422,136.66923755969881
SGDRegressor,"AutoSeasonalDifferences(max_diffs=380, n_seasons=10, season_length=267) | LocalMinMaxScaler(stats_=[[  5.11211699 325.92896936]])","[1, 2, 3, 4, 5, 6, 7, 8, 9, 10, 11, 12, 13, 14, 15, 16, 17, 18, 19, 20, 21, 22, 23, 24, 25, 26, 27, 28, 29, 30, 31, 32, 33, 34, 35, 36, 37, 38, 39, 40, 41, 42, 43, 44, 45, 46, 47, 48, 49, 50, 51, 52, 53, 54, 55, 56, 57, 58, 59, 60, 61, 62, 63, 64, 65, 66, 67, 68, 69, 70, 71, 72, 73, 74, 75, 76, 77, 78, 79, 80, 81, 82, 83, 84, 85, 86, 87, 88, 89, 90, 91, 92, 93, 94, 95, 96, 97, 98, 99, 100, 101, 102, 103, 104, 105, 106, 107, 108, 109, 110, 111, 112, 113, 114, 115, 116, 117, 118, 119, 120, 121, 122, 123, 124, 125, 126, 127, 128, 129, 130, 131, 132, 133, 134, 135, 136, 137, 138, 139, 140, 141, 142, 143, 144, 145, 146, 147, 148, 149, 150, 151, 152, 153, 154, 155, 156, 157, 158, 159, 160, 161, 162, 163, 164, 165, 166, 167, 168, 169, 170, 171, 172, 173, 174, 175, 176, 177, 178, 179, 180, 181, 182, 183, 184, 185, 186, 187, 188, 189, 190, 191, 192, 193, 194, 195, 196, 197, 198, 199, 200]","{1: [<function expanding_mean at 0x000002C58F7A04A0>], 7: [<function rolling_mean_14 at 0x000002C5930FAA20>], 30: [<function expanding_mean at 0x000002C58F7A04A0>]}",lags_200_features_200,15.77080115708804,22.974539580386786,50.957591261527334,75.00163180730127,88.02907549129574,101.28756854429908,94.98301039828829,83.8212805733732,83.41901120471593,94.75497839838046,100.01886800456101
XGBRegressor,"AutoSeasonalDifferences(max_diffs=380, n_seasons=10, season_length=267) | LocalMinMaxScaler(stats_=[[  5.11211699 325.92896936]])","[1, 2, 3, 4, 5, 6, 7, 8, 9, 10, 11, 12, 13, 14, 15, 16, 17, 18, 19, 20, 21, 22, 23, 24, 25, 26, 27, 28, 29, 30, 31, 32, 33, 34, 35, 36, 37, 38, 39, 40, 41, 42, 43, 44, 45, 46, 47, 48, 49, 50, 51, 52, 53, 54, 55, 56, 57, 58, 59, 60, 61, 62, 63, 64, 65, 66, 67, 68, 69, 70, 71, 72, 73, 74, 75, 76, 77, 78, 79, 80, 81, 82, 83, 84, 85, 86, 87, 88, 89, 90, 91, 92, 93, 94, 95, 96, 97, 98, 99, 100, 101, 102, 103, 104, 105, 106, 107, 108, 109, 110, 111, 112, 113, 114, 115, 116, 117, 118, 119, 120, 121, 122, 123, 124, 125, 126, 127, 128, 129, 130, 131, 132, 133, 134, 135, 136, 137, 138, 139, 140, 141, 142, 143, 144, 145, 146, 147, 148, 149, 150, 151, 152, 153, 154, 155, 156, 157, 158, 159, 160, 161, 162, 163, 164, 165, 166, 167, 168, 169, 170, 171, 172, 173, 174, 175, 176, 177, 178, 179, 180, 181, 182, 183, 184, 185, 186, 187, 188, 189, 190, 191, 192, 193, 194, 195, 196, 197, 198, 199, 200]","{1: [<function expanding_mean at 0x000002C58F7A04A0>], 7: [<function rolling_mean_14 at 0x000002C5930FAA20>], 30: [<function expanding_mean at 0x000002C58F7A04A0>]}",lags_200_features_200,20.894374825591118,25.603965097054864,25.98292380530803,26.594415559572244,26.971349148793415,26.512378484771805,30.871974021325332,31.30017720254606,41.058252417845445,41.796044675112434,41.316040259610126
LGBMRegressor,"AutoSeasonalDifferences(max_diffs=380, n_seasons=10, season_length=267) | LocalMinMaxScaler(stats_=[[  5.11211699 325.92896936]])","[1, 2, 3, 4, 5, 6, 7, 8, 9, 10, 11, 12, 13, 14, 15, 16, 17, 18, 19, 20, 21, 22, 23, 24, 25, 26, 27, 28, 29, 30, 31, 32, 33, 34, 35, 36, 37, 38, 39, 40, 41, 42, 43, 44, 45, 46, 47, 48, 49, 50, 51, 52, 53, 54, 55, 56, 57, 58, 59, 60, 61, 62, 63, 64, 65, 66, 67, 68, 69, 70, 71, 72, 73, 74, 75, 76, 77, 78, 79, 80, 81, 82, 83, 84, 85, 86, 87, 88, 89, 90, 91, 92, 93, 94, 95, 96, 97, 98, 99, 100, 101, 102, 103, 104, 105, 106, 107, 108, 109, 110, 111, 112, 113, 114, 115, 116, 117, 118, 119, 120, 121, 122, 123, 124, 125, 126, 127, 128, 129, 130, 131, 132, 133, 134, 135, 136, 137, 138, 139, 140, 141, 142, 143, 144, 145, 146, 147, 148, 149, 150, 151, 152, 153, 154, 155, 156, 157, 158, 159, 160, 161, 162, 163, 164, 165, 166, 167, 168, 169, 170, 171, 172, 173, 174, 175, 176, 177, 178, 179, 180, 181, 182, 183, 184, 185, 186, 187, 188, 189, 190, 191, 192, 193, 194, 195, 196, 197, 198, 199, 200]","{1: [<function expanding_mean at 0x000002C58F7A04A0>], 7: [<function rolling_mean_14 at 0x000002C5930FAA20>], 30: [<function expanding_mean at 0x000002C58F7A04A0>]}",lags_200_features_200,13.373549157547549,23.3236501790668,24.332270913731616,25.27853327397962,27.615588957754394,28.437065678960543,33.372406361801566,33.33803625373154,38.289276023444984,38.07240739332838,37.514776229432584
SGD_EarlyStopping,"AutoSeasonalDifferences(max_diffs=380, n_seasons=10, season_length=267) | LocalMinMaxScaler(stats_=[[  5.11211699 325.92896936]])","[1, 2, 3, 4, 5, 6, 7, 8, 9, 10, 11, 12, 13, 14, 15, 16, 17, 18, 19, 20, 21, 22, 23, 24, 25, 26, 27, 28, 29, 30, 31, 32, 33, 34, 35, 36, 37, 38, 39, 40, 41, 42, 43, 44, 45, 46, 47, 48, 49, 50, 51, 52, 53, 54, 55, 56, 57, 58, 59, 60, 61, 62, 63, 64, 65, 66, 67, 68, 69, 70, 71, 72, 73, 74, 75, 76, 77, 78, 79, 80, 81, 82, 83, 84, 85, 86, 87, 88, 89, 90, 91, 92, 93, 94, 95, 96, 97, 98, 99, 100, 101, 102, 103, 104, 105, 106, 107, 108, 109, 110, 111, 112, 113, 114, 115, 116, 117, 118, 119, 120, 121, 122, 123, 124, 125, 126, 127, 128, 129, 130, 131, 132, 133, 134, 135, 136, 137, 138, 139, 140, 141, 142, 143, 144, 145, 146, 147, 148, 149, 150, 151, 152, 153, 154, 155, 156, 157, 158, 159, 160, 161, 162, 163, 164, 165, 166, 167, 168, 169, 170, 171, 172, 173, 174, 175, 176, 177, 178, 179, 180, 181, 182, 183, 184, 185, 186, 187, 188, 189, 190, 191, 192, 193, 194, 195, 196, 197, 198, 199, 200]","{1: [<function rolling_mean_14 at 0x000002C5930FAA20>], 7: [<function rolling_mean_30 at 0x000002C58DBF9260>], 30: [<function expanding_mean at 0x000002C58F7A04A0>]}",lags_200_features_200,38.782945093995465,58.163814430352,60.254522471401074,52.765967267092265,46.4937493787277,47.15205223960496,44.7518432746615,42.380690964215475,40.97165118553562,40.706724781818195,42.236307308152924
SGD_ElasticNet,"AutoSeasonalDifferences(max_diffs=380, n_seasons=10, season_length=267) | LocalMinMaxScaler(stats_=[[  5.11211699 325.92896936]])","[1, 2, 3, 4, 5, 6, 7, 8, 9, 10, 11, 12, 13, 14, 15, 16, 17, 18, 19, 20, 21, 22, 23, 24, 25, 26, 27, 28, 29, 30, 31, 32, 33, 34, 35, 36, 37, 38, 39, 40, 41, 42, 43, 44, 45, 46, 47, 48, 49, 50, 51, 52, 53, 54, 55, 56, 57, 58, 59, 60, 61, 62, 63, 64, 65, 66, 67, 68, 69, 70, 71, 72, 73, 74, 75, 76, 77, 78, 79, 80, 81, 82, 83, 84, 85, 86, 87, 88, 89, 90, 91, 92, 93, 94, 95, 96, 97, 98, 99, 100, 101, 102, 103, 104, 105, 106, 107, 108, 109, 110, 111, 112, 113, 114, 115, 116, 117, 118, 119, 120, 121, 122, 123, 124, 125, 126, 127, 128, 129, 130, 131, 132, 133, 134, 135, 136, 137, 138, 139, 140, 141, 142, 143, 144, 145, 146, 147, 148, 149, 150, 151, 152, 153, 154, 155, 156, 157, 158, 159, 160, 161, 162, 163, 164, 165, 166, 167, 168, 169, 170, 171, 172, 173, 174, 175, 176, 177, 178, 179, 180, 181, 182, 183, 184, 185, 186, 187, 188, 189, 190, 191, 192, 193, 194, 195, 196, 197, 198, 199, 200]","{1: [<function rolling_mean_14 at 0x000002C5930FAA20>], 7: [<function rolling_mean_30 at 0x000002C58DBF9260>], 30: [<function expanding_mean at 0x000002C58F7A04A0>]}",lags_200_features_200,32.48014811637735,40.86924551024465,69.4521407832593,90.23765661459467,98.84796315758537,107.64651256161793,97.2130174843933,84.98353373064519,76.10243528624869,91.76996026064975,96.43384782730614
SGD_Lasso,"AutoSeasonalDifferences(max_diffs=380, n_seasons=10, season_length=267) | LocalMinMaxScaler(stats_=[[  5.11211699 325.92896936]])","[1, 2, 3, 4, 5, 6, 7, 8, 9, 10, 11, 12, 13, 14, 15, 16, 17, 18, 19, 20, 21, 22, 23, 24, 25, 26, 27, 28, 29, 30, 31, 32, 33, 34, 35, 36, 37, 38, 39, 40, 41, 42, 43, 44, 45, 46, 47, 48, 49, 50, 51, 52, 53, 54, 55, 56, 57, 58, 59, 60, 61, 62, 63, 64, 65, 66, 67, 68, 69, 70, 71, 72, 73, 74, 75, 76, 77, 78, 79, 80, 81, 82, 83, 84, 85, 86, 87, 88, 89, 90, 91, 92, 93, 94, 95, 96, 97, 98, 99, 100, 101, 102, 103, 104, 105, 106, 107, 108, 109, 110, 111, 112, 113, 114, 115, 116, 117, 118, 119, 120, 121, 122, 123, 124, 125, 126, 127, 128, 129, 130, 131, 132, 133, 134, 135, 136, 137, 138, 139, 140, 141, 142, 143, 144, 145, 146, 147, 148, 149, 150, 151, 152, 153, 154, 155, 156, 157, 158, 159, 160, 161, 162, 163, 164, 165, 166, 167, 168, 169, 170, 171, 172, 173, 174, 175, 176, 177, 178, 179, 180, 181, 182, 183, 184, 185, 186, 187, 188, 189, 190, 191, 192, 193, 194, 195, 196, 197, 198, 199, 200]","{1: [<function rolling_mean_14 at 0x000002C5930FAA20>], 7: [<function rolling_mean_30 at 0x000002C58DBF9260>], 30: [<function expanding_mean at 0x000002C58F7A04A0>]}",lags_200_features_200,145.91668242307156,128.66457858121706,126.77088945740431,114.38817583127974,97.04802135367676,85.62326385462183,74.10101743566766,66.83985079017535,86.2044894423342,116.58506775597499,116.11560232705554
SGD_Ridge,"AutoSeasonalDifferences(max_diffs=380, n_seasons=10, season_length=267) | LocalMinMaxScaler(stats_=[[  5.11211699 325.92896936]])","[1, 2, 3, 4, 5, 6, 7, 8, 9, 10, 11, 12, 13, 14, 15, 16, 17, 18, 19, 20, 21, 22, 23, 24, 25, 26, 27, 28, 29, 30, 31, 32, 33, 34, 35, 36, 37, 38, 39, 40, 41, 42, 43, 44, 45, 46, 47, 48, 49, 50, 51, 52, 53, 54, 55, 56, 57, 58, 59, 60, 61, 62, 63, 64, 65, 66, 67, 68, 69, 70, 71, 72, 73, 74, 75, 76, 77, 78, 79, 80, 81, 82, 83, 84, 85, 86, 87, 88, 89, 90, 91, 92, 93, 94, 95, 96, 97, 98, 99, 100, 101, 102, 103, 104, 105, 106, 107, 108, 109, 110, 111, 112, 113, 114, 115, 116, 117, 118, 119, 120, 121, 122, 123, 124, 125, 126, 127, 128, 129, 130, 131, 132, 133, 134, 135, 136, 137, 138, 139, 140, 141, 142, 143, 144, 145, 146, 147, 148, 149, 150, 151, 152, 153, 154, 155, 156, 157, 158, 159, 160, 161, 162, 163, 164, 165, 166, 167, 168, 169, 170, 171, 172, 173, 174, 175, 176, 177, 178, 179, 180, 181, 182, 183, 184, 185, 186, 187, 188, 189, 190, 191, 192, 193, 194, 195, 196, 197, 198, 199, 200]","{1: [<function rolling_mean_14 at 0x000002C5930FAA20>], 7: [<function rolling_mean_30 at 0x000002C58DBF9260>], 30: [<function expanding_mean at 0x000002C58F7A04A0>]}",lags_200_features_200,99.6025670257631,102.13544610394747,120.82649271200223,125.12376623379666,117.40424990662073,111.02665169951833,94.14605713287537,81.34587839707535,92.9110626596287,135.45252816905895,136.74453823354216
SGDRegressor,"AutoSeasonalDifferences(max_diffs=380, n_seasons=10, season_length=267) | LocalMinMaxScaler(stats_=[[  5.11211699 325.92896936]])","[1, 2, 3, 4, 5, 6, 7, 8, 9, 10, 11, 12, 13, 14, 15, 16, 17, 18, 19, 20, 21, 22, 23, 24, 25, 26, 27, 28, 29, 30, 31, 32, 33, 34, 35, 36, 37, 38, 39, 40, 41, 42, 43, 44, 45, 46, 47, 48, 49, 50, 51, 52, 53, 54, 55, 56, 57, 58, 59, 60, 61, 62, 63, 64, 65, 66, 67, 68, 69, 70, 71, 72, 73, 74, 75, 76, 77, 78, 79, 80, 81, 82, 83, 84, 85, 86, 87, 88, 89, 90, 91, 92, 93, 94, 95, 96, 97, 98, 99, 100, 101, 102, 103, 104, 105, 106, 107, 108, 109, 110, 111, 112, 113, 114, 115, 116, 117, 118, 119, 120, 121, 122, 123, 124, 125, 126, 127, 128, 129, 130, 131, 132, 133, 134, 135, 136, 137, 138, 139, 140, 141, 142, 143, 144, 145, 146, 147, 148, 149, 150, 151, 152, 153, 154, 155, 156, 157, 158, 159, 160, 161, 162, 163, 164, 165, 166, 167, 168, 169, 170, 171, 172, 173, 174, 175, 176, 177, 178, 179, 180, 181, 182, 183, 184, 185, 186, 187, 188, 189, 190, 191, 192, 193, 194, 195, 196, 197, 198, 199, 200]","{1: [<function rolling_mean_14 at 0x000002C5930FAA20>], 7: [<function rolling_mean_30 at 0x000002C58DBF9260>], 30: [<function expanding_mean at 0x000002C58F7A04A0>]}",lags_200_features_200,16.008451790321995,23.281889625171566,51.429544657048574,75.58743046163407,88.68928556453932,102.0348618966171,95.72063853291476,84.47239608360839,84.18234279056351,95.41307511788393,100.65618069823543
XGBRegressor,"AutoSeasonalDifferences(max_diffs=380, n_seasons=10, season_length=267) | LocalMinMaxScaler(stats_=[[  5.11211699 325.92896936]])","[1, 2, 3, 4, 5, 6, 7, 8, 9, 10, 11, 12, 13, 14, 15, 16, 17, 18, 19, 20, 21, 22, 23, 24, 25, 26, 27, 28, 29, 30, 31, 32, 33, 34, 35, 36, 37, 38, 39, 40, 41, 42, 43, 44, 45, 46, 47, 48, 49, 50, 51, 52, 53, 54, 55, 56, 57, 58, 59, 60, 61, 62, 63, 64, 65, 66, 67, 68, 69, 70, 71, 72, 73, 74, 75, 76, 77, 78, 79, 80, 81, 82, 83, 84, 85, 86, 87, 88, 89, 90, 91, 92, 93, 94, 95, 96, 97, 98, 99, 100, 101, 102, 103, 104, 105, 106, 107, 108, 109, 110, 111, 112, 113, 114, 115, 116, 117, 118, 119, 120, 121, 122, 123, 124, 125, 126, 127, 128, 129, 130, 131, 132, 133, 134, 135, 136, 137, 138, 139, 140, 141, 142, 143, 144, 145, 146, 147, 148, 149, 150, 151, 152, 153, 154, 155, 156, 157, 158, 159, 160, 161, 162, 163, 164, 165, 166, 167, 168, 169, 170, 171, 172, 173, 174, 175, 176, 177, 178, 179, 180, 181, 182, 183, 184, 185, 186, 187, 188, 189, 190, 191, 192, 193, 194, 195, 196, 197, 198, 199, 200]","{1: [<function rolling_mean_14 at 0x000002C5930FAA20>], 7: [<function rolling_mean_30 at 0x000002C58DBF9260>], 30: [<function expanding_mean at 0x000002C58F7A04A0>]}",lags_200_features_200,15.949104276124762,22.73770138888827,24.491891305597253,25.484263182500733,26.869709665749724,27.645638655316198,32.29491834302313,32.30518923653866,36.982676184236325,44.327164733153396,43.65198787981382
LGBMRegressor,"AutoSeasonalDifferences(max_diffs=380, n_seasons=10, season_length=267) | LocalMinMaxScaler(stats_=[[  5.11211699 325.92896936]])","[1, 2, 3, 4, 5, 6, 7, 8, 9, 10, 11, 12, 13, 14, 15, 16, 17, 18, 19, 20, 21, 22, 23, 24, 25, 26, 27, 28, 29, 30, 31, 32, 33, 34, 35, 36, 37, 38, 39, 40, 41, 42, 43, 44, 45, 46, 47, 48, 49, 50, 51, 52, 53, 54, 55, 56, 57, 58, 59, 60, 61, 62, 63, 64, 65, 66, 67, 68, 69, 70, 71, 72, 73, 74, 75, 76, 77, 78, 79, 80, 81, 82, 83, 84, 85, 86, 87, 88, 89, 90, 91, 92, 93, 94, 95, 96, 97, 98, 99, 100, 101, 102, 103, 104, 105, 106, 107, 108, 109, 110, 111, 112, 113, 114, 115, 116, 117, 118, 119, 120, 121, 122, 123, 124, 125, 126, 127, 128, 129, 130, 131, 132, 133, 134, 135, 136, 137, 138, 139, 140, 141, 142, 143, 144, 145, 146, 147, 148, 149, 150, 151, 152, 153, 154, 155, 156, 157, 158, 159, 160, 161, 162, 163, 164, 165, 166, 167, 168, 169, 170, 171, 172, 173, 174, 175, 176, 177, 178, 179, 180, 181, 182, 183, 184, 185, 186, 187, 188, 189, 190, 191, 192, 193, 194, 195, 196, 197, 198, 199, 200]","{1: [<function rolling_mean_14 at 0x000002C5930FAA20>], 7: [<function rolling_mean_30 at 0x000002C58DBF9260>], 30: [<function expanding_mean at 0x000002C58F7A04A0>]}",lags_200_features_200,16.227434778448288,24.751334504425916,25.156485648950603,25.80804831685703,27.221297081878586,27.421296120179385,31.63663225530537,31.988910945558086,32.83281504295552,33.034299769586376,32.735790188061856
SGD_EarlyStopping,"AutoSeasonalDifferences(max_diffs=380, n_seasons=10, season_length=267) | LocalMinMaxScaler(stats_=[[  5.11211699 325.92896936]])","[1, 2, 3, 4, 5, 6, 7, 8, 9, 10, 11, 12, 13, 14, 15, 16, 17, 18, 19, 20, 21, 22, 23, 24, 25, 26, 27, 28, 29, 30, 31, 32, 33, 34, 35, 36, 37, 38, 39, 40, 41, 42, 43, 44, 45, 46, 47, 48, 49, 50, 51, 52, 53, 54, 55, 56, 57, 58, 59, 60, 61, 62, 63, 64, 65, 66, 67, 68, 69, 70, 71, 72, 73, 74, 75, 76, 77, 78, 79, 80, 81, 82, 83, 84, 85, 86, 87, 88, 89, 90, 91, 92, 93, 94, 95, 96, 97, 98, 99, 100, 101, 102, 103, 104, 105, 106, 107, 108, 109, 110, 111, 112, 113, 114, 115, 116, 117, 118, 119, 120, 121, 122, 123, 124, 125, 126, 127, 128, 129, 130, 131, 132, 133, 134, 135, 136, 137, 138, 139, 140, 141, 142, 143, 144, 145, 146, 147, 148, 149, 150, 151, 152, 153, 154, 155, 156, 157, 158, 159, 160, 161, 162, 163, 164, 165, 166, 167, 168, 169, 170, 171, 172, 173, 174, 175, 176, 177, 178, 179, 180, 181, 182, 183, 184, 185, 186, 187, 188, 189, 190, 191, 192, 193, 194, 195, 196, 197, 198, 199, 200]","{7: [RollingMean(window_size=7)], 30: [RollingMean(window_size=30)], 60: [RollingMean(window_size=60)]}",lags_200_features_200,38.9290089624432,58.17925717387459,60.11194507304555,52.5637597790787,46.34852577302403,47.04035817138259,44.65410556055816,42.28729083660697,40.90370375882606,40.67873086806779,42.23129843316716
SGD_ElasticNet,"AutoSeasonalDifferences(max_diffs=380, n_seasons=10, season_length=267) | LocalMinMaxScaler(stats_=[[  5.11211699 325.92896936]])","[1, 2, 3, 4, 5, 6, 7, 8, 9, 10, 11, 12, 13, 14, 15, 16, 17, 18, 19, 20, 21, 22, 23, 24, 25, 26, 27, 28, 29, 30, 31, 32, 33, 34, 35, 36, 37, 38, 39, 40, 41, 42, 43, 44, 45, 46, 47, 48, 49, 50, 51, 52, 53, 54, 55, 56, 57, 58, 59, 60, 61, 62, 63, 64, 65, 66, 67, 68, 69, 70, 71, 72, 73, 74, 75, 76, 77, 78, 79, 80, 81, 82, 83, 84, 85, 86, 87, 88, 89, 90, 91, 92, 93, 94, 95, 96, 97, 98, 99, 100, 101, 102, 103, 104, 105, 106, 107, 108, 109, 110, 111, 112, 113, 114, 115, 116, 117, 118, 119, 120, 121, 122, 123, 124, 125, 126, 127, 128, 129, 130, 131, 132, 133, 134, 135, 136, 137, 138, 139, 140, 141, 142, 143, 144, 145, 146, 147, 148, 149, 150, 151, 152, 153, 154, 155, 156, 157, 158, 159, 160, 161, 162, 163, 164, 165, 166, 167, 168, 169, 170, 171, 172, 173, 174, 175, 176, 177, 178, 179, 180, 181, 182, 183, 184, 185, 186, 187, 188, 189, 190, 191, 192, 193, 194, 195, 196, 197, 198, 199, 200]","{7: [RollingMean(window_size=7)], 30: [RollingMean(window_size=30)], 60: [RollingMean(window_size=60)]}",lags_200_features_200,32.279420634309325,40.57863848866937,69.05431057520607,89.7488919624776,98.29055662657194,107.0077836408642,96.59014552884237,84.40852808418221,75.60757604244324,91.68733741136877,96.35163776297578
SGD_Lasso,"AutoSeasonalDifferences(max_diffs=380, n_seasons=10, season_length=267) | LocalMinMaxScaler(stats_=[[  5.11211699 325.92896936]])","[1, 2, 3, 4, 5, 6, 7, 8, 9, 10, 11, 12, 13, 14, 15, 16, 17, 18, 19, 20, 21, 22, 23, 24, 25, 26, 27, 28, 29, 30, 31, 32, 33, 34, 35, 36, 37, 38, 39, 40, 41, 42, 43, 44, 45, 46, 47, 48, 49, 50, 51, 52, 53, 54, 55, 56, 57, 58, 59, 60, 61, 62, 63, 64, 65, 66, 67, 68, 69, 70, 71, 72, 73, 74, 75, 76, 77, 78, 79, 80, 81, 82, 83, 84, 85, 86, 87, 88, 89, 90, 91, 92, 93, 94, 95, 96, 97, 98, 99, 100, 101, 102, 103, 104, 105, 106, 107, 108, 109, 110, 111, 112, 113, 114, 115, 116, 117, 118, 119, 120, 121, 122, 123, 124, 125, 126, 127, 128, 129, 130, 131, 132, 133, 134, 135, 136, 137, 138, 139, 140, 141, 142, 143, 144, 145, 146, 147, 148, 149, 150, 151, 152, 153, 154, 155, 156, 157, 158, 159, 160, 161, 162, 163, 164, 165, 166, 167, 168, 169, 170, 171, 172, 173, 174, 175, 176, 177, 178, 179, 180, 181, 182, 183, 184, 185, 186, 187, 188, 189, 190, 191, 192, 193, 194, 195, 196, 197, 198, 199, 200]","{7: [RollingMean(window_size=7)], 30: [RollingMean(window_size=30)], 60: [RollingMean(window_size=60)]}",lags_200_features_200,145.91668242307156,128.66457858121706,126.77088945740431,114.38817583127974,97.04802135367676,85.62326385462183,74.10101743566766,66.83985079017535,86.2044894423342,116.58506775597499,116.11560232705554
SGD_Ridge,"AutoSeasonalDifferences(max_diffs=380, n_seasons=10, season_length=267) | LocalMinMaxScaler(stats_=[[  5.11211699 325.92896936]])","[1, 2, 3, 4, 5, 6, 7, 8, 9, 10, 11, 12, 13, 14, 15, 16, 17, 18, 19, 20, 21, 22, 23, 24, 25, 26, 27, 28, 29, 30, 31, 32, 33, 34, 35, 36, 37, 38, 39, 40, 41, 42, 43, 44, 45, 46, 47, 48, 49, 50, 51, 52, 53, 54, 55, 56, 57, 58, 59, 60, 61, 62, 63, 64, 65, 66, 67, 68, 69, 70, 71, 72, 73, 74, 75, 76, 77, 78, 79, 80, 81, 82, 83, 84, 85, 86, 87, 88, 89, 90, 91, 92, 93, 94, 95, 96, 97, 98, 99, 100, 101, 102, 103, 104, 105, 106, 107, 108, 109, 110, 111, 112, 113, 114, 115, 116, 117, 118, 119, 120, 121, 122, 123, 124, 125, 126, 127, 128, 129, 130, 131, 132, 133, 134, 135, 136, 137, 138, 139, 140, 141, 142, 143, 144, 145, 146, 147, 148, 149, 150, 151, 152, 153, 154, 155, 156, 157, 158, 159, 160, 161, 162, 163, 164, 165, 166, 167, 168, 169, 170, 171, 172, 173, 174, 175, 176, 177, 178, 179, 180, 181, 182, 183, 184, 185, 186, 187, 188, 189, 190, 191, 192, 193, 194, 195, 196, 197, 198, 199, 200]","{7: [RollingMean(window_size=7)], 30: [RollingMean(window_size=30)], 60: [RollingMean(window_size=60)]}",lags_200_features_200,99.47144207369548,101.89998264100058,120.56340158271661,124.85677055837863,117.148959126758,110.78371391851223,93.96328742239413,81.19539602962253,92.75741578394371,135.24470020913162,136.5344229493756
SGDRegressor,"AutoSeasonalDifferences(max_diffs=380, n_seasons=10, season_length=267) | LocalMinMaxScaler(stats_=[[  5.11211699 325.92896936]])","[1, 2, 3, 4, 5, 6, 7, 8, 9, 10, 11, 12, 13, 14, 15, 16, 17, 18, 19, 20, 21, 22, 23, 24, 25, 26, 27, 28, 29, 30, 31, 32, 33, 34, 35, 36, 37, 38, 39, 40, 41, 42, 43, 44, 45, 46, 47, 48, 49, 50, 51, 52, 53, 54, 55, 56, 57, 58, 59, 60, 61, 62, 63, 64, 65, 66, 67, 68, 69, 70, 71, 72, 73, 74, 75, 76, 77, 78, 79, 80, 81, 82, 83, 84, 85, 86, 87, 88, 89, 90, 91, 92, 93, 94, 95, 96, 97, 98, 99, 100, 101, 102, 103, 104, 105, 106, 107, 108, 109, 110, 111, 112, 113, 114, 115, 116, 117, 118, 119, 120, 121, 122, 123, 124, 125, 126, 127, 128, 129, 130, 131, 132, 133, 134, 135, 136, 137, 138, 139, 140, 141, 142, 143, 144, 145, 146, 147, 148, 149, 150, 151, 152, 153, 154, 155, 156, 157, 158, 159, 160, 161, 162, 163, 164, 165, 166, 167, 168, 169, 170, 171, 172, 173, 174, 175, 176, 177, 178, 179, 180, 181, 182, 183, 184, 185, 186, 187, 188, 189, 190, 191, 192, 193, 194, 195, 196, 197, 198, 199, 200]","{7: [RollingMean(window_size=7)], 30: [RollingMean(window_size=30)], 60: [RollingMean(window_size=60)]}",lags_200_features_200,15.707400367534019,22.910683255427998,50.813174705400066,74.77204137147234,87.74693351034443,100.9622320764646,94.67247051525585,83.54918147602126,83.17036636486289,94.45660935000585,99.70066781791502
XGBRegressor,"AutoSeasonalDifferences(max_diffs=380, n_seasons=10, season_length=267) | LocalMinMaxScaler(stats_=[[  5.11211699 325.92896936]])","[1, 2, 3, 4, 5, 6, 7, 8, 9, 10, 11, 12, 13, 14, 15, 16, 17, 18, 19, 20, 21, 22, 23, 24, 25, 26, 27, 28, 29, 30, 31, 32, 33, 34, 35, 36, 37, 38, 39, 40, 41, 42, 43, 44, 45, 46, 47, 48, 49, 50, 51, 52, 53, 54, 55, 56, 57, 58, 59, 60, 61, 62, 63, 64, 65, 66, 67, 68, 69, 70, 71, 72, 73, 74, 75, 76, 77, 78, 79, 80, 81, 82, 83, 84, 85, 86, 87, 88, 89, 90, 91, 92, 93, 94, 95, 96, 97, 98, 99, 100, 101, 102, 103, 104, 105, 106, 107, 108, 109, 110, 111, 112, 113, 114, 115, 116, 117, 118, 119, 120, 121, 122, 123, 124, 125, 126, 127, 128, 129, 130, 131, 132, 133, 134, 135, 136, 137, 138, 139, 140, 141, 142, 143, 144, 145, 146, 147, 148, 149, 150, 151, 152, 153, 154, 155, 156, 157, 158, 159, 160, 161, 162, 163, 164, 165, 166, 167, 168, 169, 170, 171, 172, 173, 174, 175, 176, 177, 178, 179, 180, 181, 182, 183, 184, 185, 186, 187, 188, 189, 190, 191, 192, 193, 194, 195, 196, 197, 198, 199, 200]","{7: [RollingMean(window_size=7)], 30: [RollingMean(window_size=30)], 60: [RollingMean(window_size=60)]}",lags_200_features_200,16.411336343025955,23.080003366774683,24.80140594864767,24.882659300698958,25.739731033199615,26.410552949439726,34.12940024497574,34.52654900426244,40.868963329982954,52.30251368620308,51.58301684161927
LGBMRegressor,"AutoSeasonalDifferences(max_diffs=380, n_seasons=10, season_length=267) | LocalMinMaxScaler(stats_=[[  5.11211699 325.92896936]])","[1, 2, 3, 4, 5, 6, 7, 8, 9, 10, 11, 12, 13, 14, 15, 16, 17, 18, 19, 20, 21, 22, 23, 24, 25, 26, 27, 28, 29, 30, 31, 32, 33, 34, 35, 36, 37, 38, 39, 40, 41, 42, 43, 44, 45, 46, 47, 48, 49, 50, 51, 52, 53, 54, 55, 56, 57, 58, 59, 60, 61, 62, 63, 64, 65, 66, 67, 68, 69, 70, 71, 72, 73, 74, 75, 76, 77, 78, 79, 80, 81, 82, 83, 84, 85, 86, 87, 88, 89, 90, 91, 92, 93, 94, 95, 96, 97, 98, 99, 100, 101, 102, 103, 104, 105, 106, 107, 108, 109, 110, 111, 112, 113, 114, 115, 116, 117, 118, 119, 120, 121, 122, 123, 124, 125, 126, 127, 128, 129, 130, 131, 132, 133, 134, 135, 136, 137, 138, 139, 140, 141, 142, 143, 144, 145, 146, 147, 148, 149, 150, 151, 152, 153, 154, 155, 156, 157, 158, 159, 160, 161, 162, 163, 164, 165, 166, 167, 168, 169, 170, 171, 172, 173, 174, 175, 176, 177, 178, 179, 180, 181, 182, 183, 184, 185, 186, 187, 188, 189, 190, 191, 192, 193, 194, 195, 196, 197, 198, 199, 200]","{7: [RollingMean(window_size=7)], 30: [RollingMean(window_size=30)], 60: [RollingMean(window_size=60)]}",lags_200_features_200,16.574852837752598,25.339147367354276,25.936520890141658,25.98460745163809,27.421849585012264,27.601570192348674,32.36182860754424,32.17463898353797,34.129855604378974,34.19427922465355,33.73171423051253
SGD_EarlyStopping,"AutoSeasonalDifferences(max_diffs=380, n_seasons=10, season_length=267) | LocalMinMaxScaler(stats_=[[  5.11211699 325.92896936]])","[1, 2, 3, 4, 5, 6, 7, 8, 9, 10, 11, 12, 13, 14, 15, 16, 17, 18, 19, 20, 21, 22, 23, 24, 25, 26, 27, 28, 29, 30, 31, 32, 33, 34, 35, 36, 37, 38, 39, 40, 41, 42, 43, 44, 45, 46, 47, 48, 49, 50, 51, 52, 53, 54, 55, 56, 57, 58, 59, 60, 61, 62, 63, 64, 65, 66, 67, 68, 69, 70, 71, 72, 73, 74, 75, 76, 77, 78, 79, 80, 81, 82, 83, 84, 85, 86, 87, 88, 89, 90, 91, 92, 93, 94, 95, 96, 97, 98, 99, 100, 101, 102, 103, 104, 105, 106, 107, 108, 109, 110, 111, 112, 113, 114, 115, 116, 117, 118, 119, 120, 121, 122, 123, 124, 125, 126, 127, 128, 129, 130, 131, 132, 133, 134, 135, 136, 137, 138, 139, 140, 141, 142, 143, 144, 145, 146, 147, 148, 149, 150, 151, 152, 153, 154, 155, 156, 157, 158, 159, 160, 161, 162, 163, 164, 165, 166, 167, 168, 169, 170, 171, 172, 173, 174, 175, 176, 177, 178, 179, 180, 181, 182, 183, 184, 185, 186, 187, 188, 189, 190, 191, 192, 193, 194, 195, 196, 197, 198, 199, 200]","{7: [RollingMean(window_size=7), RollingStd(window_size=7)], 30: [RollingMean(window_size=30)], 60: [ExpandingMean()], 14: [ExponentiallyWeightedMean(alpha=0.3)]}",lags_200_features_200,38.45289070344663,57.805474669781084,59.85821939380078,52.43638182509016,46.19870150839658,46.81135659523949,44.43624818938909,42.01852321977269,40.53754160684611,40.391942019518254,41.972943758901984
SGD_ElasticNet,"AutoSeasonalDifferences(max_diffs=380, n_seasons=10, season_length=267) | LocalMinMaxScaler(stats_=[[  5.11211699 325.92896936]])","[1, 2, 3, 4, 5, 6, 7, 8, 9, 10, 11, 12, 13, 14, 15, 16, 17, 18, 19, 20, 21, 22, 23, 24, 25, 26, 27, 28, 29, 30, 31, 32, 33, 34, 35, 36, 37, 38, 39, 40, 41, 42, 43, 44, 45, 46, 47, 48, 49, 50, 51, 52, 53, 54, 55, 56, 57, 58, 59, 60, 61, 62, 63, 64, 65, 66, 67, 68, 69, 70, 71, 72, 73, 74, 75, 76, 77, 78, 79, 80, 81, 82, 83, 84, 85, 86, 87, 88, 89, 90, 91, 92, 93, 94, 95, 96, 97, 98, 99, 100, 101, 102, 103, 104, 105, 106, 107, 108, 109, 110, 111, 112, 113, 114, 115, 116, 117, 118, 119, 120, 121, 122, 123, 124, 125, 126, 127, 128, 129, 130, 131, 132, 133, 134, 135, 136, 137, 138, 139, 140, 141, 142, 143, 144, 145, 146, 147, 148, 149, 150, 151, 152, 153, 154, 155, 156, 157, 158, 159, 160, 161, 162, 163, 164, 165, 166, 167, 168, 169, 170, 171, 172, 173, 174, 175, 176, 177, 178, 179, 180, 181, 182, 183, 184, 185, 186, 187, 188, 189, 190, 191, 192, 193, 194, 195, 196, 197, 198, 199, 200]","{7: [RollingMean(window_size=7), RollingStd(window_size=7)], 30: [RollingMean(window_size=30)], 60: [ExpandingMean()], 14: [ExponentiallyWeightedMean(alpha=0.3)]}",lags_200_features_200,33.169227718777414,41.683120440322696,70.39205193136345,91.17476048830329,99.69943264312957,108.40464174645106,97.78563431110867,85.39750781128839,76.43036746096104,92.49279527770156,97.17054819312449
SGD_Lasso,"AutoSeasonalDifferences(max_diffs=380, n_seasons=10, season_length=267) | LocalMinMaxScaler(stats_=[[  5.11211699 325.92896936]])","[1, 2, 3, 4, 5, 6, 7, 8, 9, 10, 11, 12, 13, 14, 15, 16, 17, 18, 19, 20, 21, 22, 23, 24, 25, 26, 27, 28, 29, 30, 31, 32, 33, 34, 35, 36, 37, 38, 39, 40, 41, 42, 43, 44, 45, 46, 47, 48, 49, 50, 51, 52, 53, 54, 55, 56, 57, 58, 59, 60, 61, 62, 63, 64, 65, 66, 67, 68, 69, 70, 71, 72, 73, 74, 75, 76, 77, 78, 79, 80, 81, 82, 83, 84, 85, 86, 87, 88, 89, 90, 91, 92, 93, 94, 95, 96, 97, 98, 99, 100, 101, 102, 103, 104, 105, 106, 107, 108, 109, 110, 111, 112, 113, 114, 115, 116, 117, 118, 119, 120, 121, 122, 123, 124, 125, 126, 127, 128, 129, 130, 131, 132, 133, 134, 135, 136, 137, 138, 139, 140, 141, 142, 143, 144, 145, 146, 147, 148, 149, 150, 151, 152, 153, 154, 155, 156, 157, 158, 159, 160, 161, 162, 163, 164, 165, 166, 167, 168, 169, 170, 171, 172, 173, 174, 175, 176, 177, 178, 179, 180, 181, 182, 183, 184, 185, 186, 187, 188, 189, 190, 191, 192, 193, 194, 195, 196, 197, 198, 199, 200]","{7: [RollingMean(window_size=7), RollingStd(window_size=7)], 30: [RollingMean(window_size=30)], 60: [ExpandingMean()], 14: [ExponentiallyWeightedMean(alpha=0.3)]}",lags_200_features_200,145.91668242307156,128.66457858121706,126.77088945740431,114.38817583127974,97.04802135367676,85.62326385462183,74.10101743566766,66.83985079017535,86.2044894423342,116.58506775597499,116.11560232705554
SGD_Ridge,"AutoSeasonalDifferences(max_diffs=380, n_seasons=10, season_length=267) | LocalMinMaxScaler(stats_=[[  5.11211699 325.92896936]])","[1, 2, 3, 4, 5, 6, 7, 8, 9, 10, 11, 12, 13, 14, 15, 16, 17, 18, 19, 20, 21, 22, 23, 24, 25, 26, 27, 28, 29, 30, 31, 32, 33, 34, 35, 36, 37, 38, 39, 40, 41, 42, 43, 44, 45, 46, 47, 48, 49, 50, 51, 52, 53, 54, 55, 56, 57, 58, 59, 60, 61, 62, 63, 64, 65, 66, 67, 68, 69, 70, 71, 72, 73, 74, 75, 76, 77, 78, 79, 80, 81, 82, 83, 84, 85, 86, 87, 88, 89, 90, 91, 92, 93, 94, 95, 96, 97, 98, 99, 100, 101, 102, 103, 104, 105, 106, 107, 108, 109, 110, 111, 112, 113, 114, 115, 116, 117, 118, 119, 120, 121, 122, 123, 124, 125, 126, 127, 128, 129, 130, 131, 132, 133, 134, 135, 136, 137, 138, 139, 140, 141, 142, 143, 144, 145, 146, 147, 148, 149, 150, 151, 152, 153, 154, 155, 156, 157, 158, 159, 160, 161, 162, 163, 164, 165, 166, 167, 168, 169, 170, 171, 172, 173, 174, 175, 176, 177, 178, 179, 180, 181, 182, 183, 184, 185, 186, 187, 188, 189, 190, 191, 192, 193, 194, 195, 196, 197, 198, 199, 200]","{7: [RollingMean(window_size=7), RollingStd(window_size=7)], 30: [RollingMean(window_size=30)], 60: [ExpandingMean()], 14: [ExponentiallyWeightedMean(alpha=0.3)]}",lags_200_features_200,99.40413632905266,101.97742259116463,120.7363059117984,125.09102988432856,117.41622188693984,111.0788224128062,94.1931826286493,81.37661428734813,92.8632120840899,135.41011043046888,136.7136699723135
SGDRegressor,"AutoSeasonalDifferences(max_diffs=380, n_seasons=10, season_length=267) | LocalMinMaxScaler(stats_=[[  5.11211699 325.92896936]])","[1, 2, 3, 4, 5, 6, 7, 8, 9, 10, 11, 12, 13, 14, 15, 16, 17, 18, 19, 20, 21, 22, 23, 24, 25, 26, 27, 28, 29, 30, 31, 32, 33, 34, 35, 36, 37, 38, 39, 40, 41, 42, 43, 44, 45, 46, 47, 48, 49, 50, 51, 52, 53, 54, 55, 56, 57, 58, 59, 60, 61, 62, 63, 64, 65, 66, 67, 68, 69, 70, 71, 72, 73, 74, 75, 76, 77, 78, 79, 80, 81, 82, 83, 84, 85, 86, 87, 88, 89, 90, 91, 92, 93, 94, 95, 96, 97, 98, 99, 100, 101, 102, 103, 104, 105, 106, 107, 108, 109, 110, 111, 112, 113, 114, 115, 116, 117, 118, 119, 120, 121, 122, 123, 124, 125, 126, 127, 128, 129, 130, 131, 132, 133, 134, 135, 136, 137, 138, 139, 140, 141, 142, 143, 144, 145, 146, 147, 148, 149, 150, 151, 152, 153, 154, 155, 156, 157, 158, 159, 160, 161, 162, 163, 164, 165, 166, 167, 168, 169, 170, 171, 172, 173, 174, 175, 176, 177, 178, 179, 180, 181, 182, 183, 184, 185, 186, 187, 188, 189, 190, 191, 192, 193, 194, 195, 196, 197, 198, 199, 200]","{7: [RollingMean(window_size=7), RollingStd(window_size=7)], 30: [RollingMean(window_size=30)], 60: [ExpandingMean()], 14: [ExponentiallyWeightedMean(alpha=0.3)]}",lags_200_features_200,16.531829251621875,23.798868514262907,52.013818286196546,76.10040772259765,89.06524141919999,102.25704815030714,95.77381189445572,84.42252916772944,84.05171510185882,95.34494700496869,100.62271116821894
XGBRegressor,"AutoSeasonalDifferences(max_diffs=380, n_seasons=10, season_length=267) | LocalMinMaxScaler(stats_=[[  5.11211699 325.92896936]])","[1, 2, 3, 4, 5, 6, 7, 8, 9, 10, 11, 12, 13, 14, 15, 16, 17, 18, 19, 20, 21, 22, 23, 24, 25, 26, 27, 28, 29, 30, 31, 32, 33, 34, 35, 36, 37, 38, 39, 40, 41, 42, 43, 44, 45, 46, 47, 48, 49, 50, 51, 52, 53, 54, 55, 56, 57, 58, 59, 60, 61, 62, 63, 64, 65, 66, 67, 68, 69, 70, 71, 72, 73, 74, 75, 76, 77, 78, 79, 80, 81, 82, 83, 84, 85, 86, 87, 88, 89, 90, 91, 92, 93, 94, 95, 96, 97, 98, 99, 100, 101, 102, 103, 104, 105, 106, 107, 108, 109, 110, 111, 112, 113, 114, 115, 116, 117, 118, 119, 120, 121, 122, 123, 124, 125, 126, 127, 128, 129, 130, 131, 132, 133, 134, 135, 136, 137, 138, 139, 140, 141, 142, 143, 144, 145, 146, 147, 148, 149, 150, 151, 152, 153, 154, 155, 156, 157, 158, 159, 160, 161, 162, 163, 164, 165, 166, 167, 168, 169, 170, 171, 172, 173, 174, 175, 176, 177, 178, 179, 180, 181, 182, 183, 184, 185, 186, 187, 188, 189, 190, 191, 192, 193, 194, 195, 196, 197, 198, 199, 200]","{7: [RollingMean(window_size=7), RollingStd(window_size=7)], 30: [RollingMean(window_size=30)], 60: [ExpandingMean()], 14: [ExponentiallyWeightedMean(alpha=0.3)]}",lags_200_features_200,16.105524038087214,23.64161807000548,25.39015051387977,25.40156600926383,27.294869260063052,28.685123963830378,32.74986630426272,32.87531543898374,50.20230698730869,72.01088353796406,71.53776464444847
LGBMRegressor,"AutoSeasonalDifferences(max_diffs=380, n_seasons=10, season_length=267) | LocalMinMaxScaler(stats_=[[  5.11211699 325.92896936]])","[1, 2, 3, 4, 5, 6, 7, 8, 9, 10, 11, 12, 13, 14, 15, 16, 17, 18, 19, 20, 21, 22, 23, 24, 25, 26, 27, 28, 29, 30, 31, 32, 33, 34, 35, 36, 37, 38, 39, 40, 41, 42, 43, 44, 45, 46, 47, 48, 49, 50, 51, 52, 53, 54, 55, 56, 57, 58, 59, 60, 61, 62, 63, 64, 65, 66, 67, 68, 69, 70, 71, 72, 73, 74, 75, 76, 77, 78, 79, 80, 81, 82, 83, 84, 85, 86, 87, 88, 89, 90, 91, 92, 93, 94, 95, 96, 97, 98, 99, 100, 101, 102, 103, 104, 105, 106, 107, 108, 109, 110, 111, 112, 113, 114, 115, 116, 117, 118, 119, 120, 121, 122, 123, 124, 125, 126, 127, 128, 129, 130, 131, 132, 133, 134, 135, 136, 137, 138, 139, 140, 141, 142, 143, 144, 145, 146, 147, 148, 149, 150, 151, 152, 153, 154, 155, 156, 157, 158, 159, 160, 161, 162, 163, 164, 165, 166, 167, 168, 169, 170, 171, 172, 173, 174, 175, 176, 177, 178, 179, 180, 181, 182, 183, 184, 185, 186, 187, 188, 189, 190, 191, 192, 193, 194, 195, 196, 197, 198, 199, 200]","{7: [RollingMean(window_size=7), RollingStd(window_size=7)], 30: [RollingMean(window_size=30)], 60: [ExpandingMean()], 14: [ExponentiallyWeightedMean(alpha=0.3)]}",lags_200_features_200,15.225675786650203,23.817589462883042,25.33346060436147,26.41219941072192,27.74004046251004,27.69742385562254,32.53037211432985,32.56582324371232,34.82637398270804,34.20735491216547,33.72548749188376
XGBRegressor,"AutoSeasonalDifferences(max_diffs=380, n_seasons=10, season_length=267) | LocalBoxCox(lower=0.0, method=loglik, season_length=None, stats_=[[4.10226185e-05 0.00000000e+00]], upper=2.0)","[1, 2, 3, 4, 5, 6, 7, 8, 9, 10, 11, 12, 13, 14, 15, 16, 17, 18, 19, 20, 21, 22, 23, 24, 25, 26, 27, 28, 29, 30, 31, 32, 33, 34, 35, 36, 37, 38, 39, 40, 41, 42, 43, 44, 45, 46, 47, 48, 49, 50, 51, 52, 53, 54, 55, 56, 57, 58, 59, 60, 61, 62, 63, 64, 65, 66, 67, 68, 69, 70, 71, 72, 73, 74, 75, 76, 77, 78, 79, 80, 81, 82, 83, 84, 85, 86, 87, 88, 89, 90, 91, 92, 93, 94, 95, 96, 97, 98, 99, 100, 101, 102, 103, 104, 105, 106, 107, 108, 109, 110, 111, 112, 113, 114, 115, 116, 117, 118, 119, 120, 121, 122, 123, 124, 125, 126, 127, 128, 129, 130, 131, 132, 133, 134, 135, 136, 137, 138, 139, 140, 141, 142, 143, 144, 145, 146, 147, 148, 149, 150, 151, 152, 153, 154, 155, 156, 157, 158, 159, 160, 161, 162, 163, 164, 165, 166, 167, 168, 169, 170, 171, 172, 173, 174, 175, 176, 177, 178, 179, 180, 181, 182, 183, 184, 185, 186, 187, 188, 189, 190, 191, 192, 193, 194, 195, 196, 197, 198, 199, 200]","{1: [<function expanding_mean at 0x000002C58F7A04A0>], 7: [<function rolling_mean_14 at 0x000002C5930FAA20>], 30: [<function expanding_mean at 0x000002C58F7A04A0>]}",lags_200_features_200,15.9080513159565,23.81685567640078,24.681575440099415,25.607558298265843,27.963614927981585,28.914114852538496,32.59944784860483,50.922008408252815,74.33652894082387,67.66097746305272,66.43936964054237
LGBMRegressor,"AutoSeasonalDifferences(max_diffs=380, n_seasons=10, season_length=267) | LocalBoxCox(lower=0.0, method=loglik, season_length=None, stats_=[[4.10226185e-05 0.00000000e+00]], upper=2.0)","[1, 2, 3, 4, 5, 6, 7, 8, 9, 10, 11, 12, 13, 14, 15, 16, 17, 18, 19, 20, 21, 22, 23, 24, 25, 26, 27, 28, 29, 30, 31, 32, 33, 34, 35, 36, 37, 38, 39, 40, 41, 42, 43, 44, 45, 46, 47, 48, 49, 50, 51, 52, 53, 54, 55, 56, 57, 58, 59, 60, 61, 62, 63, 64, 65, 66, 67, 68, 69, 70, 71, 72, 73, 74, 75, 76, 77, 78, 79, 80, 81, 82, 83, 84, 85, 86, 87, 88, 89, 90, 91, 92, 93, 94, 95, 96, 97, 98, 99, 100, 101, 102, 103, 104, 105, 106, 107, 108, 109, 110, 111, 112, 113, 114, 115, 116, 117, 118, 119, 120, 121, 122, 123, 124, 125, 126, 127, 128, 129, 130, 131, 132, 133, 134, 135, 136, 137, 138, 139, 140, 141, 142, 143, 144, 145, 146, 147, 148, 149, 150, 151, 152, 153, 154, 155, 156, 157, 158, 159, 160, 161, 162, 163, 164, 165, 166, 167, 168, 169, 170, 171, 172, 173, 174, 175, 176, 177, 178, 179, 180, 181, 182, 183, 184, 185, 186, 187, 188, 189, 190, 191, 192, 193, 194, 195, 196, 197, 198, 199, 200]","{1: [<function expanding_mean at 0x000002C58F7A04A0>], 7: [<function rolling_mean_14 at 0x000002C5930FAA20>], 30: [<function expanding_mean at 0x000002C58F7A04A0>]}",lags_200_features_200,15.023633854697138,22.352376389114962,23.44643600623942,23.856612137964657,25.271962435229756,25.409581266525482,28.725584894401084,41.42134574457986,57.729095725827285,64.25972407726692,63.28060664973796
XGBRegressor,"AutoSeasonalDifferences(max_diffs=380, n_seasons=10, season_length=267) | LocalBoxCox(lower=0.0, method=loglik, season_length=None, stats_=[[4.10226185e-05 0.00000000e+00]], upper=2.0)","[1, 2, 3, 4, 5, 6, 7, 8, 9, 10, 11, 12, 13, 14, 15, 16, 17, 18, 19, 20, 21, 22, 23, 24, 25, 26, 27, 28, 29, 30, 31, 32, 33, 34, 35, 36, 37, 38, 39, 40, 41, 42, 43, 44, 45, 46, 47, 48, 49, 50, 51, 52, 53, 54, 55, 56, 57, 58, 59, 60, 61, 62, 63, 64, 65, 66, 67, 68, 69, 70, 71, 72, 73, 74, 75, 76, 77, 78, 79, 80, 81, 82, 83, 84, 85, 86, 87, 88, 89, 90, 91, 92, 93, 94, 95, 96, 97, 98, 99, 100, 101, 102, 103, 104, 105, 106, 107, 108, 109, 110, 111, 112, 113, 114, 115, 116, 117, 118, 119, 120, 121, 122, 123, 124, 125, 126, 127, 128, 129, 130, 131, 132, 133, 134, 135, 136, 137, 138, 139, 140, 141, 142, 143, 144, 145, 146, 147, 148, 149, 150, 151, 152, 153, 154, 155, 156, 157, 158, 159, 160, 161, 162, 163, 164, 165, 166, 167, 168, 169, 170, 171, 172, 173, 174, 175, 176, 177, 178, 179, 180, 181, 182, 183, 184, 185, 186, 187, 188, 189, 190, 191, 192, 193, 194, 195, 196, 197, 198, 199, 200]","{1: [<function rolling_mean_14 at 0x000002C5930FAA20>], 7: [<function rolling_mean_30 at 0x000002C58DBF9260>], 30: [<function expanding_mean at 0x000002C58F7A04A0>]}",lags_200_features_200,20.700739673398775,26.502363629977143,27.59682448596765,29.05994700026936,31.25443252735697,30.838955218182335,34.96332910642496,48.401424974736436,65.38104984890603,58.527939563287134,57.662397961944976
LGBMRegressor,"AutoSeasonalDifferences(max_diffs=380, n_seasons=10, season_length=267) | LocalBoxCox(lower=0.0, method=loglik, season_length=None, stats_=[[4.10226185e-05 0.00000000e+00]], upper=2.0)","[1, 2, 3, 4, 5, 6, 7, 8, 9, 10, 11, 12, 13, 14, 15, 16, 17, 18, 19, 20, 21, 22, 23, 24, 25, 26, 27, 28, 29, 30, 31, 32, 33, 34, 35, 36, 37, 38, 39, 40, 41, 42, 43, 44, 45, 46, 47, 48, 49, 50, 51, 52, 53, 54, 55, 56, 57, 58, 59, 60, 61, 62, 63, 64, 65, 66, 67, 68, 69, 70, 71, 72, 73, 74, 75, 76, 77, 78, 79, 80, 81, 82, 83, 84, 85, 86, 87, 88, 89, 90, 91, 92, 93, 94, 95, 96, 97, 98, 99, 100, 101, 102, 103, 104, 105, 106, 107, 108, 109, 110, 111, 112, 113, 114, 115, 116, 117, 118, 119, 120, 121, 122, 123, 124, 125, 126, 127, 128, 129, 130, 131, 132, 133, 134, 135, 136, 137, 138, 139, 140, 141, 142, 143, 144, 145, 146, 147, 148, 149, 150, 151, 152, 153, 154, 155, 156, 157, 158, 159, 160, 161, 162, 163, 164, 165, 166, 167, 168, 169, 170, 171, 172, 173, 174, 175, 176, 177, 178, 179, 180, 181, 182, 183, 184, 185, 186, 187, 188, 189, 190, 191, 192, 193, 194, 195, 196, 197, 198, 199, 200]","{1: [<function rolling_mean_14 at 0x000002C5930FAA20>], 7: [<function rolling_mean_30 at 0x000002C58DBF9260>], 30: [<function expanding_mean at 0x000002C58F7A04A0>]}",lags_200_features_200,17.271941712783427,24.486555540429084,24.92012098420991,25.27301869760502,26.45963985920769,26.727551823266793,30.127030341185296,42.834549082365655,60.14687372525533,57.436835880671524,56.51100568401741
XGBRegressor,"AutoSeasonalDifferences(max_diffs=380, n_seasons=10, season_length=267) | LocalBoxCox(lower=0.0, method=loglik, season_length=None, stats_=[[4.10226185e-05 0.00000000e+00]], upper=2.0)","[1, 2, 3, 4, 5, 6, 7, 8, 9, 10, 11, 12, 13, 14, 15, 16, 17, 18, 19, 20, 21, 22, 23, 24, 25, 26, 27, 28, 29, 30, 31, 32, 33, 34, 35, 36, 37, 38, 39, 40, 41, 42, 43, 44, 45, 46, 47, 48, 49, 50, 51, 52, 53, 54, 55, 56, 57, 58, 59, 60, 61, 62, 63, 64, 65, 66, 67, 68, 69, 70, 71, 72, 73, 74, 75, 76, 77, 78, 79, 80, 81, 82, 83, 84, 85, 86, 87, 88, 89, 90, 91, 92, 93, 94, 95, 96, 97, 98, 99, 100, 101, 102, 103, 104, 105, 106, 107, 108, 109, 110, 111, 112, 113, 114, 115, 116, 117, 118, 119, 120, 121, 122, 123, 124, 125, 126, 127, 128, 129, 130, 131, 132, 133, 134, 135, 136, 137, 138, 139, 140, 141, 142, 143, 144, 145, 146, 147, 148, 149, 150, 151, 152, 153, 154, 155, 156, 157, 158, 159, 160, 161, 162, 163, 164, 165, 166, 167, 168, 169, 170, 171, 172, 173, 174, 175, 176, 177, 178, 179, 180, 181, 182, 183, 184, 185, 186, 187, 188, 189, 190, 191, 192, 193, 194, 195, 196, 197, 198, 199, 200]","{7: [RollingMean(window_size=7)], 30: [RollingMean(window_size=30)], 60: [RollingMean(window_size=60)]}",lags_200_features_200,13.991819595022056,21.88857349741446,24.486048577507383,26.194251194983277,27.873496444988643,27.950956848985648,32.352690362933,47.175809823271514,65.26749343055405,58.841006292482,57.95998976039427
LGBMRegressor,"AutoSeasonalDifferences(max_diffs=380, n_seasons=10, season_length=267) | LocalBoxCox(lower=0.0, method=loglik, season_length=None, stats_=[[4.10226185e-05 0.00000000e+00]], upper=2.0)","[1, 2, 3, 4, 5, 6, 7, 8, 9, 10, 11, 12, 13, 14, 15, 16, 17, 18, 19, 20, 21, 22, 23, 24, 25, 26, 27, 28, 29, 30, 31, 32, 33, 34, 35, 36, 37, 38, 39, 40, 41, 42, 43, 44, 45, 46, 47, 48, 49, 50, 51, 52, 53, 54, 55, 56, 57, 58, 59, 60, 61, 62, 63, 64, 65, 66, 67, 68, 69, 70, 71, 72, 73, 74, 75, 76, 77, 78, 79, 80, 81, 82, 83, 84, 85, 86, 87, 88, 89, 90, 91, 92, 93, 94, 95, 96, 97, 98, 99, 100, 101, 102, 103, 104, 105, 106, 107, 108, 109, 110, 111, 112, 113, 114, 115, 116, 117, 118, 119, 120, 121, 122, 123, 124, 125, 126, 127, 128, 129, 130, 131, 132, 133, 134, 135, 136, 137, 138, 139, 140, 141, 142, 143, 144, 145, 146, 147, 148, 149, 150, 151, 152, 153, 154, 155, 156, 157, 158, 159, 160, 161, 162, 163, 164, 165, 166, 167, 168, 169, 170, 171, 172, 173, 174, 175, 176, 177, 178, 179, 180, 181, 182, 183, 184, 185, 186, 187, 188, 189, 190, 191, 192, 193, 194, 195, 196, 197, 198, 199, 200]","{7: [RollingMean(window_size=7)], 30: [RollingMean(window_size=30)], 60: [RollingMean(window_size=60)]}",lags_200_features_200,15.565382331728719,21.778176284271673,22.952782978344512,23.684612618839214,25.27018397642268,25.413922056608797,28.51498411508691,41.41758323438541,56.789321428551375,53.30303450257674,52.4460913702514
XGBRegressor,"AutoSeasonalDifferences(max_diffs=380, n_seasons=10, season_length=267) | LocalBoxCox(lower=0.0, method=loglik, season_length=None, stats_=[[4.10226185e-05 0.00000000e+00]], upper=2.0)","[1, 2, 3, 4, 5, 6, 7, 8, 9, 10, 11, 12, 13, 14, 15, 16, 17, 18, 19, 20, 21, 22, 23, 24, 25, 26, 27, 28, 29, 30, 31, 32, 33, 34, 35, 36, 37, 38, 39, 40, 41, 42, 43, 44, 45, 46, 47, 48, 49, 50, 51, 52, 53, 54, 55, 56, 57, 58, 59, 60, 61, 62, 63, 64, 65, 66, 67, 68, 69, 70, 71, 72, 73, 74, 75, 76, 77, 78, 79, 80, 81, 82, 83, 84, 85, 86, 87, 88, 89, 90, 91, 92, 93, 94, 95, 96, 97, 98, 99, 100, 101, 102, 103, 104, 105, 106, 107, 108, 109, 110, 111, 112, 113, 114, 115, 116, 117, 118, 119, 120, 121, 122, 123, 124, 125, 126, 127, 128, 129, 130, 131, 132, 133, 134, 135, 136, 137, 138, 139, 140, 141, 142, 143, 144, 145, 146, 147, 148, 149, 150, 151, 152, 153, 154, 155, 156, 157, 158, 159, 160, 161, 162, 163, 164, 165, 166, 167, 168, 169, 170, 171, 172, 173, 174, 175, 176, 177, 178, 179, 180, 181, 182, 183, 184, 185, 186, 187, 188, 189, 190, 191, 192, 193, 194, 195, 196, 197, 198, 199, 200]","{7: [RollingMean(window_size=7), RollingStd(window_size=7)], 30: [RollingMean(window_size=30)], 60: [ExpandingMean()], 14: [ExponentiallyWeightedMean(alpha=0.3)]}",lags_200_features_200,18.944902791536897,26.284882554750627,27.08361209580098,27.644932530528738,29.4202155274283,29.94509768905605,33.90229061529075,49.76107469619012,69.60151580621046,61.61424886739736,60.69043126729452
LGBMRegressor,"AutoSeasonalDifferences(max_diffs=380, n_seasons=10, season_length=267) | LocalBoxCox(lower=0.0, method=loglik, season_length=None, stats_=[[4.10226185e-05 0.00000000e+00]], upper=2.0)","[1, 2, 3, 4, 5, 6, 7, 8, 9, 10, 11, 12, 13, 14, 15, 16, 17, 18, 19, 20, 21, 22, 23, 24, 25, 26, 27, 28, 29, 30, 31, 32, 33, 34, 35, 36, 37, 38, 39, 40, 41, 42, 43, 44, 45, 46, 47, 48, 49, 50, 51, 52, 53, 54, 55, 56, 57, 58, 59, 60, 61, 62, 63, 64, 65, 66, 67, 68, 69, 70, 71, 72, 73, 74, 75, 76, 77, 78, 79, 80, 81, 82, 83, 84, 85, 86, 87, 88, 89, 90, 91, 92, 93, 94, 95, 96, 97, 98, 99, 100, 101, 102, 103, 104, 105, 106, 107, 108, 109, 110, 111, 112, 113, 114, 115, 116, 117, 118, 119, 120, 121, 122, 123, 124, 125, 126, 127, 128, 129, 130, 131, 132, 133, 134, 135, 136, 137, 138, 139, 140, 141, 142, 143, 144, 145, 146, 147, 148, 149, 150, 151, 152, 153, 154, 155, 156, 157, 158, 159, 160, 161, 162, 163, 164, 165, 166, 167, 168, 169, 170, 171, 172, 173, 174, 175, 176, 177, 178, 179, 180, 181, 182, 183, 184, 185, 186, 187, 188, 189, 190, 191, 192, 193, 194, 195, 196, 197, 198, 199, 200]","{7: [RollingMean(window_size=7), RollingStd(window_size=7)], 30: [RollingMean(window_size=30)], 60: [ExpandingMean()], 14: [ExponentiallyWeightedMean(alpha=0.3)]}",lags_200_features_200,16.021085098292442,22.09419621709819,23.13583641842825,23.79836941991866,25.837641602381183,26.139091630269334,30.40626231688134,44.497777053633,63.30767694666203,60.29735328900758,59.25387000668324
SGD_EarlyStopping,"AutoSeasonalityAndDifferences(max_diffs=380, max_season_length=267, n_seasons=10) | LocalStandardScaler(stats_=[[47.42372721 38.3630083 ]])","[1, 2, 3, 4, 5, 6, 7, 8, 9, 10, 11, 12, 13, 14, 15, 16, 17, 18, 19, 20, 21, 22, 23, 24, 25, 26, 27, 28, 29, 30, 31, 32, 33, 34, 35, 36, 37, 38, 39, 40, 41, 42, 43, 44, 45, 46, 47, 48, 49, 50, 51, 52, 53, 54, 55, 56, 57, 58, 59, 60, 61, 62, 63, 64, 65, 66, 67, 68, 69, 70, 71, 72, 73, 74, 75, 76, 77, 78, 79, 80, 81, 82, 83, 84, 85, 86, 87, 88, 89, 90, 91, 92, 93, 94, 95, 96, 97, 98, 99, 100, 101, 102, 103, 104, 105, 106, 107, 108, 109, 110, 111, 112, 113, 114, 115, 116, 117, 118, 119, 120, 121, 122, 123, 124, 125, 126, 127, 128, 129, 130, 131, 132, 133, 134, 135, 136, 137, 138, 139, 140, 141, 142, 143, 144, 145, 146, 147, 148, 149, 150, 151, 152, 153, 154, 155, 156, 157, 158, 159, 160, 161, 162, 163, 164, 165, 166, 167, 168, 169, 170, 171, 172, 173, 174, 175, 176, 177, 178, 179, 180, 181, 182, 183, 184, 185, 186, 187, 188, 189, 190, 191, 192, 193, 194, 195, 196, 197, 198, 199, 200]","{1: [<function expanding_mean at 0x000002C58F7A04A0>], 7: [<function rolling_mean_14 at 0x000002C5930FAA20>], 30: [<function expanding_mean at 0x000002C58F7A04A0>]}",lags_200_features_200,58.524125024221874,45.41205970452616,43.39385439282214,56.81699502422155,65.19574013920327,74.71632427934917,69.26215995513662,61.36419555900612,57.10908874098206,75.55596568230887,81.46143302733368
SGD_ElasticNet,"AutoSeasonalityAndDifferences(max_diffs=380, max_season_length=267, n_seasons=10) | LocalStandardScaler(stats_=[[47.42372721 38.3630083 ]])","[1, 2, 3, 4, 5, 6, 7, 8, 9, 10, 11, 12, 13, 14, 15, 16, 17, 18, 19, 20, 21, 22, 23, 24, 25, 26, 27, 28, 29, 30, 31, 32, 33, 34, 35, 36, 37, 38, 39, 40, 41, 42, 43, 44, 45, 46, 47, 48, 49, 50, 51, 52, 53, 54, 55, 56, 57, 58, 59, 60, 61, 62, 63, 64, 65, 66, 67, 68, 69, 70, 71, 72, 73, 74, 75, 76, 77, 78, 79, 80, 81, 82, 83, 84, 85, 86, 87, 88, 89, 90, 91, 92, 93, 94, 95, 96, 97, 98, 99, 100, 101, 102, 103, 104, 105, 106, 107, 108, 109, 110, 111, 112, 113, 114, 115, 116, 117, 118, 119, 120, 121, 122, 123, 124, 125, 126, 127, 128, 129, 130, 131, 132, 133, 134, 135, 136, 137, 138, 139, 140, 141, 142, 143, 144, 145, 146, 147, 148, 149, 150, 151, 152, 153, 154, 155, 156, 157, 158, 159, 160, 161, 162, 163, 164, 165, 166, 167, 168, 169, 170, 171, 172, 173, 174, 175, 176, 177, 178, 179, 180, 181, 182, 183, 184, 185, 186, 187, 188, 189, 190, 191, 192, 193, 194, 195, 196, 197, 198, 199, 200]","{1: [<function expanding_mean at 0x000002C58F7A04A0>], 7: [<function rolling_mean_14 at 0x000002C5930FAA20>], 30: [<function expanding_mean at 0x000002C58F7A04A0>]}",lags_200_features_200,44.199275546160045,34.947093164031074,40.03154128216131,54.233185143442775,64.25353837253294,75.70134900176232,70.38917379929752,79.76683465949134,114.14352825918105,204.27591869796817,211.76563992671774
SGD_Lasso,"AutoSeasonalityAndDifferences(max_diffs=380, max_season_length=267, n_seasons=10) | LocalStandardScaler(stats_=[[47.42372721 38.3630083 ]])","[1, 2, 3, 4, 5, 6, 7, 8, 9, 10, 11, 12, 13, 14, 15, 16, 17, 18, 19, 20, 21, 22, 23, 24, 25, 26, 27, 28, 29, 30, 31, 32, 33, 34, 35, 36, 37, 38, 39, 40, 41, 42, 43, 44, 45, 46, 47, 48, 49, 50, 51, 52, 53, 54, 55, 56, 57, 58, 59, 60, 61, 62, 63, 64, 65, 66, 67, 68, 69, 70, 71, 72, 73, 74, 75, 76, 77, 78, 79, 80, 81, 82, 83, 84, 85, 86, 87, 88, 89, 90, 91, 92, 93, 94, 95, 96, 97, 98, 99, 100, 101, 102, 103, 104, 105, 106, 107, 108, 109, 110, 111, 112, 113, 114, 115, 116, 117, 118, 119, 120, 121, 122, 123, 124, 125, 126, 127, 128, 129, 130, 131, 132, 133, 134, 135, 136, 137, 138, 139, 140, 141, 142, 143, 144, 145, 146, 147, 148, 149, 150, 151, 152, 153, 154, 155, 156, 157, 158, 159, 160, 161, 162, 163, 164, 165, 166, 167, 168, 169, 170, 171, 172, 173, 174, 175, 176, 177, 178, 179, 180, 181, 182, 183, 184, 185, 186, 187, 188, 189, 190, 191, 192, 193, 194, 195, 196, 197, 198, 199, 200]","{1: [<function expanding_mean at 0x000002C58F7A04A0>], 7: [<function rolling_mean_14 at 0x000002C5930FAA20>], 30: [<function expanding_mean at 0x000002C58F7A04A0>]}",lags_200_features_200,146.09119090060258,128.82684454495853,126.9318116131428,114.5403109113253,97.18312060773864,85.74237110650539,74.1837603623808,66.91424770609706,86.2999607637248,116.71126385873609,116.24224457969359
SGD_Ridge,"AutoSeasonalityAndDifferences(max_diffs=380, max_season_length=267, n_seasons=10) | LocalStandardScaler(stats_=[[47.42372721 38.3630083 ]])","[1, 2, 3, 4, 5, 6, 7, 8, 9, 10, 11, 12, 13, 14, 15, 16, 17, 18, 19, 20, 21, 22, 23, 24, 25, 26, 27, 28, 29, 30, 31, 32, 33, 34, 35, 36, 37, 38, 39, 40, 41, 42, 43, 44, 45, 46, 47, 48, 49, 50, 51, 52, 53, 54, 55, 56, 57, 58, 59, 60, 61, 62, 63, 64, 65, 66, 67, 68, 69, 70, 71, 72, 73, 74, 75, 76, 77, 78, 79, 80, 81, 82, 83, 84, 85, 86, 87, 88, 89, 90, 91, 92, 93, 94, 95, 96, 97, 98, 99, 100, 101, 102, 103, 104, 105, 106, 107, 108, 109, 110, 111, 112, 113, 114, 115, 116, 117, 118, 119, 120, 121, 122, 123, 124, 125, 126, 127, 128, 129, 130, 131, 132, 133, 134, 135, 136, 137, 138, 139, 140, 141, 142, 143, 144, 145, 146, 147, 148, 149, 150, 151, 152, 153, 154, 155, 156, 157, 158, 159, 160, 161, 162, 163, 164, 165, 166, 167, 168, 169, 170, 171, 172, 173, 174, 175, 176, 177, 178, 179, 180, 181, 182, 183, 184, 185, 186, 187, 188, 189, 190, 191, 192, 193, 194, 195, 196, 197, 198, 199, 200]","{1: [<function expanding_mean at 0x000002C58F7A04A0>], 7: [<function rolling_mean_14 at 0x000002C5930FAA20>], 30: [<function expanding_mean at 0x000002C58F7A04A0>]}",lags_200_features_200,30.710879151402736,43.74080326402379,37.80426532083992,56.51262928255216,77.02960977253028,99.66967052067083,100.4755373739104,90.98634011668604,141.43305875914936,206.6993196942418,217.51900509953833
SGDRegressor,"AutoSeasonalityAndDifferences(max_diffs=380, max_season_length=267, n_seasons=10) | LocalStandardScaler(stats_=[[47.42372721 38.3630083 ]])","[1, 2, 3, 4, 5, 6, 7, 8, 9, 10, 11, 12, 13, 14, 15, 16, 17, 18, 19, 20, 21, 22, 23, 24, 25, 26, 27, 28, 29, 30, 31, 32, 33, 34, 35, 36, 37, 38, 39, 40, 41, 42, 43, 44, 45, 46, 47, 48, 49, 50, 51, 52, 53, 54, 55, 56, 57, 58, 59, 60, 61, 62, 63, 64, 65, 66, 67, 68, 69, 70, 71, 72, 73, 74, 75, 76, 77, 78, 79, 80, 81, 82, 83, 84, 85, 86, 87, 88, 89, 90, 91, 92, 93, 94, 95, 96, 97, 98, 99, 100, 101, 102, 103, 104, 105, 106, 107, 108, 109, 110, 111, 112, 113, 114, 115, 116, 117, 118, 119, 120, 121, 122, 123, 124, 125, 126, 127, 128, 129, 130, 131, 132, 133, 134, 135, 136, 137, 138, 139, 140, 141, 142, 143, 144, 145, 146, 147, 148, 149, 150, 151, 152, 153, 154, 155, 156, 157, 158, 159, 160, 161, 162, 163, 164, 165, 166, 167, 168, 169, 170, 171, 172, 173, 174, 175, 176, 177, 178, 179, 180, 181, 182, 183, 184, 185, 186, 187, 188, 189, 190, 191, 192, 193, 194, 195, 196, 197, 198, 199, 200]","{1: [<function expanding_mean at 0x000002C58F7A04A0>], 7: [<function rolling_mean_14 at 0x000002C5930FAA20>], 30: [<function expanding_mean at 0x000002C58F7A04A0>]}",lags_200_features_200,49.34016200019332,38.39684541854655,45.88977719915683,60.1141984215601,68.60667156154304,77.71646391708613,70.82907290652875,81.61449779293363,104.9371674306518,211.42366759586807,215.6116474303421
XGBRegressor,"AutoSeasonalityAndDifferences(max_diffs=380, max_season_length=267, n_seasons=10) | LocalStandardScaler(stats_=[[47.42372721 38.3630083 ]])","[1, 2, 3, 4, 5, 6, 7, 8, 9, 10, 11, 12, 13, 14, 15, 16, 17, 18, 19, 20, 21, 22, 23, 24, 25, 26, 27, 28, 29, 30, 31, 32, 33, 34, 35, 36, 37, 38, 39, 40, 41, 42, 43, 44, 45, 46, 47, 48, 49, 50, 51, 52, 53, 54, 55, 56, 57, 58, 59, 60, 61, 62, 63, 64, 65, 66, 67, 68, 69, 70, 71, 72, 73, 74, 75, 76, 77, 78, 79, 80, 81, 82, 83, 84, 85, 86, 87, 88, 89, 90, 91, 92, 93, 94, 95, 96, 97, 98, 99, 100, 101, 102, 103, 104, 105, 106, 107, 108, 109, 110, 111, 112, 113, 114, 115, 116, 117, 118, 119, 120, 121, 122, 123, 124, 125, 126, 127, 128, 129, 130, 131, 132, 133, 134, 135, 136, 137, 138, 139, 140, 141, 142, 143, 144, 145, 146, 147, 148, 149, 150, 151, 152, 153, 154, 155, 156, 157, 158, 159, 160, 161, 162, 163, 164, 165, 166, 167, 168, 169, 170, 171, 172, 173, 174, 175, 176, 177, 178, 179, 180, 181, 182, 183, 184, 185, 186, 187, 188, 189, 190, 191, 192, 193, 194, 195, 196, 197, 198, 199, 200]","{1: [<function expanding_mean at 0x000002C58F7A04A0>], 7: [<function rolling_mean_14 at 0x000002C5930FAA20>], 30: [<function expanding_mean at 0x000002C58F7A04A0>]}",lags_200_features_200,19.301863731913592,25.17196110172274,25.865975651250633,26.577508219182317,27.133806307111076,27.208818593466788,34.063210081421005,33.7489953412853,40.94859954807956,48.227853590834805,47.50636488435734
LGBMRegressor,"AutoSeasonalityAndDifferences(max_diffs=380, max_season_length=267, n_seasons=10) | LocalStandardScaler(stats_=[[47.42372721 38.3630083 ]])","[1, 2, 3, 4, 5, 6, 7, 8, 9, 10, 11, 12, 13, 14, 15, 16, 17, 18, 19, 20, 21, 22, 23, 24, 25, 26, 27, 28, 29, 30, 31, 32, 33, 34, 35, 36, 37, 38, 39, 40, 41, 42, 43, 44, 45, 46, 47, 48, 49, 50, 51, 52, 53, 54, 55, 56, 57, 58, 59, 60, 61, 62, 63, 64, 65, 66, 67, 68, 69, 70, 71, 72, 73, 74, 75, 76, 77, 78, 79, 80, 81, 82, 83, 84, 85, 86, 87, 88, 89, 90, 91, 92, 93, 94, 95, 96, 97, 98, 99, 100, 101, 102, 103, 104, 105, 106, 107, 108, 109, 110, 111, 112, 113, 114, 115, 116, 117, 118, 119, 120, 121, 122, 123, 124, 125, 126, 127, 128, 129, 130, 131, 132, 133, 134, 135, 136, 137, 138, 139, 140, 141, 142, 143, 144, 145, 146, 147, 148, 149, 150, 151, 152, 153, 154, 155, 156, 157, 158, 159, 160, 161, 162, 163, 164, 165, 166, 167, 168, 169, 170, 171, 172, 173, 174, 175, 176, 177, 178, 179, 180, 181, 182, 183, 184, 185, 186, 187, 188, 189, 190, 191, 192, 193, 194, 195, 196, 197, 198, 199, 200]","{1: [<function expanding_mean at 0x000002C58F7A04A0>], 7: [<function rolling_mean_14 at 0x000002C5930FAA20>], 30: [<function expanding_mean at 0x000002C58F7A04A0>]}",lags_200_features_200,15.834852311167072,24.365714240945753,24.869578095363657,25.390739503855848,26.769788612564778,26.60781796431437,31.223154199381515,31.621328306413194,33.51581525247566,34.87968477514789,34.46975155276311
SGD_EarlyStopping,"AutoSeasonalityAndDifferences(max_diffs=380, max_season_length=267, n_seasons=10) | LocalStandardScaler(stats_=[[47.42372721 38.3630083 ]])","[1, 2, 3, 4, 5, 6, 7, 8, 9, 10, 11, 12, 13, 14, 15, 16, 17, 18, 19, 20, 21, 22, 23, 24, 25, 26, 27, 28, 29, 30, 31, 32, 33, 34, 35, 36, 37, 38, 39, 40, 41, 42, 43, 44, 45, 46, 47, 48, 49, 50, 51, 52, 53, 54, 55, 56, 57, 58, 59, 60, 61, 62, 63, 64, 65, 66, 67, 68, 69, 70, 71, 72, 73, 74, 75, 76, 77, 78, 79, 80, 81, 82, 83, 84, 85, 86, 87, 88, 89, 90, 91, 92, 93, 94, 95, 96, 97, 98, 99, 100, 101, 102, 103, 104, 105, 106, 107, 108, 109, 110, 111, 112, 113, 114, 115, 116, 117, 118, 119, 120, 121, 122, 123, 124, 125, 126, 127, 128, 129, 130, 131, 132, 133, 134, 135, 136, 137, 138, 139, 140, 141, 142, 143, 144, 145, 146, 147, 148, 149, 150, 151, 152, 153, 154, 155, 156, 157, 158, 159, 160, 161, 162, 163, 164, 165, 166, 167, 168, 169, 170, 171, 172, 173, 174, 175, 176, 177, 178, 179, 180, 181, 182, 183, 184, 185, 186, 187, 188, 189, 190, 191, 192, 193, 194, 195, 196, 197, 198, 199, 200]","{1: [<function rolling_mean_14 at 0x000002C5930FAA20>], 7: [<function rolling_mean_30 at 0x000002C58DBF9260>], 30: [<function expanding_mean at 0x000002C58F7A04A0>]}",lags_200_features_200,58.5686444449758,45.30298498217769,43.50335504586,56.80161014573232,64.94060678038181,74.18756599993212,68.67812793456409,60.89156803512714,56.16029630075364,75.03333462270913,80.82607136098723
SGD_ElasticNet,"AutoSeasonalityAndDifferences(max_diffs=380, max_season_length=267, n_seasons=10) | LocalStandardScaler(stats_=[[47.42372721 38.3630083 ]])","[1, 2, 3, 4, 5, 6, 7, 8, 9, 10, 11, 12, 13, 14, 15, 16, 17, 18, 19, 20, 21, 22, 23, 24, 25, 26, 27, 28, 29, 30, 31, 32, 33, 34, 35, 36, 37, 38, 39, 40, 41, 42, 43, 44, 45, 46, 47, 48, 49, 50, 51, 52, 53, 54, 55, 56, 57, 58, 59, 60, 61, 62, 63, 64, 65, 66, 67, 68, 69, 70, 71, 72, 73, 74, 75, 76, 77, 78, 79, 80, 81, 82, 83, 84, 85, 86, 87, 88, 89, 90, 91, 92, 93, 94, 95, 96, 97, 98, 99, 100, 101, 102, 103, 104, 105, 106, 107, 108, 109, 110, 111, 112, 113, 114, 115, 116, 117, 118, 119, 120, 121, 122, 123, 124, 125, 126, 127, 128, 129, 130, 131, 132, 133, 134, 135, 136, 137, 138, 139, 140, 141, 142, 143, 144, 145, 146, 147, 148, 149, 150, 151, 152, 153, 154, 155, 156, 157, 158, 159, 160, 161, 162, 163, 164, 165, 166, 167, 168, 169, 170, 171, 172, 173, 174, 175, 176, 177, 178, 179, 180, 181, 182, 183, 184, 185, 186, 187, 188, 189, 190, 191, 192, 193, 194, 195, 196, 197, 198, 199, 200]","{1: [<function rolling_mean_14 at 0x000002C5930FAA20>], 7: [<function rolling_mean_30 at 0x000002C58DBF9260>], 30: [<function expanding_mean at 0x000002C58F7A04A0>]}",lags_200_features_200,44.09064829141726,34.83595070207277,39.90811333622484,53.94755006445844,63.83243996270792,75.17046837476028,69.91613392879944,79.36549848232207,113.81296570012212,203.98930265966496,211.42050319309996
SGD_Lasso,"AutoSeasonalityAndDifferences(max_diffs=380, max_season_length=267, n_seasons=10) | LocalStandardScaler(stats_=[[47.42372721 38.3630083 ]])","[1, 2, 3, 4, 5, 6, 7, 8, 9, 10, 11, 12, 13, 14, 15, 16, 17, 18, 19, 20, 21, 22, 23, 24, 25, 26, 27, 28, 29, 30, 31, 32, 33, 34, 35, 36, 37, 38, 39, 40, 41, 42, 43, 44, 45, 46, 47, 48, 49, 50, 51, 52, 53, 54, 55, 56, 57, 58, 59, 60, 61, 62, 63, 64, 65, 66, 67, 68, 69, 70, 71, 72, 73, 74, 75, 76, 77, 78, 79, 80, 81, 82, 83, 84, 85, 86, 87, 88, 89, 90, 91, 92, 93, 94, 95, 96, 97, 98, 99, 100, 101, 102, 103, 104, 105, 106, 107, 108, 109, 110, 111, 112, 113, 114, 115, 116, 117, 118, 119, 120, 121, 122, 123, 124, 125, 126, 127, 128, 129, 130, 131, 132, 133, 134, 135, 136, 137, 138, 139, 140, 141, 142, 143, 144, 145, 146, 147, 148, 149, 150, 151, 152, 153, 154, 155, 156, 157, 158, 159, 160, 161, 162, 163, 164, 165, 166, 167, 168, 169, 170, 171, 172, 173, 174, 175, 176, 177, 178, 179, 180, 181, 182, 183, 184, 185, 186, 187, 188, 189, 190, 191, 192, 193, 194, 195, 196, 197, 198, 199, 200]","{1: [<function rolling_mean_14 at 0x000002C5930FAA20>], 7: [<function rolling_mean_30 at 0x000002C58DBF9260>], 30: [<function expanding_mean at 0x000002C58F7A04A0>]}",lags_200_features_200,146.09119090060258,128.82684454495853,126.9318116131428,114.5403109113253,97.18312060773864,85.74237110650539,74.1837603623808,66.91424770609706,86.2999607637248,116.71126385873609,116.24224457969359
SGD_Ridge,"AutoSeasonalityAndDifferences(max_diffs=380, max_season_length=267, n_seasons=10) | LocalStandardScaler(stats_=[[47.42372721 38.3630083 ]])","[1, 2, 3, 4, 5, 6, 7, 8, 9, 10, 11, 12, 13, 14, 15, 16, 17, 18, 19, 20, 21, 22, 23, 24, 25, 26, 27, 28, 29, 30, 31, 32, 33, 34, 35, 36, 37, 38, 39, 40, 41, 42, 43, 44, 45, 46, 47, 48, 49, 50, 51, 52, 53, 54, 55, 56, 57, 58, 59, 60, 61, 62, 63, 64, 65, 66, 67, 68, 69, 70, 71, 72, 73, 74, 75, 76, 77, 78, 79, 80, 81, 82, 83, 84, 85, 86, 87, 88, 89, 90, 91, 92, 93, 94, 95, 96, 97, 98, 99, 100, 101, 102, 103, 104, 105, 106, 107, 108, 109, 110, 111, 112, 113, 114, 115, 116, 117, 118, 119, 120, 121, 122, 123, 124, 125, 126, 127, 128, 129, 130, 131, 132, 133, 134, 135, 136, 137, 138, 139, 140, 141, 142, 143, 144, 145, 146, 147, 148, 149, 150, 151, 152, 153, 154, 155, 156, 157, 158, 159, 160, 161, 162, 163, 164, 165, 166, 167, 168, 169, 170, 171, 172, 173, 174, 175, 176, 177, 178, 179, 180, 181, 182, 183, 184, 185, 186, 187, 188, 189, 190, 191, 192, 193, 194, 195, 196, 197, 198, 199, 200]","{1: [<function rolling_mean_14 at 0x000002C5930FAA20>], 7: [<function rolling_mean_30 at 0x000002C58DBF9260>], 30: [<function expanding_mean at 0x000002C58F7A04A0>]}",lags_200_features_200,30.654738752897803,43.73086634518781,37.74062925767439,56.358454271633775,76.91181116221809,99.6897822266281,100.78386086405717,91.2415028184737,141.76163034584982,208.02558455493556,218.62441223249425
SGDRegressor,"AutoSeasonalityAndDifferences(max_diffs=380, max_season_length=267, n_seasons=10) | LocalStandardScaler(stats_=[[47.42372721 38.3630083 ]])","[1, 2, 3, 4, 5, 6, 7, 8, 9, 10, 11, 12, 13, 14, 15, 16, 17, 18, 19, 20, 21, 22, 23, 24, 25, 26, 27, 28, 29, 30, 31, 32, 33, 34, 35, 36, 37, 38, 39, 40, 41, 42, 43, 44, 45, 46, 47, 48, 49, 50, 51, 52, 53, 54, 55, 56, 57, 58, 59, 60, 61, 62, 63, 64, 65, 66, 67, 68, 69, 70, 71, 72, 73, 74, 75, 76, 77, 78, 79, 80, 81, 82, 83, 84, 85, 86, 87, 88, 89, 90, 91, 92, 93, 94, 95, 96, 97, 98, 99, 100, 101, 102, 103, 104, 105, 106, 107, 108, 109, 110, 111, 112, 113, 114, 115, 116, 117, 118, 119, 120, 121, 122, 123, 124, 125, 126, 127, 128, 129, 130, 131, 132, 133, 134, 135, 136, 137, 138, 139, 140, 141, 142, 143, 144, 145, 146, 147, 148, 149, 150, 151, 152, 153, 154, 155, 156, 157, 158, 159, 160, 161, 162, 163, 164, 165, 166, 167, 168, 169, 170, 171, 172, 173, 174, 175, 176, 177, 178, 179, 180, 181, 182, 183, 184, 185, 186, 187, 188, 189, 190, 191, 192, 193, 194, 195, 196, 197, 198, 199, 200]","{1: [<function rolling_mean_14 at 0x000002C5930FAA20>], 7: [<function rolling_mean_30 at 0x000002C58DBF9260>], 30: [<function expanding_mean at 0x000002C58F7A04A0>]}",lags_200_features_200,49.1488671273556,38.24071641974849,45.61643424442488,59.624376448154294,67.94044267836978,76.88449004867974,70.09553260818726,80.95794122898123,104.00164536790581,210.0002654194916,214.0538100732871
XGBRegressor,"AutoSeasonalityAndDifferences(max_diffs=380, max_season_length=267, n_seasons=10) | LocalStandardScaler(stats_=[[47.42372721 38.3630083 ]])","[1, 2, 3, 4, 5, 6, 7, 8, 9, 10, 11, 12, 13, 14, 15, 16, 17, 18, 19, 20, 21, 22, 23, 24, 25, 26, 27, 28, 29, 30, 31, 32, 33, 34, 35, 36, 37, 38, 39, 40, 41, 42, 43, 44, 45, 46, 47, 48, 49, 50, 51, 52, 53, 54, 55, 56, 57, 58, 59, 60, 61, 62, 63, 64, 65, 66, 67, 68, 69, 70, 71, 72, 73, 74, 75, 76, 77, 78, 79, 80, 81, 82, 83, 84, 85, 86, 87, 88, 89, 90, 91, 92, 93, 94, 95, 96, 97, 98, 99, 100, 101, 102, 103, 104, 105, 106, 107, 108, 109, 110, 111, 112, 113, 114, 115, 116, 117, 118, 119, 120, 121, 122, 123, 124, 125, 126, 127, 128, 129, 130, 131, 132, 133, 134, 135, 136, 137, 138, 139, 140, 141, 142, 143, 144, 145, 146, 147, 148, 149, 150, 151, 152, 153, 154, 155, 156, 157, 158, 159, 160, 161, 162, 163, 164, 165, 166, 167, 168, 169, 170, 171, 172, 173, 174, 175, 176, 177, 178, 179, 180, 181, 182, 183, 184, 185, 186, 187, 188, 189, 190, 191, 192, 193, 194, 195, 196, 197, 198, 199, 200]","{1: [<function rolling_mean_14 at 0x000002C5930FAA20>], 7: [<function rolling_mean_30 at 0x000002C58DBF9260>], 30: [<function expanding_mean at 0x000002C58F7A04A0>]}",lags_200_features_200,15.287039472966216,22.48115487774992,23.93135669579781,24.68551885578538,26.16998262175939,26.889843335079288,32.67094208670905,32.53782750408868,37.54907295272885,44.452357697602864,43.78390423845361
LGBMRegressor,"AutoSeasonalityAndDifferences(max_diffs=380, max_season_length=267, n_seasons=10) | LocalStandardScaler(stats_=[[47.42372721 38.3630083 ]])","[1, 2, 3, 4, 5, 6, 7, 8, 9, 10, 11, 12, 13, 14, 15, 16, 17, 18, 19, 20, 21, 22, 23, 24, 25, 26, 27, 28, 29, 30, 31, 32, 33, 34, 35, 36, 37, 38, 39, 40, 41, 42, 43, 44, 45, 46, 47, 48, 49, 50, 51, 52, 53, 54, 55, 56, 57, 58, 59, 60, 61, 62, 63, 64, 65, 66, 67, 68, 69, 70, 71, 72, 73, 74, 75, 76, 77, 78, 79, 80, 81, 82, 83, 84, 85, 86, 87, 88, 89, 90, 91, 92, 93, 94, 95, 96, 97, 98, 99, 100, 101, 102, 103, 104, 105, 106, 107, 108, 109, 110, 111, 112, 113, 114, 115, 116, 117, 118, 119, 120, 121, 122, 123, 124, 125, 126, 127, 128, 129, 130, 131, 132, 133, 134, 135, 136, 137, 138, 139, 140, 141, 142, 143, 144, 145, 146, 147, 148, 149, 150, 151, 152, 153, 154, 155, 156, 157, 158, 159, 160, 161, 162, 163, 164, 165, 166, 167, 168, 169, 170, 171, 172, 173, 174, 175, 176, 177, 178, 179, 180, 181, 182, 183, 184, 185, 186, 187, 188, 189, 190, 191, 192, 193, 194, 195, 196, 197, 198, 199, 200]","{1: [<function rolling_mean_14 at 0x000002C5930FAA20>], 7: [<function rolling_mean_30 at 0x000002C58DBF9260>], 30: [<function expanding_mean at 0x000002C58F7A04A0>]}",lags_200_features_200,13.102398506715954,22.51414775255654,24.120468400609624,25.181599984263652,26.905841409231833,27.458942784930308,32.99941765346229,33.31819350956227,36.19784552112777,37.778204471123175,37.185728584777564
SGD_EarlyStopping,"AutoSeasonalityAndDifferences(max_diffs=380, max_season_length=267, n_seasons=10) | LocalStandardScaler(stats_=[[47.42372721 38.3630083 ]])","[1, 2, 3, 4, 5, 6, 7, 8, 9, 10, 11, 12, 13, 14, 15, 16, 17, 18, 19, 20, 21, 22, 23, 24, 25, 26, 27, 28, 29, 30, 31, 32, 33, 34, 35, 36, 37, 38, 39, 40, 41, 42, 43, 44, 45, 46, 47, 48, 49, 50, 51, 52, 53, 54, 55, 56, 57, 58, 59, 60, 61, 62, 63, 64, 65, 66, 67, 68, 69, 70, 71, 72, 73, 74, 75, 76, 77, 78, 79, 80, 81, 82, 83, 84, 85, 86, 87, 88, 89, 90, 91, 92, 93, 94, 95, 96, 97, 98, 99, 100, 101, 102, 103, 104, 105, 106, 107, 108, 109, 110, 111, 112, 113, 114, 115, 116, 117, 118, 119, 120, 121, 122, 123, 124, 125, 126, 127, 128, 129, 130, 131, 132, 133, 134, 135, 136, 137, 138, 139, 140, 141, 142, 143, 144, 145, 146, 147, 148, 149, 150, 151, 152, 153, 154, 155, 156, 157, 158, 159, 160, 161, 162, 163, 164, 165, 166, 167, 168, 169, 170, 171, 172, 173, 174, 175, 176, 177, 178, 179, 180, 181, 182, 183, 184, 185, 186, 187, 188, 189, 190, 191, 192, 193, 194, 195, 196, 197, 198, 199, 200]","{7: [RollingMean(window_size=7)], 30: [RollingMean(window_size=30)], 60: [RollingMean(window_size=60)]}",lags_200_features_200,58.63195602869806,45.18682515509283,43.3958382861631,56.53976426563523,64.58429242497364,73.78065812282239,68.33719227033544,60.62132038428572,55.84341979787851,74.53083114102846,80.28470992451595
SGD_ElasticNet,"AutoSeasonalityAndDifferences(max_diffs=380, max_season_length=267, n_seasons=10) | LocalStandardScaler(stats_=[[47.42372721 38.3630083 ]])","[1, 2, 3, 4, 5, 6, 7, 8, 9, 10, 11, 12, 13, 14, 15, 16, 17, 18, 19, 20, 21, 22, 23, 24, 25, 26, 27, 28, 29, 30, 31, 32, 33, 34, 35, 36, 37, 38, 39, 40, 41, 42, 43, 44, 45, 46, 47, 48, 49, 50, 51, 52, 53, 54, 55, 56, 57, 58, 59, 60, 61, 62, 63, 64, 65, 66, 67, 68, 69, 70, 71, 72, 73, 74, 75, 76, 77, 78, 79, 80, 81, 82, 83, 84, 85, 86, 87, 88, 89, 90, 91, 92, 93, 94, 95, 96, 97, 98, 99, 100, 101, 102, 103, 104, 105, 106, 107, 108, 109, 110, 111, 112, 113, 114, 115, 116, 117, 118, 119, 120, 121, 122, 123, 124, 125, 126, 127, 128, 129, 130, 131, 132, 133, 134, 135, 136, 137, 138, 139, 140, 141, 142, 143, 144, 145, 146, 147, 148, 149, 150, 151, 152, 153, 154, 155, 156, 157, 158, 159, 160, 161, 162, 163, 164, 165, 166, 167, 168, 169, 170, 171, 172, 173, 174, 175, 176, 177, 178, 179, 180, 181, 182, 183, 184, 185, 186, 187, 188, 189, 190, 191, 192, 193, 194, 195, 196, 197, 198, 199, 200]","{7: [RollingMean(window_size=7)], 30: [RollingMean(window_size=30)], 60: [RollingMean(window_size=60)]}",lags_200_features_200,43.86386290004233,34.819574756434776,39.79383368635661,53.84491085159221,63.724149655843476,75.02903515532586,69.776064359914,79.14991254992152,113.36577957823899,202.37933489952735,209.8291119140314
SGD_Lasso,"AutoSeasonalityAndDifferences(max_diffs=380, max_season_length=267, n_seasons=10) | LocalStandardScaler(stats_=[[47.42372721 38.3630083 ]])","[1, 2, 3, 4, 5, 6, 7, 8, 9, 10, 11, 12, 13, 14, 15, 16, 17, 18, 19, 20, 21, 22, 23, 24, 25, 26, 27, 28, 29, 30, 31, 32, 33, 34, 35, 36, 37, 38, 39, 40, 41, 42, 43, 44, 45, 46, 47, 48, 49, 50, 51, 52, 53, 54, 55, 56, 57, 58, 59, 60, 61, 62, 63, 64, 65, 66, 67, 68, 69, 70, 71, 72, 73, 74, 75, 76, 77, 78, 79, 80, 81, 82, 83, 84, 85, 86, 87, 88, 89, 90, 91, 92, 93, 94, 95, 96, 97, 98, 99, 100, 101, 102, 103, 104, 105, 106, 107, 108, 109, 110, 111, 112, 113, 114, 115, 116, 117, 118, 119, 120, 121, 122, 123, 124, 125, 126, 127, 128, 129, 130, 131, 132, 133, 134, 135, 136, 137, 138, 139, 140, 141, 142, 143, 144, 145, 146, 147, 148, 149, 150, 151, 152, 153, 154, 155, 156, 157, 158, 159, 160, 161, 162, 163, 164, 165, 166, 167, 168, 169, 170, 171, 172, 173, 174, 175, 176, 177, 178, 179, 180, 181, 182, 183, 184, 185, 186, 187, 188, 189, 190, 191, 192, 193, 194, 195, 196, 197, 198, 199, 200]","{7: [RollingMean(window_size=7)], 30: [RollingMean(window_size=30)], 60: [RollingMean(window_size=60)]}",lags_200_features_200,146.09119090060258,128.82684454495853,126.9318116131428,114.5403109113253,97.18312060773864,85.74237110650539,74.1837603623808,66.91424770609706,86.2999607637248,116.71126385873609,116.24224457969359
SGD_Ridge,"AutoSeasonalityAndDifferences(max_diffs=380, max_season_length=267, n_seasons=10) | LocalStandardScaler(stats_=[[47.42372721 38.3630083 ]])","[1, 2, 3, 4, 5, 6, 7, 8, 9, 10, 11, 12, 13, 14, 15, 16, 17, 18, 19, 20, 21, 22, 23, 24, 25, 26, 27, 28, 29, 30, 31, 32, 33, 34, 35, 36, 37, 38, 39, 40, 41, 42, 43, 44, 45, 46, 47, 48, 49, 50, 51, 52, 53, 54, 55, 56, 57, 58, 59, 60, 61, 62, 63, 64, 65, 66, 67, 68, 69, 70, 71, 72, 73, 74, 75, 76, 77, 78, 79, 80, 81, 82, 83, 84, 85, 86, 87, 88, 89, 90, 91, 92, 93, 94, 95, 96, 97, 98, 99, 100, 101, 102, 103, 104, 105, 106, 107, 108, 109, 110, 111, 112, 113, 114, 115, 116, 117, 118, 119, 120, 121, 122, 123, 124, 125, 126, 127, 128, 129, 130, 131, 132, 133, 134, 135, 136, 137, 138, 139, 140, 141, 142, 143, 144, 145, 146, 147, 148, 149, 150, 151, 152, 153, 154, 155, 156, 157, 158, 159, 160, 161, 162, 163, 164, 165, 166, 167, 168, 169, 170, 171, 172, 173, 174, 175, 176, 177, 178, 179, 180, 181, 182, 183, 184, 185, 186, 187, 188, 189, 190, 191, 192, 193, 194, 195, 196, 197, 198, 199, 200]","{7: [RollingMean(window_size=7)], 30: [RollingMean(window_size=30)], 60: [RollingMean(window_size=60)]}",lags_200_features_200,30.894188020828157,43.86122454946893,37.912656687299474,56.56765822543027,76.89604962374025,99.24072002768993,99.73332427401606,90.2706096391706,139.5844600028062,203.22589920980693,214.01029086013185
SGDRegressor,"AutoSeasonalityAndDifferences(max_diffs=380, max_season_length=267, n_seasons=10) | LocalStandardScaler(stats_=[[47.42372721 38.3630083 ]])","[1, 2, 3, 4, 5, 6, 7, 8, 9, 10, 11, 12, 13, 14, 15, 16, 17, 18, 19, 20, 21, 22, 23, 24, 25, 26, 27, 28, 29, 30, 31, 32, 33, 34, 35, 36, 37, 38, 39, 40, 41, 42, 43, 44, 45, 46, 47, 48, 49, 50, 51, 52, 53, 54, 55, 56, 57, 58, 59, 60, 61, 62, 63, 64, 65, 66, 67, 68, 69, 70, 71, 72, 73, 74, 75, 76, 77, 78, 79, 80, 81, 82, 83, 84, 85, 86, 87, 88, 89, 90, 91, 92, 93, 94, 95, 96, 97, 98, 99, 100, 101, 102, 103, 104, 105, 106, 107, 108, 109, 110, 111, 112, 113, 114, 115, 116, 117, 118, 119, 120, 121, 122, 123, 124, 125, 126, 127, 128, 129, 130, 131, 132, 133, 134, 135, 136, 137, 138, 139, 140, 141, 142, 143, 144, 145, 146, 147, 148, 149, 150, 151, 152, 153, 154, 155, 156, 157, 158, 159, 160, 161, 162, 163, 164, 165, 166, 167, 168, 169, 170, 171, 172, 173, 174, 175, 176, 177, 178, 179, 180, 181, 182, 183, 184, 185, 186, 187, 188, 189, 190, 191, 192, 193, 194, 195, 196, 197, 198, 199, 200]","{7: [RollingMean(window_size=7)], 30: [RollingMean(window_size=30)], 60: [RollingMean(window_size=60)]}",lags_200_features_200,48.62579830342052,37.7843724398245,44.92862804656257,58.85110683054442,67.12777048617363,75.98357537603981,69.32621589334497,80.53196337672243,103.08777488961178,209.43054007410876,213.2105105067061
XGBRegressor,"AutoSeasonalityAndDifferences(max_diffs=380, max_season_length=267, n_seasons=10) | LocalStandardScaler(stats_=[[47.42372721 38.3630083 ]])","[1, 2, 3, 4, 5, 6, 7, 8, 9, 10, 11, 12, 13, 14, 15, 16, 17, 18, 19, 20, 21, 22, 23, 24, 25, 26, 27, 28, 29, 30, 31, 32, 33, 34, 35, 36, 37, 38, 39, 40, 41, 42, 43, 44, 45, 46, 47, 48, 49, 50, 51, 52, 53, 54, 55, 56, 57, 58, 59, 60, 61, 62, 63, 64, 65, 66, 67, 68, 69, 70, 71, 72, 73, 74, 75, 76, 77, 78, 79, 80, 81, 82, 83, 84, 85, 86, 87, 88, 89, 90, 91, 92, 93, 94, 95, 96, 97, 98, 99, 100, 101, 102, 103, 104, 105, 106, 107, 108, 109, 110, 111, 112, 113, 114, 115, 116, 117, 118, 119, 120, 121, 122, 123, 124, 125, 126, 127, 128, 129, 130, 131, 132, 133, 134, 135, 136, 137, 138, 139, 140, 141, 142, 143, 144, 145, 146, 147, 148, 149, 150, 151, 152, 153, 154, 155, 156, 157, 158, 159, 160, 161, 162, 163, 164, 165, 166, 167, 168, 169, 170, 171, 172, 173, 174, 175, 176, 177, 178, 179, 180, 181, 182, 183, 184, 185, 186, 187, 188, 189, 190, 191, 192, 193, 194, 195, 196, 197, 198, 199, 200]","{7: [RollingMean(window_size=7)], 30: [RollingMean(window_size=30)], 60: [RollingMean(window_size=60)]}",lags_200_features_200,15.754748550366418,22.89466069531481,24.637969767786803,24.694870620640433,25.994469150551836,26.923103604076687,34.57531370260712,34.97785082527494,41.154375751716714,52.20722751003032,51.47155914801318
LGBMRegressor,"AutoSeasonalityAndDifferences(max_diffs=380, max_season_length=267, n_seasons=10) | LocalStandardScaler(stats_=[[47.42372721 38.3630083 ]])","[1, 2, 3, 4, 5, 6, 7, 8, 9, 10, 11, 12, 13, 14, 15, 16, 17, 18, 19, 20, 21, 22, 23, 24, 25, 26, 27, 28, 29, 30, 31, 32, 33, 34, 35, 36, 37, 38, 39, 40, 41, 42, 43, 44, 45, 46, 47, 48, 49, 50, 51, 52, 53, 54, 55, 56, 57, 58, 59, 60, 61, 62, 63, 64, 65, 66, 67, 68, 69, 70, 71, 72, 73, 74, 75, 76, 77, 78, 79, 80, 81, 82, 83, 84, 85, 86, 87, 88, 89, 90, 91, 92, 93, 94, 95, 96, 97, 98, 99, 100, 101, 102, 103, 104, 105, 106, 107, 108, 109, 110, 111, 112, 113, 114, 115, 116, 117, 118, 119, 120, 121, 122, 123, 124, 125, 126, 127, 128, 129, 130, 131, 132, 133, 134, 135, 136, 137, 138, 139, 140, 141, 142, 143, 144, 145, 146, 147, 148, 149, 150, 151, 152, 153, 154, 155, 156, 157, 158, 159, 160, 161, 162, 163, 164, 165, 166, 167, 168, 169, 170, 171, 172, 173, 174, 175, 176, 177, 178, 179, 180, 181, 182, 183, 184, 185, 186, 187, 188, 189, 190, 191, 192, 193, 194, 195, 196, 197, 198, 199, 200]","{7: [RollingMean(window_size=7)], 30: [RollingMean(window_size=30)], 60: [RollingMean(window_size=60)]}",lags_200_features_200,15.08519119950384,22.259136018970775,23.873891576710456,25.000085103645965,26.8020603996848,27.276350380162995,33.55627105809802,33.89160397142511,34.80291893980557,36.786898073645276,36.398776302406105
SGD_EarlyStopping,"AutoSeasonalityAndDifferences(max_diffs=380, max_season_length=267, n_seasons=10) | LocalStandardScaler(stats_=[[47.42372721 38.3630083 ]])","[1, 2, 3, 4, 5, 6, 7, 8, 9, 10, 11, 12, 13, 14, 15, 16, 17, 18, 19, 20, 21, 22, 23, 24, 25, 26, 27, 28, 29, 30, 31, 32, 33, 34, 35, 36, 37, 38, 39, 40, 41, 42, 43, 44, 45, 46, 47, 48, 49, 50, 51, 52, 53, 54, 55, 56, 57, 58, 59, 60, 61, 62, 63, 64, 65, 66, 67, 68, 69, 70, 71, 72, 73, 74, 75, 76, 77, 78, 79, 80, 81, 82, 83, 84, 85, 86, 87, 88, 89, 90, 91, 92, 93, 94, 95, 96, 97, 98, 99, 100, 101, 102, 103, 104, 105, 106, 107, 108, 109, 110, 111, 112, 113, 114, 115, 116, 117, 118, 119, 120, 121, 122, 123, 124, 125, 126, 127, 128, 129, 130, 131, 132, 133, 134, 135, 136, 137, 138, 139, 140, 141, 142, 143, 144, 145, 146, 147, 148, 149, 150, 151, 152, 153, 154, 155, 156, 157, 158, 159, 160, 161, 162, 163, 164, 165, 166, 167, 168, 169, 170, 171, 172, 173, 174, 175, 176, 177, 178, 179, 180, 181, 182, 183, 184, 185, 186, 187, 188, 189, 190, 191, 192, 193, 194, 195, 196, 197, 198, 199, 200]","{7: [RollingMean(window_size=7), RollingStd(window_size=7)], 30: [RollingMean(window_size=30)], 60: [ExpandingMean()], 14: [ExponentiallyWeightedMean(alpha=0.3)]}",lags_200_features_200,58.724192775815375,45.35081983139354,43.560507839997705,57.06769121235702,65.39736737719454,74.83159733929419,69.30885162978949,61.411814860601865,56.88083526409241,75.69091752335048,81.57196432540002
SGD_ElasticNet,"AutoSeasonalityAndDifferences(max_diffs=380, max_season_length=267, n_seasons=10) | LocalStandardScaler(stats_=[[47.42372721 38.3630083 ]])","[1, 2, 3, 4, 5, 6, 7, 8, 9, 10, 11, 12, 13, 14, 15, 16, 17, 18, 19, 20, 21, 22, 23, 24, 25, 26, 27, 28, 29, 30, 31, 32, 33, 34, 35, 36, 37, 38, 39, 40, 41, 42, 43, 44, 45, 46, 47, 48, 49, 50, 51, 52, 53, 54, 55, 56, 57, 58, 59, 60, 61, 62, 63, 64, 65, 66, 67, 68, 69, 70, 71, 72, 73, 74, 75, 76, 77, 78, 79, 80, 81, 82, 83, 84, 85, 86, 87, 88, 89, 90, 91, 92, 93, 94, 95, 96, 97, 98, 99, 100, 101, 102, 103, 104, 105, 106, 107, 108, 109, 110, 111, 112, 113, 114, 115, 116, 117, 118, 119, 120, 121, 122, 123, 124, 125, 126, 127, 128, 129, 130, 131, 132, 133, 134, 135, 136, 137, 138, 139, 140, 141, 142, 143, 144, 145, 146, 147, 148, 149, 150, 151, 152, 153, 154, 155, 156, 157, 158, 159, 160, 161, 162, 163, 164, 165, 166, 167, 168, 169, 170, 171, 172, 173, 174, 175, 176, 177, 178, 179, 180, 181, 182, 183, 184, 185, 186, 187, 188, 189, 190, 191, 192, 193, 194, 195, 196, 197, 198, 199, 200]","{7: [RollingMean(window_size=7), RollingStd(window_size=7)], 30: [RollingMean(window_size=30)], 60: [ExpandingMean()], 14: [ExponentiallyWeightedMean(alpha=0.3)]}",lags_200_features_200,43.97752172863359,34.892613545540016,39.88024690398074,53.622912541218945,62.97197933268399,73.4444446325757,67.97141523476269,77.14650648700055,103.39749930008273,190.9599821124465,196.90519616537716
SGD_Lasso,"AutoSeasonalityAndDifferences(max_diffs=380, max_season_length=267, n_seasons=10) | LocalStandardScaler(stats_=[[47.42372721 38.3630083 ]])","[1, 2, 3, 4, 5, 6, 7, 8, 9, 10, 11, 12, 13, 14, 15, 16, 17, 18, 19, 20, 21, 22, 23, 24, 25, 26, 27, 28, 29, 30, 31, 32, 33, 34, 35, 36, 37, 38, 39, 40, 41, 42, 43, 44, 45, 46, 47, 48, 49, 50, 51, 52, 53, 54, 55, 56, 57, 58, 59, 60, 61, 62, 63, 64, 65, 66, 67, 68, 69, 70, 71, 72, 73, 74, 75, 76, 77, 78, 79, 80, 81, 82, 83, 84, 85, 86, 87, 88, 89, 90, 91, 92, 93, 94, 95, 96, 97, 98, 99, 100, 101, 102, 103, 104, 105, 106, 107, 108, 109, 110, 111, 112, 113, 114, 115, 116, 117, 118, 119, 120, 121, 122, 123, 124, 125, 126, 127, 128, 129, 130, 131, 132, 133, 134, 135, 136, 137, 138, 139, 140, 141, 142, 143, 144, 145, 146, 147, 148, 149, 150, 151, 152, 153, 154, 155, 156, 157, 158, 159, 160, 161, 162, 163, 164, 165, 166, 167, 168, 169, 170, 171, 172, 173, 174, 175, 176, 177, 178, 179, 180, 181, 182, 183, 184, 185, 186, 187, 188, 189, 190, 191, 192, 193, 194, 195, 196, 197, 198, 199, 200]","{7: [RollingMean(window_size=7), RollingStd(window_size=7)], 30: [RollingMean(window_size=30)], 60: [ExpandingMean()], 14: [ExponentiallyWeightedMean(alpha=0.3)]}",lags_200_features_200,146.09119090060258,128.82684454495853,126.9318116131428,114.5403109113253,97.18312060773864,85.74237110650539,74.1837603623808,66.91424770609706,86.2999607637248,116.71126385873609,116.24224457969359
SGD_Ridge,"AutoSeasonalityAndDifferences(max_diffs=380, max_season_length=267, n_seasons=10) | LocalStandardScaler(stats_=[[47.42372721 38.3630083 ]])","[1, 2, 3, 4, 5, 6, 7, 8, 9, 10, 11, 12, 13, 14, 15, 16, 17, 18, 19, 20, 21, 22, 23, 24, 25, 26, 27, 28, 29, 30, 31, 32, 33, 34, 35, 36, 37, 38, 39, 40, 41, 42, 43, 44, 45, 46, 47, 48, 49, 50, 51, 52, 53, 54, 55, 56, 57, 58, 59, 60, 61, 62, 63, 64, 65, 66, 67, 68, 69, 70, 71, 72, 73, 74, 75, 76, 77, 78, 79, 80, 81, 82, 83, 84, 85, 86, 87, 88, 89, 90, 91, 92, 93, 94, 95, 96, 97, 98, 99, 100, 101, 102, 103, 104, 105, 106, 107, 108, 109, 110, 111, 112, 113, 114, 115, 116, 117, 118, 119, 120, 121, 122, 123, 124, 125, 126, 127, 128, 129, 130, 131, 132, 133, 134, 135, 136, 137, 138, 139, 140, 141, 142, 143, 144, 145, 146, 147, 148, 149, 150, 151, 152, 153, 154, 155, 156, 157, 158, 159, 160, 161, 162, 163, 164, 165, 166, 167, 168, 169, 170, 171, 172, 173, 174, 175, 176, 177, 178, 179, 180, 181, 182, 183, 184, 185, 186, 187, 188, 189, 190, 191, 192, 193, 194, 195, 196, 197, 198, 199, 200]","{7: [RollingMean(window_size=7), RollingStd(window_size=7)], 30: [RollingMean(window_size=30)], 60: [ExpandingMean()], 14: [ExponentiallyWeightedMean(alpha=0.3)]}",lags_200_features_200,30.50046603919842,43.70081903233679,37.65515174185543,55.86627464948263,75.82377626073425,97.8070295595838,98.14909981291231,88.75740091130221,135.50810381642677,196.51163210984836,206.9945141105149
SGDRegressor,"AutoSeasonalityAndDifferences(max_diffs=380, max_season_length=267, n_seasons=10) | LocalStandardScaler(stats_=[[47.42372721 38.3630083 ]])","[1, 2, 3, 4, 5, 6, 7, 8, 9, 10, 11, 12, 13, 14, 15, 16, 17, 18, 19, 20, 21, 22, 23, 24, 25, 26, 27, 28, 29, 30, 31, 32, 33, 34, 35, 36, 37, 38, 39, 40, 41, 42, 43, 44, 45, 46, 47, 48, 49, 50, 51, 52, 53, 54, 55, 56, 57, 58, 59, 60, 61, 62, 63, 64, 65, 66, 67, 68, 69, 70, 71, 72, 73, 74, 75, 76, 77, 78, 79, 80, 81, 82, 83, 84, 85, 86, 87, 88, 89, 90, 91, 92, 93, 94, 95, 96, 97, 98, 99, 100, 101, 102, 103, 104, 105, 106, 107, 108, 109, 110, 111, 112, 113, 114, 115, 116, 117, 118, 119, 120, 121, 122, 123, 124, 125, 126, 127, 128, 129, 130, 131, 132, 133, 134, 135, 136, 137, 138, 139, 140, 141, 142, 143, 144, 145, 146, 147, 148, 149, 150, 151, 152, 153, 154, 155, 156, 157, 158, 159, 160, 161, 162, 163, 164, 165, 166, 167, 168, 169, 170, 171, 172, 173, 174, 175, 176, 177, 178, 179, 180, 181, 182, 183, 184, 185, 186, 187, 188, 189, 190, 191, 192, 193, 194, 195, 196, 197, 198, 199, 200]","{7: [RollingMean(window_size=7), RollingStd(window_size=7)], 30: [RollingMean(window_size=30)], 60: [ExpandingMean()], 14: [ExponentiallyWeightedMean(alpha=0.3)]}",lags_200_features_200,48.92847416177082,37.96320800648611,45.00233652004922,58.426479084067914,66.01834604061956,73.91018874419571,67.23449072468287,77.34318339545342,92.30932885690171,191.78610286257972,194.1609770564656
XGBRegressor,"AutoSeasonalityAndDifferences(max_diffs=380, max_season_length=267, n_seasons=10) | LocalStandardScaler(stats_=[[47.42372721 38.3630083 ]])","[1, 2, 3, 4, 5, 6, 7, 8, 9, 10, 11, 12, 13, 14, 15, 16, 17, 18, 19, 20, 21, 22, 23, 24, 25, 26, 27, 28, 29, 30, 31, 32, 33, 34, 35, 36, 37, 38, 39, 40, 41, 42, 43, 44, 45, 46, 47, 48, 49, 50, 51, 52, 53, 54, 55, 56, 57, 58, 59, 60, 61, 62, 63, 64, 65, 66, 67, 68, 69, 70, 71, 72, 73, 74, 75, 76, 77, 78, 79, 80, 81, 82, 83, 84, 85, 86, 87, 88, 89, 90, 91, 92, 93, 94, 95, 96, 97, 98, 99, 100, 101, 102, 103, 104, 105, 106, 107, 108, 109, 110, 111, 112, 113, 114, 115, 116, 117, 118, 119, 120, 121, 122, 123, 124, 125, 126, 127, 128, 129, 130, 131, 132, 133, 134, 135, 136, 137, 138, 139, 140, 141, 142, 143, 144, 145, 146, 147, 148, 149, 150, 151, 152, 153, 154, 155, 156, 157, 158, 159, 160, 161, 162, 163, 164, 165, 166, 167, 168, 169, 170, 171, 172, 173, 174, 175, 176, 177, 178, 179, 180, 181, 182, 183, 184, 185, 186, 187, 188, 189, 190, 191, 192, 193, 194, 195, 196, 197, 198, 199, 200]","{7: [RollingMean(window_size=7), RollingStd(window_size=7)], 30: [RollingMean(window_size=30)], 60: [ExpandingMean()], 14: [ExponentiallyWeightedMean(alpha=0.3)]}",lags_200_features_200,15.304595782428306,23.35466394391294,25.178690604590564,25.598076143232223,27.39270141207254,28.138422535706503,33.14057772356184,33.340045857448814,50.04315906633872,62.09783572394758,61.06333721954316
LGBMRegressor,"AutoSeasonalityAndDifferences(max_diffs=380, max_season_length=267, n_seasons=10) | LocalStandardScaler(stats_=[[47.42372721 38.3630083 ]])","[1, 2, 3, 4, 5, 6, 7, 8, 9, 10, 11, 12, 13, 14, 15, 16, 17, 18, 19, 20, 21, 22, 23, 24, 25, 26, 27, 28, 29, 30, 31, 32, 33, 34, 35, 36, 37, 38, 39, 40, 41, 42, 43, 44, 45, 46, 47, 48, 49, 50, 51, 52, 53, 54, 55, 56, 57, 58, 59, 60, 61, 62, 63, 64, 65, 66, 67, 68, 69, 70, 71, 72, 73, 74, 75, 76, 77, 78, 79, 80, 81, 82, 83, 84, 85, 86, 87, 88, 89, 90, 91, 92, 93, 94, 95, 96, 97, 98, 99, 100, 101, 102, 103, 104, 105, 106, 107, 108, 109, 110, 111, 112, 113, 114, 115, 116, 117, 118, 119, 120, 121, 122, 123, 124, 125, 126, 127, 128, 129, 130, 131, 132, 133, 134, 135, 136, 137, 138, 139, 140, 141, 142, 143, 144, 145, 146, 147, 148, 149, 150, 151, 152, 153, 154, 155, 156, 157, 158, 159, 160, 161, 162, 163, 164, 165, 166, 167, 168, 169, 170, 171, 172, 173, 174, 175, 176, 177, 178, 179, 180, 181, 182, 183, 184, 185, 186, 187, 188, 189, 190, 191, 192, 193, 194, 195, 196, 197, 198, 199, 200]","{7: [RollingMean(window_size=7), RollingStd(window_size=7)], 30: [RollingMean(window_size=30)], 60: [ExpandingMean()], 14: [ExponentiallyWeightedMean(alpha=0.3)]}",lags_200_features_200,14.248724462805837,23.406791050749305,24.99151127303377,25.69142783577758,27.21128323664212,27.349959286815434,32.0990672552315,32.31348375684257,34.689663542043,35.075242417124386,34.60769810711735
SGD_EarlyStopping,"AutoSeasonalityAndDifferences(max_diffs=380, max_season_length=267, n_seasons=10) | LocalMinMaxScaler(stats_=[[  5.11211699 325.92896936]])","[1, 2, 3, 4, 5, 6, 7, 8, 9, 10, 11, 12, 13, 14, 15, 16, 17, 18, 19, 20, 21, 22, 23, 24, 25, 26, 27, 28, 29, 30, 31, 32, 33, 34, 35, 36, 37, 38, 39, 40, 41, 42, 43, 44, 45, 46, 47, 48, 49, 50, 51, 52, 53, 54, 55, 56, 57, 58, 59, 60, 61, 62, 63, 64, 65, 66, 67, 68, 69, 70, 71, 72, 73, 74, 75, 76, 77, 78, 79, 80, 81, 82, 83, 84, 85, 86, 87, 88, 89, 90, 91, 92, 93, 94, 95, 96, 97, 98, 99, 100, 101, 102, 103, 104, 105, 106, 107, 108, 109, 110, 111, 112, 113, 114, 115, 116, 117, 118, 119, 120, 121, 122, 123, 124, 125, 126, 127, 128, 129, 130, 131, 132, 133, 134, 135, 136, 137, 138, 139, 140, 141, 142, 143, 144, 145, 146, 147, 148, 149, 150, 151, 152, 153, 154, 155, 156, 157, 158, 159, 160, 161, 162, 163, 164, 165, 166, 167, 168, 169, 170, 171, 172, 173, 174, 175, 176, 177, 178, 179, 180, 181, 182, 183, 184, 185, 186, 187, 188, 189, 190, 191, 192, 193, 194, 195, 196, 197, 198, 199, 200]","{1: [<function expanding_mean at 0x000002C58F7A04A0>], 7: [<function rolling_mean_14 at 0x000002C5930FAA20>], 30: [<function expanding_mean at 0x000002C58F7A04A0>]}",lags_200_features_200,38.86612749422076,58.144765168296665,60.04342771809177,52.47013147532539,46.29754757678976,47.05512147580824,44.69055504336642,42.343986443304146,40.95401153485545,40.767447497468915,42.32327165916421
SGD_ElasticNet,"AutoSeasonalityAndDifferences(max_diffs=380, max_season_length=267, n_seasons=10) | LocalMinMaxScaler(stats_=[[  5.11211699 325.92896936]])","[1, 2, 3, 4, 5, 6, 7, 8, 9, 10, 11, 12, 13, 14, 15, 16, 17, 18, 19, 20, 21, 22, 23, 24, 25, 26, 27, 28, 29, 30, 31, 32, 33, 34, 35, 36, 37, 38, 39, 40, 41, 42, 43, 44, 45, 46, 47, 48, 49, 50, 51, 52, 53, 54, 55, 56, 57, 58, 59, 60, 61, 62, 63, 64, 65, 66, 67, 68, 69, 70, 71, 72, 73, 74, 75, 76, 77, 78, 79, 80, 81, 82, 83, 84, 85, 86, 87, 88, 89, 90, 91, 92, 93, 94, 95, 96, 97, 98, 99, 100, 101, 102, 103, 104, 105, 106, 107, 108, 109, 110, 111, 112, 113, 114, 115, 116, 117, 118, 119, 120, 121, 122, 123, 124, 125, 126, 127, 128, 129, 130, 131, 132, 133, 134, 135, 136, 137, 138, 139, 140, 141, 142, 143, 144, 145, 146, 147, 148, 149, 150, 151, 152, 153, 154, 155, 156, 157, 158, 159, 160, 161, 162, 163, 164, 165, 166, 167, 168, 169, 170, 171, 172, 173, 174, 175, 176, 177, 178, 179, 180, 181, 182, 183, 184, 185, 186, 187, 188, 189, 190, 191, 192, 193, 194, 195, 196, 197, 198, 199, 200]","{1: [<function expanding_mean at 0x000002C58F7A04A0>], 7: [<function rolling_mean_14 at 0x000002C5930FAA20>], 30: [<function expanding_mean at 0x000002C58F7A04A0>]}",lags_200_features_200,32.44125298779149,40.76304927072431,69.29378630560333,90.04212442464646,98.61888778008836,107.37557912085936,96.93756405939756,84.72993786426379,75.90981212629215,91.79170060804334,96.45628981888554
SGD_Lasso,"AutoSeasonalityAndDifferences(max_diffs=380, max_season_length=267, n_seasons=10) | LocalMinMaxScaler(stats_=[[  5.11211699 325.92896936]])","[1, 2, 3, 4, 5, 6, 7, 8, 9, 10, 11, 12, 13, 14, 15, 16, 17, 18, 19, 20, 21, 22, 23, 24, 25, 26, 27, 28, 29, 30, 31, 32, 33, 34, 35, 36, 37, 38, 39, 40, 41, 42, 43, 44, 45, 46, 47, 48, 49, 50, 51, 52, 53, 54, 55, 56, 57, 58, 59, 60, 61, 62, 63, 64, 65, 66, 67, 68, 69, 70, 71, 72, 73, 74, 75, 76, 77, 78, 79, 80, 81, 82, 83, 84, 85, 86, 87, 88, 89, 90, 91, 92, 93, 94, 95, 96, 97, 98, 99, 100, 101, 102, 103, 104, 105, 106, 107, 108, 109, 110, 111, 112, 113, 114, 115, 116, 117, 118, 119, 120, 121, 122, 123, 124, 125, 126, 127, 128, 129, 130, 131, 132, 133, 134, 135, 136, 137, 138, 139, 140, 141, 142, 143, 144, 145, 146, 147, 148, 149, 150, 151, 152, 153, 154, 155, 156, 157, 158, 159, 160, 161, 162, 163, 164, 165, 166, 167, 168, 169, 170, 171, 172, 173, 174, 175, 176, 177, 178, 179, 180, 181, 182, 183, 184, 185, 186, 187, 188, 189, 190, 191, 192, 193, 194, 195, 196, 197, 198, 199, 200]","{1: [<function expanding_mean at 0x000002C58F7A04A0>], 7: [<function rolling_mean_14 at 0x000002C5930FAA20>], 30: [<function expanding_mean at 0x000002C58F7A04A0>]}",lags_200_features_200,145.91668242307156,128.66457858121706,126.77088945740431,114.38817583127974,97.04802135367676,85.62326385462183,74.10101743566766,66.83985079017535,86.2044894423342,116.58506775597499,116.11560232705554
SGD_Ridge,"AutoSeasonalityAndDifferences(max_diffs=380, max_season_length=267, n_seasons=10) | LocalMinMaxScaler(stats_=[[  5.11211699 325.92896936]])","[1, 2, 3, 4, 5, 6, 7, 8, 9, 10, 11, 12, 13, 14, 15, 16, 17, 18, 19, 20, 21, 22, 23, 24, 25, 26, 27, 28, 29, 30, 31, 32, 33, 34, 35, 36, 37, 38, 39, 40, 41, 42, 43, 44, 45, 46, 47, 48, 49, 50, 51, 52, 53, 54, 55, 56, 57, 58, 59, 60, 61, 62, 63, 64, 65, 66, 67, 68, 69, 70, 71, 72, 73, 74, 75, 76, 77, 78, 79, 80, 81, 82, 83, 84, 85, 86, 87, 88, 89, 90, 91, 92, 93, 94, 95, 96, 97, 98, 99, 100, 101, 102, 103, 104, 105, 106, 107, 108, 109, 110, 111, 112, 113, 114, 115, 116, 117, 118, 119, 120, 121, 122, 123, 124, 125, 126, 127, 128, 129, 130, 131, 132, 133, 134, 135, 136, 137, 138, 139, 140, 141, 142, 143, 144, 145, 146, 147, 148, 149, 150, 151, 152, 153, 154, 155, 156, 157, 158, 159, 160, 161, 162, 163, 164, 165, 166, 167, 168, 169, 170, 171, 172, 173, 174, 175, 176, 177, 178, 179, 180, 181, 182, 183, 184, 185, 186, 187, 188, 189, 190, 191, 192, 193, 194, 195, 196, 197, 198, 199, 200]","{1: [<function expanding_mean at 0x000002C58F7A04A0>], 7: [<function rolling_mean_14 at 0x000002C5930FAA20>], 30: [<function expanding_mean at 0x000002C58F7A04A0>]}",lags_200_features_200,99.73925062731513,102.16173130324442,120.77693522112125,125.02144062840689,117.26747644144491,110.86165677382402,94.01552341673823,81.24465514713263,92.87804794672287,135.38774914378422,136.66923755969881
SGDRegressor,"AutoSeasonalityAndDifferences(max_diffs=380, max_season_length=267, n_seasons=10) | LocalMinMaxScaler(stats_=[[  5.11211699 325.92896936]])","[1, 2, 3, 4, 5, 6, 7, 8, 9, 10, 11, 12, 13, 14, 15, 16, 17, 18, 19, 20, 21, 22, 23, 24, 25, 26, 27, 28, 29, 30, 31, 32, 33, 34, 35, 36, 37, 38, 39, 40, 41, 42, 43, 44, 45, 46, 47, 48, 49, 50, 51, 52, 53, 54, 55, 56, 57, 58, 59, 60, 61, 62, 63, 64, 65, 66, 67, 68, 69, 70, 71, 72, 73, 74, 75, 76, 77, 78, 79, 80, 81, 82, 83, 84, 85, 86, 87, 88, 89, 90, 91, 92, 93, 94, 95, 96, 97, 98, 99, 100, 101, 102, 103, 104, 105, 106, 107, 108, 109, 110, 111, 112, 113, 114, 115, 116, 117, 118, 119, 120, 121, 122, 123, 124, 125, 126, 127, 128, 129, 130, 131, 132, 133, 134, 135, 136, 137, 138, 139, 140, 141, 142, 143, 144, 145, 146, 147, 148, 149, 150, 151, 152, 153, 154, 155, 156, 157, 158, 159, 160, 161, 162, 163, 164, 165, 166, 167, 168, 169, 170, 171, 172, 173, 174, 175, 176, 177, 178, 179, 180, 181, 182, 183, 184, 185, 186, 187, 188, 189, 190, 191, 192, 193, 194, 195, 196, 197, 198, 199, 200]","{1: [<function expanding_mean at 0x000002C58F7A04A0>], 7: [<function rolling_mean_14 at 0x000002C5930FAA20>], 30: [<function expanding_mean at 0x000002C58F7A04A0>]}",lags_200_features_200,15.77080115708804,22.974539580386786,50.957591261527334,75.00163180730127,88.02907549129574,101.28756854429908,94.98301039828829,83.8212805733732,83.41901120471593,94.75497839838046,100.01886800456101
XGBRegressor,"AutoSeasonalityAndDifferences(max_diffs=380, max_season_length=267, n_seasons=10) | LocalMinMaxScaler(stats_=[[  5.11211699 325.92896936]])","[1, 2, 3, 4, 5, 6, 7, 8, 9, 10, 11, 12, 13, 14, 15, 16, 17, 18, 19, 20, 21, 22, 23, 24, 25, 26, 27, 28, 29, 30, 31, 32, 33, 34, 35, 36, 37, 38, 39, 40, 41, 42, 43, 44, 45, 46, 47, 48, 49, 50, 51, 52, 53, 54, 55, 56, 57, 58, 59, 60, 61, 62, 63, 64, 65, 66, 67, 68, 69, 70, 71, 72, 73, 74, 75, 76, 77, 78, 79, 80, 81, 82, 83, 84, 85, 86, 87, 88, 89, 90, 91, 92, 93, 94, 95, 96, 97, 98, 99, 100, 101, 102, 103, 104, 105, 106, 107, 108, 109, 110, 111, 112, 113, 114, 115, 116, 117, 118, 119, 120, 121, 122, 123, 124, 125, 126, 127, 128, 129, 130, 131, 132, 133, 134, 135, 136, 137, 138, 139, 140, 141, 142, 143, 144, 145, 146, 147, 148, 149, 150, 151, 152, 153, 154, 155, 156, 157, 158, 159, 160, 161, 162, 163, 164, 165, 166, 167, 168, 169, 170, 171, 172, 173, 174, 175, 176, 177, 178, 179, 180, 181, 182, 183, 184, 185, 186, 187, 188, 189, 190, 191, 192, 193, 194, 195, 196, 197, 198, 199, 200]","{1: [<function expanding_mean at 0x000002C58F7A04A0>], 7: [<function rolling_mean_14 at 0x000002C5930FAA20>], 30: [<function expanding_mean at 0x000002C58F7A04A0>]}",lags_200_features_200,20.894374825591118,25.603965097054864,25.98292380530803,26.594415559572244,26.971349148793415,26.512378484771805,30.871974021325332,31.30017720254606,41.058252417845445,41.796044675112434,41.316040259610126
LGBMRegressor,"AutoSeasonalityAndDifferences(max_diffs=380, max_season_length=267, n_seasons=10) | LocalMinMaxScaler(stats_=[[  5.11211699 325.92896936]])","[1, 2, 3, 4, 5, 6, 7, 8, 9, 10, 11, 12, 13, 14, 15, 16, 17, 18, 19, 20, 21, 22, 23, 24, 25, 26, 27, 28, 29, 30, 31, 32, 33, 34, 35, 36, 37, 38, 39, 40, 41, 42, 43, 44, 45, 46, 47, 48, 49, 50, 51, 52, 53, 54, 55, 56, 57, 58, 59, 60, 61, 62, 63, 64, 65, 66, 67, 68, 69, 70, 71, 72, 73, 74, 75, 76, 77, 78, 79, 80, 81, 82, 83, 84, 85, 86, 87, 88, 89, 90, 91, 92, 93, 94, 95, 96, 97, 98, 99, 100, 101, 102, 103, 104, 105, 106, 107, 108, 109, 110, 111, 112, 113, 114, 115, 116, 117, 118, 119, 120, 121, 122, 123, 124, 125, 126, 127, 128, 129, 130, 131, 132, 133, 134, 135, 136, 137, 138, 139, 140, 141, 142, 143, 144, 145, 146, 147, 148, 149, 150, 151, 152, 153, 154, 155, 156, 157, 158, 159, 160, 161, 162, 163, 164, 165, 166, 167, 168, 169, 170, 171, 172, 173, 174, 175, 176, 177, 178, 179, 180, 181, 182, 183, 184, 185, 186, 187, 188, 189, 190, 191, 192, 193, 194, 195, 196, 197, 198, 199, 200]","{1: [<function expanding_mean at 0x000002C58F7A04A0>], 7: [<function rolling_mean_14 at 0x000002C5930FAA20>], 30: [<function expanding_mean at 0x000002C58F7A04A0>]}",lags_200_features_200,13.373549157547549,23.3236501790668,24.332270913731616,25.27853327397962,27.615588957754394,28.437065678960543,33.372406361801566,33.33803625373154,38.289276023444984,38.07240739332838,37.514776229432584
SGD_EarlyStopping,"AutoSeasonalityAndDifferences(max_diffs=380, max_season_length=267, n_seasons=10) | LocalMinMaxScaler(stats_=[[  5.11211699 325.92896936]])","[1, 2, 3, 4, 5, 6, 7, 8, 9, 10, 11, 12, 13, 14, 15, 16, 17, 18, 19, 20, 21, 22, 23, 24, 25, 26, 27, 28, 29, 30, 31, 32, 33, 34, 35, 36, 37, 38, 39, 40, 41, 42, 43, 44, 45, 46, 47, 48, 49, 50, 51, 52, 53, 54, 55, 56, 57, 58, 59, 60, 61, 62, 63, 64, 65, 66, 67, 68, 69, 70, 71, 72, 73, 74, 75, 76, 77, 78, 79, 80, 81, 82, 83, 84, 85, 86, 87, 88, 89, 90, 91, 92, 93, 94, 95, 96, 97, 98, 99, 100, 101, 102, 103, 104, 105, 106, 107, 108, 109, 110, 111, 112, 113, 114, 115, 116, 117, 118, 119, 120, 121, 122, 123, 124, 125, 126, 127, 128, 129, 130, 131, 132, 133, 134, 135, 136, 137, 138, 139, 140, 141, 142, 143, 144, 145, 146, 147, 148, 149, 150, 151, 152, 153, 154, 155, 156, 157, 158, 159, 160, 161, 162, 163, 164, 165, 166, 167, 168, 169, 170, 171, 172, 173, 174, 175, 176, 177, 178, 179, 180, 181, 182, 183, 184, 185, 186, 187, 188, 189, 190, 191, 192, 193, 194, 195, 196, 197, 198, 199, 200]","{1: [<function rolling_mean_14 at 0x000002C5930FAA20>], 7: [<function rolling_mean_30 at 0x000002C58DBF9260>], 30: [<function expanding_mean at 0x000002C58F7A04A0>]}",lags_200_features_200,38.782945093995465,58.163814430352,60.254522471401074,52.765967267092265,46.4937493787277,47.15205223960496,44.7518432746615,42.380690964215475,40.97165118553562,40.706724781818195,42.236307308152924
SGD_ElasticNet,"AutoSeasonalityAndDifferences(max_diffs=380, max_season_length=267, n_seasons=10) | LocalMinMaxScaler(stats_=[[  5.11211699 325.92896936]])","[1, 2, 3, 4, 5, 6, 7, 8, 9, 10, 11, 12, 13, 14, 15, 16, 17, 18, 19, 20, 21, 22, 23, 24, 25, 26, 27, 28, 29, 30, 31, 32, 33, 34, 35, 36, 37, 38, 39, 40, 41, 42, 43, 44, 45, 46, 47, 48, 49, 50, 51, 52, 53, 54, 55, 56, 57, 58, 59, 60, 61, 62, 63, 64, 65, 66, 67, 68, 69, 70, 71, 72, 73, 74, 75, 76, 77, 78, 79, 80, 81, 82, 83, 84, 85, 86, 87, 88, 89, 90, 91, 92, 93, 94, 95, 96, 97, 98, 99, 100, 101, 102, 103, 104, 105, 106, 107, 108, 109, 110, 111, 112, 113, 114, 115, 116, 117, 118, 119, 120, 121, 122, 123, 124, 125, 126, 127, 128, 129, 130, 131, 132, 133, 134, 135, 136, 137, 138, 139, 140, 141, 142, 143, 144, 145, 146, 147, 148, 149, 150, 151, 152, 153, 154, 155, 156, 157, 158, 159, 160, 161, 162, 163, 164, 165, 166, 167, 168, 169, 170, 171, 172, 173, 174, 175, 176, 177, 178, 179, 180, 181, 182, 183, 184, 185, 186, 187, 188, 189, 190, 191, 192, 193, 194, 195, 196, 197, 198, 199, 200]","{1: [<function rolling_mean_14 at 0x000002C5930FAA20>], 7: [<function rolling_mean_30 at 0x000002C58DBF9260>], 30: [<function expanding_mean at 0x000002C58F7A04A0>]}",lags_200_features_200,32.48014811637735,40.86924551024465,69.4521407832593,90.23765661459467,98.84796315758537,107.64651256161793,97.2130174843933,84.98353373064519,76.10243528624869,91.76996026064975,96.43384782730614
SGD_Lasso,"AutoSeasonalityAndDifferences(max_diffs=380, max_season_length=267, n_seasons=10) | LocalMinMaxScaler(stats_=[[  5.11211699 325.92896936]])","[1, 2, 3, 4, 5, 6, 7, 8, 9, 10, 11, 12, 13, 14, 15, 16, 17, 18, 19, 20, 21, 22, 23, 24, 25, 26, 27, 28, 29, 30, 31, 32, 33, 34, 35, 36, 37, 38, 39, 40, 41, 42, 43, 44, 45, 46, 47, 48, 49, 50, 51, 52, 53, 54, 55, 56, 57, 58, 59, 60, 61, 62, 63, 64, 65, 66, 67, 68, 69, 70, 71, 72, 73, 74, 75, 76, 77, 78, 79, 80, 81, 82, 83, 84, 85, 86, 87, 88, 89, 90, 91, 92, 93, 94, 95, 96, 97, 98, 99, 100, 101, 102, 103, 104, 105, 106, 107, 108, 109, 110, 111, 112, 113, 114, 115, 116, 117, 118, 119, 120, 121, 122, 123, 124, 125, 126, 127, 128, 129, 130, 131, 132, 133, 134, 135, 136, 137, 138, 139, 140, 141, 142, 143, 144, 145, 146, 147, 148, 149, 150, 151, 152, 153, 154, 155, 156, 157, 158, 159, 160, 161, 162, 163, 164, 165, 166, 167, 168, 169, 170, 171, 172, 173, 174, 175, 176, 177, 178, 179, 180, 181, 182, 183, 184, 185, 186, 187, 188, 189, 190, 191, 192, 193, 194, 195, 196, 197, 198, 199, 200]","{1: [<function rolling_mean_14 at 0x000002C5930FAA20>], 7: [<function rolling_mean_30 at 0x000002C58DBF9260>], 30: [<function expanding_mean at 0x000002C58F7A04A0>]}",lags_200_features_200,145.91668242307156,128.66457858121706,126.77088945740431,114.38817583127974,97.04802135367676,85.62326385462183,74.10101743566766,66.83985079017535,86.2044894423342,116.58506775597499,116.11560232705554
SGD_Ridge,"AutoSeasonalityAndDifferences(max_diffs=380, max_season_length=267, n_seasons=10) | LocalMinMaxScaler(stats_=[[  5.11211699 325.92896936]])","[1, 2, 3, 4, 5, 6, 7, 8, 9, 10, 11, 12, 13, 14, 15, 16, 17, 18, 19, 20, 21, 22, 23, 24, 25, 26, 27, 28, 29, 30, 31, 32, 33, 34, 35, 36, 37, 38, 39, 40, 41, 42, 43, 44, 45, 46, 47, 48, 49, 50, 51, 52, 53, 54, 55, 56, 57, 58, 59, 60, 61, 62, 63, 64, 65, 66, 67, 68, 69, 70, 71, 72, 73, 74, 75, 76, 77, 78, 79, 80, 81, 82, 83, 84, 85, 86, 87, 88, 89, 90, 91, 92, 93, 94, 95, 96, 97, 98, 99, 100, 101, 102, 103, 104, 105, 106, 107, 108, 109, 110, 111, 112, 113, 114, 115, 116, 117, 118, 119, 120, 121, 122, 123, 124, 125, 126, 127, 128, 129, 130, 131, 132, 133, 134, 135, 136, 137, 138, 139, 140, 141, 142, 143, 144, 145, 146, 147, 148, 149, 150, 151, 152, 153, 154, 155, 156, 157, 158, 159, 160, 161, 162, 163, 164, 165, 166, 167, 168, 169, 170, 171, 172, 173, 174, 175, 176, 177, 178, 179, 180, 181, 182, 183, 184, 185, 186, 187, 188, 189, 190, 191, 192, 193, 194, 195, 196, 197, 198, 199, 200]","{1: [<function rolling_mean_14 at 0x000002C5930FAA20>], 7: [<function rolling_mean_30 at 0x000002C58DBF9260>], 30: [<function expanding_mean at 0x000002C58F7A04A0>]}",lags_200_features_200,99.6025670257631,102.13544610394747,120.82649271200223,125.12376623379666,117.40424990662073,111.02665169951833,94.14605713287537,81.34587839707535,92.9110626596287,135.45252816905895,136.74453823354216
SGDRegressor,"AutoSeasonalityAndDifferences(max_diffs=380, max_season_length=267, n_seasons=10) | LocalMinMaxScaler(stats_=[[  5.11211699 325.92896936]])","[1, 2, 3, 4, 5, 6, 7, 8, 9, 10, 11, 12, 13, 14, 15, 16, 17, 18, 19, 20, 21, 22, 23, 24, 25, 26, 27, 28, 29, 30, 31, 32, 33, 34, 35, 36, 37, 38, 39, 40, 41, 42, 43, 44, 45, 46, 47, 48, 49, 50, 51, 52, 53, 54, 55, 56, 57, 58, 59, 60, 61, 62, 63, 64, 65, 66, 67, 68, 69, 70, 71, 72, 73, 74, 75, 76, 77, 78, 79, 80, 81, 82, 83, 84, 85, 86, 87, 88, 89, 90, 91, 92, 93, 94, 95, 96, 97, 98, 99, 100, 101, 102, 103, 104, 105, 106, 107, 108, 109, 110, 111, 112, 113, 114, 115, 116, 117, 118, 119, 120, 121, 122, 123, 124, 125, 126, 127, 128, 129, 130, 131, 132, 133, 134, 135, 136, 137, 138, 139, 140, 141, 142, 143, 144, 145, 146, 147, 148, 149, 150, 151, 152, 153, 154, 155, 156, 157, 158, 159, 160, 161, 162, 163, 164, 165, 166, 167, 168, 169, 170, 171, 172, 173, 174, 175, 176, 177, 178, 179, 180, 181, 182, 183, 184, 185, 186, 187, 188, 189, 190, 191, 192, 193, 194, 195, 196, 197, 198, 199, 200]","{1: [<function rolling_mean_14 at 0x000002C5930FAA20>], 7: [<function rolling_mean_30 at 0x000002C58DBF9260>], 30: [<function expanding_mean at 0x000002C58F7A04A0>]}",lags_200_features_200,16.008451790321995,23.281889625171566,51.429544657048574,75.58743046163407,88.68928556453932,102.0348618966171,95.72063853291476,84.47239608360839,84.18234279056351,95.41307511788393,100.65618069823543
XGBRegressor,"AutoSeasonalityAndDifferences(max_diffs=380, max_season_length=267, n_seasons=10) | LocalMinMaxScaler(stats_=[[  5.11211699 325.92896936]])","[1, 2, 3, 4, 5, 6, 7, 8, 9, 10, 11, 12, 13, 14, 15, 16, 17, 18, 19, 20, 21, 22, 23, 24, 25, 26, 27, 28, 29, 30, 31, 32, 33, 34, 35, 36, 37, 38, 39, 40, 41, 42, 43, 44, 45, 46, 47, 48, 49, 50, 51, 52, 53, 54, 55, 56, 57, 58, 59, 60, 61, 62, 63, 64, 65, 66, 67, 68, 69, 70, 71, 72, 73, 74, 75, 76, 77, 78, 79, 80, 81, 82, 83, 84, 85, 86, 87, 88, 89, 90, 91, 92, 93, 94, 95, 96, 97, 98, 99, 100, 101, 102, 103, 104, 105, 106, 107, 108, 109, 110, 111, 112, 113, 114, 115, 116, 117, 118, 119, 120, 121, 122, 123, 124, 125, 126, 127, 128, 129, 130, 131, 132, 133, 134, 135, 136, 137, 138, 139, 140, 141, 142, 143, 144, 145, 146, 147, 148, 149, 150, 151, 152, 153, 154, 155, 156, 157, 158, 159, 160, 161, 162, 163, 164, 165, 166, 167, 168, 169, 170, 171, 172, 173, 174, 175, 176, 177, 178, 179, 180, 181, 182, 183, 184, 185, 186, 187, 188, 189, 190, 191, 192, 193, 194, 195, 196, 197, 198, 199, 200]","{1: [<function rolling_mean_14 at 0x000002C5930FAA20>], 7: [<function rolling_mean_30 at 0x000002C58DBF9260>], 30: [<function expanding_mean at 0x000002C58F7A04A0>]}",lags_200_features_200,15.949104276124762,22.73770138888827,24.491891305597253,25.484263182500733,26.869709665749724,27.645638655316198,32.29491834302313,32.30518923653866,36.982676184236325,44.327164733153396,43.65198787981382
LGBMRegressor,"AutoSeasonalityAndDifferences(max_diffs=380, max_season_length=267, n_seasons=10) | LocalMinMaxScaler(stats_=[[  5.11211699 325.92896936]])","[1, 2, 3, 4, 5, 6, 7, 8, 9, 10, 11, 12, 13, 14, 15, 16, 17, 18, 19, 20, 21, 22, 23, 24, 25, 26, 27, 28, 29, 30, 31, 32, 33, 34, 35, 36, 37, 38, 39, 40, 41, 42, 43, 44, 45, 46, 47, 48, 49, 50, 51, 52, 53, 54, 55, 56, 57, 58, 59, 60, 61, 62, 63, 64, 65, 66, 67, 68, 69, 70, 71, 72, 73, 74, 75, 76, 77, 78, 79, 80, 81, 82, 83, 84, 85, 86, 87, 88, 89, 90, 91, 92, 93, 94, 95, 96, 97, 98, 99, 100, 101, 102, 103, 104, 105, 106, 107, 108, 109, 110, 111, 112, 113, 114, 115, 116, 117, 118, 119, 120, 121, 122, 123, 124, 125, 126, 127, 128, 129, 130, 131, 132, 133, 134, 135, 136, 137, 138, 139, 140, 141, 142, 143, 144, 145, 146, 147, 148, 149, 150, 151, 152, 153, 154, 155, 156, 157, 158, 159, 160, 161, 162, 163, 164, 165, 166, 167, 168, 169, 170, 171, 172, 173, 174, 175, 176, 177, 178, 179, 180, 181, 182, 183, 184, 185, 186, 187, 188, 189, 190, 191, 192, 193, 194, 195, 196, 197, 198, 199, 200]","{1: [<function rolling_mean_14 at 0x000002C5930FAA20>], 7: [<function rolling_mean_30 at 0x000002C58DBF9260>], 30: [<function expanding_mean at 0x000002C58F7A04A0>]}",lags_200_features_200,16.227434778448288,24.751334504425916,25.156485648950603,25.80804831685703,27.221297081878586,27.421296120179385,31.63663225530537,31.988910945558086,32.83281504295552,33.034299769586376,32.735790188061856
SGD_EarlyStopping,"AutoSeasonalityAndDifferences(max_diffs=380, max_season_length=267, n_seasons=10) | LocalMinMaxScaler(stats_=[[  5.11211699 325.92896936]])","[1, 2, 3, 4, 5, 6, 7, 8, 9, 10, 11, 12, 13, 14, 15, 16, 17, 18, 19, 20, 21, 22, 23, 24, 25, 26, 27, 28, 29, 30, 31, 32, 33, 34, 35, 36, 37, 38, 39, 40, 41, 42, 43, 44, 45, 46, 47, 48, 49, 50, 51, 52, 53, 54, 55, 56, 57, 58, 59, 60, 61, 62, 63, 64, 65, 66, 67, 68, 69, 70, 71, 72, 73, 74, 75, 76, 77, 78, 79, 80, 81, 82, 83, 84, 85, 86, 87, 88, 89, 90, 91, 92, 93, 94, 95, 96, 97, 98, 99, 100, 101, 102, 103, 104, 105, 106, 107, 108, 109, 110, 111, 112, 113, 114, 115, 116, 117, 118, 119, 120, 121, 122, 123, 124, 125, 126, 127, 128, 129, 130, 131, 132, 133, 134, 135, 136, 137, 138, 139, 140, 141, 142, 143, 144, 145, 146, 147, 148, 149, 150, 151, 152, 153, 154, 155, 156, 157, 158, 159, 160, 161, 162, 163, 164, 165, 166, 167, 168, 169, 170, 171, 172, 173, 174, 175, 176, 177, 178, 179, 180, 181, 182, 183, 184, 185, 186, 187, 188, 189, 190, 191, 192, 193, 194, 195, 196, 197, 198, 199, 200]","{7: [RollingMean(window_size=7)], 30: [RollingMean(window_size=30)], 60: [RollingMean(window_size=60)]}",lags_200_features_200,38.9290089624432,58.17925717387459,60.11194507304555,52.5637597790787,46.34852577302403,47.04035817138259,44.65410556055816,42.28729083660697,40.90370375882606,40.67873086806779,42.23129843316716
SGD_ElasticNet,"AutoSeasonalityAndDifferences(max_diffs=380, max_season_length=267, n_seasons=10) | LocalMinMaxScaler(stats_=[[  5.11211699 325.92896936]])","[1, 2, 3, 4, 5, 6, 7, 8, 9, 10, 11, 12, 13, 14, 15, 16, 17, 18, 19, 20, 21, 22, 23, 24, 25, 26, 27, 28, 29, 30, 31, 32, 33, 34, 35, 36, 37, 38, 39, 40, 41, 42, 43, 44, 45, 46, 47, 48, 49, 50, 51, 52, 53, 54, 55, 56, 57, 58, 59, 60, 61, 62, 63, 64, 65, 66, 67, 68, 69, 70, 71, 72, 73, 74, 75, 76, 77, 78, 79, 80, 81, 82, 83, 84, 85, 86, 87, 88, 89, 90, 91, 92, 93, 94, 95, 96, 97, 98, 99, 100, 101, 102, 103, 104, 105, 106, 107, 108, 109, 110, 111, 112, 113, 114, 115, 116, 117, 118, 119, 120, 121, 122, 123, 124, 125, 126, 127, 128, 129, 130, 131, 132, 133, 134, 135, 136, 137, 138, 139, 140, 141, 142, 143, 144, 145, 146, 147, 148, 149, 150, 151, 152, 153, 154, 155, 156, 157, 158, 159, 160, 161, 162, 163, 164, 165, 166, 167, 168, 169, 170, 171, 172, 173, 174, 175, 176, 177, 178, 179, 180, 181, 182, 183, 184, 185, 186, 187, 188, 189, 190, 191, 192, 193, 194, 195, 196, 197, 198, 199, 200]","{7: [RollingMean(window_size=7)], 30: [RollingMean(window_size=30)], 60: [RollingMean(window_size=60)]}",lags_200_features_200,32.279420634309325,40.57863848866937,69.05431057520607,89.7488919624776,98.29055662657194,107.0077836408642,96.59014552884237,84.40852808418221,75.60757604244324,91.68733741136877,96.35163776297578
SGD_Lasso,"AutoSeasonalityAndDifferences(max_diffs=380, max_season_length=267, n_seasons=10) | LocalMinMaxScaler(stats_=[[  5.11211699 325.92896936]])","[1, 2, 3, 4, 5, 6, 7, 8, 9, 10, 11, 12, 13, 14, 15, 16, 17, 18, 19, 20, 21, 22, 23, 24, 25, 26, 27, 28, 29, 30, 31, 32, 33, 34, 35, 36, 37, 38, 39, 40, 41, 42, 43, 44, 45, 46, 47, 48, 49, 50, 51, 52, 53, 54, 55, 56, 57, 58, 59, 60, 61, 62, 63, 64, 65, 66, 67, 68, 69, 70, 71, 72, 73, 74, 75, 76, 77, 78, 79, 80, 81, 82, 83, 84, 85, 86, 87, 88, 89, 90, 91, 92, 93, 94, 95, 96, 97, 98, 99, 100, 101, 102, 103, 104, 105, 106, 107, 108, 109, 110, 111, 112, 113, 114, 115, 116, 117, 118, 119, 120, 121, 122, 123, 124, 125, 126, 127, 128, 129, 130, 131, 132, 133, 134, 135, 136, 137, 138, 139, 140, 141, 142, 143, 144, 145, 146, 147, 148, 149, 150, 151, 152, 153, 154, 155, 156, 157, 158, 159, 160, 161, 162, 163, 164, 165, 166, 167, 168, 169, 170, 171, 172, 173, 174, 175, 176, 177, 178, 179, 180, 181, 182, 183, 184, 185, 186, 187, 188, 189, 190, 191, 192, 193, 194, 195, 196, 197, 198, 199, 200]","{7: [RollingMean(window_size=7)], 30: [RollingMean(window_size=30)], 60: [RollingMean(window_size=60)]}",lags_200_features_200,145.91668242307156,128.66457858121706,126.77088945740431,114.38817583127974,97.04802135367676,85.62326385462183,74.10101743566766,66.83985079017535,86.2044894423342,116.58506775597499,116.11560232705554
SGD_Ridge,"AutoSeasonalityAndDifferences(max_diffs=380, max_season_length=267, n_seasons=10) | LocalMinMaxScaler(stats_=[[  5.11211699 325.92896936]])","[1, 2, 3, 4, 5, 6, 7, 8, 9, 10, 11, 12, 13, 14, 15, 16, 17, 18, 19, 20, 21, 22, 23, 24, 25, 26, 27, 28, 29, 30, 31, 32, 33, 34, 35, 36, 37, 38, 39, 40, 41, 42, 43, 44, 45, 46, 47, 48, 49, 50, 51, 52, 53, 54, 55, 56, 57, 58, 59, 60, 61, 62, 63, 64, 65, 66, 67, 68, 69, 70, 71, 72, 73, 74, 75, 76, 77, 78, 79, 80, 81, 82, 83, 84, 85, 86, 87, 88, 89, 90, 91, 92, 93, 94, 95, 96, 97, 98, 99, 100, 101, 102, 103, 104, 105, 106, 107, 108, 109, 110, 111, 112, 113, 114, 115, 116, 117, 118, 119, 120, 121, 122, 123, 124, 125, 126, 127, 128, 129, 130, 131, 132, 133, 134, 135, 136, 137, 138, 139, 140, 141, 142, 143, 144, 145, 146, 147, 148, 149, 150, 151, 152, 153, 154, 155, 156, 157, 158, 159, 160, 161, 162, 163, 164, 165, 166, 167, 168, 169, 170, 171, 172, 173, 174, 175, 176, 177, 178, 179, 180, 181, 182, 183, 184, 185, 186, 187, 188, 189, 190, 191, 192, 193, 194, 195, 196, 197, 198, 199, 200]","{7: [RollingMean(window_size=7)], 30: [RollingMean(window_size=30)], 60: [RollingMean(window_size=60)]}",lags_200_features_200,99.47144207369548,101.89998264100058,120.56340158271661,124.85677055837863,117.148959126758,110.78371391851223,93.96328742239413,81.19539602962253,92.75741578394371,135.24470020913162,136.5344229493756
SGDRegressor,"AutoSeasonalityAndDifferences(max_diffs=380, max_season_length=267, n_seasons=10) | LocalMinMaxScaler(stats_=[[  5.11211699 325.92896936]])","[1, 2, 3, 4, 5, 6, 7, 8, 9, 10, 11, 12, 13, 14, 15, 16, 17, 18, 19, 20, 21, 22, 23, 24, 25, 26, 27, 28, 29, 30, 31, 32, 33, 34, 35, 36, 37, 38, 39, 40, 41, 42, 43, 44, 45, 46, 47, 48, 49, 50, 51, 52, 53, 54, 55, 56, 57, 58, 59, 60, 61, 62, 63, 64, 65, 66, 67, 68, 69, 70, 71, 72, 73, 74, 75, 76, 77, 78, 79, 80, 81, 82, 83, 84, 85, 86, 87, 88, 89, 90, 91, 92, 93, 94, 95, 96, 97, 98, 99, 100, 101, 102, 103, 104, 105, 106, 107, 108, 109, 110, 111, 112, 113, 114, 115, 116, 117, 118, 119, 120, 121, 122, 123, 124, 125, 126, 127, 128, 129, 130, 131, 132, 133, 134, 135, 136, 137, 138, 139, 140, 141, 142, 143, 144, 145, 146, 147, 148, 149, 150, 151, 152, 153, 154, 155, 156, 157, 158, 159, 160, 161, 162, 163, 164, 165, 166, 167, 168, 169, 170, 171, 172, 173, 174, 175, 176, 177, 178, 179, 180, 181, 182, 183, 184, 185, 186, 187, 188, 189, 190, 191, 192, 193, 194, 195, 196, 197, 198, 199, 200]","{7: [RollingMean(window_size=7)], 30: [RollingMean(window_size=30)], 60: [RollingMean(window_size=60)]}",lags_200_features_200,15.707400367534019,22.910683255427998,50.813174705400066,74.77204137147234,87.74693351034443,100.9622320764646,94.67247051525585,83.54918147602126,83.17036636486289,94.45660935000585,99.70066781791502
XGBRegressor,"AutoSeasonalityAndDifferences(max_diffs=380, max_season_length=267, n_seasons=10) | LocalMinMaxScaler(stats_=[[  5.11211699 325.92896936]])","[1, 2, 3, 4, 5, 6, 7, 8, 9, 10, 11, 12, 13, 14, 15, 16, 17, 18, 19, 20, 21, 22, 23, 24, 25, 26, 27, 28, 29, 30, 31, 32, 33, 34, 35, 36, 37, 38, 39, 40, 41, 42, 43, 44, 45, 46, 47, 48, 49, 50, 51, 52, 53, 54, 55, 56, 57, 58, 59, 60, 61, 62, 63, 64, 65, 66, 67, 68, 69, 70, 71, 72, 73, 74, 75, 76, 77, 78, 79, 80, 81, 82, 83, 84, 85, 86, 87, 88, 89, 90, 91, 92, 93, 94, 95, 96, 97, 98, 99, 100, 101, 102, 103, 104, 105, 106, 107, 108, 109, 110, 111, 112, 113, 114, 115, 116, 117, 118, 119, 120, 121, 122, 123, 124, 125, 126, 127, 128, 129, 130, 131, 132, 133, 134, 135, 136, 137, 138, 139, 140, 141, 142, 143, 144, 145, 146, 147, 148, 149, 150, 151, 152, 153, 154, 155, 156, 157, 158, 159, 160, 161, 162, 163, 164, 165, 166, 167, 168, 169, 170, 171, 172, 173, 174, 175, 176, 177, 178, 179, 180, 181, 182, 183, 184, 185, 186, 187, 188, 189, 190, 191, 192, 193, 194, 195, 196, 197, 198, 199, 200]","{7: [RollingMean(window_size=7)], 30: [RollingMean(window_size=30)], 60: [RollingMean(window_size=60)]}",lags_200_features_200,16.411336343025955,23.080003366774683,24.80140594864767,24.882659300698958,25.739731033199615,26.410552949439726,34.12940024497574,34.52654900426244,40.868963329982954,52.30251368620308,51.58301684161927
LGBMRegressor,"AutoSeasonalityAndDifferences(max_diffs=380, max_season_length=267, n_seasons=10) | LocalMinMaxScaler(stats_=[[  5.11211699 325.92896936]])","[1, 2, 3, 4, 5, 6, 7, 8, 9, 10, 11, 12, 13, 14, 15, 16, 17, 18, 19, 20, 21, 22, 23, 24, 25, 26, 27, 28, 29, 30, 31, 32, 33, 34, 35, 36, 37, 38, 39, 40, 41, 42, 43, 44, 45, 46, 47, 48, 49, 50, 51, 52, 53, 54, 55, 56, 57, 58, 59, 60, 61, 62, 63, 64, 65, 66, 67, 68, 69, 70, 71, 72, 73, 74, 75, 76, 77, 78, 79, 80, 81, 82, 83, 84, 85, 86, 87, 88, 89, 90, 91, 92, 93, 94, 95, 96, 97, 98, 99, 100, 101, 102, 103, 104, 105, 106, 107, 108, 109, 110, 111, 112, 113, 114, 115, 116, 117, 118, 119, 120, 121, 122, 123, 124, 125, 126, 127, 128, 129, 130, 131, 132, 133, 134, 135, 136, 137, 138, 139, 140, 141, 142, 143, 144, 145, 146, 147, 148, 149, 150, 151, 152, 153, 154, 155, 156, 157, 158, 159, 160, 161, 162, 163, 164, 165, 166, 167, 168, 169, 170, 171, 172, 173, 174, 175, 176, 177, 178, 179, 180, 181, 182, 183, 184, 185, 186, 187, 188, 189, 190, 191, 192, 193, 194, 195, 196, 197, 198, 199, 200]","{7: [RollingMean(window_size=7)], 30: [RollingMean(window_size=30)], 60: [RollingMean(window_size=60)]}",lags_200_features_200,16.574852837752598,25.339147367354276,25.936520890141658,25.98460745163809,27.421849585012264,27.601570192348674,32.36182860754424,32.17463898353797,34.129855604378974,34.19427922465355,33.73171423051253
SGD_EarlyStopping,"AutoSeasonalityAndDifferences(max_diffs=380, max_season_length=267, n_seasons=10) | LocalMinMaxScaler(stats_=[[  5.11211699 325.92896936]])","[1, 2, 3, 4, 5, 6, 7, 8, 9, 10, 11, 12, 13, 14, 15, 16, 17, 18, 19, 20, 21, 22, 23, 24, 25, 26, 27, 28, 29, 30, 31, 32, 33, 34, 35, 36, 37, 38, 39, 40, 41, 42, 43, 44, 45, 46, 47, 48, 49, 50, 51, 52, 53, 54, 55, 56, 57, 58, 59, 60, 61, 62, 63, 64, 65, 66, 67, 68, 69, 70, 71, 72, 73, 74, 75, 76, 77, 78, 79, 80, 81, 82, 83, 84, 85, 86, 87, 88, 89, 90, 91, 92, 93, 94, 95, 96, 97, 98, 99, 100, 101, 102, 103, 104, 105, 106, 107, 108, 109, 110, 111, 112, 113, 114, 115, 116, 117, 118, 119, 120, 121, 122, 123, 124, 125, 126, 127, 128, 129, 130, 131, 132, 133, 134, 135, 136, 137, 138, 139, 140, 141, 142, 143, 144, 145, 146, 147, 148, 149, 150, 151, 152, 153, 154, 155, 156, 157, 158, 159, 160, 161, 162, 163, 164, 165, 166, 167, 168, 169, 170, 171, 172, 173, 174, 175, 176, 177, 178, 179, 180, 181, 182, 183, 184, 185, 186, 187, 188, 189, 190, 191, 192, 193, 194, 195, 196, 197, 198, 199, 200]","{7: [RollingMean(window_size=7), RollingStd(window_size=7)], 30: [RollingMean(window_size=30)], 60: [ExpandingMean()], 14: [ExponentiallyWeightedMean(alpha=0.3)]}",lags_200_features_200,38.45289070344663,57.805474669781084,59.85821939380078,52.43638182509016,46.19870150839658,46.81135659523949,44.43624818938909,42.01852321977269,40.53754160684611,40.391942019518254,41.972943758901984
SGD_ElasticNet,"AutoSeasonalityAndDifferences(max_diffs=380, max_season_length=267, n_seasons=10) | LocalMinMaxScaler(stats_=[[  5.11211699 325.92896936]])","[1, 2, 3, 4, 5, 6, 7, 8, 9, 10, 11, 12, 13, 14, 15, 16, 17, 18, 19, 20, 21, 22, 23, 24, 25, 26, 27, 28, 29, 30, 31, 32, 33, 34, 35, 36, 37, 38, 39, 40, 41, 42, 43, 44, 45, 46, 47, 48, 49, 50, 51, 52, 53, 54, 55, 56, 57, 58, 59, 60, 61, 62, 63, 64, 65, 66, 67, 68, 69, 70, 71, 72, 73, 74, 75, 76, 77, 78, 79, 80, 81, 82, 83, 84, 85, 86, 87, 88, 89, 90, 91, 92, 93, 94, 95, 96, 97, 98, 99, 100, 101, 102, 103, 104, 105, 106, 107, 108, 109, 110, 111, 112, 113, 114, 115, 116, 117, 118, 119, 120, 121, 122, 123, 124, 125, 126, 127, 128, 129, 130, 131, 132, 133, 134, 135, 136, 137, 138, 139, 140, 141, 142, 143, 144, 145, 146, 147, 148, 149, 150, 151, 152, 153, 154, 155, 156, 157, 158, 159, 160, 161, 162, 163, 164, 165, 166, 167, 168, 169, 170, 171, 172, 173, 174, 175, 176, 177, 178, 179, 180, 181, 182, 183, 184, 185, 186, 187, 188, 189, 190, 191, 192, 193, 194, 195, 196, 197, 198, 199, 200]","{7: [RollingMean(window_size=7), RollingStd(window_size=7)], 30: [RollingMean(window_size=30)], 60: [ExpandingMean()], 14: [ExponentiallyWeightedMean(alpha=0.3)]}",lags_200_features_200,33.169227718777414,41.683120440322696,70.39205193136345,91.17476048830329,99.69943264312957,108.40464174645106,97.78563431110867,85.39750781128839,76.43036746096104,92.49279527770156,97.17054819312449
SGD_Lasso,"AutoSeasonalityAndDifferences(max_diffs=380, max_season_length=267, n_seasons=10) | LocalMinMaxScaler(stats_=[[  5.11211699 325.92896936]])","[1, 2, 3, 4, 5, 6, 7, 8, 9, 10, 11, 12, 13, 14, 15, 16, 17, 18, 19, 20, 21, 22, 23, 24, 25, 26, 27, 28, 29, 30, 31, 32, 33, 34, 35, 36, 37, 38, 39, 40, 41, 42, 43, 44, 45, 46, 47, 48, 49, 50, 51, 52, 53, 54, 55, 56, 57, 58, 59, 60, 61, 62, 63, 64, 65, 66, 67, 68, 69, 70, 71, 72, 73, 74, 75, 76, 77, 78, 79, 80, 81, 82, 83, 84, 85, 86, 87, 88, 89, 90, 91, 92, 93, 94, 95, 96, 97, 98, 99, 100, 101, 102, 103, 104, 105, 106, 107, 108, 109, 110, 111, 112, 113, 114, 115, 116, 117, 118, 119, 120, 121, 122, 123, 124, 125, 126, 127, 128, 129, 130, 131, 132, 133, 134, 135, 136, 137, 138, 139, 140, 141, 142, 143, 144, 145, 146, 147, 148, 149, 150, 151, 152, 153, 154, 155, 156, 157, 158, 159, 160, 161, 162, 163, 164, 165, 166, 167, 168, 169, 170, 171, 172, 173, 174, 175, 176, 177, 178, 179, 180, 181, 182, 183, 184, 185, 186, 187, 188, 189, 190, 191, 192, 193, 194, 195, 196, 197, 198, 199, 200]","{7: [RollingMean(window_size=7), RollingStd(window_size=7)], 30: [RollingMean(window_size=30)], 60: [ExpandingMean()], 14: [ExponentiallyWeightedMean(alpha=0.3)]}",lags_200_features_200,145.91668242307156,128.66457858121706,126.77088945740431,114.38817583127974,97.04802135367676,85.62326385462183,74.10101743566766,66.83985079017535,86.2044894423342,116.58506775597499,116.11560232705554
SGD_Ridge,"AutoSeasonalityAndDifferences(max_diffs=380, max_season_length=267, n_seasons=10) | LocalMinMaxScaler(stats_=[[  5.11211699 325.92896936]])","[1, 2, 3, 4, 5, 6, 7, 8, 9, 10, 11, 12, 13, 14, 15, 16, 17, 18, 19, 20, 21, 22, 23, 24, 25, 26, 27, 28, 29, 30, 31, 32, 33, 34, 35, 36, 37, 38, 39, 40, 41, 42, 43, 44, 45, 46, 47, 48, 49, 50, 51, 52, 53, 54, 55, 56, 57, 58, 59, 60, 61, 62, 63, 64, 65, 66, 67, 68, 69, 70, 71, 72, 73, 74, 75, 76, 77, 78, 79, 80, 81, 82, 83, 84, 85, 86, 87, 88, 89, 90, 91, 92, 93, 94, 95, 96, 97, 98, 99, 100, 101, 102, 103, 104, 105, 106, 107, 108, 109, 110, 111, 112, 113, 114, 115, 116, 117, 118, 119, 120, 121, 122, 123, 124, 125, 126, 127, 128, 129, 130, 131, 132, 133, 134, 135, 136, 137, 138, 139, 140, 141, 142, 143, 144, 145, 146, 147, 148, 149, 150, 151, 152, 153, 154, 155, 156, 157, 158, 159, 160, 161, 162, 163, 164, 165, 166, 167, 168, 169, 170, 171, 172, 173, 174, 175, 176, 177, 178, 179, 180, 181, 182, 183, 184, 185, 186, 187, 188, 189, 190, 191, 192, 193, 194, 195, 196, 197, 198, 199, 200]","{7: [RollingMean(window_size=7), RollingStd(window_size=7)], 30: [RollingMean(window_size=30)], 60: [ExpandingMean()], 14: [ExponentiallyWeightedMean(alpha=0.3)]}",lags_200_features_200,99.40413632905266,101.97742259116463,120.7363059117984,125.09102988432856,117.41622188693984,111.0788224128062,94.1931826286493,81.37661428734813,92.8632120840899,135.41011043046888,136.7136699723135
SGDRegressor,"AutoSeasonalityAndDifferences(max_diffs=380, max_season_length=267, n_seasons=10) | LocalMinMaxScaler(stats_=[[  5.11211699 325.92896936]])","[1, 2, 3, 4, 5, 6, 7, 8, 9, 10, 11, 12, 13, 14, 15, 16, 17, 18, 19, 20, 21, 22, 23, 24, 25, 26, 27, 28, 29, 30, 31, 32, 33, 34, 35, 36, 37, 38, 39, 40, 41, 42, 43, 44, 45, 46, 47, 48, 49, 50, 51, 52, 53, 54, 55, 56, 57, 58, 59, 60, 61, 62, 63, 64, 65, 66, 67, 68, 69, 70, 71, 72, 73, 74, 75, 76, 77, 78, 79, 80, 81, 82, 83, 84, 85, 86, 87, 88, 89, 90, 91, 92, 93, 94, 95, 96, 97, 98, 99, 100, 101, 102, 103, 104, 105, 106, 107, 108, 109, 110, 111, 112, 113, 114, 115, 116, 117, 118, 119, 120, 121, 122, 123, 124, 125, 126, 127, 128, 129, 130, 131, 132, 133, 134, 135, 136, 137, 138, 139, 140, 141, 142, 143, 144, 145, 146, 147, 148, 149, 150, 151, 152, 153, 154, 155, 156, 157, 158, 159, 160, 161, 162, 163, 164, 165, 166, 167, 168, 169, 170, 171, 172, 173, 174, 175, 176, 177, 178, 179, 180, 181, 182, 183, 184, 185, 186, 187, 188, 189, 190, 191, 192, 193, 194, 195, 196, 197, 198, 199, 200]","{7: [RollingMean(window_size=7), RollingStd(window_size=7)], 30: [RollingMean(window_size=30)], 60: [ExpandingMean()], 14: [ExponentiallyWeightedMean(alpha=0.3)]}",lags_200_features_200,16.531829251621875,23.798868514262907,52.013818286196546,76.10040772259765,89.06524141919999,102.25704815030714,95.77381189445572,84.42252916772944,84.05171510185882,95.34494700496869,100.62271116821894
XGBRegressor,"AutoSeasonalityAndDifferences(max_diffs=380, max_season_length=267, n_seasons=10) | LocalMinMaxScaler(stats_=[[  5.11211699 325.92896936]])","[1, 2, 3, 4, 5, 6, 7, 8, 9, 10, 11, 12, 13, 14, 15, 16, 17, 18, 19, 20, 21, 22, 23, 24, 25, 26, 27, 28, 29, 30, 31, 32, 33, 34, 35, 36, 37, 38, 39, 40, 41, 42, 43, 44, 45, 46, 47, 48, 49, 50, 51, 52, 53, 54, 55, 56, 57, 58, 59, 60, 61, 62, 63, 64, 65, 66, 67, 68, 69, 70, 71, 72, 73, 74, 75, 76, 77, 78, 79, 80, 81, 82, 83, 84, 85, 86, 87, 88, 89, 90, 91, 92, 93, 94, 95, 96, 97, 98, 99, 100, 101, 102, 103, 104, 105, 106, 107, 108, 109, 110, 111, 112, 113, 114, 115, 116, 117, 118, 119, 120, 121, 122, 123, 124, 125, 126, 127, 128, 129, 130, 131, 132, 133, 134, 135, 136, 137, 138, 139, 140, 141, 142, 143, 144, 145, 146, 147, 148, 149, 150, 151, 152, 153, 154, 155, 156, 157, 158, 159, 160, 161, 162, 163, 164, 165, 166, 167, 168, 169, 170, 171, 172, 173, 174, 175, 176, 177, 178, 179, 180, 181, 182, 183, 184, 185, 186, 187, 188, 189, 190, 191, 192, 193, 194, 195, 196, 197, 198, 199, 200]","{7: [RollingMean(window_size=7), RollingStd(window_size=7)], 30: [RollingMean(window_size=30)], 60: [ExpandingMean()], 14: [ExponentiallyWeightedMean(alpha=0.3)]}",lags_200_features_200,16.105524038087214,23.64161807000548,25.39015051387977,25.40156600926383,27.294869260063052,28.685123963830378,32.74986630426272,32.87531543898374,50.20230698730869,72.01088353796406,71.53776464444847
LGBMRegressor,"AutoSeasonalityAndDifferences(max_diffs=380, max_season_length=267, n_seasons=10) | LocalMinMaxScaler(stats_=[[  5.11211699 325.92896936]])","[1, 2, 3, 4, 5, 6, 7, 8, 9, 10, 11, 12, 13, 14, 15, 16, 17, 18, 19, 20, 21, 22, 23, 24, 25, 26, 27, 28, 29, 30, 31, 32, 33, 34, 35, 36, 37, 38, 39, 40, 41, 42, 43, 44, 45, 46, 47, 48, 49, 50, 51, 52, 53, 54, 55, 56, 57, 58, 59, 60, 61, 62, 63, 64, 65, 66, 67, 68, 69, 70, 71, 72, 73, 74, 75, 76, 77, 78, 79, 80, 81, 82, 83, 84, 85, 86, 87, 88, 89, 90, 91, 92, 93, 94, 95, 96, 97, 98, 99, 100, 101, 102, 103, 104, 105, 106, 107, 108, 109, 110, 111, 112, 113, 114, 115, 116, 117, 118, 119, 120, 121, 122, 123, 124, 125, 126, 127, 128, 129, 130, 131, 132, 133, 134, 135, 136, 137, 138, 139, 140, 141, 142, 143, 144, 145, 146, 147, 148, 149, 150, 151, 152, 153, 154, 155, 156, 157, 158, 159, 160, 161, 162, 163, 164, 165, 166, 167, 168, 169, 170, 171, 172, 173, 174, 175, 176, 177, 178, 179, 180, 181, 182, 183, 184, 185, 186, 187, 188, 189, 190, 191, 192, 193, 194, 195, 196, 197, 198, 199, 200]","{7: [RollingMean(window_size=7), RollingStd(window_size=7)], 30: [RollingMean(window_size=30)], 60: [ExpandingMean()], 14: [ExponentiallyWeightedMean(alpha=0.3)]}",lags_200_features_200,15.225675786650203,23.817589462883042,25.33346060436147,26.41219941072192,27.74004046251004,27.69742385562254,32.53037211432985,32.56582324371232,34.82637398270804,34.20735491216547,33.72548749188376
XGBRegressor,"AutoSeasonalityAndDifferences(max_diffs=380, max_season_length=267, n_seasons=10) | LocalBoxCox(lower=0.0, method=loglik, season_length=None, stats_=[[4.10226185e-05 0.00000000e+00]], upper=2.0)","[1, 2, 3, 4, 5, 6, 7, 8, 9, 10, 11, 12, 13, 14, 15, 16, 17, 18, 19, 20, 21, 22, 23, 24, 25, 26, 27, 28, 29, 30, 31, 32, 33, 34, 35, 36, 37, 38, 39, 40, 41, 42, 43, 44, 45, 46, 47, 48, 49, 50, 51, 52, 53, 54, 55, 56, 57, 58, 59, 60, 61, 62, 63, 64, 65, 66, 67, 68, 69, 70, 71, 72, 73, 74, 75, 76, 77, 78, 79, 80, 81, 82, 83, 84, 85, 86, 87, 88, 89, 90, 91, 92, 93, 94, 95, 96, 97, 98, 99, 100, 101, 102, 103, 104, 105, 106, 107, 108, 109, 110, 111, 112, 113, 114, 115, 116, 117, 118, 119, 120, 121, 122, 123, 124, 125, 126, 127, 128, 129, 130, 131, 132, 133, 134, 135, 136, 137, 138, 139, 140, 141, 142, 143, 144, 145, 146, 147, 148, 149, 150, 151, 152, 153, 154, 155, 156, 157, 158, 159, 160, 161, 162, 163, 164, 165, 166, 167, 168, 169, 170, 171, 172, 173, 174, 175, 176, 177, 178, 179, 180, 181, 182, 183, 184, 185, 186, 187, 188, 189, 190, 191, 192, 193, 194, 195, 196, 197, 198, 199, 200]","{1: [<function expanding_mean at 0x000002C58F7A04A0>], 7: [<function rolling_mean_14 at 0x000002C5930FAA20>], 30: [<function expanding_mean at 0x000002C58F7A04A0>]}",lags_200_features_200,15.9080513159565,23.81685567640078,24.681575440099415,25.607558298265843,27.963614927981585,28.914114852538496,32.59944784860483,50.922008408252815,74.33652894082387,67.66097746305272,66.43936964054237
LGBMRegressor,"AutoSeasonalityAndDifferences(max_diffs=380, max_season_length=267, n_seasons=10) | LocalBoxCox(lower=0.0, method=loglik, season_length=None, stats_=[[4.10226185e-05 0.00000000e+00]], upper=2.0)","[1, 2, 3, 4, 5, 6, 7, 8, 9, 10, 11, 12, 13, 14, 15, 16, 17, 18, 19, 20, 21, 22, 23, 24, 25, 26, 27, 28, 29, 30, 31, 32, 33, 34, 35, 36, 37, 38, 39, 40, 41, 42, 43, 44, 45, 46, 47, 48, 49, 50, 51, 52, 53, 54, 55, 56, 57, 58, 59, 60, 61, 62, 63, 64, 65, 66, 67, 68, 69, 70, 71, 72, 73, 74, 75, 76, 77, 78, 79, 80, 81, 82, 83, 84, 85, 86, 87, 88, 89, 90, 91, 92, 93, 94, 95, 96, 97, 98, 99, 100, 101, 102, 103, 104, 105, 106, 107, 108, 109, 110, 111, 112, 113, 114, 115, 116, 117, 118, 119, 120, 121, 122, 123, 124, 125, 126, 127, 128, 129, 130, 131, 132, 133, 134, 135, 136, 137, 138, 139, 140, 141, 142, 143, 144, 145, 146, 147, 148, 149, 150, 151, 152, 153, 154, 155, 156, 157, 158, 159, 160, 161, 162, 163, 164, 165, 166, 167, 168, 169, 170, 171, 172, 173, 174, 175, 176, 177, 178, 179, 180, 181, 182, 183, 184, 185, 186, 187, 188, 189, 190, 191, 192, 193, 194, 195, 196, 197, 198, 199, 200]","{1: [<function expanding_mean at 0x000002C58F7A04A0>], 7: [<function rolling_mean_14 at 0x000002C5930FAA20>], 30: [<function expanding_mean at 0x000002C58F7A04A0>]}",lags_200_features_200,15.023633854697138,22.352376389114962,23.44643600623942,23.856612137964657,25.271962435229756,25.409581266525482,28.725584894401084,41.42134574457986,57.729095725827285,64.25972407726692,63.28060664973796
XGBRegressor,"AutoSeasonalityAndDifferences(max_diffs=380, max_season_length=267, n_seasons=10) | LocalBoxCox(lower=0.0, method=loglik, season_length=None, stats_=[[4.10226185e-05 0.00000000e+00]], upper=2.0)","[1, 2, 3, 4, 5, 6, 7, 8, 9, 10, 11, 12, 13, 14, 15, 16, 17, 18, 19, 20, 21, 22, 23, 24, 25, 26, 27, 28, 29, 30, 31, 32, 33, 34, 35, 36, 37, 38, 39, 40, 41, 42, 43, 44, 45, 46, 47, 48, 49, 50, 51, 52, 53, 54, 55, 56, 57, 58, 59, 60, 61, 62, 63, 64, 65, 66, 67, 68, 69, 70, 71, 72, 73, 74, 75, 76, 77, 78, 79, 80, 81, 82, 83, 84, 85, 86, 87, 88, 89, 90, 91, 92, 93, 94, 95, 96, 97, 98, 99, 100, 101, 102, 103, 104, 105, 106, 107, 108, 109, 110, 111, 112, 113, 114, 115, 116, 117, 118, 119, 120, 121, 122, 123, 124, 125, 126, 127, 128, 129, 130, 131, 132, 133, 134, 135, 136, 137, 138, 139, 140, 141, 142, 143, 144, 145, 146, 147, 148, 149, 150, 151, 152, 153, 154, 155, 156, 157, 158, 159, 160, 161, 162, 163, 164, 165, 166, 167, 168, 169, 170, 171, 172, 173, 174, 175, 176, 177, 178, 179, 180, 181, 182, 183, 184, 185, 186, 187, 188, 189, 190, 191, 192, 193, 194, 195, 196, 197, 198, 199, 200]","{1: [<function rolling_mean_14 at 0x000002C5930FAA20>], 7: [<function rolling_mean_30 at 0x000002C58DBF9260>], 30: [<function expanding_mean at 0x000002C58F7A04A0>]}",lags_200_features_200,20.700739673398775,26.502363629977143,27.59682448596765,29.05994700026936,31.25443252735697,30.838955218182335,34.96332910642496,48.401424974736436,65.38104984890603,58.527939563287134,57.662397961944976
LGBMRegressor,"AutoSeasonalityAndDifferences(max_diffs=380, max_season_length=267, n_seasons=10) | LocalBoxCox(lower=0.0, method=loglik, season_length=None, stats_=[[4.10226185e-05 0.00000000e+00]], upper=2.0)","[1, 2, 3, 4, 5, 6, 7, 8, 9, 10, 11, 12, 13, 14, 15, 16, 17, 18, 19, 20, 21, 22, 23, 24, 25, 26, 27, 28, 29, 30, 31, 32, 33, 34, 35, 36, 37, 38, 39, 40, 41, 42, 43, 44, 45, 46, 47, 48, 49, 50, 51, 52, 53, 54, 55, 56, 57, 58, 59, 60, 61, 62, 63, 64, 65, 66, 67, 68, 69, 70, 71, 72, 73, 74, 75, 76, 77, 78, 79, 80, 81, 82, 83, 84, 85, 86, 87, 88, 89, 90, 91, 92, 93, 94, 95, 96, 97, 98, 99, 100, 101, 102, 103, 104, 105, 106, 107, 108, 109, 110, 111, 112, 113, 114, 115, 116, 117, 118, 119, 120, 121, 122, 123, 124, 125, 126, 127, 128, 129, 130, 131, 132, 133, 134, 135, 136, 137, 138, 139, 140, 141, 142, 143, 144, 145, 146, 147, 148, 149, 150, 151, 152, 153, 154, 155, 156, 157, 158, 159, 160, 161, 162, 163, 164, 165, 166, 167, 168, 169, 170, 171, 172, 173, 174, 175, 176, 177, 178, 179, 180, 181, 182, 183, 184, 185, 186, 187, 188, 189, 190, 191, 192, 193, 194, 195, 196, 197, 198, 199, 200]","{1: [<function rolling_mean_14 at 0x000002C5930FAA20>], 7: [<function rolling_mean_30 at 0x000002C58DBF9260>], 30: [<function expanding_mean at 0x000002C58F7A04A0>]}",lags_200_features_200,17.271941712783427,24.486555540429084,24.92012098420991,25.27301869760502,26.45963985920769,26.727551823266793,30.127030341185296,42.834549082365655,60.14687372525533,57.436835880671524,56.51100568401741
XGBRegressor,"AutoSeasonalityAndDifferences(max_diffs=380, max_season_length=267, n_seasons=10) | LocalBoxCox(lower=0.0, method=loglik, season_length=None, stats_=[[4.10226185e-05 0.00000000e+00]], upper=2.0)","[1, 2, 3, 4, 5, 6, 7, 8, 9, 10, 11, 12, 13, 14, 15, 16, 17, 18, 19, 20, 21, 22, 23, 24, 25, 26, 27, 28, 29, 30, 31, 32, 33, 34, 35, 36, 37, 38, 39, 40, 41, 42, 43, 44, 45, 46, 47, 48, 49, 50, 51, 52, 53, 54, 55, 56, 57, 58, 59, 60, 61, 62, 63, 64, 65, 66, 67, 68, 69, 70, 71, 72, 73, 74, 75, 76, 77, 78, 79, 80, 81, 82, 83, 84, 85, 86, 87, 88, 89, 90, 91, 92, 93, 94, 95, 96, 97, 98, 99, 100, 101, 102, 103, 104, 105, 106, 107, 108, 109, 110, 111, 112, 113, 114, 115, 116, 117, 118, 119, 120, 121, 122, 123, 124, 125, 126, 127, 128, 129, 130, 131, 132, 133, 134, 135, 136, 137, 138, 139, 140, 141, 142, 143, 144, 145, 146, 147, 148, 149, 150, 151, 152, 153, 154, 155, 156, 157, 158, 159, 160, 161, 162, 163, 164, 165, 166, 167, 168, 169, 170, 171, 172, 173, 174, 175, 176, 177, 178, 179, 180, 181, 182, 183, 184, 185, 186, 187, 188, 189, 190, 191, 192, 193, 194, 195, 196, 197, 198, 199, 200]","{7: [RollingMean(window_size=7)], 30: [RollingMean(window_size=30)], 60: [RollingMean(window_size=60)]}",lags_200_features_200,13.991819595022056,21.88857349741446,24.486048577507383,26.194251194983277,27.873496444988643,27.950956848985648,32.352690362933,47.175809823271514,65.26749343055405,58.841006292482,57.95998976039427
LGBMRegressor,"AutoSeasonalityAndDifferences(max_diffs=380, max_season_length=267, n_seasons=10) | LocalBoxCox(lower=0.0, method=loglik, season_length=None, stats_=[[4.10226185e-05 0.00000000e+00]], upper=2.0)","[1, 2, 3, 4, 5, 6, 7, 8, 9, 10, 11, 12, 13, 14, 15, 16, 17, 18, 19, 20, 21, 22, 23, 24, 25, 26, 27, 28, 29, 30, 31, 32, 33, 34, 35, 36, 37, 38, 39, 40, 41, 42, 43, 44, 45, 46, 47, 48, 49, 50, 51, 52, 53, 54, 55, 56, 57, 58, 59, 60, 61, 62, 63, 64, 65, 66, 67, 68, 69, 70, 71, 72, 73, 74, 75, 76, 77, 78, 79, 80, 81, 82, 83, 84, 85, 86, 87, 88, 89, 90, 91, 92, 93, 94, 95, 96, 97, 98, 99, 100, 101, 102, 103, 104, 105, 106, 107, 108, 109, 110, 111, 112, 113, 114, 115, 116, 117, 118, 119, 120, 121, 122, 123, 124, 125, 126, 127, 128, 129, 130, 131, 132, 133, 134, 135, 136, 137, 138, 139, 140, 141, 142, 143, 144, 145, 146, 147, 148, 149, 150, 151, 152, 153, 154, 155, 156, 157, 158, 159, 160, 161, 162, 163, 164, 165, 166, 167, 168, 169, 170, 171, 172, 173, 174, 175, 176, 177, 178, 179, 180, 181, 182, 183, 184, 185, 186, 187, 188, 189, 190, 191, 192, 193, 194, 195, 196, 197, 198, 199, 200]","{7: [RollingMean(window_size=7)], 30: [RollingMean(window_size=30)], 60: [RollingMean(window_size=60)]}",lags_200_features_200,15.565382331728719,21.778176284271673,22.952782978344512,23.684612618839214,25.27018397642268,25.413922056608797,28.51498411508691,41.41758323438541,56.789321428551375,53.30303450257674,52.4460913702514
XGBRegressor,"AutoSeasonalityAndDifferences(max_diffs=380, max_season_length=267, n_seasons=10) | LocalBoxCox(lower=0.0, method=loglik, season_length=None, stats_=[[4.10226185e-05 0.00000000e+00]], upper=2.0)","[1, 2, 3, 4, 5, 6, 7, 8, 9, 10, 11, 12, 13, 14, 15, 16, 17, 18, 19, 20, 21, 22, 23, 24, 25, 26, 27, 28, 29, 30, 31, 32, 33, 34, 35, 36, 37, 38, 39, 40, 41, 42, 43, 44, 45, 46, 47, 48, 49, 50, 51, 52, 53, 54, 55, 56, 57, 58, 59, 60, 61, 62, 63, 64, 65, 66, 67, 68, 69, 70, 71, 72, 73, 74, 75, 76, 77, 78, 79, 80, 81, 82, 83, 84, 85, 86, 87, 88, 89, 90, 91, 92, 93, 94, 95, 96, 97, 98, 99, 100, 101, 102, 103, 104, 105, 106, 107, 108, 109, 110, 111, 112, 113, 114, 115, 116, 117, 118, 119, 120, 121, 122, 123, 124, 125, 126, 127, 128, 129, 130, 131, 132, 133, 134, 135, 136, 137, 138, 139, 140, 141, 142, 143, 144, 145, 146, 147, 148, 149, 150, 151, 152, 153, 154, 155, 156, 157, 158, 159, 160, 161, 162, 163, 164, 165, 166, 167, 168, 169, 170, 171, 172, 173, 174, 175, 176, 177, 178, 179, 180, 181, 182, 183, 184, 185, 186, 187, 188, 189, 190, 191, 192, 193, 194, 195, 196, 197, 198, 199, 200]","{7: [RollingMean(window_size=7), RollingStd(window_size=7)], 30: [RollingMean(window_size=30)], 60: [ExpandingMean()], 14: [ExponentiallyWeightedMean(alpha=0.3)]}",lags_200_features_200,18.944902791536897,26.284882554750627,27.08361209580098,27.644932530528738,29.4202155274283,29.94509768905605,33.90229061529075,49.76107469619012,69.60151580621046,61.61424886739736,60.69043126729452
LGBMRegressor,"AutoSeasonalityAndDifferences(max_diffs=380, max_season_length=267, n_seasons=10) | LocalBoxCox(lower=0.0, method=loglik, season_length=None, stats_=[[4.10226185e-05 0.00000000e+00]], upper=2.0)","[1, 2, 3, 4, 5, 6, 7, 8, 9, 10, 11, 12, 13, 14, 15, 16, 17, 18, 19, 20, 21, 22, 23, 24, 25, 26, 27, 28, 29, 30, 31, 32, 33, 34, 35, 36, 37, 38, 39, 40, 41, 42, 43, 44, 45, 46, 47, 48, 49, 50, 51, 52, 53, 54, 55, 56, 57, 58, 59, 60, 61, 62, 63, 64, 65, 66, 67, 68, 69, 70, 71, 72, 73, 74, 75, 76, 77, 78, 79, 80, 81, 82, 83, 84, 85, 86, 87, 88, 89, 90, 91, 92, 93, 94, 95, 96, 97, 98, 99, 100, 101, 102, 103, 104, 105, 106, 107, 108, 109, 110, 111, 112, 113, 114, 115, 116, 117, 118, 119, 120, 121, 122, 123, 124, 125, 126, 127, 128, 129, 130, 131, 132, 133, 134, 135, 136, 137, 138, 139, 140, 141, 142, 143, 144, 145, 146, 147, 148, 149, 150, 151, 152, 153, 154, 155, 156, 157, 158, 159, 160, 161, 162, 163, 164, 165, 166, 167, 168, 169, 170, 171, 172, 173, 174, 175, 176, 177, 178, 179, 180, 181, 182, 183, 184, 185, 186, 187, 188, 189, 190, 191, 192, 193, 194, 195, 196, 197, 198, 199, 200]","{7: [RollingMean(window_size=7), RollingStd(window_size=7)], 30: [RollingMean(window_size=30)], 60: [ExpandingMean()], 14: [ExponentiallyWeightedMean(alpha=0.3)]}",lags_200_features_200,16.021085098292442,22.09419621709819,23.13583641842825,23.79836941991866,25.837641602381183,26.139091630269334,30.40626231688134,44.497777053633,63.30767694666203,60.29735328900758,59.25387000668324
XGBRegressor,,"[1, 2, 3, 4, 5, 6, 7, 8, 9, 11, 12, 13, 14, 16, 18, 20, 25, 27, 28, 29, 36, 37, 38, 47, 53, 59, 74, 107, 109, 110, 130, 131, 138, 139, 144, 145, 146, 147, 152, 157, 159, 161, 165, 166, 168, 173, 176, 181, 184, 187, 189, 190, 192, 193, 194, 195, 203, 204, 205, 206, 207, 209, 210, 211, 214, 216, 217, 218, 219, 222, 226, 227, 228, 229, 231, 234, 236, 242, 248, 255, 258, 260, 267, 273, 281, 286, 307, 309, 311, 319, 320, 321, 322, 323, 331, 335, 338, 339, 342, 351, 353, 354, 355, 356, 357, 358, 359, 360, 361, 362, 363, 364, 365, 366, 368, 369, 370, 371, 372, 373, 374, 375, 376, 379, 380, 384, 385, 386, 388, 390, 392, 398]","{1: [<function expanding_mean at 0x000002C58F7A04A0>], 7: [<function rolling_mean_14 at 0x000002C5930FAA20>], 30: [<function expanding_mean at 0x000002C58F7A04A0>]}",lags_400_features_132,15.398689840572455,19.73148559447311,20.62935981560627,20.114462542971108,20.847711348690616,21.409192602242953,28.888814809756536,33.59074444174141,45.321393068384374,51.60793021016947,50.78706561226295
LGBMRegressor,,"[1, 2, 3, 4, 5, 6, 7, 8, 9, 11, 12, 13, 14, 16, 18, 20, 25, 27, 28, 29, 36, 37, 38, 47, 53, 59, 74, 107, 109, 110, 130, 131, 138, 139, 144, 145, 146, 147, 152, 157, 159, 161, 165, 166, 168, 173, 176, 181, 184, 187, 189, 190, 192, 193, 194, 195, 203, 204, 205, 206, 207, 209, 210, 211, 214, 216, 217, 218, 219, 222, 226, 227, 228, 229, 231, 234, 236, 242, 248, 255, 258, 260, 267, 273, 281, 286, 307, 309, 311, 319, 320, 321, 322, 323, 331, 335, 338, 339, 342, 351, 353, 354, 355, 356, 357, 358, 359, 360, 361, 362, 363, 364, 365, 366, 368, 369, 370, 371, 372, 373, 374, 375, 376, 379, 380, 384, 385, 386, 388, 390, 392, 398]","{1: [<function expanding_mean at 0x000002C58F7A04A0>], 7: [<function rolling_mean_14 at 0x000002C5930FAA20>], 30: [<function expanding_mean at 0x000002C58F7A04A0>]}",lags_400_features_132,12.661064229041699,18.44065756906863,19.751082459244763,19.287304433646224,18.867320923746075,22.22151418769445,28.282693723195568,31.812168042346535,44.20469303480709,49.19158758920305,48.83115147152254
XGBRegressor,,"[1, 2, 3, 4, 5, 6, 7, 8, 9, 11, 12, 13, 14, 16, 18, 20, 25, 27, 28, 29, 36, 37, 38, 47, 53, 59, 74, 107, 109, 110, 130, 131, 138, 139, 144, 145, 146, 147, 152, 157, 159, 161, 165, 166, 168, 173, 176, 181, 184, 187, 189, 190, 192, 193, 194, 195, 203, 204, 205, 206, 207, 209, 210, 211, 214, 216, 217, 218, 219, 222, 226, 227, 228, 229, 231, 234, 236, 242, 248, 255, 258, 260, 267, 273, 281, 286, 307, 309, 311, 319, 320, 321, 322, 323, 331, 335, 338, 339, 342, 351, 353, 354, 355, 356, 357, 358, 359, 360, 361, 362, 363, 364, 365, 366, 368, 369, 370, 371, 372, 373, 374, 375, 376, 379, 380, 384, 385, 386, 388, 390, 392, 398]","{1: [<function rolling_mean_14 at 0x000002C5930FAA20>], 7: [<function rolling_mean_30 at 0x000002C58DBF9260>], 30: [<function expanding_mean at 0x000002C58F7A04A0>]}",lags_400_features_132,10.360743634027887,16.854162894164524,19.002891892475322,18.855931075551684,18.363788168012256,19.60383198440396,26.568636924004057,31.161473606515422,40.28790015112698,46.89384679596828,46.71372444777243
LGBMRegressor,,"[1, 2, 3, 4, 5, 6, 7, 8, 9, 11, 12, 13, 14, 16, 18, 20, 25, 27, 28, 29, 36, 37, 38, 47, 53, 59, 74, 107, 109, 110, 130, 131, 138, 139, 144, 145, 146, 147, 152, 157, 159, 161, 165, 166, 168, 173, 176, 181, 184, 187, 189, 190, 192, 193, 194, 195, 203, 204, 205, 206, 207, 209, 210, 211, 214, 216, 217, 218, 219, 222, 226, 227, 228, 229, 231, 234, 236, 242, 248, 255, 258, 260, 267, 273, 281, 286, 307, 309, 311, 319, 320, 321, 322, 323, 331, 335, 338, 339, 342, 351, 353, 354, 355, 356, 357, 358, 359, 360, 361, 362, 363, 364, 365, 366, 368, 369, 370, 371, 372, 373, 374, 375, 376, 379, 380, 384, 385, 386, 388, 390, 392, 398]","{1: [<function rolling_mean_14 at 0x000002C5930FAA20>], 7: [<function rolling_mean_30 at 0x000002C58DBF9260>], 30: [<function expanding_mean at 0x000002C58F7A04A0>]}",lags_400_features_132,10.968147204516882,17.318124445284987,19.39276008074982,18.873616748959464,18.73003197663938,20.400585189505385,24.981111029496496,28.9690207219802,39.70157433943427,43.96547189186685,43.77067576148192
XGBRegressor,,"[1, 2, 3, 4, 5, 6, 7, 8, 9, 11, 12, 13, 14, 16, 18, 20, 25, 27, 28, 29, 36, 37, 38, 47, 53, 59, 74, 107, 109, 110, 130, 131, 138, 139, 144, 145, 146, 147, 152, 157, 159, 161, 165, 166, 168, 173, 176, 181, 184, 187, 189, 190, 192, 193, 194, 195, 203, 204, 205, 206, 207, 209, 210, 211, 214, 216, 217, 218, 219, 222, 226, 227, 228, 229, 231, 234, 236, 242, 248, 255, 258, 260, 267, 273, 281, 286, 307, 309, 311, 319, 320, 321, 322, 323, 331, 335, 338, 339, 342, 351, 353, 354, 355, 356, 357, 358, 359, 360, 361, 362, 363, 364, 365, 366, 368, 369, 370, 371, 372, 373, 374, 375, 376, 379, 380, 384, 385, 386, 388, 390, 392, 398]","{7: [RollingMean(window_size=7)], 30: [RollingMean(window_size=30)], 60: [RollingMean(window_size=60)]}",lags_400_features_132,11.357573791742158,16.62075262211707,18.10101874055338,18.424238540204062,18.792691956762063,18.94772647285745,26.019261823202,31.74763104544864,43.51591013960483,52.40479733204617,51.72508608496891
LGBMRegressor,,"[1, 2, 3, 4, 5, 6, 7, 8, 9, 11, 12, 13, 14, 16, 18, 20, 25, 27, 28, 29, 36, 37, 38, 47, 53, 59, 74, 107, 109, 110, 130, 131, 138, 139, 144, 145, 146, 147, 152, 157, 159, 161, 165, 166, 168, 173, 176, 181, 184, 187, 189, 190, 192, 193, 194, 195, 203, 204, 205, 206, 207, 209, 210, 211, 214, 216, 217, 218, 219, 222, 226, 227, 228, 229, 231, 234, 236, 242, 248, 255, 258, 260, 267, 273, 281, 286, 307, 309, 311, 319, 320, 321, 322, 323, 331, 335, 338, 339, 342, 351, 353, 354, 355, 356, 357, 358, 359, 360, 361, 362, 363, 364, 365, 366, 368, 369, 370, 371, 372, 373, 374, 375, 376, 379, 380, 384, 385, 386, 388, 390, 392, 398]","{7: [RollingMean(window_size=7)], 30: [RollingMean(window_size=30)], 60: [RollingMean(window_size=60)]}",lags_400_features_132,13.373685470670521,18.74671411153778,19.939479925881678,18.98597648209018,18.550138962406887,21.542713641206177,27.98161136078237,31.04172970061507,44.37716128640889,48.24094436718045,47.927516900737466
XGBRegressor,,"[1, 2, 3, 4, 5, 6, 7, 8, 9, 11, 12, 13, 14, 16, 18, 20, 25, 27, 28, 29, 36, 37, 38, 47, 53, 59, 74, 107, 109, 110, 130, 131, 138, 139, 144, 145, 146, 147, 152, 157, 159, 161, 165, 166, 168, 173, 176, 181, 184, 187, 189, 190, 192, 193, 194, 195, 203, 204, 205, 206, 207, 209, 210, 211, 214, 216, 217, 218, 219, 222, 226, 227, 228, 229, 231, 234, 236, 242, 248, 255, 258, 260, 267, 273, 281, 286, 307, 309, 311, 319, 320, 321, 322, 323, 331, 335, 338, 339, 342, 351, 353, 354, 355, 356, 357, 358, 359, 360, 361, 362, 363, 364, 365, 366, 368, 369, 370, 371, 372, 373, 374, 375, 376, 379, 380, 384, 385, 386, 388, 390, 392, 398]","{7: [RollingMean(window_size=7), RollingStd(window_size=7)], 30: [RollingMean(window_size=30)], 60: [ExpandingMean()], 14: [ExponentiallyWeightedMean(alpha=0.3)]}",lags_400_features_132,12.827815958166596,17.756052221206804,18.969130287590907,19.0470624687911,19.15770024108805,22.105165635539368,29.937566329113945,34.41694878512691,45.17112874388479,53.32932116077512,52.828942864538696
LGBMRegressor,,"[1, 2, 3, 4, 5, 6, 7, 8, 9, 11, 12, 13, 14, 16, 18, 20, 25, 27, 28, 29, 36, 37, 38, 47, 53, 59, 74, 107, 109, 110, 130, 131, 138, 139, 144, 145, 146, 147, 152, 157, 159, 161, 165, 166, 168, 173, 176, 181, 184, 187, 189, 190, 192, 193, 194, 195, 203, 204, 205, 206, 207, 209, 210, 211, 214, 216, 217, 218, 219, 222, 226, 227, 228, 229, 231, 234, 236, 242, 248, 255, 258, 260, 267, 273, 281, 286, 307, 309, 311, 319, 320, 321, 322, 323, 331, 335, 338, 339, 342, 351, 353, 354, 355, 356, 357, 358, 359, 360, 361, 362, 363, 364, 365, 366, 368, 369, 370, 371, 372, 373, 374, 375, 376, 379, 380, 384, 385, 386, 388, 390, 392, 398]","{7: [RollingMean(window_size=7), RollingStd(window_size=7)], 30: [RollingMean(window_size=30)], 60: [ExpandingMean()], 14: [ExponentiallyWeightedMean(alpha=0.3)]}",lags_400_features_132,11.498675132271673,17.841145764748493,19.603975363352628,18.951310789311975,18.847660520526908,21.710382836114857,27.587508982842746,31.356589030299887,43.31496634315567,49.47090877138166,49.001617817586954
XGBRegressor,AutoDifferences(max_diffs=380),"[1, 2, 3, 4, 5, 6, 7, 8, 9, 11, 12, 13, 14, 16, 18, 20, 25, 27, 28, 29, 36, 37, 38, 47, 53, 59, 74, 107, 109, 110, 130, 131, 138, 139, 144, 145, 146, 147, 152, 157, 159, 161, 165, 166, 168, 173, 176, 181, 184, 187, 189, 190, 192, 193, 194, 195, 203, 204, 205, 206, 207, 209, 210, 211, 214, 216, 217, 218, 219, 222, 226, 227, 228, 229, 231, 234, 236, 242, 248, 255, 258, 260, 267, 273, 281, 286, 307, 309, 311, 319, 320, 321, 322, 323, 331, 335, 338, 339, 342, 351, 353, 354, 355, 356, 357, 358, 359, 360, 361, 362, 363, 364, 365, 366, 368, 369, 370, 371, 372, 373, 374, 375, 376, 379, 380, 384, 385, 386, 388, 390, 392, 398]","{1: [<function expanding_mean at 0x000002C58F7A04A0>], 7: [<function rolling_mean_14 at 0x000002C5930FAA20>], 30: [<function expanding_mean at 0x000002C58F7A04A0>]}",lags_400_features_132,34.08662832776048,35.06230775137447,36.24917362719862,32.72850677703561,28.9686356850255,35.16710162169531,40.36541765499305,104.22620185545009,164.24325527215044,193.9205199793055,192.02230142289883
LGBMRegressor,AutoDifferences(max_diffs=380),"[1, 2, 3, 4, 5, 6, 7, 8, 9, 11, 12, 13, 14, 16, 18, 20, 25, 27, 28, 29, 36, 37, 38, 47, 53, 59, 74, 107, 109, 110, 130, 131, 138, 139, 144, 145, 146, 147, 152, 157, 159, 161, 165, 166, 168, 173, 176, 181, 184, 187, 189, 190, 192, 193, 194, 195, 203, 204, 205, 206, 207, 209, 210, 211, 214, 216, 217, 218, 219, 222, 226, 227, 228, 229, 231, 234, 236, 242, 248, 255, 258, 260, 267, 273, 281, 286, 307, 309, 311, 319, 320, 321, 322, 323, 331, 335, 338, 339, 342, 351, 353, 354, 355, 356, 357, 358, 359, 360, 361, 362, 363, 364, 365, 366, 368, 369, 370, 371, 372, 373, 374, 375, 376, 379, 380, 384, 385, 386, 388, 390, 392, 398]","{1: [<function expanding_mean at 0x000002C58F7A04A0>], 7: [<function rolling_mean_14 at 0x000002C5930FAA20>], 30: [<function expanding_mean at 0x000002C58F7A04A0>]}",lags_400_features_132,14.09216431880612,27.78204591310869,31.997914234055276,35.343918107580556,32.60483605603691,39.41763620535499,49.048833583967756,59.91821523090821,61.03026344939374,73.82448980710953,73.4283959652864
XGBRegressor,AutoDifferences(max_diffs=380),"[1, 2, 3, 4, 5, 6, 7, 8, 9, 11, 12, 13, 14, 16, 18, 20, 25, 27, 28, 29, 36, 37, 38, 47, 53, 59, 74, 107, 109, 110, 130, 131, 138, 139, 144, 145, 146, 147, 152, 157, 159, 161, 165, 166, 168, 173, 176, 181, 184, 187, 189, 190, 192, 193, 194, 195, 203, 204, 205, 206, 207, 209, 210, 211, 214, 216, 217, 218, 219, 222, 226, 227, 228, 229, 231, 234, 236, 242, 248, 255, 258, 260, 267, 273, 281, 286, 307, 309, 311, 319, 320, 321, 322, 323, 331, 335, 338, 339, 342, 351, 353, 354, 355, 356, 357, 358, 359, 360, 361, 362, 363, 364, 365, 366, 368, 369, 370, 371, 372, 373, 374, 375, 376, 379, 380, 384, 385, 386, 388, 390, 392, 398]","{1: [<function rolling_mean_14 at 0x000002C5930FAA20>], 7: [<function rolling_mean_30 at 0x000002C58DBF9260>], 30: [<function expanding_mean at 0x000002C58F7A04A0>]}",lags_400_features_132,20.648423312191333,30.52958872963653,50.08726332656116,56.80865071089717,57.336284305615756,61.74741305127039,62.635387215623574,67.95875873869181,115.30101258400525,197.60318228538253,201.8637505949531
LGBMRegressor,AutoDifferences(max_diffs=380),"[1, 2, 3, 4, 5, 6, 7, 8, 9, 11, 12, 13, 14, 16, 18, 20, 25, 27, 28, 29, 36, 37, 38, 47, 53, 59, 74, 107, 109, 110, 130, 131, 138, 139, 144, 145, 146, 147, 152, 157, 159, 161, 165, 166, 168, 173, 176, 181, 184, 187, 189, 190, 192, 193, 194, 195, 203, 204, 205, 206, 207, 209, 210, 211, 214, 216, 217, 218, 219, 222, 226, 227, 228, 229, 231, 234, 236, 242, 248, 255, 258, 260, 267, 273, 281, 286, 307, 309, 311, 319, 320, 321, 322, 323, 331, 335, 338, 339, 342, 351, 353, 354, 355, 356, 357, 358, 359, 360, 361, 362, 363, 364, 365, 366, 368, 369, 370, 371, 372, 373, 374, 375, 376, 379, 380, 384, 385, 386, 388, 390, 392, 398]","{1: [<function rolling_mean_14 at 0x000002C5930FAA20>], 7: [<function rolling_mean_30 at 0x000002C58DBF9260>], 30: [<function expanding_mean at 0x000002C58F7A04A0>]}",lags_400_features_132,22.082073591573543,21.17457307125276,27.46532839961331,29.33071484666939,36.98608783560097,53.3850113810486,64.59352799932344,95.06229586117418,130.7818763202423,176.28262728299467,178.03105372532605
XGBRegressor,AutoDifferences(max_diffs=380),"[1, 2, 3, 4, 5, 6, 7, 8, 9, 11, 12, 13, 14, 16, 18, 20, 25, 27, 28, 29, 36, 37, 38, 47, 53, 59, 74, 107, 109, 110, 130, 131, 138, 139, 144, 145, 146, 147, 152, 157, 159, 161, 165, 166, 168, 173, 176, 181, 184, 187, 189, 190, 192, 193, 194, 195, 203, 204, 205, 206, 207, 209, 210, 211, 214, 216, 217, 218, 219, 222, 226, 227, 228, 229, 231, 234, 236, 242, 248, 255, 258, 260, 267, 273, 281, 286, 307, 309, 311, 319, 320, 321, 322, 323, 331, 335, 338, 339, 342, 351, 353, 354, 355, 356, 357, 358, 359, 360, 361, 362, 363, 364, 365, 366, 368, 369, 370, 371, 372, 373, 374, 375, 376, 379, 380, 384, 385, 386, 388, 390, 392, 398]","{7: [RollingMean(window_size=7)], 30: [RollingMean(window_size=30)], 60: [RollingMean(window_size=60)]}",lags_400_features_132,15.289058264874706,19.225173316923446,27.703860123423894,32.45459835751776,32.189336589701554,38.1218530814307,61.375060986395205,208.61441785471843,506.51744061635566,932.1331691195758,947.4431387216368
LGBMRegressor,AutoDifferences(max_diffs=380),"[1, 2, 3, 4, 5, 6, 7, 8, 9, 11, 12, 13, 14, 16, 18, 20, 25, 27, 28, 29, 36, 37, 38, 47, 53, 59, 74, 107, 109, 110, 130, 131, 138, 139, 144, 145, 146, 147, 152, 157, 159, 161, 165, 166, 168, 173, 176, 181, 184, 187, 189, 190, 192, 193, 194, 195, 203, 204, 205, 206, 207, 209, 210, 211, 214, 216, 217, 218, 219, 222, 226, 227, 228, 229, 231, 234, 236, 242, 248, 255, 258, 260, 267, 273, 281, 286, 307, 309, 311, 319, 320, 321, 322, 323, 331, 335, 338, 339, 342, 351, 353, 354, 355, 356, 357, 358, 359, 360, 361, 362, 363, 364, 365, 366, 368, 369, 370, 371, 372, 373, 374, 375, 376, 379, 380, 384, 385, 386, 388, 390, 392, 398]","{7: [RollingMean(window_size=7)], 30: [RollingMean(window_size=30)], 60: [RollingMean(window_size=60)]}",lags_400_features_132,39.992233896090006,55.42055028115368,86.64593971439875,96.86514577692242,97.82184559266504,107.21527907436896,109.85287683223474,173.0027857771043,338.1420924976909,519.0651295560565,528.271491765263
XGBRegressor,AutoDifferences(max_diffs=380),"[1, 2, 3, 4, 5, 6, 7, 8, 9, 11, 12, 13, 14, 16, 18, 20, 25, 27, 28, 29, 36, 37, 38, 47, 53, 59, 74, 107, 109, 110, 130, 131, 138, 139, 144, 145, 146, 147, 152, 157, 159, 161, 165, 166, 168, 173, 176, 181, 184, 187, 189, 190, 192, 193, 194, 195, 203, 204, 205, 206, 207, 209, 210, 211, 214, 216, 217, 218, 219, 222, 226, 227, 228, 229, 231, 234, 236, 242, 248, 255, 258, 260, 267, 273, 281, 286, 307, 309, 311, 319, 320, 321, 322, 323, 331, 335, 338, 339, 342, 351, 353, 354, 355, 356, 357, 358, 359, 360, 361, 362, 363, 364, 365, 366, 368, 369, 370, 371, 372, 373, 374, 375, 376, 379, 380, 384, 385, 386, 388, 390, 392, 398]","{7: [RollingMean(window_size=7), RollingStd(window_size=7)], 30: [RollingMean(window_size=30)], 60: [ExpandingMean()], 14: [ExponentiallyWeightedMean(alpha=0.3)]}",lags_400_features_132,24.99124715290471,25.987742916771715,28.120288730371485,25.60714992729928,24.14864707952049,34.73022239891371,48.902361548621144,139.77011736807844,300.0873546632309,520.6446914738037,527.0979029492178
LGBMRegressor,AutoDifferences(max_diffs=380),"[1, 2, 3, 4, 5, 6, 7, 8, 9, 11, 12, 13, 14, 16, 18, 20, 25, 27, 28, 29, 36, 37, 38, 47, 53, 59, 74, 107, 109, 110, 130, 131, 138, 139, 144, 145, 146, 147, 152, 157, 159, 161, 165, 166, 168, 173, 176, 181, 184, 187, 189, 190, 192, 193, 194, 195, 203, 204, 205, 206, 207, 209, 210, 211, 214, 216, 217, 218, 219, 222, 226, 227, 228, 229, 231, 234, 236, 242, 248, 255, 258, 260, 267, 273, 281, 286, 307, 309, 311, 319, 320, 321, 322, 323, 331, 335, 338, 339, 342, 351, 353, 354, 355, 356, 357, 358, 359, 360, 361, 362, 363, 364, 365, 366, 368, 369, 370, 371, 372, 373, 374, 375, 376, 379, 380, 384, 385, 386, 388, 390, 392, 398]","{7: [RollingMean(window_size=7), RollingStd(window_size=7)], 30: [RollingMean(window_size=30)], 60: [ExpandingMean()], 14: [ExponentiallyWeightedMean(alpha=0.3)]}",lags_400_features_132,26.578018496807594,23.449805107032283,29.53004375088073,33.83265733705944,37.26729888801253,55.97668787714992,82.51743128433631,230.7986057633429,657.3170191610016,1380.617874056195,1414.5193488174723
XGBRegressor,"AutoSeasonalDifferences(max_diffs=380, n_seasons=10, season_length=267)","[1, 2, 3, 4, 5, 6, 7, 8, 9, 11, 12, 13, 14, 16, 18, 20, 25, 27, 28, 29, 36, 37, 38, 47, 53, 59, 74, 107, 109, 110, 130, 131, 138, 139, 144, 145, 146, 147, 152, 157, 159, 161, 165, 166, 168, 173, 176, 181, 184, 187, 189, 190, 192, 193, 194, 195, 203, 204, 205, 206, 207, 209, 210, 211, 214, 216, 217, 218, 219, 222, 226, 227, 228, 229, 231, 234, 236, 242, 248, 255, 258, 260, 267, 273, 281, 286, 307, 309, 311, 319, 320, 321, 322, 323, 331, 335, 338, 339, 342, 351, 353, 354, 355, 356, 357, 358, 359, 360, 361, 362, 363, 364, 365, 366, 368, 369, 370, 371, 372, 373, 374, 375, 376, 379, 380, 384, 385, 386, 388, 390, 392, 398]","{1: [<function expanding_mean at 0x000002C58F7A04A0>], 7: [<function rolling_mean_14 at 0x000002C5930FAA20>], 30: [<function expanding_mean at 0x000002C58F7A04A0>]}",lags_400_features_132,15.398689840572455,19.73148559447311,20.62935981560627,20.114462542971108,20.847711348690616,21.409192602242953,28.888814809756536,33.59074444174141,45.321393068384374,51.60793021016947,50.78706561226295
LGBMRegressor,"AutoSeasonalDifferences(max_diffs=380, n_seasons=10, season_length=267)","[1, 2, 3, 4, 5, 6, 7, 8, 9, 11, 12, 13, 14, 16, 18, 20, 25, 27, 28, 29, 36, 37, 38, 47, 53, 59, 74, 107, 109, 110, 130, 131, 138, 139, 144, 145, 146, 147, 152, 157, 159, 161, 165, 166, 168, 173, 176, 181, 184, 187, 189, 190, 192, 193, 194, 195, 203, 204, 205, 206, 207, 209, 210, 211, 214, 216, 217, 218, 219, 222, 226, 227, 228, 229, 231, 234, 236, 242, 248, 255, 258, 260, 267, 273, 281, 286, 307, 309, 311, 319, 320, 321, 322, 323, 331, 335, 338, 339, 342, 351, 353, 354, 355, 356, 357, 358, 359, 360, 361, 362, 363, 364, 365, 366, 368, 369, 370, 371, 372, 373, 374, 375, 376, 379, 380, 384, 385, 386, 388, 390, 392, 398]","{1: [<function expanding_mean at 0x000002C58F7A04A0>], 7: [<function rolling_mean_14 at 0x000002C5930FAA20>], 30: [<function expanding_mean at 0x000002C58F7A04A0>]}",lags_400_features_132,12.661064229041699,18.44065756906863,19.751082459244763,19.287304433646224,18.867320923746075,22.22151418769445,28.282693723195568,31.812168042346535,44.20469303480709,49.19158758920305,48.83115147152254
XGBRegressor,"AutoSeasonalDifferences(max_diffs=380, n_seasons=10, season_length=267)","[1, 2, 3, 4, 5, 6, 7, 8, 9, 11, 12, 13, 14, 16, 18, 20, 25, 27, 28, 29, 36, 37, 38, 47, 53, 59, 74, 107, 109, 110, 130, 131, 138, 139, 144, 145, 146, 147, 152, 157, 159, 161, 165, 166, 168, 173, 176, 181, 184, 187, 189, 190, 192, 193, 194, 195, 203, 204, 205, 206, 207, 209, 210, 211, 214, 216, 217, 218, 219, 222, 226, 227, 228, 229, 231, 234, 236, 242, 248, 255, 258, 260, 267, 273, 281, 286, 307, 309, 311, 319, 320, 321, 322, 323, 331, 335, 338, 339, 342, 351, 353, 354, 355, 356, 357, 358, 359, 360, 361, 362, 363, 364, 365, 366, 368, 369, 370, 371, 372, 373, 374, 375, 376, 379, 380, 384, 385, 386, 388, 390, 392, 398]","{1: [<function rolling_mean_14 at 0x000002C5930FAA20>], 7: [<function rolling_mean_30 at 0x000002C58DBF9260>], 30: [<function expanding_mean at 0x000002C58F7A04A0>]}",lags_400_features_132,10.360743634027887,16.854162894164524,19.002891892475322,18.855931075551684,18.363788168012256,19.60383198440396,26.568636924004057,31.161473606515422,40.28790015112698,46.89384679596828,46.71372444777243
LGBMRegressor,"AutoSeasonalDifferences(max_diffs=380, n_seasons=10, season_length=267)","[1, 2, 3, 4, 5, 6, 7, 8, 9, 11, 12, 13, 14, 16, 18, 20, 25, 27, 28, 29, 36, 37, 38, 47, 53, 59, 74, 107, 109, 110, 130, 131, 138, 139, 144, 145, 146, 147, 152, 157, 159, 161, 165, 166, 168, 173, 176, 181, 184, 187, 189, 190, 192, 193, 194, 195, 203, 204, 205, 206, 207, 209, 210, 211, 214, 216, 217, 218, 219, 222, 226, 227, 228, 229, 231, 234, 236, 242, 248, 255, 258, 260, 267, 273, 281, 286, 307, 309, 311, 319, 320, 321, 322, 323, 331, 335, 338, 339, 342, 351, 353, 354, 355, 356, 357, 358, 359, 360, 361, 362, 363, 364, 365, 366, 368, 369, 370, 371, 372, 373, 374, 375, 376, 379, 380, 384, 385, 386, 388, 390, 392, 398]","{1: [<function rolling_mean_14 at 0x000002C5930FAA20>], 7: [<function rolling_mean_30 at 0x000002C58DBF9260>], 30: [<function expanding_mean at 0x000002C58F7A04A0>]}",lags_400_features_132,10.968147204516882,17.318124445284987,19.39276008074982,18.873616748959464,18.73003197663938,20.400585189505385,24.981111029496496,28.9690207219802,39.70157433943427,43.96547189186685,43.77067576148192
XGBRegressor,"AutoSeasonalDifferences(max_diffs=380, n_seasons=10, season_length=267)","[1, 2, 3, 4, 5, 6, 7, 8, 9, 11, 12, 13, 14, 16, 18, 20, 25, 27, 28, 29, 36, 37, 38, 47, 53, 59, 74, 107, 109, 110, 130, 131, 138, 139, 144, 145, 146, 147, 152, 157, 159, 161, 165, 166, 168, 173, 176, 181, 184, 187, 189, 190, 192, 193, 194, 195, 203, 204, 205, 206, 207, 209, 210, 211, 214, 216, 217, 218, 219, 222, 226, 227, 228, 229, 231, 234, 236, 242, 248, 255, 258, 260, 267, 273, 281, 286, 307, 309, 311, 319, 320, 321, 322, 323, 331, 335, 338, 339, 342, 351, 353, 354, 355, 356, 357, 358, 359, 360, 361, 362, 363, 364, 365, 366, 368, 369, 370, 371, 372, 373, 374, 375, 376, 379, 380, 384, 385, 386, 388, 390, 392, 398]","{7: [RollingMean(window_size=7)], 30: [RollingMean(window_size=30)], 60: [RollingMean(window_size=60)]}",lags_400_features_132,11.357573791742158,16.62075262211707,18.10101874055338,18.424238540204062,18.792691956762063,18.94772647285745,26.019261823202,31.74763104544864,43.51591013960483,52.40479733204617,51.72508608496891
LGBMRegressor,"AutoSeasonalDifferences(max_diffs=380, n_seasons=10, season_length=267)","[1, 2, 3, 4, 5, 6, 7, 8, 9, 11, 12, 13, 14, 16, 18, 20, 25, 27, 28, 29, 36, 37, 38, 47, 53, 59, 74, 107, 109, 110, 130, 131, 138, 139, 144, 145, 146, 147, 152, 157, 159, 161, 165, 166, 168, 173, 176, 181, 184, 187, 189, 190, 192, 193, 194, 195, 203, 204, 205, 206, 207, 209, 210, 211, 214, 216, 217, 218, 219, 222, 226, 227, 228, 229, 231, 234, 236, 242, 248, 255, 258, 260, 267, 273, 281, 286, 307, 309, 311, 319, 320, 321, 322, 323, 331, 335, 338, 339, 342, 351, 353, 354, 355, 356, 357, 358, 359, 360, 361, 362, 363, 364, 365, 366, 368, 369, 370, 371, 372, 373, 374, 375, 376, 379, 380, 384, 385, 386, 388, 390, 392, 398]","{7: [RollingMean(window_size=7)], 30: [RollingMean(window_size=30)], 60: [RollingMean(window_size=60)]}",lags_400_features_132,13.373685470670521,18.74671411153778,19.939479925881678,18.98597648209018,18.550138962406887,21.542713641206177,27.98161136078237,31.04172970061507,44.37716128640889,48.24094436718045,47.927516900737466
XGBRegressor,"AutoSeasonalDifferences(max_diffs=380, n_seasons=10, season_length=267)","[1, 2, 3, 4, 5, 6, 7, 8, 9, 11, 12, 13, 14, 16, 18, 20, 25, 27, 28, 29, 36, 37, 38, 47, 53, 59, 74, 107, 109, 110, 130, 131, 138, 139, 144, 145, 146, 147, 152, 157, 159, 161, 165, 166, 168, 173, 176, 181, 184, 187, 189, 190, 192, 193, 194, 195, 203, 204, 205, 206, 207, 209, 210, 211, 214, 216, 217, 218, 219, 222, 226, 227, 228, 229, 231, 234, 236, 242, 248, 255, 258, 260, 267, 273, 281, 286, 307, 309, 311, 319, 320, 321, 322, 323, 331, 335, 338, 339, 342, 351, 353, 354, 355, 356, 357, 358, 359, 360, 361, 362, 363, 364, 365, 366, 368, 369, 370, 371, 372, 373, 374, 375, 376, 379, 380, 384, 385, 386, 388, 390, 392, 398]","{7: [RollingMean(window_size=7), RollingStd(window_size=7)], 30: [RollingMean(window_size=30)], 60: [ExpandingMean()], 14: [ExponentiallyWeightedMean(alpha=0.3)]}",lags_400_features_132,12.827815958166596,17.756052221206804,18.969130287590907,19.0470624687911,19.15770024108805,22.105165635539368,29.937566329113945,34.41694878512691,45.17112874388479,53.32932116077512,52.828942864538696
LGBMRegressor,"AutoSeasonalDifferences(max_diffs=380, n_seasons=10, season_length=267)","[1, 2, 3, 4, 5, 6, 7, 8, 9, 11, 12, 13, 14, 16, 18, 20, 25, 27, 28, 29, 36, 37, 38, 47, 53, 59, 74, 107, 109, 110, 130, 131, 138, 139, 144, 145, 146, 147, 152, 157, 159, 161, 165, 166, 168, 173, 176, 181, 184, 187, 189, 190, 192, 193, 194, 195, 203, 204, 205, 206, 207, 209, 210, 211, 214, 216, 217, 218, 219, 222, 226, 227, 228, 229, 231, 234, 236, 242, 248, 255, 258, 260, 267, 273, 281, 286, 307, 309, 311, 319, 320, 321, 322, 323, 331, 335, 338, 339, 342, 351, 353, 354, 355, 356, 357, 358, 359, 360, 361, 362, 363, 364, 365, 366, 368, 369, 370, 371, 372, 373, 374, 375, 376, 379, 380, 384, 385, 386, 388, 390, 392, 398]","{7: [RollingMean(window_size=7), RollingStd(window_size=7)], 30: [RollingMean(window_size=30)], 60: [ExpandingMean()], 14: [ExponentiallyWeightedMean(alpha=0.3)]}",lags_400_features_132,11.498675132271673,17.841145764748493,19.603975363352628,18.951310789311975,18.847660520526908,21.710382836114857,27.587508982842746,31.356589030299887,43.31496634315567,49.47090877138166,49.001617817586954
XGBRegressor,"AutoSeasonalityAndDifferences(max_diffs=380, max_season_length=267, n_seasons=10)","[1, 2, 3, 4, 5, 6, 7, 8, 9, 11, 12, 13, 14, 16, 18, 20, 25, 27, 28, 29, 36, 37, 38, 47, 53, 59, 74, 107, 109, 110, 130, 131, 138, 139, 144, 145, 146, 147, 152, 157, 159, 161, 165, 166, 168, 173, 176, 181, 184, 187, 189, 190, 192, 193, 194, 195, 203, 204, 205, 206, 207, 209, 210, 211, 214, 216, 217, 218, 219, 222, 226, 227, 228, 229, 231, 234, 236, 242, 248, 255, 258, 260, 267, 273, 281, 286, 307, 309, 311, 319, 320, 321, 322, 323, 331, 335, 338, 339, 342, 351, 353, 354, 355, 356, 357, 358, 359, 360, 361, 362, 363, 364, 365, 366, 368, 369, 370, 371, 372, 373, 374, 375, 376, 379, 380, 384, 385, 386, 388, 390, 392, 398]","{1: [<function expanding_mean at 0x000002C58F7A04A0>], 7: [<function rolling_mean_14 at 0x000002C5930FAA20>], 30: [<function expanding_mean at 0x000002C58F7A04A0>]}",lags_400_features_132,15.398689840572455,19.73148559447311,20.62935981560627,20.114462542971108,20.847711348690616,21.409192602242953,28.888814809756536,33.59074444174141,45.321393068384374,51.60793021016947,50.78706561226295
LGBMRegressor,"AutoSeasonalityAndDifferences(max_diffs=380, max_season_length=267, n_seasons=10)","[1, 2, 3, 4, 5, 6, 7, 8, 9, 11, 12, 13, 14, 16, 18, 20, 25, 27, 28, 29, 36, 37, 38, 47, 53, 59, 74, 107, 109, 110, 130, 131, 138, 139, 144, 145, 146, 147, 152, 157, 159, 161, 165, 166, 168, 173, 176, 181, 184, 187, 189, 190, 192, 193, 194, 195, 203, 204, 205, 206, 207, 209, 210, 211, 214, 216, 217, 218, 219, 222, 226, 227, 228, 229, 231, 234, 236, 242, 248, 255, 258, 260, 267, 273, 281, 286, 307, 309, 311, 319, 320, 321, 322, 323, 331, 335, 338, 339, 342, 351, 353, 354, 355, 356, 357, 358, 359, 360, 361, 362, 363, 364, 365, 366, 368, 369, 370, 371, 372, 373, 374, 375, 376, 379, 380, 384, 385, 386, 388, 390, 392, 398]","{1: [<function expanding_mean at 0x000002C58F7A04A0>], 7: [<function rolling_mean_14 at 0x000002C5930FAA20>], 30: [<function expanding_mean at 0x000002C58F7A04A0>]}",lags_400_features_132,12.661064229041699,18.44065756906863,19.751082459244763,19.287304433646224,18.867320923746075,22.22151418769445,28.282693723195568,31.812168042346535,44.20469303480709,49.19158758920305,48.83115147152254
XGBRegressor,"AutoSeasonalityAndDifferences(max_diffs=380, max_season_length=267, n_seasons=10)","[1, 2, 3, 4, 5, 6, 7, 8, 9, 11, 12, 13, 14, 16, 18, 20, 25, 27, 28, 29, 36, 37, 38, 47, 53, 59, 74, 107, 109, 110, 130, 131, 138, 139, 144, 145, 146, 147, 152, 157, 159, 161, 165, 166, 168, 173, 176, 181, 184, 187, 189, 190, 192, 193, 194, 195, 203, 204, 205, 206, 207, 209, 210, 211, 214, 216, 217, 218, 219, 222, 226, 227, 228, 229, 231, 234, 236, 242, 248, 255, 258, 260, 267, 273, 281, 286, 307, 309, 311, 319, 320, 321, 322, 323, 331, 335, 338, 339, 342, 351, 353, 354, 355, 356, 357, 358, 359, 360, 361, 362, 363, 364, 365, 366, 368, 369, 370, 371, 372, 373, 374, 375, 376, 379, 380, 384, 385, 386, 388, 390, 392, 398]","{1: [<function rolling_mean_14 at 0x000002C5930FAA20>], 7: [<function rolling_mean_30 at 0x000002C58DBF9260>], 30: [<function expanding_mean at 0x000002C58F7A04A0>]}",lags_400_features_132,10.360743634027887,16.854162894164524,19.002891892475322,18.855931075551684,18.363788168012256,19.60383198440396,26.568636924004057,31.161473606515422,40.28790015112698,46.89384679596828,46.71372444777243
LGBMRegressor,"AutoSeasonalityAndDifferences(max_diffs=380, max_season_length=267, n_seasons=10)","[1, 2, 3, 4, 5, 6, 7, 8, 9, 11, 12, 13, 14, 16, 18, 20, 25, 27, 28, 29, 36, 37, 38, 47, 53, 59, 74, 107, 109, 110, 130, 131, 138, 139, 144, 145, 146, 147, 152, 157, 159, 161, 165, 166, 168, 173, 176, 181, 184, 187, 189, 190, 192, 193, 194, 195, 203, 204, 205, 206, 207, 209, 210, 211, 214, 216, 217, 218, 219, 222, 226, 227, 228, 229, 231, 234, 236, 242, 248, 255, 258, 260, 267, 273, 281, 286, 307, 309, 311, 319, 320, 321, 322, 323, 331, 335, 338, 339, 342, 351, 353, 354, 355, 356, 357, 358, 359, 360, 361, 362, 363, 364, 365, 366, 368, 369, 370, 371, 372, 373, 374, 375, 376, 379, 380, 384, 385, 386, 388, 390, 392, 398]","{1: [<function rolling_mean_14 at 0x000002C5930FAA20>], 7: [<function rolling_mean_30 at 0x000002C58DBF9260>], 30: [<function expanding_mean at 0x000002C58F7A04A0>]}",lags_400_features_132,10.968147204516882,17.318124445284987,19.39276008074982,18.873616748959464,18.73003197663938,20.400585189505385,24.981111029496496,28.9690207219802,39.70157433943427,43.96547189186685,43.77067576148192
XGBRegressor,"AutoSeasonalityAndDifferences(max_diffs=380, max_season_length=267, n_seasons=10)","[1, 2, 3, 4, 5, 6, 7, 8, 9, 11, 12, 13, 14, 16, 18, 20, 25, 27, 28, 29, 36, 37, 38, 47, 53, 59, 74, 107, 109, 110, 130, 131, 138, 139, 144, 145, 146, 147, 152, 157, 159, 161, 165, 166, 168, 173, 176, 181, 184, 187, 189, 190, 192, 193, 194, 195, 203, 204, 205, 206, 207, 209, 210, 211, 214, 216, 217, 218, 219, 222, 226, 227, 228, 229, 231, 234, 236, 242, 248, 255, 258, 260, 267, 273, 281, 286, 307, 309, 311, 319, 320, 321, 322, 323, 331, 335, 338, 339, 342, 351, 353, 354, 355, 356, 357, 358, 359, 360, 361, 362, 363, 364, 365, 366, 368, 369, 370, 371, 372, 373, 374, 375, 376, 379, 380, 384, 385, 386, 388, 390, 392, 398]","{7: [RollingMean(window_size=7)], 30: [RollingMean(window_size=30)], 60: [RollingMean(window_size=60)]}",lags_400_features_132,11.357573791742158,16.62075262211707,18.10101874055338,18.424238540204062,18.792691956762063,18.94772647285745,26.019261823202,31.74763104544864,43.51591013960483,52.40479733204617,51.72508608496891
LGBMRegressor,"AutoSeasonalityAndDifferences(max_diffs=380, max_season_length=267, n_seasons=10)","[1, 2, 3, 4, 5, 6, 7, 8, 9, 11, 12, 13, 14, 16, 18, 20, 25, 27, 28, 29, 36, 37, 38, 47, 53, 59, 74, 107, 109, 110, 130, 131, 138, 139, 144, 145, 146, 147, 152, 157, 159, 161, 165, 166, 168, 173, 176, 181, 184, 187, 189, 190, 192, 193, 194, 195, 203, 204, 205, 206, 207, 209, 210, 211, 214, 216, 217, 218, 219, 222, 226, 227, 228, 229, 231, 234, 236, 242, 248, 255, 258, 260, 267, 273, 281, 286, 307, 309, 311, 319, 320, 321, 322, 323, 331, 335, 338, 339, 342, 351, 353, 354, 355, 356, 357, 358, 359, 360, 361, 362, 363, 364, 365, 366, 368, 369, 370, 371, 372, 373, 374, 375, 376, 379, 380, 384, 385, 386, 388, 390, 392, 398]","{7: [RollingMean(window_size=7)], 30: [RollingMean(window_size=30)], 60: [RollingMean(window_size=60)]}",lags_400_features_132,13.373685470670521,18.74671411153778,19.939479925881678,18.98597648209018,18.550138962406887,21.542713641206177,27.98161136078237,31.04172970061507,44.37716128640889,48.24094436718045,47.927516900737466
XGBRegressor,"AutoSeasonalityAndDifferences(max_diffs=380, max_season_length=267, n_seasons=10)","[1, 2, 3, 4, 5, 6, 7, 8, 9, 11, 12, 13, 14, 16, 18, 20, 25, 27, 28, 29, 36, 37, 38, 47, 53, 59, 74, 107, 109, 110, 130, 131, 138, 139, 144, 145, 146, 147, 152, 157, 159, 161, 165, 166, 168, 173, 176, 181, 184, 187, 189, 190, 192, 193, 194, 195, 203, 204, 205, 206, 207, 209, 210, 211, 214, 216, 217, 218, 219, 222, 226, 227, 228, 229, 231, 234, 236, 242, 248, 255, 258, 260, 267, 273, 281, 286, 307, 309, 311, 319, 320, 321, 322, 323, 331, 335, 338, 339, 342, 351, 353, 354, 355, 356, 357, 358, 359, 360, 361, 362, 363, 364, 365, 366, 368, 369, 370, 371, 372, 373, 374, 375, 376, 379, 380, 384, 385, 386, 388, 390, 392, 398]","{7: [RollingMean(window_size=7), RollingStd(window_size=7)], 30: [RollingMean(window_size=30)], 60: [ExpandingMean()], 14: [ExponentiallyWeightedMean(alpha=0.3)]}",lags_400_features_132,12.827815958166596,17.756052221206804,18.969130287590907,19.0470624687911,19.15770024108805,22.105165635539368,29.937566329113945,34.41694878512691,45.17112874388479,53.32932116077512,52.828942864538696
LGBMRegressor,"AutoSeasonalityAndDifferences(max_diffs=380, max_season_length=267, n_seasons=10)","[1, 2, 3, 4, 5, 6, 7, 8, 9, 11, 12, 13, 14, 16, 18, 20, 25, 27, 28, 29, 36, 37, 38, 47, 53, 59, 74, 107, 109, 110, 130, 131, 138, 139, 144, 145, 146, 147, 152, 157, 159, 161, 165, 166, 168, 173, 176, 181, 184, 187, 189, 190, 192, 193, 194, 195, 203, 204, 205, 206, 207, 209, 210, 211, 214, 216, 217, 218, 219, 222, 226, 227, 228, 229, 231, 234, 236, 242, 248, 255, 258, 260, 267, 273, 281, 286, 307, 309, 311, 319, 320, 321, 322, 323, 331, 335, 338, 339, 342, 351, 353, 354, 355, 356, 357, 358, 359, 360, 361, 362, 363, 364, 365, 366, 368, 369, 370, 371, 372, 373, 374, 375, 376, 379, 380, 384, 385, 386, 388, 390, 392, 398]","{7: [RollingMean(window_size=7), RollingStd(window_size=7)], 30: [RollingMean(window_size=30)], 60: [ExpandingMean()], 14: [ExponentiallyWeightedMean(alpha=0.3)]}",lags_400_features_132,11.498675132271673,17.841145764748493,19.603975363352628,18.951310789311975,18.847660520526908,21.710382836114857,27.587508982842746,31.356589030299887,43.31496634315567,49.47090877138166,49.001617817586954
SGD_EarlyStopping,LocalStandardScaler(stats_=[[47.42372721 38.3630083 ]]),"[1, 2, 3, 4, 5, 6, 7, 8, 9, 11, 12, 13, 14, 16, 18, 20, 25, 27, 28, 29, 36, 37, 38, 47, 53, 59, 74, 107, 109, 110, 130, 131, 138, 139, 144, 145, 146, 147, 152, 157, 159, 161, 165, 166, 168, 173, 176, 181, 184, 187, 189, 190, 192, 193, 194, 195, 203, 204, 205, 206, 207, 209, 210, 211, 214, 216, 217, 218, 219, 222, 226, 227, 228, 229, 231, 234, 236, 242, 248, 255, 258, 260, 267, 273, 281, 286, 307, 309, 311, 319, 320, 321, 322, 323, 331, 335, 338, 339, 342, 351, 353, 354, 355, 356, 357, 358, 359, 360, 361, 362, 363, 364, 365, 366, 368, 369, 370, 371, 372, 373, 374, 375, 376, 379, 380, 384, 385, 386, 388, 390, 392, 398]","{1: [<function expanding_mean at 0x000002C58F7A04A0>], 7: [<function rolling_mean_14 at 0x000002C5930FAA20>], 30: [<function expanding_mean at 0x000002C58F7A04A0>]}",lags_400_features_132,38.11445853123652,37.85879621116925,51.74525466024862,48.240310210203205,44.8161695718635,49.999067928105205,53.30236695059466,55.336274028786804,64.77184422945759,85.50308077389901,85.17869178091631
SGD_ElasticNet,LocalStandardScaler(stats_=[[47.42372721 38.3630083 ]]),"[1, 2, 3, 4, 5, 6, 7, 8, 9, 11, 12, 13, 14, 16, 18, 20, 25, 27, 28, 29, 36, 37, 38, 47, 53, 59, 74, 107, 109, 110, 130, 131, 138, 139, 144, 145, 146, 147, 152, 157, 159, 161, 165, 166, 168, 173, 176, 181, 184, 187, 189, 190, 192, 193, 194, 195, 203, 204, 205, 206, 207, 209, 210, 211, 214, 216, 217, 218, 219, 222, 226, 227, 228, 229, 231, 234, 236, 242, 248, 255, 258, 260, 267, 273, 281, 286, 307, 309, 311, 319, 320, 321, 322, 323, 331, 335, 338, 339, 342, 351, 353, 354, 355, 356, 357, 358, 359, 360, 361, 362, 363, 364, 365, 366, 368, 369, 370, 371, 372, 373, 374, 375, 376, 379, 380, 384, 385, 386, 388, 390, 392, 398]","{1: [<function expanding_mean at 0x000002C58F7A04A0>], 7: [<function rolling_mean_14 at 0x000002C5930FAA20>], 30: [<function expanding_mean at 0x000002C58F7A04A0>]}",lags_400_features_132,51.18541248444938,43.33791690379385,60.54104126546703,55.07048250333288,50.37923942447327,55.1874456318045,57.30726313193244,58.52095279818036,73.50935046780579,105.31997730743652,105.53389660404837
SGD_Lasso,LocalStandardScaler(stats_=[[47.42372721 38.3630083 ]]),"[1, 2, 3, 4, 5, 6, 7, 8, 9, 11, 12, 13, 14, 16, 18, 20, 25, 27, 28, 29, 36, 37, 38, 47, 53, 59, 74, 107, 109, 110, 130, 131, 138, 139, 144, 145, 146, 147, 152, 157, 159, 161, 165, 166, 168, 173, 176, 181, 184, 187, 189, 190, 192, 193, 194, 195, 203, 204, 205, 206, 207, 209, 210, 211, 214, 216, 217, 218, 219, 222, 226, 227, 228, 229, 231, 234, 236, 242, 248, 255, 258, 260, 267, 273, 281, 286, 307, 309, 311, 319, 320, 321, 322, 323, 331, 335, 338, 339, 342, 351, 353, 354, 355, 356, 357, 358, 359, 360, 361, 362, 363, 364, 365, 366, 368, 369, 370, 371, 372, 373, 374, 375, 376, 379, 380, 384, 385, 386, 388, 390, 392, 398]","{1: [<function expanding_mean at 0x000002C58F7A04A0>], 7: [<function rolling_mean_14 at 0x000002C5930FAA20>], 30: [<function expanding_mean at 0x000002C58F7A04A0>]}",lags_400_features_132,116.70381922683035,101.50112229960071,99.83238774481138,88.92063784344901,74.6430176237741,66.14945804208581,60.88097661069576,55.28238854537649,70.96971384244392,96.02013778799265,95.46972169711594
SGD_Ridge,LocalStandardScaler(stats_=[[47.42372721 38.3630083 ]]),"[1, 2, 3, 4, 5, 6, 7, 8, 9, 11, 12, 13, 14, 16, 18, 20, 25, 27, 28, 29, 36, 37, 38, 47, 53, 59, 74, 107, 109, 110, 130, 131, 138, 139, 144, 145, 146, 147, 152, 157, 159, 161, 165, 166, 168, 173, 176, 181, 184, 187, 189, 190, 192, 193, 194, 195, 203, 204, 205, 206, 207, 209, 210, 211, 214, 216, 217, 218, 219, 222, 226, 227, 228, 229, 231, 234, 236, 242, 248, 255, 258, 260, 267, 273, 281, 286, 307, 309, 311, 319, 320, 321, 322, 323, 331, 335, 338, 339, 342, 351, 353, 354, 355, 356, 357, 358, 359, 360, 361, 362, 363, 364, 365, 366, 368, 369, 370, 371, 372, 373, 374, 375, 376, 379, 380, 384, 385, 386, 388, 390, 392, 398]","{1: [<function expanding_mean at 0x000002C58F7A04A0>], 7: [<function rolling_mean_14 at 0x000002C5930FAA20>], 30: [<function expanding_mean at 0x000002C58F7A04A0>]}",lags_400_features_132,12.256539485642053,16.849459388730363,21.623056787891162,23.845209118586652,23.6067958514836,25.894621019925452,28.697290702833744,32.619086115723064,42.34490322349411,46.046525960594664,45.31555629984755
SGDRegressor,LocalStandardScaler(stats_=[[47.42372721 38.3630083 ]]),"[1, 2, 3, 4, 5, 6, 7, 8, 9, 11, 12, 13, 14, 16, 18, 20, 25, 27, 28, 29, 36, 37, 38, 47, 53, 59, 74, 107, 109, 110, 130, 131, 138, 139, 144, 145, 146, 147, 152, 157, 159, 161, 165, 166, 168, 173, 176, 181, 184, 187, 189, 190, 192, 193, 194, 195, 203, 204, 205, 206, 207, 209, 210, 211, 214, 216, 217, 218, 219, 222, 226, 227, 228, 229, 231, 234, 236, 242, 248, 255, 258, 260, 267, 273, 281, 286, 307, 309, 311, 319, 320, 321, 322, 323, 331, 335, 338, 339, 342, 351, 353, 354, 355, 356, 357, 358, 359, 360, 361, 362, 363, 364, 365, 366, 368, 369, 370, 371, 372, 373, 374, 375, 376, 379, 380, 384, 385, 386, 388, 390, 392, 398]","{1: [<function expanding_mean at 0x000002C58F7A04A0>], 7: [<function rolling_mean_14 at 0x000002C5930FAA20>], 30: [<function expanding_mean at 0x000002C58F7A04A0>]}",lags_400_features_132,37.455150373242645,34.28953295651549,48.22735589102336,45.815197945209455,42.65068266427342,48.04299458062354,50.898500268363144,52.82664745463248,63.58480973202249,84.23935620619184,83.92796714787247
XGBRegressor,LocalStandardScaler(stats_=[[47.42372721 38.3630083 ]]),"[1, 2, 3, 4, 5, 6, 7, 8, 9, 11, 12, 13, 14, 16, 18, 20, 25, 27, 28, 29, 36, 37, 38, 47, 53, 59, 74, 107, 109, 110, 130, 131, 138, 139, 144, 145, 146, 147, 152, 157, 159, 161, 165, 166, 168, 173, 176, 181, 184, 187, 189, 190, 192, 193, 194, 195, 203, 204, 205, 206, 207, 209, 210, 211, 214, 216, 217, 218, 219, 222, 226, 227, 228, 229, 231, 234, 236, 242, 248, 255, 258, 260, 267, 273, 281, 286, 307, 309, 311, 319, 320, 321, 322, 323, 331, 335, 338, 339, 342, 351, 353, 354, 355, 356, 357, 358, 359, 360, 361, 362, 363, 364, 365, 366, 368, 369, 370, 371, 372, 373, 374, 375, 376, 379, 380, 384, 385, 386, 388, 390, 392, 398]","{1: [<function expanding_mean at 0x000002C58F7A04A0>], 7: [<function rolling_mean_14 at 0x000002C5930FAA20>], 30: [<function expanding_mean at 0x000002C58F7A04A0>]}",lags_400_features_132,15.430068136082559,19.77310365935191,20.644692169643328,20.103846747113277,20.68802875870699,21.27235921171195,28.81013887566251,33.60481958762986,45.21541456552051,51.39034569745182,50.55928065068469
LGBMRegressor,LocalStandardScaler(stats_=[[47.42372721 38.3630083 ]]),"[1, 2, 3, 4, 5, 6, 7, 8, 9, 11, 12, 13, 14, 16, 18, 20, 25, 27, 28, 29, 36, 37, 38, 47, 53, 59, 74, 107, 109, 110, 130, 131, 138, 139, 144, 145, 146, 147, 152, 157, 159, 161, 165, 166, 168, 173, 176, 181, 184, 187, 189, 190, 192, 193, 194, 195, 203, 204, 205, 206, 207, 209, 210, 211, 214, 216, 217, 218, 219, 222, 226, 227, 228, 229, 231, 234, 236, 242, 248, 255, 258, 260, 267, 273, 281, 286, 307, 309, 311, 319, 320, 321, 322, 323, 331, 335, 338, 339, 342, 351, 353, 354, 355, 356, 357, 358, 359, 360, 361, 362, 363, 364, 365, 366, 368, 369, 370, 371, 372, 373, 374, 375, 376, 379, 380, 384, 385, 386, 388, 390, 392, 398]","{1: [<function expanding_mean at 0x000002C58F7A04A0>], 7: [<function rolling_mean_14 at 0x000002C5930FAA20>], 30: [<function expanding_mean at 0x000002C58F7A04A0>]}",lags_400_features_132,13.442759593336628,19.216275167752777,20.619571060393486,19.88929922644181,19.586799735925307,23.679948824990564,30.477185502108124,33.89687014675825,46.031826870583494,49.805635463663265,49.0212180022495
SGD_EarlyStopping,LocalStandardScaler(stats_=[[47.42372721 38.3630083 ]]),"[1, 2, 3, 4, 5, 6, 7, 8, 9, 11, 12, 13, 14, 16, 18, 20, 25, 27, 28, 29, 36, 37, 38, 47, 53, 59, 74, 107, 109, 110, 130, 131, 138, 139, 144, 145, 146, 147, 152, 157, 159, 161, 165, 166, 168, 173, 176, 181, 184, 187, 189, 190, 192, 193, 194, 195, 203, 204, 205, 206, 207, 209, 210, 211, 214, 216, 217, 218, 219, 222, 226, 227, 228, 229, 231, 234, 236, 242, 248, 255, 258, 260, 267, 273, 281, 286, 307, 309, 311, 319, 320, 321, 322, 323, 331, 335, 338, 339, 342, 351, 353, 354, 355, 356, 357, 358, 359, 360, 361, 362, 363, 364, 365, 366, 368, 369, 370, 371, 372, 373, 374, 375, 376, 379, 380, 384, 385, 386, 388, 390, 392, 398]","{1: [<function rolling_mean_14 at 0x000002C5930FAA20>], 7: [<function rolling_mean_30 at 0x000002C58DBF9260>], 30: [<function expanding_mean at 0x000002C58F7A04A0>]}",lags_400_features_132,38.11034772251997,37.85681089566687,51.80404907324323,48.304193915248476,44.881523860546395,50.04516583852778,53.33341727627482,55.35998425511847,64.78002065705395,85.56930662657453,85.24621655434646
SGD_ElasticNet,LocalStandardScaler(stats_=[[47.42372721 38.3630083 ]]),"[1, 2, 3, 4, 5, 6, 7, 8, 9, 11, 12, 13, 14, 16, 18, 20, 25, 27, 28, 29, 36, 37, 38, 47, 53, 59, 74, 107, 109, 110, 130, 131, 138, 139, 144, 145, 146, 147, 152, 157, 159, 161, 165, 166, 168, 173, 176, 181, 184, 187, 189, 190, 192, 193, 194, 195, 203, 204, 205, 206, 207, 209, 210, 211, 214, 216, 217, 218, 219, 222, 226, 227, 228, 229, 231, 234, 236, 242, 248, 255, 258, 260, 267, 273, 281, 286, 307, 309, 311, 319, 320, 321, 322, 323, 331, 335, 338, 339, 342, 351, 353, 354, 355, 356, 357, 358, 359, 360, 361, 362, 363, 364, 365, 366, 368, 369, 370, 371, 372, 373, 374, 375, 376, 379, 380, 384, 385, 386, 388, 390, 392, 398]","{1: [<function rolling_mean_14 at 0x000002C5930FAA20>], 7: [<function rolling_mean_30 at 0x000002C58DBF9260>], 30: [<function expanding_mean at 0x000002C58F7A04A0>]}",lags_400_features_132,51.2037017854466,43.31955338043693,60.57114784664807,55.095951142697594,50.400377286142884,55.20710161422133,57.31909490555328,58.55036261610698,73.56169704411539,105.44963246648243,105.67414734425678
SGD_Lasso,LocalStandardScaler(stats_=[[47.42372721 38.3630083 ]]),"[1, 2, 3, 4, 5, 6, 7, 8, 9, 11, 12, 13, 14, 16, 18, 20, 25, 27, 28, 29, 36, 37, 38, 47, 53, 59, 74, 107, 109, 110, 130, 131, 138, 139, 144, 145, 146, 147, 152, 157, 159, 161, 165, 166, 168, 173, 176, 181, 184, 187, 189, 190, 192, 193, 194, 195, 203, 204, 205, 206, 207, 209, 210, 211, 214, 216, 217, 218, 219, 222, 226, 227, 228, 229, 231, 234, 236, 242, 248, 255, 258, 260, 267, 273, 281, 286, 307, 309, 311, 319, 320, 321, 322, 323, 331, 335, 338, 339, 342, 351, 353, 354, 355, 356, 357, 358, 359, 360, 361, 362, 363, 364, 365, 366, 368, 369, 370, 371, 372, 373, 374, 375, 376, 379, 380, 384, 385, 386, 388, 390, 392, 398]","{1: [<function rolling_mean_14 at 0x000002C5930FAA20>], 7: [<function rolling_mean_30 at 0x000002C58DBF9260>], 30: [<function expanding_mean at 0x000002C58F7A04A0>]}",lags_400_features_132,116.70381922683035,101.50112229960071,99.83238774481138,88.92063784344901,74.6430176237741,66.14945804208581,60.88097661069576,55.28238854537649,70.96971384244392,96.02013778799265,95.46972169711594
SGD_Ridge,LocalStandardScaler(stats_=[[47.42372721 38.3630083 ]]),"[1, 2, 3, 4, 5, 6, 7, 8, 9, 11, 12, 13, 14, 16, 18, 20, 25, 27, 28, 29, 36, 37, 38, 47, 53, 59, 74, 107, 109, 110, 130, 131, 138, 139, 144, 145, 146, 147, 152, 157, 159, 161, 165, 166, 168, 173, 176, 181, 184, 187, 189, 190, 192, 193, 194, 195, 203, 204, 205, 206, 207, 209, 210, 211, 214, 216, 217, 218, 219, 222, 226, 227, 228, 229, 231, 234, 236, 242, 248, 255, 258, 260, 267, 273, 281, 286, 307, 309, 311, 319, 320, 321, 322, 323, 331, 335, 338, 339, 342, 351, 353, 354, 355, 356, 357, 358, 359, 360, 361, 362, 363, 364, 365, 366, 368, 369, 370, 371, 372, 373, 374, 375, 376, 379, 380, 384, 385, 386, 388, 390, 392, 398]","{1: [<function rolling_mean_14 at 0x000002C5930FAA20>], 7: [<function rolling_mean_30 at 0x000002C58DBF9260>], 30: [<function expanding_mean at 0x000002C58F7A04A0>]}",lags_400_features_132,12.260357259801756,16.819731777647036,21.600271656861082,23.828100551657087,23.599625606777273,25.87899946976544,28.673612813548093,32.577773540811044,42.280870644497604,46.01999245877019,45.289283067186595
SGDRegressor,LocalStandardScaler(stats_=[[47.42372721 38.3630083 ]]),"[1, 2, 3, 4, 5, 6, 7, 8, 9, 11, 12, 13, 14, 16, 18, 20, 25, 27, 28, 29, 36, 37, 38, 47, 53, 59, 74, 107, 109, 110, 130, 131, 138, 139, 144, 145, 146, 147, 152, 157, 159, 161, 165, 166, 168, 173, 176, 181, 184, 187, 189, 190, 192, 193, 194, 195, 203, 204, 205, 206, 207, 209, 210, 211, 214, 216, 217, 218, 219, 222, 226, 227, 228, 229, 231, 234, 236, 242, 248, 255, 258, 260, 267, 273, 281, 286, 307, 309, 311, 319, 320, 321, 322, 323, 331, 335, 338, 339, 342, 351, 353, 354, 355, 356, 357, 358, 359, 360, 361, 362, 363, 364, 365, 366, 368, 369, 370, 371, 372, 373, 374, 375, 376, 379, 380, 384, 385, 386, 388, 390, 392, 398]","{1: [<function rolling_mean_14 at 0x000002C5930FAA20>], 7: [<function rolling_mean_30 at 0x000002C58DBF9260>], 30: [<function expanding_mean at 0x000002C58F7A04A0>]}",lags_400_features_132,37.41592538722683,34.26474681196813,48.22799162743598,45.83321926642659,42.67995089453749,48.05375258179242,50.90000377382194,52.82188662936495,63.53590003755125,84.16069080979655,83.8477577702127
XGBRegressor,LocalStandardScaler(stats_=[[47.42372721 38.3630083 ]]),"[1, 2, 3, 4, 5, 6, 7, 8, 9, 11, 12, 13, 14, 16, 18, 20, 25, 27, 28, 29, 36, 37, 38, 47, 53, 59, 74, 107, 109, 110, 130, 131, 138, 139, 144, 145, 146, 147, 152, 157, 159, 161, 165, 166, 168, 173, 176, 181, 184, 187, 189, 190, 192, 193, 194, 195, 203, 204, 205, 206, 207, 209, 210, 211, 214, 216, 217, 218, 219, 222, 226, 227, 228, 229, 231, 234, 236, 242, 248, 255, 258, 260, 267, 273, 281, 286, 307, 309, 311, 319, 320, 321, 322, 323, 331, 335, 338, 339, 342, 351, 353, 354, 355, 356, 357, 358, 359, 360, 361, 362, 363, 364, 365, 366, 368, 369, 370, 371, 372, 373, 374, 375, 376, 379, 380, 384, 385, 386, 388, 390, 392, 398]","{1: [<function rolling_mean_14 at 0x000002C5930FAA20>], 7: [<function rolling_mean_30 at 0x000002C58DBF9260>], 30: [<function expanding_mean at 0x000002C58F7A04A0>]}",lags_400_features_132,10.58589111877231,17.073965865346985,19.150741800511106,18.88330885099481,18.403170787790117,19.588107207555066,26.54639214870802,31.108116223374616,40.1234177424455,46.385714325306196,46.23419961490221
LGBMRegressor,LocalStandardScaler(stats_=[[47.42372721 38.3630083 ]]),"[1, 2, 3, 4, 5, 6, 7, 8, 9, 11, 12, 13, 14, 16, 18, 20, 25, 27, 28, 29, 36, 37, 38, 47, 53, 59, 74, 107, 109, 110, 130, 131, 138, 139, 144, 145, 146, 147, 152, 157, 159, 161, 165, 166, 168, 173, 176, 181, 184, 187, 189, 190, 192, 193, 194, 195, 203, 204, 205, 206, 207, 209, 210, 211, 214, 216, 217, 218, 219, 222, 226, 227, 228, 229, 231, 234, 236, 242, 248, 255, 258, 260, 267, 273, 281, 286, 307, 309, 311, 319, 320, 321, 322, 323, 331, 335, 338, 339, 342, 351, 353, 354, 355, 356, 357, 358, 359, 360, 361, 362, 363, 364, 365, 366, 368, 369, 370, 371, 372, 373, 374, 375, 376, 379, 380, 384, 385, 386, 388, 390, 392, 398]","{1: [<function rolling_mean_14 at 0x000002C5930FAA20>], 7: [<function rolling_mean_30 at 0x000002C58DBF9260>], 30: [<function expanding_mean at 0x000002C58F7A04A0>]}",lags_400_features_132,12.506788028783294,18.04456519218924,19.5020833219686,18.93897328043054,18.67515094307519,20.745214878471796,27.4281600578241,30.993667575642565,40.73696073949294,44.44307596209102,44.04221838729654
SGD_EarlyStopping,LocalStandardScaler(stats_=[[47.42372721 38.3630083 ]]),"[1, 2, 3, 4, 5, 6, 7, 8, 9, 11, 12, 13, 14, 16, 18, 20, 25, 27, 28, 29, 36, 37, 38, 47, 53, 59, 74, 107, 109, 110, 130, 131, 138, 139, 144, 145, 146, 147, 152, 157, 159, 161, 165, 166, 168, 173, 176, 181, 184, 187, 189, 190, 192, 193, 194, 195, 203, 204, 205, 206, 207, 209, 210, 211, 214, 216, 217, 218, 219, 222, 226, 227, 228, 229, 231, 234, 236, 242, 248, 255, 258, 260, 267, 273, 281, 286, 307, 309, 311, 319, 320, 321, 322, 323, 331, 335, 338, 339, 342, 351, 353, 354, 355, 356, 357, 358, 359, 360, 361, 362, 363, 364, 365, 366, 368, 369, 370, 371, 372, 373, 374, 375, 376, 379, 380, 384, 385, 386, 388, 390, 392, 398]","{7: [RollingMean(window_size=7)], 30: [RollingMean(window_size=30)], 60: [RollingMean(window_size=60)]}",lags_400_features_132,38.341144871545985,38.00114442569045,53.1540093645792,49.099474827563355,45.47104264010014,51.06290885031515,54.51586847007969,57.219129969167504,68.71359105630317,94.41001268575107,94.37043841249132
SGD_ElasticNet,LocalStandardScaler(stats_=[[47.42372721 38.3630083 ]]),"[1, 2, 3, 4, 5, 6, 7, 8, 9, 11, 12, 13, 14, 16, 18, 20, 25, 27, 28, 29, 36, 37, 38, 47, 53, 59, 74, 107, 109, 110, 130, 131, 138, 139, 144, 145, 146, 147, 152, 157, 159, 161, 165, 166, 168, 173, 176, 181, 184, 187, 189, 190, 192, 193, 194, 195, 203, 204, 205, 206, 207, 209, 210, 211, 214, 216, 217, 218, 219, 222, 226, 227, 228, 229, 231, 234, 236, 242, 248, 255, 258, 260, 267, 273, 281, 286, 307, 309, 311, 319, 320, 321, 322, 323, 331, 335, 338, 339, 342, 351, 353, 354, 355, 356, 357, 358, 359, 360, 361, 362, 363, 364, 365, 366, 368, 369, 370, 371, 372, 373, 374, 375, 376, 379, 380, 384, 385, 386, 388, 390, 392, 398]","{7: [RollingMean(window_size=7)], 30: [RollingMean(window_size=30)], 60: [RollingMean(window_size=60)]}",lags_400_features_132,36.04813190398829,33.06120037049654,47.282527186139305,44.546172040340544,41.48041186189989,47.44518196285073,50.72810618873325,53.70590582069078,66.43239009394267,90.62709249321502,90.50782701813299
SGD_Lasso,LocalStandardScaler(stats_=[[47.42372721 38.3630083 ]]),"[1, 2, 3, 4, 5, 6, 7, 8, 9, 11, 12, 13, 14, 16, 18, 20, 25, 27, 28, 29, 36, 37, 38, 47, 53, 59, 74, 107, 109, 110, 130, 131, 138, 139, 144, 145, 146, 147, 152, 157, 159, 161, 165, 166, 168, 173, 176, 181, 184, 187, 189, 190, 192, 193, 194, 195, 203, 204, 205, 206, 207, 209, 210, 211, 214, 216, 217, 218, 219, 222, 226, 227, 228, 229, 231, 234, 236, 242, 248, 255, 258, 260, 267, 273, 281, 286, 307, 309, 311, 319, 320, 321, 322, 323, 331, 335, 338, 339, 342, 351, 353, 354, 355, 356, 357, 358, 359, 360, 361, 362, 363, 364, 365, 366, 368, 369, 370, 371, 372, 373, 374, 375, 376, 379, 380, 384, 385, 386, 388, 390, 392, 398]","{7: [RollingMean(window_size=7)], 30: [RollingMean(window_size=30)], 60: [RollingMean(window_size=60)]}",lags_400_features_132,116.70381922683035,101.50112229960071,99.83238774481138,88.92063784344901,74.6430176237741,66.14945804208581,60.88097661069576,55.28238854537649,70.96971384244392,96.02013778799265,95.46972169711594
SGD_Ridge,LocalStandardScaler(stats_=[[47.42372721 38.3630083 ]]),"[1, 2, 3, 4, 5, 6, 7, 8, 9, 11, 12, 13, 14, 16, 18, 20, 25, 27, 28, 29, 36, 37, 38, 47, 53, 59, 74, 107, 109, 110, 130, 131, 138, 139, 144, 145, 146, 147, 152, 157, 159, 161, 165, 166, 168, 173, 176, 181, 184, 187, 189, 190, 192, 193, 194, 195, 203, 204, 205, 206, 207, 209, 210, 211, 214, 216, 217, 218, 219, 222, 226, 227, 228, 229, 231, 234, 236, 242, 248, 255, 258, 260, 267, 273, 281, 286, 307, 309, 311, 319, 320, 321, 322, 323, 331, 335, 338, 339, 342, 351, 353, 354, 355, 356, 357, 358, 359, 360, 361, 362, 363, 364, 365, 366, 368, 369, 370, 371, 372, 373, 374, 375, 376, 379, 380, 384, 385, 386, 388, 390, 392, 398]","{7: [RollingMean(window_size=7)], 30: [RollingMean(window_size=30)], 60: [RollingMean(window_size=60)]}",lags_400_features_132,12.44942158561287,16.67691663266922,21.465640894639197,23.519395881543847,23.276680082883487,25.672379430387632,28.57935332543129,32.56242958489173,42.32634351011483,46.30891250986835,45.584496338536454
SGDRegressor,LocalStandardScaler(stats_=[[47.42372721 38.3630083 ]]),"[1, 2, 3, 4, 5, 6, 7, 8, 9, 11, 12, 13, 14, 16, 18, 20, 25, 27, 28, 29, 36, 37, 38, 47, 53, 59, 74, 107, 109, 110, 130, 131, 138, 139, 144, 145, 146, 147, 152, 157, 159, 161, 165, 166, 168, 173, 176, 181, 184, 187, 189, 190, 192, 193, 194, 195, 203, 204, 205, 206, 207, 209, 210, 211, 214, 216, 217, 218, 219, 222, 226, 227, 228, 229, 231, 234, 236, 242, 248, 255, 258, 260, 267, 273, 281, 286, 307, 309, 311, 319, 320, 321, 322, 323, 331, 335, 338, 339, 342, 351, 353, 354, 355, 356, 357, 358, 359, 360, 361, 362, 363, 364, 365, 366, 368, 369, 370, 371, 372, 373, 374, 375, 376, 379, 380, 384, 385, 386, 388, 390, 392, 398]","{7: [RollingMean(window_size=7)], 30: [RollingMean(window_size=30)], 60: [RollingMean(window_size=60)]}",lags_400_features_132,39.3256323214966,35.77881567624643,50.99745113763322,47.57864497467112,44.01363176041734,49.73972866380226,52.586341498666265,55.20494847700186,68.32402208254528,95.24249632295749,95.2256056068041
XGBRegressor,LocalStandardScaler(stats_=[[47.42372721 38.3630083 ]]),"[1, 2, 3, 4, 5, 6, 7, 8, 9, 11, 12, 13, 14, 16, 18, 20, 25, 27, 28, 29, 36, 37, 38, 47, 53, 59, 74, 107, 109, 110, 130, 131, 138, 139, 144, 145, 146, 147, 152, 157, 159, 161, 165, 166, 168, 173, 176, 181, 184, 187, 189, 190, 192, 193, 194, 195, 203, 204, 205, 206, 207, 209, 210, 211, 214, 216, 217, 218, 219, 222, 226, 227, 228, 229, 231, 234, 236, 242, 248, 255, 258, 260, 267, 273, 281, 286, 307, 309, 311, 319, 320, 321, 322, 323, 331, 335, 338, 339, 342, 351, 353, 354, 355, 356, 357, 358, 359, 360, 361, 362, 363, 364, 365, 366, 368, 369, 370, 371, 372, 373, 374, 375, 376, 379, 380, 384, 385, 386, 388, 390, 392, 398]","{7: [RollingMean(window_size=7)], 30: [RollingMean(window_size=30)], 60: [RollingMean(window_size=60)]}",lags_400_features_132,11.271203876086979,16.75362226981136,18.13561875944672,18.454181666493422,18.829555362753933,18.936924388983833,26.081169212315626,31.94878026204223,43.66604473337068,52.52934572262902,51.84066552153298
LGBMRegressor,LocalStandardScaler(stats_=[[47.42372721 38.3630083 ]]),"[1, 2, 3, 4, 5, 6, 7, 8, 9, 11, 12, 13, 14, 16, 18, 20, 25, 27, 28, 29, 36, 37, 38, 47, 53, 59, 74, 107, 109, 110, 130, 131, 138, 139, 144, 145, 146, 147, 152, 157, 159, 161, 165, 166, 168, 173, 176, 181, 184, 187, 189, 190, 192, 193, 194, 195, 203, 204, 205, 206, 207, 209, 210, 211, 214, 216, 217, 218, 219, 222, 226, 227, 228, 229, 231, 234, 236, 242, 248, 255, 258, 260, 267, 273, 281, 286, 307, 309, 311, 319, 320, 321, 322, 323, 331, 335, 338, 339, 342, 351, 353, 354, 355, 356, 357, 358, 359, 360, 361, 362, 363, 364, 365, 366, 368, 369, 370, 371, 372, 373, 374, 375, 376, 379, 380, 384, 385, 386, 388, 390, 392, 398]","{7: [RollingMean(window_size=7)], 30: [RollingMean(window_size=30)], 60: [RollingMean(window_size=60)]}",lags_400_features_132,13.286113426418563,18.644420702132315,19.897023823059364,19.176909205192,18.89273390504114,22.54333369829679,29.24371136782658,32.07439056515293,44.38494240434503,49.145003523287386,48.582481198029306
SGD_EarlyStopping,LocalStandardScaler(stats_=[[47.42372721 38.3630083 ]]),"[1, 2, 3, 4, 5, 6, 7, 8, 9, 11, 12, 13, 14, 16, 18, 20, 25, 27, 28, 29, 36, 37, 38, 47, 53, 59, 74, 107, 109, 110, 130, 131, 138, 139, 144, 145, 146, 147, 152, 157, 159, 161, 165, 166, 168, 173, 176, 181, 184, 187, 189, 190, 192, 193, 194, 195, 203, 204, 205, 206, 207, 209, 210, 211, 214, 216, 217, 218, 219, 222, 226, 227, 228, 229, 231, 234, 236, 242, 248, 255, 258, 260, 267, 273, 281, 286, 307, 309, 311, 319, 320, 321, 322, 323, 331, 335, 338, 339, 342, 351, 353, 354, 355, 356, 357, 358, 359, 360, 361, 362, 363, 364, 365, 366, 368, 369, 370, 371, 372, 373, 374, 375, 376, 379, 380, 384, 385, 386, 388, 390, 392, 398]","{7: [RollingMean(window_size=7), RollingStd(window_size=7)], 30: [RollingMean(window_size=30)], 60: [ExpandingMean()], 14: [ExponentiallyWeightedMean(alpha=0.3)]}",lags_400_features_132,38.266153126241086,37.978668961977,52.03604589903003,48.42647245773809,45.01415170047902,50.16386740972789,53.40898925226409,55.400278127995605,64.9865487700765,86.18347535589322,85.84026769626914
SGD_ElasticNet,LocalStandardScaler(stats_=[[47.42372721 38.3630083 ]]),"[1, 2, 3, 4, 5, 6, 7, 8, 9, 11, 12, 13, 14, 16, 18, 20, 25, 27, 28, 29, 36, 37, 38, 47, 53, 59, 74, 107, 109, 110, 130, 131, 138, 139, 144, 145, 146, 147, 152, 157, 159, 161, 165, 166, 168, 173, 176, 181, 184, 187, 189, 190, 192, 193, 194, 195, 203, 204, 205, 206, 207, 209, 210, 211, 214, 216, 217, 218, 219, 222, 226, 227, 228, 229, 231, 234, 236, 242, 248, 255, 258, 260, 267, 273, 281, 286, 307, 309, 311, 319, 320, 321, 322, 323, 331, 335, 338, 339, 342, 351, 353, 354, 355, 356, 357, 358, 359, 360, 361, 362, 363, 364, 365, 366, 368, 369, 370, 371, 372, 373, 374, 375, 376, 379, 380, 384, 385, 386, 388, 390, 392, 398]","{7: [RollingMean(window_size=7), RollingStd(window_size=7)], 30: [RollingMean(window_size=30)], 60: [ExpandingMean()], 14: [ExponentiallyWeightedMean(alpha=0.3)]}",lags_400_features_132,35.03726047756255,32.32986593194173,45.23468204224549,43.482920585547085,40.73842859390855,46.30529110944633,49.482246458477,51.77482353497629,62.6188315129364,81.5517786297735,81.17581867768807
SGD_Lasso,LocalStandardScaler(stats_=[[47.42372721 38.3630083 ]]),"[1, 2, 3, 4, 5, 6, 7, 8, 9, 11, 12, 13, 14, 16, 18, 20, 25, 27, 28, 29, 36, 37, 38, 47, 53, 59, 74, 107, 109, 110, 130, 131, 138, 139, 144, 145, 146, 147, 152, 157, 159, 161, 165, 166, 168, 173, 176, 181, 184, 187, 189, 190, 192, 193, 194, 195, 203, 204, 205, 206, 207, 209, 210, 211, 214, 216, 217, 218, 219, 222, 226, 227, 228, 229, 231, 234, 236, 242, 248, 255, 258, 260, 267, 273, 281, 286, 307, 309, 311, 319, 320, 321, 322, 323, 331, 335, 338, 339, 342, 351, 353, 354, 355, 356, 357, 358, 359, 360, 361, 362, 363, 364, 365, 366, 368, 369, 370, 371, 372, 373, 374, 375, 376, 379, 380, 384, 385, 386, 388, 390, 392, 398]","{7: [RollingMean(window_size=7), RollingStd(window_size=7)], 30: [RollingMean(window_size=30)], 60: [ExpandingMean()], 14: [ExponentiallyWeightedMean(alpha=0.3)]}",lags_400_features_132,116.70381922683035,101.50112229960071,99.83238774481138,88.92063784344901,74.6430176237741,66.14945804208581,60.88097661069576,55.28238854537649,70.96971384244392,96.02013778799265,95.46972169711594
SGD_Ridge,LocalStandardScaler(stats_=[[47.42372721 38.3630083 ]]),"[1, 2, 3, 4, 5, 6, 7, 8, 9, 11, 12, 13, 14, 16, 18, 20, 25, 27, 28, 29, 36, 37, 38, 47, 53, 59, 74, 107, 109, 110, 130, 131, 138, 139, 144, 145, 146, 147, 152, 157, 159, 161, 165, 166, 168, 173, 176, 181, 184, 187, 189, 190, 192, 193, 194, 195, 203, 204, 205, 206, 207, 209, 210, 211, 214, 216, 217, 218, 219, 222, 226, 227, 228, 229, 231, 234, 236, 242, 248, 255, 258, 260, 267, 273, 281, 286, 307, 309, 311, 319, 320, 321, 322, 323, 331, 335, 338, 339, 342, 351, 353, 354, 355, 356, 357, 358, 359, 360, 361, 362, 363, 364, 365, 366, 368, 369, 370, 371, 372, 373, 374, 375, 376, 379, 380, 384, 385, 386, 388, 390, 392, 398]","{7: [RollingMean(window_size=7), RollingStd(window_size=7)], 30: [RollingMean(window_size=30)], 60: [ExpandingMean()], 14: [ExponentiallyWeightedMean(alpha=0.3)]}",lags_400_features_132,12.434245070398921,16.81486721383343,21.600716151285617,23.746749144983177,23.508320791783063,25.796481464017813,28.563327435280694,32.40290963069517,42.081446026466395,45.95855135699498,45.23935397131452
SGDRegressor,LocalStandardScaler(stats_=[[47.42372721 38.3630083 ]]),"[1, 2, 3, 4, 5, 6, 7, 8, 9, 11, 12, 13, 14, 16, 18, 20, 25, 27, 28, 29, 36, 37, 38, 47, 53, 59, 74, 107, 109, 110, 130, 131, 138, 139, 144, 145, 146, 147, 152, 157, 159, 161, 165, 166, 168, 173, 176, 181, 184, 187, 189, 190, 192, 193, 194, 195, 203, 204, 205, 206, 207, 209, 210, 211, 214, 216, 217, 218, 219, 222, 226, 227, 228, 229, 231, 234, 236, 242, 248, 255, 258, 260, 267, 273, 281, 286, 307, 309, 311, 319, 320, 321, 322, 323, 331, 335, 338, 339, 342, 351, 353, 354, 355, 356, 357, 358, 359, 360, 361, 362, 363, 364, 365, 366, 368, 369, 370, 371, 372, 373, 374, 375, 376, 379, 380, 384, 385, 386, 388, 390, 392, 398]","{7: [RollingMean(window_size=7), RollingStd(window_size=7)], 30: [RollingMean(window_size=30)], 60: [ExpandingMean()], 14: [ExponentiallyWeightedMean(alpha=0.3)]}",lags_400_features_132,37.80799962033106,34.60502430711554,48.726883848684146,46.16018315988819,42.95908985159491,48.3217285095019,51.09620819747443,52.92008568646101,63.8219649330346,85.07851130460557,84.7598905209105
XGBRegressor,LocalStandardScaler(stats_=[[47.42372721 38.3630083 ]]),"[1, 2, 3, 4, 5, 6, 7, 8, 9, 11, 12, 13, 14, 16, 18, 20, 25, 27, 28, 29, 36, 37, 38, 47, 53, 59, 74, 107, 109, 110, 130, 131, 138, 139, 144, 145, 146, 147, 152, 157, 159, 161, 165, 166, 168, 173, 176, 181, 184, 187, 189, 190, 192, 193, 194, 195, 203, 204, 205, 206, 207, 209, 210, 211, 214, 216, 217, 218, 219, 222, 226, 227, 228, 229, 231, 234, 236, 242, 248, 255, 258, 260, 267, 273, 281, 286, 307, 309, 311, 319, 320, 321, 322, 323, 331, 335, 338, 339, 342, 351, 353, 354, 355, 356, 357, 358, 359, 360, 361, 362, 363, 364, 365, 366, 368, 369, 370, 371, 372, 373, 374, 375, 376, 379, 380, 384, 385, 386, 388, 390, 392, 398]","{7: [RollingMean(window_size=7), RollingStd(window_size=7)], 30: [RollingMean(window_size=30)], 60: [ExpandingMean()], 14: [ExponentiallyWeightedMean(alpha=0.3)]}",lags_400_features_132,12.946088760216748,17.741357798900825,18.962858398579076,18.93527059539596,19.09203066088183,21.509905535706096,29.436308849205332,34.013425259600794,44.94563383248445,52.79706099207658,52.303678144707824
LGBMRegressor,LocalStandardScaler(stats_=[[47.42372721 38.3630083 ]]),"[1, 2, 3, 4, 5, 6, 7, 8, 9, 11, 12, 13, 14, 16, 18, 20, 25, 27, 28, 29, 36, 37, 38, 47, 53, 59, 74, 107, 109, 110, 130, 131, 138, 139, 144, 145, 146, 147, 152, 157, 159, 161, 165, 166, 168, 173, 176, 181, 184, 187, 189, 190, 192, 193, 194, 195, 203, 204, 205, 206, 207, 209, 210, 211, 214, 216, 217, 218, 219, 222, 226, 227, 228, 229, 231, 234, 236, 242, 248, 255, 258, 260, 267, 273, 281, 286, 307, 309, 311, 319, 320, 321, 322, 323, 331, 335, 338, 339, 342, 351, 353, 354, 355, 356, 357, 358, 359, 360, 361, 362, 363, 364, 365, 366, 368, 369, 370, 371, 372, 373, 374, 375, 376, 379, 380, 384, 385, 386, 388, 390, 392, 398]","{7: [RollingMean(window_size=7), RollingStd(window_size=7)], 30: [RollingMean(window_size=30)], 60: [ExpandingMean()], 14: [ExponentiallyWeightedMean(alpha=0.3)]}",lags_400_features_132,12.239172491187329,18.733467977395996,20.118490262612493,19.49636824172681,19.02349724495815,23.349196346797505,30.163323702350176,34.13067078278218,47.31510953569516,51.180340892417306,50.75623923028784
SGD_EarlyStopping,LocalMinMaxScaler(stats_=[[  5.11211699 325.92896936]]),"[1, 2, 3, 4, 5, 6, 7, 8, 9, 11, 12, 13, 14, 16, 18, 20, 25, 27, 28, 29, 36, 37, 38, 47, 53, 59, 74, 107, 109, 110, 130, 131, 138, 139, 144, 145, 146, 147, 152, 157, 159, 161, 165, 166, 168, 173, 176, 181, 184, 187, 189, 190, 192, 193, 194, 195, 203, 204, 205, 206, 207, 209, 210, 211, 214, 216, 217, 218, 219, 222, 226, 227, 228, 229, 231, 234, 236, 242, 248, 255, 258, 260, 267, 273, 281, 286, 307, 309, 311, 319, 320, 321, 322, 323, 331, 335, 338, 339, 342, 351, 353, 354, 355, 356, 357, 358, 359, 360, 361, 362, 363, 364, 365, 366, 368, 369, 370, 371, 372, 373, 374, 375, 376, 379, 380, 384, 385, 386, 388, 390, 392, 398]","{1: [<function expanding_mean at 0x000002C58F7A04A0>], 7: [<function rolling_mean_14 at 0x000002C5930FAA20>], 30: [<function expanding_mean at 0x000002C58F7A04A0>]}",lags_400_features_132,12.076646911338967,17.729762205071488,19.272904139006215,19.529170653675752,21.0736664735718,28.7407440599598,35.194083921532524,41.53066235756454,53.33590498542654,53.040104999725536,54.037245938506054
SGD_ElasticNet,LocalMinMaxScaler(stats_=[[  5.11211699 325.92896936]]),"[1, 2, 3, 4, 5, 6, 7, 8, 9, 11, 12, 13, 14, 16, 18, 20, 25, 27, 28, 29, 36, 37, 38, 47, 53, 59, 74, 107, 109, 110, 130, 131, 138, 139, 144, 145, 146, 147, 152, 157, 159, 161, 165, 166, 168, 173, 176, 181, 184, 187, 189, 190, 192, 193, 194, 195, 203, 204, 205, 206, 207, 209, 210, 211, 214, 216, 217, 218, 219, 222, 226, 227, 228, 229, 231, 234, 236, 242, 248, 255, 258, 260, 267, 273, 281, 286, 307, 309, 311, 319, 320, 321, 322, 323, 331, 335, 338, 339, 342, 351, 353, 354, 355, 356, 357, 358, 359, 360, 361, 362, 363, 364, 365, 366, 368, 369, 370, 371, 372, 373, 374, 375, 376, 379, 380, 384, 385, 386, 388, 390, 392, 398]","{1: [<function expanding_mean at 0x000002C58F7A04A0>], 7: [<function rolling_mean_14 at 0x000002C5930FAA20>], 30: [<function expanding_mean at 0x000002C58F7A04A0>]}",lags_400_features_132,26.81154971883663,38.780287550045514,40.077720686922255,39.07958277308126,35.91355018632837,34.62932992009733,34.78968888994798,39.39313816444081,48.43363969321039,48.11346688009547,47.41866332266567
SGD_Lasso,LocalMinMaxScaler(stats_=[[  5.11211699 325.92896936]]),"[1, 2, 3, 4, 5, 6, 7, 8, 9, 11, 12, 13, 14, 16, 18, 20, 25, 27, 28, 29, 36, 37, 38, 47, 53, 59, 74, 107, 109, 110, 130, 131, 138, 139, 144, 145, 146, 147, 152, 157, 159, 161, 165, 166, 168, 173, 176, 181, 184, 187, 189, 190, 192, 193, 194, 195, 203, 204, 205, 206, 207, 209, 210, 211, 214, 216, 217, 218, 219, 222, 226, 227, 228, 229, 231, 234, 236, 242, 248, 255, 258, 260, 267, 273, 281, 286, 307, 309, 311, 319, 320, 321, 322, 323, 331, 335, 338, 339, 342, 351, 353, 354, 355, 356, 357, 358, 359, 360, 361, 362, 363, 364, 365, 366, 368, 369, 370, 371, 372, 373, 374, 375, 376, 379, 380, 384, 385, 386, 388, 390, 392, 398]","{1: [<function expanding_mean at 0x000002C58F7A04A0>], 7: [<function rolling_mean_14 at 0x000002C5930FAA20>], 30: [<function expanding_mean at 0x000002C58F7A04A0>]}",lags_400_features_132,116.45645628314098,101.27111292114779,99.60428319246252,88.70498882873687,74.45736397099824,65.99150962070802,60.775335383170194,55.19188933274941,70.84684913232577,95.85060511149685,95.29974283977694
SGD_Ridge,LocalMinMaxScaler(stats_=[[  5.11211699 325.92896936]]),"[1, 2, 3, 4, 5, 6, 7, 8, 9, 11, 12, 13, 14, 16, 18, 20, 25, 27, 28, 29, 36, 37, 38, 47, 53, 59, 74, 107, 109, 110, 130, 131, 138, 139, 144, 145, 146, 147, 152, 157, 159, 161, 165, 166, 168, 173, 176, 181, 184, 187, 189, 190, 192, 193, 194, 195, 203, 204, 205, 206, 207, 209, 210, 211, 214, 216, 217, 218, 219, 222, 226, 227, 228, 229, 231, 234, 236, 242, 248, 255, 258, 260, 267, 273, 281, 286, 307, 309, 311, 319, 320, 321, 322, 323, 331, 335, 338, 339, 342, 351, 353, 354, 355, 356, 357, 358, 359, 360, 361, 362, 363, 364, 365, 366, 368, 369, 370, 371, 372, 373, 374, 375, 376, 379, 380, 384, 385, 386, 388, 390, 392, 398]","{1: [<function expanding_mean at 0x000002C58F7A04A0>], 7: [<function rolling_mean_14 at 0x000002C5930FAA20>], 30: [<function expanding_mean at 0x000002C58F7A04A0>]}",lags_400_features_132,22.87747003086825,22.823944367191988,22.828332314775494,21.246054678240135,20.43680674752632,21.213913103976342,25.29147429503153,26.15897428163662,37.13308333553905,50.51734927703079,50.3148774539611
SGDRegressor,LocalMinMaxScaler(stats_=[[  5.11211699 325.92896936]]),"[1, 2, 3, 4, 5, 6, 7, 8, 9, 11, 12, 13, 14, 16, 18, 20, 25, 27, 28, 29, 36, 37, 38, 47, 53, 59, 74, 107, 109, 110, 130, 131, 138, 139, 144, 145, 146, 147, 152, 157, 159, 161, 165, 166, 168, 173, 176, 181, 184, 187, 189, 190, 192, 193, 194, 195, 203, 204, 205, 206, 207, 209, 210, 211, 214, 216, 217, 218, 219, 222, 226, 227, 228, 229, 231, 234, 236, 242, 248, 255, 258, 260, 267, 273, 281, 286, 307, 309, 311, 319, 320, 321, 322, 323, 331, 335, 338, 339, 342, 351, 353, 354, 355, 356, 357, 358, 359, 360, 361, 362, 363, 364, 365, 366, 368, 369, 370, 371, 372, 373, 374, 375, 376, 379, 380, 384, 385, 386, 388, 390, 392, 398]","{1: [<function expanding_mean at 0x000002C58F7A04A0>], 7: [<function rolling_mean_14 at 0x000002C5930FAA20>], 30: [<function expanding_mean at 0x000002C58F7A04A0>]}",lags_400_features_132,38.84616966487051,53.75423838823771,56.69895299840366,54.68183214703054,49.327988767463275,45.938930113246556,43.745432512856645,47.833997337415695,55.89816517432013,61.75011268038699,61.361058016405615
XGBRegressor,LocalMinMaxScaler(stats_=[[  5.11211699 325.92896936]]),"[1, 2, 3, 4, 5, 6, 7, 8, 9, 11, 12, 13, 14, 16, 18, 20, 25, 27, 28, 29, 36, 37, 38, 47, 53, 59, 74, 107, 109, 110, 130, 131, 138, 139, 144, 145, 146, 147, 152, 157, 159, 161, 165, 166, 168, 173, 176, 181, 184, 187, 189, 190, 192, 193, 194, 195, 203, 204, 205, 206, 207, 209, 210, 211, 214, 216, 217, 218, 219, 222, 226, 227, 228, 229, 231, 234, 236, 242, 248, 255, 258, 260, 267, 273, 281, 286, 307, 309, 311, 319, 320, 321, 322, 323, 331, 335, 338, 339, 342, 351, 353, 354, 355, 356, 357, 358, 359, 360, 361, 362, 363, 364, 365, 366, 368, 369, 370, 371, 372, 373, 374, 375, 376, 379, 380, 384, 385, 386, 388, 390, 392, 398]","{1: [<function expanding_mean at 0x000002C58F7A04A0>], 7: [<function rolling_mean_14 at 0x000002C5930FAA20>], 30: [<function expanding_mean at 0x000002C58F7A04A0>]}",lags_400_features_132,15.53962458345716,20.224892800096146,20.96690219426194,20.225717175779216,20.449273873185422,20.32977528745425,28.00352576974314,31.940791759209684,42.14549180183125,45.570317120879444,44.7910943841021
LGBMRegressor,LocalMinMaxScaler(stats_=[[  5.11211699 325.92896936]]),"[1, 2, 3, 4, 5, 6, 7, 8, 9, 11, 12, 13, 14, 16, 18, 20, 25, 27, 28, 29, 36, 37, 38, 47, 53, 59, 74, 107, 109, 110, 130, 131, 138, 139, 144, 145, 146, 147, 152, 157, 159, 161, 165, 166, 168, 173, 176, 181, 184, 187, 189, 190, 192, 193, 194, 195, 203, 204, 205, 206, 207, 209, 210, 211, 214, 216, 217, 218, 219, 222, 226, 227, 228, 229, 231, 234, 236, 242, 248, 255, 258, 260, 267, 273, 281, 286, 307, 309, 311, 319, 320, 321, 322, 323, 331, 335, 338, 339, 342, 351, 353, 354, 355, 356, 357, 358, 359, 360, 361, 362, 363, 364, 365, 366, 368, 369, 370, 371, 372, 373, 374, 375, 376, 379, 380, 384, 385, 386, 388, 390, 392, 398]","{1: [<function expanding_mean at 0x000002C58F7A04A0>], 7: [<function rolling_mean_14 at 0x000002C5930FAA20>], 30: [<function expanding_mean at 0x000002C58F7A04A0>]}",lags_400_features_132,12.661064279102971,18.44065742186297,19.751082384419696,19.287304396057404,18.867320930154623,22.221514204511504,28.282693779747664,31.812167947355473,44.20469270498973,49.191587240806825,48.83115114038743
SGD_EarlyStopping,LocalMinMaxScaler(stats_=[[  5.11211699 325.92896936]]),"[1, 2, 3, 4, 5, 6, 7, 8, 9, 11, 12, 13, 14, 16, 18, 20, 25, 27, 28, 29, 36, 37, 38, 47, 53, 59, 74, 107, 109, 110, 130, 131, 138, 139, 144, 145, 146, 147, 152, 157, 159, 161, 165, 166, 168, 173, 176, 181, 184, 187, 189, 190, 192, 193, 194, 195, 203, 204, 205, 206, 207, 209, 210, 211, 214, 216, 217, 218, 219, 222, 226, 227, 228, 229, 231, 234, 236, 242, 248, 255, 258, 260, 267, 273, 281, 286, 307, 309, 311, 319, 320, 321, 322, 323, 331, 335, 338, 339, 342, 351, 353, 354, 355, 356, 357, 358, 359, 360, 361, 362, 363, 364, 365, 366, 368, 369, 370, 371, 372, 373, 374, 375, 376, 379, 380, 384, 385, 386, 388, 390, 392, 398]","{1: [<function rolling_mean_14 at 0x000002C5930FAA20>], 7: [<function rolling_mean_30 at 0x000002C58DBF9260>], 30: [<function expanding_mean at 0x000002C58F7A04A0>]}",lags_400_features_132,12.072869284530269,17.71222582598468,19.263941219638685,19.530064419835693,21.090171263292024,28.790203448104585,35.25329081164753,41.57759613850068,53.38472255129453,53.05597833533946,54.05462285997037
SGD_ElasticNet,LocalMinMaxScaler(stats_=[[  5.11211699 325.92896936]]),"[1, 2, 3, 4, 5, 6, 7, 8, 9, 11, 12, 13, 14, 16, 18, 20, 25, 27, 28, 29, 36, 37, 38, 47, 53, 59, 74, 107, 109, 110, 130, 131, 138, 139, 144, 145, 146, 147, 152, 157, 159, 161, 165, 166, 168, 173, 176, 181, 184, 187, 189, 190, 192, 193, 194, 195, 203, 204, 205, 206, 207, 209, 210, 211, 214, 216, 217, 218, 219, 222, 226, 227, 228, 229, 231, 234, 236, 242, 248, 255, 258, 260, 267, 273, 281, 286, 307, 309, 311, 319, 320, 321, 322, 323, 331, 335, 338, 339, 342, 351, 353, 354, 355, 356, 357, 358, 359, 360, 361, 362, 363, 364, 365, 366, 368, 369, 370, 371, 372, 373, 374, 375, 376, 379, 380, 384, 385, 386, 388, 390, 392, 398]","{1: [<function rolling_mean_14 at 0x000002C5930FAA20>], 7: [<function rolling_mean_30 at 0x000002C58DBF9260>], 30: [<function expanding_mean at 0x000002C58F7A04A0>]}",lags_400_features_132,26.92549021095909,38.99220033970468,40.32954083307885,39.347376065422225,36.18030794573184,34.820838581327195,34.91262703253328,39.48438051615992,48.52764795299801,48.278262035210446,47.5932621247048
SGD_Lasso,LocalMinMaxScaler(stats_=[[  5.11211699 325.92896936]]),"[1, 2, 3, 4, 5, 6, 7, 8, 9, 11, 12, 13, 14, 16, 18, 20, 25, 27, 28, 29, 36, 37, 38, 47, 53, 59, 74, 107, 109, 110, 130, 131, 138, 139, 144, 145, 146, 147, 152, 157, 159, 161, 165, 166, 168, 173, 176, 181, 184, 187, 189, 190, 192, 193, 194, 195, 203, 204, 205, 206, 207, 209, 210, 211, 214, 216, 217, 218, 219, 222, 226, 227, 228, 229, 231, 234, 236, 242, 248, 255, 258, 260, 267, 273, 281, 286, 307, 309, 311, 319, 320, 321, 322, 323, 331, 335, 338, 339, 342, 351, 353, 354, 355, 356, 357, 358, 359, 360, 361, 362, 363, 364, 365, 366, 368, 369, 370, 371, 372, 373, 374, 375, 376, 379, 380, 384, 385, 386, 388, 390, 392, 398]","{1: [<function rolling_mean_14 at 0x000002C5930FAA20>], 7: [<function rolling_mean_30 at 0x000002C58DBF9260>], 30: [<function expanding_mean at 0x000002C58F7A04A0>]}",lags_400_features_132,116.45645628314098,101.27111292114779,99.60428319246252,88.70498882873687,74.45736397099824,65.99150962070802,60.775335383170194,55.19188933274941,70.84684913232577,95.85060511149685,95.29974283977694
SGD_Ridge,LocalMinMaxScaler(stats_=[[  5.11211699 325.92896936]]),"[1, 2, 3, 4, 5, 6, 7, 8, 9, 11, 12, 13, 14, 16, 18, 20, 25, 27, 28, 29, 36, 37, 38, 47, 53, 59, 74, 107, 109, 110, 130, 131, 138, 139, 144, 145, 146, 147, 152, 157, 159, 161, 165, 166, 168, 173, 176, 181, 184, 187, 189, 190, 192, 193, 194, 195, 203, 204, 205, 206, 207, 209, 210, 211, 214, 216, 217, 218, 219, 222, 226, 227, 228, 229, 231, 234, 236, 242, 248, 255, 258, 260, 267, 273, 281, 286, 307, 309, 311, 319, 320, 321, 322, 323, 331, 335, 338, 339, 342, 351, 353, 354, 355, 356, 357, 358, 359, 360, 361, 362, 363, 364, 365, 366, 368, 369, 370, 371, 372, 373, 374, 375, 376, 379, 380, 384, 385, 386, 388, 390, 392, 398]","{1: [<function rolling_mean_14 at 0x000002C5930FAA20>], 7: [<function rolling_mean_30 at 0x000002C58DBF9260>], 30: [<function expanding_mean at 0x000002C58F7A04A0>]}",lags_400_features_132,22.653350699743466,22.70899725956821,22.72505362760225,21.161943127956754,20.374867915611926,21.156456396418083,25.251696547150527,26.1244157729581,37.07523900814091,50.40373716466166,50.200375696971236
SGDRegressor,LocalMinMaxScaler(stats_=[[  5.11211699 325.92896936]]),"[1, 2, 3, 4, 5, 6, 7, 8, 9, 11, 12, 13, 14, 16, 18, 20, 25, 27, 28, 29, 36, 37, 38, 47, 53, 59, 74, 107, 109, 110, 130, 131, 138, 139, 144, 145, 146, 147, 152, 157, 159, 161, 165, 166, 168, 173, 176, 181, 184, 187, 189, 190, 192, 193, 194, 195, 203, 204, 205, 206, 207, 209, 210, 211, 214, 216, 217, 218, 219, 222, 226, 227, 228, 229, 231, 234, 236, 242, 248, 255, 258, 260, 267, 273, 281, 286, 307, 309, 311, 319, 320, 321, 322, 323, 331, 335, 338, 339, 342, 351, 353, 354, 355, 356, 357, 358, 359, 360, 361, 362, 363, 364, 365, 366, 368, 369, 370, 371, 372, 373, 374, 375, 376, 379, 380, 384, 385, 386, 388, 390, 392, 398]","{1: [<function rolling_mean_14 at 0x000002C5930FAA20>], 7: [<function rolling_mean_30 at 0x000002C58DBF9260>], 30: [<function expanding_mean at 0x000002C58F7A04A0>]}",lags_400_features_132,39.09084426309969,54.13584147740966,57.200500099954375,55.20214538441205,49.82442098483937,46.31556798017283,43.99898985512935,48.043329192136724,56.10990606319941,62.14550072719405,61.786591199573834
XGBRegressor,LocalMinMaxScaler(stats_=[[  5.11211699 325.92896936]]),"[1, 2, 3, 4, 5, 6, 7, 8, 9, 11, 12, 13, 14, 16, 18, 20, 25, 27, 28, 29, 36, 37, 38, 47, 53, 59, 74, 107, 109, 110, 130, 131, 138, 139, 144, 145, 146, 147, 152, 157, 159, 161, 165, 166, 168, 173, 176, 181, 184, 187, 189, 190, 192, 193, 194, 195, 203, 204, 205, 206, 207, 209, 210, 211, 214, 216, 217, 218, 219, 222, 226, 227, 228, 229, 231, 234, 236, 242, 248, 255, 258, 260, 267, 273, 281, 286, 307, 309, 311, 319, 320, 321, 322, 323, 331, 335, 338, 339, 342, 351, 353, 354, 355, 356, 357, 358, 359, 360, 361, 362, 363, 364, 365, 366, 368, 369, 370, 371, 372, 373, 374, 375, 376, 379, 380, 384, 385, 386, 388, 390, 392, 398]","{1: [<function rolling_mean_14 at 0x000002C5930FAA20>], 7: [<function rolling_mean_30 at 0x000002C58DBF9260>], 30: [<function expanding_mean at 0x000002C58F7A04A0>]}",lags_400_features_132,11.786039053021934,17.462588475130907,19.424372631438818,19.17145804340707,18.710617413055658,19.75101993241713,26.726616284282706,31.22639141223555,40.390221935955346,46.825957234001194,46.643881818958164
LGBMRegressor,LocalMinMaxScaler(stats_=[[  5.11211699 325.92896936]]),"[1, 2, 3, 4, 5, 6, 7, 8, 9, 11, 12, 13, 14, 16, 18, 20, 25, 27, 28, 29, 36, 37, 38, 47, 53, 59, 74, 107, 109, 110, 130, 131, 138, 139, 144, 145, 146, 147, 152, 157, 159, 161, 165, 166, 168, 173, 176, 181, 184, 187, 189, 190, 192, 193, 194, 195, 203, 204, 205, 206, 207, 209, 210, 211, 214, 216, 217, 218, 219, 222, 226, 227, 228, 229, 231, 234, 236, 242, 248, 255, 258, 260, 267, 273, 281, 286, 307, 309, 311, 319, 320, 321, 322, 323, 331, 335, 338, 339, 342, 351, 353, 354, 355, 356, 357, 358, 359, 360, 361, 362, 363, 364, 365, 366, 368, 369, 370, 371, 372, 373, 374, 375, 376, 379, 380, 384, 385, 386, 388, 390, 392, 398]","{1: [<function rolling_mean_14 at 0x000002C5930FAA20>], 7: [<function rolling_mean_30 at 0x000002C58DBF9260>], 30: [<function expanding_mean at 0x000002C58F7A04A0>]}",lags_400_features_132,10.968147465495372,17.318124673107306,19.39276026660797,18.873616947850845,18.73003216745048,20.400585328861474,24.98111111887009,28.969020640533994,39.70157398337161,43.96547139169609,43.77067527809864
SGD_EarlyStopping,LocalMinMaxScaler(stats_=[[  5.11211699 325.92896936]]),"[1, 2, 3, 4, 5, 6, 7, 8, 9, 11, 12, 13, 14, 16, 18, 20, 25, 27, 28, 29, 36, 37, 38, 47, 53, 59, 74, 107, 109, 110, 130, 131, 138, 139, 144, 145, 146, 147, 152, 157, 159, 161, 165, 166, 168, 173, 176, 181, 184, 187, 189, 190, 192, 193, 194, 195, 203, 204, 205, 206, 207, 209, 210, 211, 214, 216, 217, 218, 219, 222, 226, 227, 228, 229, 231, 234, 236, 242, 248, 255, 258, 260, 267, 273, 281, 286, 307, 309, 311, 319, 320, 321, 322, 323, 331, 335, 338, 339, 342, 351, 353, 354, 355, 356, 357, 358, 359, 360, 361, 362, 363, 364, 365, 366, 368, 369, 370, 371, 372, 373, 374, 375, 376, 379, 380, 384, 385, 386, 388, 390, 392, 398]","{7: [RollingMean(window_size=7)], 30: [RollingMean(window_size=30)], 60: [RollingMean(window_size=60)]}",lags_400_features_132,12.072845267985501,17.674432462255517,19.21258746345793,19.52451700066803,21.110377387425746,28.829805690702926,35.274767084059064,41.59260572495334,53.393842770833764,53.18909890316641,54.20357498800071
SGD_ElasticNet,LocalMinMaxScaler(stats_=[[  5.11211699 325.92896936]]),"[1, 2, 3, 4, 5, 6, 7, 8, 9, 11, 12, 13, 14, 16, 18, 20, 25, 27, 28, 29, 36, 37, 38, 47, 53, 59, 74, 107, 109, 110, 130, 131, 138, 139, 144, 145, 146, 147, 152, 157, 159, 161, 165, 166, 168, 173, 176, 181, 184, 187, 189, 190, 192, 193, 194, 195, 203, 204, 205, 206, 207, 209, 210, 211, 214, 216, 217, 218, 219, 222, 226, 227, 228, 229, 231, 234, 236, 242, 248, 255, 258, 260, 267, 273, 281, 286, 307, 309, 311, 319, 320, 321, 322, 323, 331, 335, 338, 339, 342, 351, 353, 354, 355, 356, 357, 358, 359, 360, 361, 362, 363, 364, 365, 366, 368, 369, 370, 371, 372, 373, 374, 375, 376, 379, 380, 384, 385, 386, 388, 390, 392, 398]","{7: [RollingMean(window_size=7)], 30: [RollingMean(window_size=30)], 60: [RollingMean(window_size=60)]}",lags_400_features_132,26.952049632061353,38.93615221251583,40.23949116677267,39.23144137828899,36.04975752986338,34.73520510683289,34.85221909331075,39.433077260761976,48.49194676961653,48.18129345415924,47.48840665331915
SGD_Lasso,LocalMinMaxScaler(stats_=[[  5.11211699 325.92896936]]),"[1, 2, 3, 4, 5, 6, 7, 8, 9, 11, 12, 13, 14, 16, 18, 20, 25, 27, 28, 29, 36, 37, 38, 47, 53, 59, 74, 107, 109, 110, 130, 131, 138, 139, 144, 145, 146, 147, 152, 157, 159, 161, 165, 166, 168, 173, 176, 181, 184, 187, 189, 190, 192, 193, 194, 195, 203, 204, 205, 206, 207, 209, 210, 211, 214, 216, 217, 218, 219, 222, 226, 227, 228, 229, 231, 234, 236, 242, 248, 255, 258, 260, 267, 273, 281, 286, 307, 309, 311, 319, 320, 321, 322, 323, 331, 335, 338, 339, 342, 351, 353, 354, 355, 356, 357, 358, 359, 360, 361, 362, 363, 364, 365, 366, 368, 369, 370, 371, 372, 373, 374, 375, 376, 379, 380, 384, 385, 386, 388, 390, 392, 398]","{7: [RollingMean(window_size=7)], 30: [RollingMean(window_size=30)], 60: [RollingMean(window_size=60)]}",lags_400_features_132,116.45645628314098,101.27111292114779,99.60428319246252,88.70498882873687,74.45736397099824,65.99150962070802,60.775335383170194,55.19188933274941,70.84684913232577,95.85060511149685,95.29974283977694
SGD_Ridge,LocalMinMaxScaler(stats_=[[  5.11211699 325.92896936]]),"[1, 2, 3, 4, 5, 6, 7, 8, 9, 11, 12, 13, 14, 16, 18, 20, 25, 27, 28, 29, 36, 37, 38, 47, 53, 59, 74, 107, 109, 110, 130, 131, 138, 139, 144, 145, 146, 147, 152, 157, 159, 161, 165, 166, 168, 173, 176, 181, 184, 187, 189, 190, 192, 193, 194, 195, 203, 204, 205, 206, 207, 209, 210, 211, 214, 216, 217, 218, 219, 222, 226, 227, 228, 229, 231, 234, 236, 242, 248, 255, 258, 260, 267, 273, 281, 286, 307, 309, 311, 319, 320, 321, 322, 323, 331, 335, 338, 339, 342, 351, 353, 354, 355, 356, 357, 358, 359, 360, 361, 362, 363, 364, 365, 366, 368, 369, 370, 371, 372, 373, 374, 375, 376, 379, 380, 384, 385, 386, 388, 390, 392, 398]","{7: [RollingMean(window_size=7)], 30: [RollingMean(window_size=30)], 60: [RollingMean(window_size=60)]}",lags_400_features_132,22.711631184234854,22.734370866269977,22.740557679557373,21.17364353960717,20.381239129929316,21.163612240271682,25.260620038781973,26.13090869479881,37.077757345142906,50.40878373215725,50.207693869396245
SGDRegressor,LocalMinMaxScaler(stats_=[[  5.11211699 325.92896936]]),"[1, 2, 3, 4, 5, 6, 7, 8, 9, 11, 12, 13, 14, 16, 18, 20, 25, 27, 28, 29, 36, 37, 38, 47, 53, 59, 74, 107, 109, 110, 130, 131, 138, 139, 144, 145, 146, 147, 152, 157, 159, 161, 165, 166, 168, 173, 176, 181, 184, 187, 189, 190, 192, 193, 194, 195, 203, 204, 205, 206, 207, 209, 210, 211, 214, 216, 217, 218, 219, 222, 226, 227, 228, 229, 231, 234, 236, 242, 248, 255, 258, 260, 267, 273, 281, 286, 307, 309, 311, 319, 320, 321, 322, 323, 331, 335, 338, 339, 342, 351, 353, 354, 355, 356, 357, 358, 359, 360, 361, 362, 363, 364, 365, 366, 368, 369, 370, 371, 372, 373, 374, 375, 376, 379, 380, 384, 385, 386, 388, 390, 392, 398]","{7: [RollingMean(window_size=7)], 30: [RollingMean(window_size=30)], 60: [RollingMean(window_size=60)]}",lags_400_features_132,39.10347556718616,54.0320814706593,57.05416659534387,55.0531007512879,49.68384255022448,46.20885621942349,43.91285483615563,47.96646064492872,56.09695716753061,62.01906479528766,61.65298213539907
XGBRegressor,LocalMinMaxScaler(stats_=[[  5.11211699 325.92896936]]),"[1, 2, 3, 4, 5, 6, 7, 8, 9, 11, 12, 13, 14, 16, 18, 20, 25, 27, 28, 29, 36, 37, 38, 47, 53, 59, 74, 107, 109, 110, 130, 131, 138, 139, 144, 145, 146, 147, 152, 157, 159, 161, 165, 166, 168, 173, 176, 181, 184, 187, 189, 190, 192, 193, 194, 195, 203, 204, 205, 206, 207, 209, 210, 211, 214, 216, 217, 218, 219, 222, 226, 227, 228, 229, 231, 234, 236, 242, 248, 255, 258, 260, 267, 273, 281, 286, 307, 309, 311, 319, 320, 321, 322, 323, 331, 335, 338, 339, 342, 351, 353, 354, 355, 356, 357, 358, 359, 360, 361, 362, 363, 364, 365, 366, 368, 369, 370, 371, 372, 373, 374, 375, 376, 379, 380, 384, 385, 386, 388, 390, 392, 398]","{7: [RollingMean(window_size=7)], 30: [RollingMean(window_size=30)], 60: [RollingMean(window_size=60)]}",lags_400_features_132,13.948959674901687,17.93484911009226,19.0347018303056,19.217247413609826,19.8754097191802,19.98676669114111,26.9560795634202,33.461514547424365,45.093309793590024,48.86428320767893,48.00222349480136
LGBMRegressor,LocalMinMaxScaler(stats_=[[  5.11211699 325.92896936]]),"[1, 2, 3, 4, 5, 6, 7, 8, 9, 11, 12, 13, 14, 16, 18, 20, 25, 27, 28, 29, 36, 37, 38, 47, 53, 59, 74, 107, 109, 110, 130, 131, 138, 139, 144, 145, 146, 147, 152, 157, 159, 161, 165, 166, 168, 173, 176, 181, 184, 187, 189, 190, 192, 193, 194, 195, 203, 204, 205, 206, 207, 209, 210, 211, 214, 216, 217, 218, 219, 222, 226, 227, 228, 229, 231, 234, 236, 242, 248, 255, 258, 260, 267, 273, 281, 286, 307, 309, 311, 319, 320, 321, 322, 323, 331, 335, 338, 339, 342, 351, 353, 354, 355, 356, 357, 358, 359, 360, 361, 362, 363, 364, 365, 366, 368, 369, 370, 371, 372, 373, 374, 375, 376, 379, 380, 384, 385, 386, 388, 390, 392, 398]","{7: [RollingMean(window_size=7)], 30: [RollingMean(window_size=30)], 60: [RollingMean(window_size=60)]}",lags_400_features_132,13.373685549232764,18.746714206584517,19.93947999840503,18.985976559239255,18.55013902051402,21.54271374226837,27.981611467652417,31.041729639565553,44.37716095773991,48.24094407502783,47.9275166347761
SGD_EarlyStopping,LocalMinMaxScaler(stats_=[[  5.11211699 325.92896936]]),"[1, 2, 3, 4, 5, 6, 7, 8, 9, 11, 12, 13, 14, 16, 18, 20, 25, 27, 28, 29, 36, 37, 38, 47, 53, 59, 74, 107, 109, 110, 130, 131, 138, 139, 144, 145, 146, 147, 152, 157, 159, 161, 165, 166, 168, 173, 176, 181, 184, 187, 189, 190, 192, 193, 194, 195, 203, 204, 205, 206, 207, 209, 210, 211, 214, 216, 217, 218, 219, 222, 226, 227, 228, 229, 231, 234, 236, 242, 248, 255, 258, 260, 267, 273, 281, 286, 307, 309, 311, 319, 320, 321, 322, 323, 331, 335, 338, 339, 342, 351, 353, 354, 355, 356, 357, 358, 359, 360, 361, 362, 363, 364, 365, 366, 368, 369, 370, 371, 372, 373, 374, 375, 376, 379, 380, 384, 385, 386, 388, 390, 392, 398]","{7: [RollingMean(window_size=7), RollingStd(window_size=7)], 30: [RollingMean(window_size=30)], 60: [ExpandingMean()], 14: [ExponentiallyWeightedMean(alpha=0.3)]}",lags_400_features_132,11.991594023468839,17.80062890644894,19.354480544460955,19.5566497620531,21.06785618933036,28.706232564687035,35.11537473350058,41.41887665719734,53.215745609962525,52.773581226037145,53.75062566701778
SGD_ElasticNet,LocalMinMaxScaler(stats_=[[  5.11211699 325.92896936]]),"[1, 2, 3, 4, 5, 6, 7, 8, 9, 11, 12, 13, 14, 16, 18, 20, 25, 27, 28, 29, 36, 37, 38, 47, 53, 59, 74, 107, 109, 110, 130, 131, 138, 139, 144, 145, 146, 147, 152, 157, 159, 161, 165, 166, 168, 173, 176, 181, 184, 187, 189, 190, 192, 193, 194, 195, 203, 204, 205, 206, 207, 209, 210, 211, 214, 216, 217, 218, 219, 222, 226, 227, 228, 229, 231, 234, 236, 242, 248, 255, 258, 260, 267, 273, 281, 286, 307, 309, 311, 319, 320, 321, 322, 323, 331, 335, 338, 339, 342, 351, 353, 354, 355, 356, 357, 358, 359, 360, 361, 362, 363, 364, 365, 366, 368, 369, 370, 371, 372, 373, 374, 375, 376, 379, 380, 384, 385, 386, 388, 390, 392, 398]","{7: [RollingMean(window_size=7), RollingStd(window_size=7)], 30: [RollingMean(window_size=30)], 60: [ExpandingMean()], 14: [ExponentiallyWeightedMean(alpha=0.3)]}",lags_400_features_132,26.921170339124668,39.02546165363708,40.39002594933766,39.42218910040834,36.25421333107291,34.870778844321485,34.92415838288674,39.46391881135035,48.5562851906198,48.29027241438828,47.60870816584067
SGD_Lasso,LocalMinMaxScaler(stats_=[[  5.11211699 325.92896936]]),"[1, 2, 3, 4, 5, 6, 7, 8, 9, 11, 12, 13, 14, 16, 18, 20, 25, 27, 28, 29, 36, 37, 38, 47, 53, 59, 74, 107, 109, 110, 130, 131, 138, 139, 144, 145, 146, 147, 152, 157, 159, 161, 165, 166, 168, 173, 176, 181, 184, 187, 189, 190, 192, 193, 194, 195, 203, 204, 205, 206, 207, 209, 210, 211, 214, 216, 217, 218, 219, 222, 226, 227, 228, 229, 231, 234, 236, 242, 248, 255, 258, 260, 267, 273, 281, 286, 307, 309, 311, 319, 320, 321, 322, 323, 331, 335, 338, 339, 342, 351, 353, 354, 355, 356, 357, 358, 359, 360, 361, 362, 363, 364, 365, 366, 368, 369, 370, 371, 372, 373, 374, 375, 376, 379, 380, 384, 385, 386, 388, 390, 392, 398]","{7: [RollingMean(window_size=7), RollingStd(window_size=7)], 30: [RollingMean(window_size=30)], 60: [ExpandingMean()], 14: [ExponentiallyWeightedMean(alpha=0.3)]}",lags_400_features_132,116.45645628314098,101.27111292114779,99.60428319246252,88.70498882873687,74.45736397099824,65.99150962070802,60.775335383170194,55.19188933274941,70.84684913232577,95.85060511149685,95.29974283977694
SGD_Ridge,LocalMinMaxScaler(stats_=[[  5.11211699 325.92896936]]),"[1, 2, 3, 4, 5, 6, 7, 8, 9, 11, 12, 13, 14, 16, 18, 20, 25, 27, 28, 29, 36, 37, 38, 47, 53, 59, 74, 107, 109, 110, 130, 131, 138, 139, 144, 145, 146, 147, 152, 157, 159, 161, 165, 166, 168, 173, 176, 181, 184, 187, 189, 190, 192, 193, 194, 195, 203, 204, 205, 206, 207, 209, 210, 211, 214, 216, 217, 218, 219, 222, 226, 227, 228, 229, 231, 234, 236, 242, 248, 255, 258, 260, 267, 273, 281, 286, 307, 309, 311, 319, 320, 321, 322, 323, 331, 335, 338, 339, 342, 351, 353, 354, 355, 356, 357, 358, 359, 360, 361, 362, 363, 364, 365, 366, 368, 369, 370, 371, 372, 373, 374, 375, 376, 379, 380, 384, 385, 386, 388, 390, 392, 398]","{7: [RollingMean(window_size=7), RollingStd(window_size=7)], 30: [RollingMean(window_size=30)], 60: [ExpandingMean()], 14: [ExponentiallyWeightedMean(alpha=0.3)]}",lags_400_features_132,22.513231462919872,22.619327495853334,22.646909425921,21.1004602868404,20.322636881481166,21.10999698503559,25.223807881507128,26.097673909363735,37.023434010666804,50.33560652405896,50.135567381480485
SGDRegressor,LocalMinMaxScaler(stats_=[[  5.11211699 325.92896936]]),"[1, 2, 3, 4, 5, 6, 7, 8, 9, 11, 12, 13, 14, 16, 18, 20, 25, 27, 28, 29, 36, 37, 38, 47, 53, 59, 74, 107, 109, 110, 130, 131, 138, 139, 144, 145, 146, 147, 152, 157, 159, 161, 165, 166, 168, 173, 176, 181, 184, 187, 189, 190, 192, 193, 194, 195, 203, 204, 205, 206, 207, 209, 210, 211, 214, 216, 217, 218, 219, 222, 226, 227, 228, 229, 231, 234, 236, 242, 248, 255, 258, 260, 267, 273, 281, 286, 307, 309, 311, 319, 320, 321, 322, 323, 331, 335, 338, 339, 342, 351, 353, 354, 355, 356, 357, 358, 359, 360, 361, 362, 363, 364, 365, 366, 368, 369, 370, 371, 372, 373, 374, 375, 376, 379, 380, 384, 385, 386, 388, 390, 392, 398]","{7: [RollingMean(window_size=7), RollingStd(window_size=7)], 30: [RollingMean(window_size=30)], 60: [ExpandingMean()], 14: [ExponentiallyWeightedMean(alpha=0.3)]}",lags_400_features_132,39.082900076661005,54.18916564763108,57.34547902765864,55.38436497725148,50.01143860353757,46.444815493009514,44.04441609345727,48.04478646495528,56.17578417852563,62.16871460737974,61.824523345529855
XGBRegressor,LocalMinMaxScaler(stats_=[[  5.11211699 325.92896936]]),"[1, 2, 3, 4, 5, 6, 7, 8, 9, 11, 12, 13, 14, 16, 18, 20, 25, 27, 28, 29, 36, 37, 38, 47, 53, 59, 74, 107, 109, 110, 130, 131, 138, 139, 144, 145, 146, 147, 152, 157, 159, 161, 165, 166, 168, 173, 176, 181, 184, 187, 189, 190, 192, 193, 194, 195, 203, 204, 205, 206, 207, 209, 210, 211, 214, 216, 217, 218, 219, 222, 226, 227, 228, 229, 231, 234, 236, 242, 248, 255, 258, 260, 267, 273, 281, 286, 307, 309, 311, 319, 320, 321, 322, 323, 331, 335, 338, 339, 342, 351, 353, 354, 355, 356, 357, 358, 359, 360, 361, 362, 363, 364, 365, 366, 368, 369, 370, 371, 372, 373, 374, 375, 376, 379, 380, 384, 385, 386, 388, 390, 392, 398]","{7: [RollingMean(window_size=7), RollingStd(window_size=7)], 30: [RollingMean(window_size=30)], 60: [ExpandingMean()], 14: [ExponentiallyWeightedMean(alpha=0.3)]}",lags_400_features_132,13.932720356389982,17.55846354435726,18.782692370355672,18.915554796087104,19.114434560101003,22.268217050504397,30.502102286995044,34.95256709903124,45.37587336177463,53.549463654200245,53.03415769537453
LGBMRegressor,LocalMinMaxScaler(stats_=[[  5.11211699 325.92896936]]),"[1, 2, 3, 4, 5, 6, 7, 8, 9, 11, 12, 13, 14, 16, 18, 20, 25, 27, 28, 29, 36, 37, 38, 47, 53, 59, 74, 107, 109, 110, 130, 131, 138, 139, 144, 145, 146, 147, 152, 157, 159, 161, 165, 166, 168, 173, 176, 181, 184, 187, 189, 190, 192, 193, 194, 195, 203, 204, 205, 206, 207, 209, 210, 211, 214, 216, 217, 218, 219, 222, 226, 227, 228, 229, 231, 234, 236, 242, 248, 255, 258, 260, 267, 273, 281, 286, 307, 309, 311, 319, 320, 321, 322, 323, 331, 335, 338, 339, 342, 351, 353, 354, 355, 356, 357, 358, 359, 360, 361, 362, 363, 364, 365, 366, 368, 369, 370, 371, 372, 373, 374, 375, 376, 379, 380, 384, 385, 386, 388, 390, 392, 398]","{7: [RollingMean(window_size=7), RollingStd(window_size=7)], 30: [RollingMean(window_size=30)], 60: [ExpandingMean()], 14: [ExponentiallyWeightedMean(alpha=0.3)]}",lags_400_features_132,11.498675315167878,17.84114581207221,19.60397535698683,18.951310793648563,18.847660553398647,21.710382925955514,27.58750905006046,31.356588935027286,43.314965975089734,49.47090837521986,49.00161744831772
XGBRegressor,"LocalBoxCox(lower=0.0, method=loglik, season_length=None, stats_=[[4.10226185e-05 0.00000000e+00]], upper=2.0)","[1, 2, 3, 4, 5, 6, 7, 8, 9, 11, 12, 13, 14, 16, 18, 20, 25, 27, 28, 29, 36, 37, 38, 47, 53, 59, 74, 107, 109, 110, 130, 131, 138, 139, 144, 145, 146, 147, 152, 157, 159, 161, 165, 166, 168, 173, 176, 181, 184, 187, 189, 190, 192, 193, 194, 195, 203, 204, 205, 206, 207, 209, 210, 211, 214, 216, 217, 218, 219, 222, 226, 227, 228, 229, 231, 234, 236, 242, 248, 255, 258, 260, 267, 273, 281, 286, 307, 309, 311, 319, 320, 321, 322, 323, 331, 335, 338, 339, 342, 351, 353, 354, 355, 356, 357, 358, 359, 360, 361, 362, 363, 364, 365, 366, 368, 369, 370, 371, 372, 373, 374, 375, 376, 379, 380, 384, 385, 386, 388, 390, 392, 398]","{1: [<function expanding_mean at 0x000002C58F7A04A0>], 7: [<function rolling_mean_14 at 0x000002C5930FAA20>], 30: [<function expanding_mean at 0x000002C58F7A04A0>]}",lags_400_features_132,15.204409048206694,20.788589305403256,20.669388702803055,19.90618433019916,19.793626819994824,19.827711662825457,26.3983327326941,32.572061610983496,47.04041613029503,54.39044184987932,53.84423711785665
LGBMRegressor,"LocalBoxCox(lower=0.0, method=loglik, season_length=None, stats_=[[4.10226185e-05 0.00000000e+00]], upper=2.0)","[1, 2, 3, 4, 5, 6, 7, 8, 9, 11, 12, 13, 14, 16, 18, 20, 25, 27, 28, 29, 36, 37, 38, 47, 53, 59, 74, 107, 109, 110, 130, 131, 138, 139, 144, 145, 146, 147, 152, 157, 159, 161, 165, 166, 168, 173, 176, 181, 184, 187, 189, 190, 192, 193, 194, 195, 203, 204, 205, 206, 207, 209, 210, 211, 214, 216, 217, 218, 219, 222, 226, 227, 228, 229, 231, 234, 236, 242, 248, 255, 258, 260, 267, 273, 281, 286, 307, 309, 311, 319, 320, 321, 322, 323, 331, 335, 338, 339, 342, 351, 353, 354, 355, 356, 357, 358, 359, 360, 361, 362, 363, 364, 365, 366, 368, 369, 370, 371, 372, 373, 374, 375, 376, 379, 380, 384, 385, 386, 388, 390, 392, 398]","{1: [<function expanding_mean at 0x000002C58F7A04A0>], 7: [<function rolling_mean_14 at 0x000002C5930FAA20>], 30: [<function expanding_mean at 0x000002C58F7A04A0>]}",lags_400_features_132,11.995852891472932,19.0720943768022,20.014114438564125,19.381006021370144,19.0823914224017,21.494276623089355,25.591399417765125,30.04487007379603,44.437845524061444,47.33477269137814,46.939256815647816
XGBRegressor,"LocalBoxCox(lower=0.0, method=loglik, season_length=None, stats_=[[4.10226185e-05 0.00000000e+00]], upper=2.0)","[1, 2, 3, 4, 5, 6, 7, 8, 9, 11, 12, 13, 14, 16, 18, 20, 25, 27, 28, 29, 36, 37, 38, 47, 53, 59, 74, 107, 109, 110, 130, 131, 138, 139, 144, 145, 146, 147, 152, 157, 159, 161, 165, 166, 168, 173, 176, 181, 184, 187, 189, 190, 192, 193, 194, 195, 203, 204, 205, 206, 207, 209, 210, 211, 214, 216, 217, 218, 219, 222, 226, 227, 228, 229, 231, 234, 236, 242, 248, 255, 258, 260, 267, 273, 281, 286, 307, 309, 311, 319, 320, 321, 322, 323, 331, 335, 338, 339, 342, 351, 353, 354, 355, 356, 357, 358, 359, 360, 361, 362, 363, 364, 365, 366, 368, 369, 370, 371, 372, 373, 374, 375, 376, 379, 380, 384, 385, 386, 388, 390, 392, 398]","{1: [<function rolling_mean_14 at 0x000002C5930FAA20>], 7: [<function rolling_mean_30 at 0x000002C58DBF9260>], 30: [<function expanding_mean at 0x000002C58F7A04A0>]}",lags_400_features_132,15.52420775765728,21.41849656646838,21.800309586282136,20.92431717895792,20.53653553254086,20.538166503899998,28.311757699117635,31.981698801286985,45.217867024572165,47.95163926095815,47.81061483762351
LGBMRegressor,"LocalBoxCox(lower=0.0, method=loglik, season_length=None, stats_=[[4.10226185e-05 0.00000000e+00]], upper=2.0)","[1, 2, 3, 4, 5, 6, 7, 8, 9, 11, 12, 13, 14, 16, 18, 20, 25, 27, 28, 29, 36, 37, 38, 47, 53, 59, 74, 107, 109, 110, 130, 131, 138, 139, 144, 145, 146, 147, 152, 157, 159, 161, 165, 166, 168, 173, 176, 181, 184, 187, 189, 190, 192, 193, 194, 195, 203, 204, 205, 206, 207, 209, 210, 211, 214, 216, 217, 218, 219, 222, 226, 227, 228, 229, 231, 234, 236, 242, 248, 255, 258, 260, 267, 273, 281, 286, 307, 309, 311, 319, 320, 321, 322, 323, 331, 335, 338, 339, 342, 351, 353, 354, 355, 356, 357, 358, 359, 360, 361, 362, 363, 364, 365, 366, 368, 369, 370, 371, 372, 373, 374, 375, 376, 379, 380, 384, 385, 386, 388, 390, 392, 398]","{1: [<function rolling_mean_14 at 0x000002C5930FAA20>], 7: [<function rolling_mean_30 at 0x000002C58DBF9260>], 30: [<function expanding_mean at 0x000002C58F7A04A0>]}",lags_400_features_132,11.443037673792448,19.26552411236159,20.226070753971946,19.53978677093838,19.42219391677388,21.94795116510946,27.30376922267825,31.61730361808716,44.49821067778974,51.102838764376024,50.53659709680669
XGBRegressor,"LocalBoxCox(lower=0.0, method=loglik, season_length=None, stats_=[[4.10226185e-05 0.00000000e+00]], upper=2.0)","[1, 2, 3, 4, 5, 6, 7, 8, 9, 11, 12, 13, 14, 16, 18, 20, 25, 27, 28, 29, 36, 37, 38, 47, 53, 59, 74, 107, 109, 110, 130, 131, 138, 139, 144, 145, 146, 147, 152, 157, 159, 161, 165, 166, 168, 173, 176, 181, 184, 187, 189, 190, 192, 193, 194, 195, 203, 204, 205, 206, 207, 209, 210, 211, 214, 216, 217, 218, 219, 222, 226, 227, 228, 229, 231, 234, 236, 242, 248, 255, 258, 260, 267, 273, 281, 286, 307, 309, 311, 319, 320, 321, 322, 323, 331, 335, 338, 339, 342, 351, 353, 354, 355, 356, 357, 358, 359, 360, 361, 362, 363, 364, 365, 366, 368, 369, 370, 371, 372, 373, 374, 375, 376, 379, 380, 384, 385, 386, 388, 390, 392, 398]","{7: [RollingMean(window_size=7)], 30: [RollingMean(window_size=30)], 60: [RollingMean(window_size=60)]}",lags_400_features_132,12.97942676641776,19.83265780560031,19.34282506371622,19.052685584322873,19.58592294741256,19.878471872280027,24.59187735054811,31.742230957913247,45.98525210175569,47.55253923264478,46.89926383548237
LGBMRegressor,"LocalBoxCox(lower=0.0, method=loglik, season_length=None, stats_=[[4.10226185e-05 0.00000000e+00]], upper=2.0)","[1, 2, 3, 4, 5, 6, 7, 8, 9, 11, 12, 13, 14, 16, 18, 20, 25, 27, 28, 29, 36, 37, 38, 47, 53, 59, 74, 107, 109, 110, 130, 131, 138, 139, 144, 145, 146, 147, 152, 157, 159, 161, 165, 166, 168, 173, 176, 181, 184, 187, 189, 190, 192, 193, 194, 195, 203, 204, 205, 206, 207, 209, 210, 211, 214, 216, 217, 218, 219, 222, 226, 227, 228, 229, 231, 234, 236, 242, 248, 255, 258, 260, 267, 273, 281, 286, 307, 309, 311, 319, 320, 321, 322, 323, 331, 335, 338, 339, 342, 351, 353, 354, 355, 356, 357, 358, 359, 360, 361, 362, 363, 364, 365, 366, 368, 369, 370, 371, 372, 373, 374, 375, 376, 379, 380, 384, 385, 386, 388, 390, 392, 398]","{7: [RollingMean(window_size=7)], 30: [RollingMean(window_size=30)], 60: [RollingMean(window_size=60)]}",lags_400_features_132,12.150160568094751,17.48772354651106,19.038722147696976,18.747339565545236,18.912398035405502,20.40229936760764,24.291438503605324,28.26786053437573,42.226262607648486,49.70514048606507,49.098404944802766
XGBRegressor,"LocalBoxCox(lower=0.0, method=loglik, season_length=None, stats_=[[4.10226185e-05 0.00000000e+00]], upper=2.0)","[1, 2, 3, 4, 5, 6, 7, 8, 9, 11, 12, 13, 14, 16, 18, 20, 25, 27, 28, 29, 36, 37, 38, 47, 53, 59, 74, 107, 109, 110, 130, 131, 138, 139, 144, 145, 146, 147, 152, 157, 159, 161, 165, 166, 168, 173, 176, 181, 184, 187, 189, 190, 192, 193, 194, 195, 203, 204, 205, 206, 207, 209, 210, 211, 214, 216, 217, 218, 219, 222, 226, 227, 228, 229, 231, 234, 236, 242, 248, 255, 258, 260, 267, 273, 281, 286, 307, 309, 311, 319, 320, 321, 322, 323, 331, 335, 338, 339, 342, 351, 353, 354, 355, 356, 357, 358, 359, 360, 361, 362, 363, 364, 365, 366, 368, 369, 370, 371, 372, 373, 374, 375, 376, 379, 380, 384, 385, 386, 388, 390, 392, 398]","{7: [RollingMean(window_size=7), RollingStd(window_size=7)], 30: [RollingMean(window_size=30)], 60: [ExpandingMean()], 14: [ExponentiallyWeightedMean(alpha=0.3)]}",lags_400_features_132,12.574776898780998,19.001025815209623,18.899408487695474,19.087580229783367,22.5693631077033,23.1728169996923,26.441864583163984,32.5179193754613,47.80794845949413,48.93560128161619,48.06367526959057
LGBMRegressor,"LocalBoxCox(lower=0.0, method=loglik, season_length=None, stats_=[[4.10226185e-05 0.00000000e+00]], upper=2.0)","[1, 2, 3, 4, 5, 6, 7, 8, 9, 11, 12, 13, 14, 16, 18, 20, 25, 27, 28, 29, 36, 37, 38, 47, 53, 59, 74, 107, 109, 110, 130, 131, 138, 139, 144, 145, 146, 147, 152, 157, 159, 161, 165, 166, 168, 173, 176, 181, 184, 187, 189, 190, 192, 193, 194, 195, 203, 204, 205, 206, 207, 209, 210, 211, 214, 216, 217, 218, 219, 222, 226, 227, 228, 229, 231, 234, 236, 242, 248, 255, 258, 260, 267, 273, 281, 286, 307, 309, 311, 319, 320, 321, 322, 323, 331, 335, 338, 339, 342, 351, 353, 354, 355, 356, 357, 358, 359, 360, 361, 362, 363, 364, 365, 366, 368, 369, 370, 371, 372, 373, 374, 375, 376, 379, 380, 384, 385, 386, 388, 390, 392, 398]","{7: [RollingMean(window_size=7), RollingStd(window_size=7)], 30: [RollingMean(window_size=30)], 60: [ExpandingMean()], 14: [ExponentiallyWeightedMean(alpha=0.3)]}",lags_400_features_132,14.088698334010912,19.428496580451878,20.933773566500278,20.371799745702777,20.291798912561905,21.361082262708123,24.526417273970228,28.160441114000196,41.52427391998562,49.37660698492422,48.88892749412516
SGD_EarlyStopping,AutoDifferences(max_diffs=380) | LocalStandardScaler(stats_=[[-2.09155811e-02  2.20585897e+01]]),"[1, 2, 3, 4, 5, 6, 7, 8, 9, 11, 12, 13, 14, 16, 18, 20, 25, 27, 28, 29, 36, 37, 38, 47, 53, 59, 74, 107, 109, 110, 130, 131, 138, 139, 144, 145, 146, 147, 152, 157, 159, 161, 165, 166, 168, 173, 176, 181, 184, 187, 189, 190, 192, 193, 194, 195, 203, 204, 205, 206, 207, 209, 210, 211, 214, 216, 217, 218, 219, 222, 226, 227, 228, 229, 231, 234, 236, 242, 248, 255, 258, 260, 267, 273, 281, 286, 307, 309, 311, 319, 320, 321, 322, 323, 331, 335, 338, 339, 342, 351, 353, 354, 355, 356, 357, 358, 359, 360, 361, 362, 363, 364, 365, 366, 368, 369, 370, 371, 372, 373, 374, 375, 376, 379, 380, 384, 385, 386, 388, 390, 392, 398]","{1: [<function expanding_mean at 0x000002C58F7A04A0>], 7: [<function rolling_mean_14 at 0x000002C5930FAA20>], 30: [<function expanding_mean at 0x000002C58F7A04A0>]}",lags_400_features_132,36.15238405122518,33.394832474807785,40.87627568092358,41.017081719550234,44.411078834131686,51.94965601933683,54.73770926983694,57.19338749461239,88.59379525450119,153.1300460287125,158.41451763400926
SGD_ElasticNet,AutoDifferences(max_diffs=380) | LocalStandardScaler(stats_=[[-2.09155811e-02  2.20585897e+01]]),"[1, 2, 3, 4, 5, 6, 7, 8, 9, 11, 12, 13, 14, 16, 18, 20, 25, 27, 28, 29, 36, 37, 38, 47, 53, 59, 74, 107, 109, 110, 130, 131, 138, 139, 144, 145, 146, 147, 152, 157, 159, 161, 165, 166, 168, 173, 176, 181, 184, 187, 189, 190, 192, 193, 194, 195, 203, 204, 205, 206, 207, 209, 210, 211, 214, 216, 217, 218, 219, 222, 226, 227, 228, 229, 231, 234, 236, 242, 248, 255, 258, 260, 267, 273, 281, 286, 307, 309, 311, 319, 320, 321, 322, 323, 331, 335, 338, 339, 342, 351, 353, 354, 355, 356, 357, 358, 359, 360, 361, 362, 363, 364, 365, 366, 368, 369, 370, 371, 372, 373, 374, 375, 376, 379, 380, 384, 385, 386, 388, 390, 392, 398]","{1: [<function expanding_mean at 0x000002C58F7A04A0>], 7: [<function rolling_mean_14 at 0x000002C5930FAA20>], 30: [<function expanding_mean at 0x000002C58F7A04A0>]}",lags_400_features_132,51.568390918120485,98.03982555419731,143.48877579019216,176.69216724626958,187.552285034531,194.65868398204483,202.93939435261717,257.44537196924284,443.21145371116614,843.125656774115,865.2443862872448
SGD_Lasso,AutoDifferences(max_diffs=380) | LocalStandardScaler(stats_=[[-2.09155811e-02  2.20585897e+01]]),"[1, 2, 3, 4, 5, 6, 7, 8, 9, 11, 12, 13, 14, 16, 18, 20, 25, 27, 28, 29, 36, 37, 38, 47, 53, 59, 74, 107, 109, 110, 130, 131, 138, 139, 144, 145, 146, 147, 152, 157, 159, 161, 165, 166, 168, 173, 176, 181, 184, 187, 189, 190, 192, 193, 194, 195, 203, 204, 205, 206, 207, 209, 210, 211, 214, 216, 217, 218, 219, 222, 226, 227, 228, 229, 231, 234, 236, 242, 248, 255, 258, 260, 267, 273, 281, 286, 307, 309, 311, 319, 320, 321, 322, 323, 331, 335, 338, 339, 342, 351, 353, 354, 355, 356, 357, 358, 359, 360, 361, 362, 363, 364, 365, 366, 368, 369, 370, 371, 372, 373, 374, 375, 376, 379, 380, 384, 385, 386, 388, 390, 392, 398]","{1: [<function expanding_mean at 0x000002C58F7A04A0>], 7: [<function rolling_mean_14 at 0x000002C5930FAA20>], 30: [<function expanding_mean at 0x000002C58F7A04A0>]}",lags_400_features_132,9.531268941496695,20.128457706856057,26.553081399786883,33.82608476926952,41.975211314459905,48.75159332199136,60.209106908343436,68.90966379700185,80.27287995963984,105.65950061468898,107.69688952888781
SGD_Ridge,AutoDifferences(max_diffs=380) | LocalStandardScaler(stats_=[[-2.09155811e-02  2.20585897e+01]]),"[1, 2, 3, 4, 5, 6, 7, 8, 9, 11, 12, 13, 14, 16, 18, 20, 25, 27, 28, 29, 36, 37, 38, 47, 53, 59, 74, 107, 109, 110, 130, 131, 138, 139, 144, 145, 146, 147, 152, 157, 159, 161, 165, 166, 168, 173, 176, 181, 184, 187, 189, 190, 192, 193, 194, 195, 203, 204, 205, 206, 207, 209, 210, 211, 214, 216, 217, 218, 219, 222, 226, 227, 228, 229, 231, 234, 236, 242, 248, 255, 258, 260, 267, 273, 281, 286, 307, 309, 311, 319, 320, 321, 322, 323, 331, 335, 338, 339, 342, 351, 353, 354, 355, 356, 357, 358, 359, 360, 361, 362, 363, 364, 365, 366, 368, 369, 370, 371, 372, 373, 374, 375, 376, 379, 380, 384, 385, 386, 388, 390, 392, 398]","{1: [<function expanding_mean at 0x000002C58F7A04A0>], 7: [<function rolling_mean_14 at 0x000002C5930FAA20>], 30: [<function expanding_mean at 0x000002C58F7A04A0>]}",lags_400_features_132,118.73276854566474,212.6625706624737,341.2158103295812,439.827267428099,498.7554218463015,563.1941271305527,593.1861555747477,731.5466088523488,1208.0643857224072,2161.926078282517,2221.463166751586
SGDRegressor,AutoDifferences(max_diffs=380) | LocalStandardScaler(stats_=[[-2.09155811e-02  2.20585897e+01]]),"[1, 2, 3, 4, 5, 6, 7, 8, 9, 11, 12, 13, 14, 16, 18, 20, 25, 27, 28, 29, 36, 37, 38, 47, 53, 59, 74, 107, 109, 110, 130, 131, 138, 139, 144, 145, 146, 147, 152, 157, 159, 161, 165, 166, 168, 173, 176, 181, 184, 187, 189, 190, 192, 193, 194, 195, 203, 204, 205, 206, 207, 209, 210, 211, 214, 216, 217, 218, 219, 222, 226, 227, 228, 229, 231, 234, 236, 242, 248, 255, 258, 260, 267, 273, 281, 286, 307, 309, 311, 319, 320, 321, 322, 323, 331, 335, 338, 339, 342, 351, 353, 354, 355, 356, 357, 358, 359, 360, 361, 362, 363, 364, 365, 366, 368, 369, 370, 371, 372, 373, 374, 375, 376, 379, 380, 384, 385, 386, 388, 390, 392, 398]","{1: [<function expanding_mean at 0x000002C58F7A04A0>], 7: [<function rolling_mean_14 at 0x000002C5930FAA20>], 30: [<function expanding_mean at 0x000002C58F7A04A0>]}",lags_400_features_132,53.31107828393344,102.41381045628295,150.88914213910684,186.46629919154785,198.67129362164548,207.0028108188482,215.84218270469458,273.0451381494032,468.1845355672743,889.1911817893563,912.7405728239378
XGBRegressor,AutoDifferences(max_diffs=380) | LocalStandardScaler(stats_=[[-2.09155811e-02  2.20585897e+01]]),"[1, 2, 3, 4, 5, 6, 7, 8, 9, 11, 12, 13, 14, 16, 18, 20, 25, 27, 28, 29, 36, 37, 38, 47, 53, 59, 74, 107, 109, 110, 130, 131, 138, 139, 144, 145, 146, 147, 152, 157, 159, 161, 165, 166, 168, 173, 176, 181, 184, 187, 189, 190, 192, 193, 194, 195, 203, 204, 205, 206, 207, 209, 210, 211, 214, 216, 217, 218, 219, 222, 226, 227, 228, 229, 231, 234, 236, 242, 248, 255, 258, 260, 267, 273, 281, 286, 307, 309, 311, 319, 320, 321, 322, 323, 331, 335, 338, 339, 342, 351, 353, 354, 355, 356, 357, 358, 359, 360, 361, 362, 363, 364, 365, 366, 368, 369, 370, 371, 372, 373, 374, 375, 376, 379, 380, 384, 385, 386, 388, 390, 392, 398]","{1: [<function expanding_mean at 0x000002C58F7A04A0>], 7: [<function rolling_mean_14 at 0x000002C5930FAA20>], 30: [<function expanding_mean at 0x000002C58F7A04A0>]}",lags_400_features_132,30.934440889086734,32.116598543140235,34.93385044065957,31.73754228352112,28.4007062415308,35.15530570334479,40.976914312922105,104.20974691605198,164.1811455329287,190.89566820056254,189.01952540059204
LGBMRegressor,AutoDifferences(max_diffs=380) | LocalStandardScaler(stats_=[[-2.09155811e-02  2.20585897e+01]]),"[1, 2, 3, 4, 5, 6, 7, 8, 9, 11, 12, 13, 14, 16, 18, 20, 25, 27, 28, 29, 36, 37, 38, 47, 53, 59, 74, 107, 109, 110, 130, 131, 138, 139, 144, 145, 146, 147, 152, 157, 159, 161, 165, 166, 168, 173, 176, 181, 184, 187, 189, 190, 192, 193, 194, 195, 203, 204, 205, 206, 207, 209, 210, 211, 214, 216, 217, 218, 219, 222, 226, 227, 228, 229, 231, 234, 236, 242, 248, 255, 258, 260, 267, 273, 281, 286, 307, 309, 311, 319, 320, 321, 322, 323, 331, 335, 338, 339, 342, 351, 353, 354, 355, 356, 357, 358, 359, 360, 361, 362, 363, 364, 365, 366, 368, 369, 370, 371, 372, 373, 374, 375, 376, 379, 380, 384, 385, 386, 388, 390, 392, 398]","{1: [<function expanding_mean at 0x000002C58F7A04A0>], 7: [<function rolling_mean_14 at 0x000002C5930FAA20>], 30: [<function expanding_mean at 0x000002C58F7A04A0>]}",lags_400_features_132,18.878631039993852,22.4398292918008,22.781942268201934,21.73453444125632,21.159672013829724,30.922875812402932,41.93444353135904,54.5450819772025,62.62526309305526,57.64740380954616,56.694962357212106
SGD_EarlyStopping,AutoDifferences(max_diffs=380) | LocalStandardScaler(stats_=[[-2.09155811e-02  2.20585897e+01]]),"[1, 2, 3, 4, 5, 6, 7, 8, 9, 11, 12, 13, 14, 16, 18, 20, 25, 27, 28, 29, 36, 37, 38, 47, 53, 59, 74, 107, 109, 110, 130, 131, 138, 139, 144, 145, 146, 147, 152, 157, 159, 161, 165, 166, 168, 173, 176, 181, 184, 187, 189, 190, 192, 193, 194, 195, 203, 204, 205, 206, 207, 209, 210, 211, 214, 216, 217, 218, 219, 222, 226, 227, 228, 229, 231, 234, 236, 242, 248, 255, 258, 260, 267, 273, 281, 286, 307, 309, 311, 319, 320, 321, 322, 323, 331, 335, 338, 339, 342, 351, 353, 354, 355, 356, 357, 358, 359, 360, 361, 362, 363, 364, 365, 366, 368, 369, 370, 371, 372, 373, 374, 375, 376, 379, 380, 384, 385, 386, 388, 390, 392, 398]","{1: [<function rolling_mean_14 at 0x000002C5930FAA20>], 7: [<function rolling_mean_30 at 0x000002C58DBF9260>], 30: [<function expanding_mean at 0x000002C58F7A04A0>]}",lags_400_features_132,35.84141363546902,33.13966672642428,40.445396039090895,40.32752047763464,43.443969267032436,50.68637850434027,53.66668352900752,55.6529838095252,84.8591521205242,144.71077585979242,149.68618479969123
SGD_ElasticNet,AutoDifferences(max_diffs=380) | LocalStandardScaler(stats_=[[-2.09155811e-02  2.20585897e+01]]),"[1, 2, 3, 4, 5, 6, 7, 8, 9, 11, 12, 13, 14, 16, 18, 20, 25, 27, 28, 29, 36, 37, 38, 47, 53, 59, 74, 107, 109, 110, 130, 131, 138, 139, 144, 145, 146, 147, 152, 157, 159, 161, 165, 166, 168, 173, 176, 181, 184, 187, 189, 190, 192, 193, 194, 195, 203, 204, 205, 206, 207, 209, 210, 211, 214, 216, 217, 218, 219, 222, 226, 227, 228, 229, 231, 234, 236, 242, 248, 255, 258, 260, 267, 273, 281, 286, 307, 309, 311, 319, 320, 321, 322, 323, 331, 335, 338, 339, 342, 351, 353, 354, 355, 356, 357, 358, 359, 360, 361, 362, 363, 364, 365, 366, 368, 369, 370, 371, 372, 373, 374, 375, 376, 379, 380, 384, 385, 386, 388, 390, 392, 398]","{1: [<function rolling_mean_14 at 0x000002C5930FAA20>], 7: [<function rolling_mean_30 at 0x000002C58DBF9260>], 30: [<function expanding_mean at 0x000002C58F7A04A0>]}",lags_400_features_132,52.19314463408665,99.07311415836382,144.94907512490127,178.549043130201,189.68690463487297,197.0377254401059,205.39569518256732,260.4151467695225,448.0360506252901,851.465465037443,873.8231281877353
SGD_Lasso,AutoDifferences(max_diffs=380) | LocalStandardScaler(stats_=[[-2.09155811e-02  2.20585897e+01]]),"[1, 2, 3, 4, 5, 6, 7, 8, 9, 11, 12, 13, 14, 16, 18, 20, 25, 27, 28, 29, 36, 37, 38, 47, 53, 59, 74, 107, 109, 110, 130, 131, 138, 139, 144, 145, 146, 147, 152, 157, 159, 161, 165, 166, 168, 173, 176, 181, 184, 187, 189, 190, 192, 193, 194, 195, 203, 204, 205, 206, 207, 209, 210, 211, 214, 216, 217, 218, 219, 222, 226, 227, 228, 229, 231, 234, 236, 242, 248, 255, 258, 260, 267, 273, 281, 286, 307, 309, 311, 319, 320, 321, 322, 323, 331, 335, 338, 339, 342, 351, 353, 354, 355, 356, 357, 358, 359, 360, 361, 362, 363, 364, 365, 366, 368, 369, 370, 371, 372, 373, 374, 375, 376, 379, 380, 384, 385, 386, 388, 390, 392, 398]","{1: [<function rolling_mean_14 at 0x000002C5930FAA20>], 7: [<function rolling_mean_30 at 0x000002C58DBF9260>], 30: [<function expanding_mean at 0x000002C58F7A04A0>]}",lags_400_features_132,9.531268941496695,20.128457706856057,26.553081399786883,33.82608476926952,41.975211314459905,48.75159332199136,60.209106908343436,68.90966379700185,80.27287995963984,105.65950061468898,107.69688952888781
SGD_Ridge,AutoDifferences(max_diffs=380) | LocalStandardScaler(stats_=[[-2.09155811e-02  2.20585897e+01]]),"[1, 2, 3, 4, 5, 6, 7, 8, 9, 11, 12, 13, 14, 16, 18, 20, 25, 27, 28, 29, 36, 37, 38, 47, 53, 59, 74, 107, 109, 110, 130, 131, 138, 139, 144, 145, 146, 147, 152, 157, 159, 161, 165, 166, 168, 173, 176, 181, 184, 187, 189, 190, 192, 193, 194, 195, 203, 204, 205, 206, 207, 209, 210, 211, 214, 216, 217, 218, 219, 222, 226, 227, 228, 229, 231, 234, 236, 242, 248, 255, 258, 260, 267, 273, 281, 286, 307, 309, 311, 319, 320, 321, 322, 323, 331, 335, 338, 339, 342, 351, 353, 354, 355, 356, 357, 358, 359, 360, 361, 362, 363, 364, 365, 366, 368, 369, 370, 371, 372, 373, 374, 375, 376, 379, 380, 384, 385, 386, 388, 390, 392, 398]","{1: [<function rolling_mean_14 at 0x000002C5930FAA20>], 7: [<function rolling_mean_30 at 0x000002C58DBF9260>], 30: [<function expanding_mean at 0x000002C58F7A04A0>]}",lags_400_features_132,117.6900975318912,209.84512946920398,336.1548423521974,432.9108344702549,490.64136269196695,553.8128408168055,582.9094136400046,718.1741633351517,1185.1414001956484,2118.768655309497,2176.882404006279
SGDRegressor,AutoDifferences(max_diffs=380) | LocalStandardScaler(stats_=[[-2.09155811e-02  2.20585897e+01]]),"[1, 2, 3, 4, 5, 6, 7, 8, 9, 11, 12, 13, 14, 16, 18, 20, 25, 27, 28, 29, 36, 37, 38, 47, 53, 59, 74, 107, 109, 110, 130, 131, 138, 139, 144, 145, 146, 147, 152, 157, 159, 161, 165, 166, 168, 173, 176, 181, 184, 187, 189, 190, 192, 193, 194, 195, 203, 204, 205, 206, 207, 209, 210, 211, 214, 216, 217, 218, 219, 222, 226, 227, 228, 229, 231, 234, 236, 242, 248, 255, 258, 260, 267, 273, 281, 286, 307, 309, 311, 319, 320, 321, 322, 323, 331, 335, 338, 339, 342, 351, 353, 354, 355, 356, 357, 358, 359, 360, 361, 362, 363, 364, 365, 366, 368, 369, 370, 371, 372, 373, 374, 375, 376, 379, 380, 384, 385, 386, 388, 390, 392, 398]","{1: [<function rolling_mean_14 at 0x000002C5930FAA20>], 7: [<function rolling_mean_30 at 0x000002C58DBF9260>], 30: [<function expanding_mean at 0x000002C58F7A04A0>]}",lags_400_features_132,52.79538162127157,101.1981896835424,148.8117186148102,183.8450905005483,195.8041029108267,203.84955187963598,212.53066586413095,268.98418131643325,461.40661067264637,876.1720619238647,899.3457650700527
XGBRegressor,AutoDifferences(max_diffs=380) | LocalStandardScaler(stats_=[[-2.09155811e-02  2.20585897e+01]]),"[1, 2, 3, 4, 5, 6, 7, 8, 9, 11, 12, 13, 14, 16, 18, 20, 25, 27, 28, 29, 36, 37, 38, 47, 53, 59, 74, 107, 109, 110, 130, 131, 138, 139, 144, 145, 146, 147, 152, 157, 159, 161, 165, 166, 168, 173, 176, 181, 184, 187, 189, 190, 192, 193, 194, 195, 203, 204, 205, 206, 207, 209, 210, 211, 214, 216, 217, 218, 219, 222, 226, 227, 228, 229, 231, 234, 236, 242, 248, 255, 258, 260, 267, 273, 281, 286, 307, 309, 311, 319, 320, 321, 322, 323, 331, 335, 338, 339, 342, 351, 353, 354, 355, 356, 357, 358, 359, 360, 361, 362, 363, 364, 365, 366, 368, 369, 370, 371, 372, 373, 374, 375, 376, 379, 380, 384, 385, 386, 388, 390, 392, 398]","{1: [<function rolling_mean_14 at 0x000002C5930FAA20>], 7: [<function rolling_mean_30 at 0x000002C58DBF9260>], 30: [<function expanding_mean at 0x000002C58F7A04A0>]}",lags_400_features_132,22.202943960106577,27.510949876621993,44.94769687398219,52.421031670958065,54.07938257097309,58.07057529194582,57.56843194385597,56.905865951441434,86.21747170091636,147.6068711689117,151.74301598607582
LGBMRegressor,AutoDifferences(max_diffs=380) | LocalStandardScaler(stats_=[[-2.09155811e-02  2.20585897e+01]]),"[1, 2, 3, 4, 5, 6, 7, 8, 9, 11, 12, 13, 14, 16, 18, 20, 25, 27, 28, 29, 36, 37, 38, 47, 53, 59, 74, 107, 109, 110, 130, 131, 138, 139, 144, 145, 146, 147, 152, 157, 159, 161, 165, 166, 168, 173, 176, 181, 184, 187, 189, 190, 192, 193, 194, 195, 203, 204, 205, 206, 207, 209, 210, 211, 214, 216, 217, 218, 219, 222, 226, 227, 228, 229, 231, 234, 236, 242, 248, 255, 258, 260, 267, 273, 281, 286, 307, 309, 311, 319, 320, 321, 322, 323, 331, 335, 338, 339, 342, 351, 353, 354, 355, 356, 357, 358, 359, 360, 361, 362, 363, 364, 365, 366, 368, 369, 370, 371, 372, 373, 374, 375, 376, 379, 380, 384, 385, 386, 388, 390, 392, 398]","{1: [<function rolling_mean_14 at 0x000002C5930FAA20>], 7: [<function rolling_mean_30 at 0x000002C58DBF9260>], 30: [<function expanding_mean at 0x000002C58F7A04A0>]}",lags_400_features_132,27.526852391174796,24.66363190486816,29.59825129296927,28.920425062943117,31.767417476786164,43.21809658314685,54.020782917866796,80.10943590765916,93.6973108567614,114.65333991802838,115.17643027874458
SGD_EarlyStopping,AutoDifferences(max_diffs=380) | LocalStandardScaler(stats_=[[-2.09155811e-02  2.20585897e+01]]),"[1, 2, 3, 4, 5, 6, 7, 8, 9, 11, 12, 13, 14, 16, 18, 20, 25, 27, 28, 29, 36, 37, 38, 47, 53, 59, 74, 107, 109, 110, 130, 131, 138, 139, 144, 145, 146, 147, 152, 157, 159, 161, 165, 166, 168, 173, 176, 181, 184, 187, 189, 190, 192, 193, 194, 195, 203, 204, 205, 206, 207, 209, 210, 211, 214, 216, 217, 218, 219, 222, 226, 227, 228, 229, 231, 234, 236, 242, 248, 255, 258, 260, 267, 273, 281, 286, 307, 309, 311, 319, 320, 321, 322, 323, 331, 335, 338, 339, 342, 351, 353, 354, 355, 356, 357, 358, 359, 360, 361, 362, 363, 364, 365, 366, 368, 369, 370, 371, 372, 373, 374, 375, 376, 379, 380, 384, 385, 386, 388, 390, 392, 398]","{7: [RollingMean(window_size=7)], 30: [RollingMean(window_size=30)], 60: [RollingMean(window_size=60)]}",lags_400_features_132,35.91773791652989,33.203706859208424,40.54768333231477,40.521946215375486,43.785841476771644,51.19321889748234,54.11743300501916,56.44943372002372,87.11279047862402,149.83965435560935,155.00634514409253
SGD_ElasticNet,AutoDifferences(max_diffs=380) | LocalStandardScaler(stats_=[[-2.09155811e-02  2.20585897e+01]]),"[1, 2, 3, 4, 5, 6, 7, 8, 9, 11, 12, 13, 14, 16, 18, 20, 25, 27, 28, 29, 36, 37, 38, 47, 53, 59, 74, 107, 109, 110, 130, 131, 138, 139, 144, 145, 146, 147, 152, 157, 159, 161, 165, 166, 168, 173, 176, 181, 184, 187, 189, 190, 192, 193, 194, 195, 203, 204, 205, 206, 207, 209, 210, 211, 214, 216, 217, 218, 219, 222, 226, 227, 228, 229, 231, 234, 236, 242, 248, 255, 258, 260, 267, 273, 281, 286, 307, 309, 311, 319, 320, 321, 322, 323, 331, 335, 338, 339, 342, 351, 353, 354, 355, 356, 357, 358, 359, 360, 361, 362, 363, 364, 365, 366, 368, 369, 370, 371, 372, 373, 374, 375, 376, 379, 380, 384, 385, 386, 388, 390, 392, 398]","{7: [RollingMean(window_size=7)], 30: [RollingMean(window_size=30)], 60: [RollingMean(window_size=60)]}",lags_400_features_132,52.186957155155,99.10805494268567,145.03251643420626,178.66787324228554,189.7758944557103,197.12943533033294,205.50508769845433,260.6108386159632,448.5450446547543,852.799370016823,875.2010295490601
SGD_Lasso,AutoDifferences(max_diffs=380) | LocalStandardScaler(stats_=[[-2.09155811e-02  2.20585897e+01]]),"[1, 2, 3, 4, 5, 6, 7, 8, 9, 11, 12, 13, 14, 16, 18, 20, 25, 27, 28, 29, 36, 37, 38, 47, 53, 59, 74, 107, 109, 110, 130, 131, 138, 139, 144, 145, 146, 147, 152, 157, 159, 161, 165, 166, 168, 173, 176, 181, 184, 187, 189, 190, 192, 193, 194, 195, 203, 204, 205, 206, 207, 209, 210, 211, 214, 216, 217, 218, 219, 222, 226, 227, 228, 229, 231, 234, 236, 242, 248, 255, 258, 260, 267, 273, 281, 286, 307, 309, 311, 319, 320, 321, 322, 323, 331, 335, 338, 339, 342, 351, 353, 354, 355, 356, 357, 358, 359, 360, 361, 362, 363, 364, 365, 366, 368, 369, 370, 371, 372, 373, 374, 375, 376, 379, 380, 384, 385, 386, 388, 390, 392, 398]","{7: [RollingMean(window_size=7)], 30: [RollingMean(window_size=30)], 60: [RollingMean(window_size=60)]}",lags_400_features_132,9.531268941496695,20.128457706856057,26.553081399786883,33.82608476926952,41.975211314459905,48.75159332199136,60.209106908343436,68.90966379700185,80.27287995963984,105.65950061468898,107.69688952888781
SGD_Ridge,AutoDifferences(max_diffs=380) | LocalStandardScaler(stats_=[[-2.09155811e-02  2.20585897e+01]]),"[1, 2, 3, 4, 5, 6, 7, 8, 9, 11, 12, 13, 14, 16, 18, 20, 25, 27, 28, 29, 36, 37, 38, 47, 53, 59, 74, 107, 109, 110, 130, 131, 138, 139, 144, 145, 146, 147, 152, 157, 159, 161, 165, 166, 168, 173, 176, 181, 184, 187, 189, 190, 192, 193, 194, 195, 203, 204, 205, 206, 207, 209, 210, 211, 214, 216, 217, 218, 219, 222, 226, 227, 228, 229, 231, 234, 236, 242, 248, 255, 258, 260, 267, 273, 281, 286, 307, 309, 311, 319, 320, 321, 322, 323, 331, 335, 338, 339, 342, 351, 353, 354, 355, 356, 357, 358, 359, 360, 361, 362, 363, 364, 365, 366, 368, 369, 370, 371, 372, 373, 374, 375, 376, 379, 380, 384, 385, 386, 388, 390, 392, 398]","{7: [RollingMean(window_size=7)], 30: [RollingMean(window_size=30)], 60: [RollingMean(window_size=60)]}",lags_400_features_132,117.78517865432438,210.3231151568703,337.1380135718983,434.3485024802656,492.4058198977492,555.9276438119011,585.306677531546,721.4818668201999,1191.1046217103062,2130.5551734157934,2189.1128565973654
SGDRegressor,AutoDifferences(max_diffs=380) | LocalStandardScaler(stats_=[[-2.09155811e-02  2.20585897e+01]]),"[1, 2, 3, 4, 5, 6, 7, 8, 9, 11, 12, 13, 14, 16, 18, 20, 25, 27, 28, 29, 36, 37, 38, 47, 53, 59, 74, 107, 109, 110, 130, 131, 138, 139, 144, 145, 146, 147, 152, 157, 159, 161, 165, 166, 168, 173, 176, 181, 184, 187, 189, 190, 192, 193, 194, 195, 203, 204, 205, 206, 207, 209, 210, 211, 214, 216, 217, 218, 219, 222, 226, 227, 228, 229, 231, 234, 236, 242, 248, 255, 258, 260, 267, 273, 281, 286, 307, 309, 311, 319, 320, 321, 322, 323, 331, 335, 338, 339, 342, 351, 353, 354, 355, 356, 357, 358, 359, 360, 361, 362, 363, 364, 365, 366, 368, 369, 370, 371, 372, 373, 374, 375, 376, 379, 380, 384, 385, 386, 388, 390, 392, 398]","{7: [RollingMean(window_size=7)], 30: [RollingMean(window_size=30)], 60: [RollingMean(window_size=60)]}",lags_400_features_132,53.33433884003201,102.3189466754392,150.58025810000484,186.10148177005962,198.28857378167183,206.60500690084777,215.44641545459206,272.5790068769971,467.4683676100119,887.7827967179264,911.3152112399707
XGBRegressor,AutoDifferences(max_diffs=380) | LocalStandardScaler(stats_=[[-2.09155811e-02  2.20585897e+01]]),"[1, 2, 3, 4, 5, 6, 7, 8, 9, 11, 12, 13, 14, 16, 18, 20, 25, 27, 28, 29, 36, 37, 38, 47, 53, 59, 74, 107, 109, 110, 130, 131, 138, 139, 144, 145, 146, 147, 152, 157, 159, 161, 165, 166, 168, 173, 176, 181, 184, 187, 189, 190, 192, 193, 194, 195, 203, 204, 205, 206, 207, 209, 210, 211, 214, 216, 217, 218, 219, 222, 226, 227, 228, 229, 231, 234, 236, 242, 248, 255, 258, 260, 267, 273, 281, 286, 307, 309, 311, 319, 320, 321, 322, 323, 331, 335, 338, 339, 342, 351, 353, 354, 355, 356, 357, 358, 359, 360, 361, 362, 363, 364, 365, 366, 368, 369, 370, 371, 372, 373, 374, 375, 376, 379, 380, 384, 385, 386, 388, 390, 392, 398]","{7: [RollingMean(window_size=7)], 30: [RollingMean(window_size=30)], 60: [RollingMean(window_size=60)]}",lags_400_features_132,16.964907364830253,19.44860778237603,27.356311381425147,33.29673622990745,33.68912503883414,39.65431883381791,64.19638659679902,216.32640857802045,526.4519275773131,979.231587308338,995.6598780683771
LGBMRegressor,AutoDifferences(max_diffs=380) | LocalStandardScaler(stats_=[[-2.09155811e-02  2.20585897e+01]]),"[1, 2, 3, 4, 5, 6, 7, 8, 9, 11, 12, 13, 14, 16, 18, 20, 25, 27, 28, 29, 36, 37, 38, 47, 53, 59, 74, 107, 109, 110, 130, 131, 138, 139, 144, 145, 146, 147, 152, 157, 159, 161, 165, 166, 168, 173, 176, 181, 184, 187, 189, 190, 192, 193, 194, 195, 203, 204, 205, 206, 207, 209, 210, 211, 214, 216, 217, 218, 219, 222, 226, 227, 228, 229, 231, 234, 236, 242, 248, 255, 258, 260, 267, 273, 281, 286, 307, 309, 311, 319, 320, 321, 322, 323, 331, 335, 338, 339, 342, 351, 353, 354, 355, 356, 357, 358, 359, 360, 361, 362, 363, 364, 365, 366, 368, 369, 370, 371, 372, 373, 374, 375, 376, 379, 380, 384, 385, 386, 388, 390, 392, 398]","{7: [RollingMean(window_size=7)], 30: [RollingMean(window_size=30)], 60: [RollingMean(window_size=60)]}",lags_400_features_132,39.99223416296165,55.64523124811404,86.95371174022328,96.92461650373448,97.58251149051193,106.77920277599443,109.80133559224934,171.5140343555126,335.78737094736056,518.7389594557712,529.4935895253947
SGD_EarlyStopping,AutoDifferences(max_diffs=380) | LocalStandardScaler(stats_=[[-2.09155811e-02  2.20585897e+01]]),"[1, 2, 3, 4, 5, 6, 7, 8, 9, 11, 12, 13, 14, 16, 18, 20, 25, 27, 28, 29, 36, 37, 38, 47, 53, 59, 74, 107, 109, 110, 130, 131, 138, 139, 144, 145, 146, 147, 152, 157, 159, 161, 165, 166, 168, 173, 176, 181, 184, 187, 189, 190, 192, 193, 194, 195, 203, 204, 205, 206, 207, 209, 210, 211, 214, 216, 217, 218, 219, 222, 226, 227, 228, 229, 231, 234, 236, 242, 248, 255, 258, 260, 267, 273, 281, 286, 307, 309, 311, 319, 320, 321, 322, 323, 331, 335, 338, 339, 342, 351, 353, 354, 355, 356, 357, 358, 359, 360, 361, 362, 363, 364, 365, 366, 368, 369, 370, 371, 372, 373, 374, 375, 376, 379, 380, 384, 385, 386, 388, 390, 392, 398]","{7: [RollingMean(window_size=7), RollingStd(window_size=7)], 30: [RollingMean(window_size=30)], 60: [ExpandingMean()], 14: [ExponentiallyWeightedMean(alpha=0.3)]}",lags_400_features_132,32.952330966651495,31.272539305450735,41.49424265766591,47.44191184943597,57.322949276987025,73.72942867597894,85.62822725860616,149.02428520766512,333.8507220468875,673.3368770700648,698.303985162749
SGD_ElasticNet,AutoDifferences(max_diffs=380) | LocalStandardScaler(stats_=[[-2.09155811e-02  2.20585897e+01]]),"[1, 2, 3, 4, 5, 6, 7, 8, 9, 11, 12, 13, 14, 16, 18, 20, 25, 27, 28, 29, 36, 37, 38, 47, 53, 59, 74, 107, 109, 110, 130, 131, 138, 139, 144, 145, 146, 147, 152, 157, 159, 161, 165, 166, 168, 173, 176, 181, 184, 187, 189, 190, 192, 193, 194, 195, 203, 204, 205, 206, 207, 209, 210, 211, 214, 216, 217, 218, 219, 222, 226, 227, 228, 229, 231, 234, 236, 242, 248, 255, 258, 260, 267, 273, 281, 286, 307, 309, 311, 319, 320, 321, 322, 323, 331, 335, 338, 339, 342, 351, 353, 354, 355, 356, 357, 358, 359, 360, 361, 362, 363, 364, 365, 366, 368, 369, 370, 371, 372, 373, 374, 375, 376, 379, 380, 384, 385, 386, 388, 390, 392, 398]","{7: [RollingMean(window_size=7), RollingStd(window_size=7)], 30: [RollingMean(window_size=30)], 60: [ExpandingMean()], 14: [ExponentiallyWeightedMean(alpha=0.3)]}",lags_400_features_132,65.47116284327217,119.87471165144399,173.10699583834318,210.22451890167102,221.96203247054117,229.04923471635223,231.4402704426202,271.88141077516764,433.8320718994276,806.1988044458705,824.3734416435126
SGD_Lasso,AutoDifferences(max_diffs=380) | LocalStandardScaler(stats_=[[-2.09155811e-02  2.20585897e+01]]),"[1, 2, 3, 4, 5, 6, 7, 8, 9, 11, 12, 13, 14, 16, 18, 20, 25, 27, 28, 29, 36, 37, 38, 47, 53, 59, 74, 107, 109, 110, 130, 131, 138, 139, 144, 145, 146, 147, 152, 157, 159, 161, 165, 166, 168, 173, 176, 181, 184, 187, 189, 190, 192, 193, 194, 195, 203, 204, 205, 206, 207, 209, 210, 211, 214, 216, 217, 218, 219, 222, 226, 227, 228, 229, 231, 234, 236, 242, 248, 255, 258, 260, 267, 273, 281, 286, 307, 309, 311, 319, 320, 321, 322, 323, 331, 335, 338, 339, 342, 351, 353, 354, 355, 356, 357, 358, 359, 360, 361, 362, 363, 364, 365, 366, 368, 369, 370, 371, 372, 373, 374, 375, 376, 379, 380, 384, 385, 386, 388, 390, 392, 398]","{7: [RollingMean(window_size=7), RollingStd(window_size=7)], 30: [RollingMean(window_size=30)], 60: [ExpandingMean()], 14: [ExponentiallyWeightedMean(alpha=0.3)]}",lags_400_features_132,9.531268941496695,20.128457706856057,26.553081399786883,33.82608476926952,41.975211314459905,48.75159332199136,60.209106908343436,68.90966379700185,80.27287995963984,105.65950061468898,107.69688952888781
SGD_Ridge,AutoDifferences(max_diffs=380) | LocalStandardScaler(stats_=[[-2.09155811e-02  2.20585897e+01]]),"[1, 2, 3, 4, 5, 6, 7, 8, 9, 11, 12, 13, 14, 16, 18, 20, 25, 27, 28, 29, 36, 37, 38, 47, 53, 59, 74, 107, 109, 110, 130, 131, 138, 139, 144, 145, 146, 147, 152, 157, 159, 161, 165, 166, 168, 173, 176, 181, 184, 187, 189, 190, 192, 193, 194, 195, 203, 204, 205, 206, 207, 209, 210, 211, 214, 216, 217, 218, 219, 222, 226, 227, 228, 229, 231, 234, 236, 242, 248, 255, 258, 260, 267, 273, 281, 286, 307, 309, 311, 319, 320, 321, 322, 323, 331, 335, 338, 339, 342, 351, 353, 354, 355, 356, 357, 358, 359, 360, 361, 362, 363, 364, 365, 366, 368, 369, 370, 371, 372, 373, 374, 375, 376, 379, 380, 384, 385, 386, 388, 390, 392, 398]","{7: [RollingMean(window_size=7), RollingStd(window_size=7)], 30: [RollingMean(window_size=30)], 60: [ExpandingMean()], 14: [ExponentiallyWeightedMean(alpha=0.3)]}",lags_400_features_132,121.31273729624044,218.4214752653716,351.18397160242404,453.17770727343583,514.2461901208713,580.8857810831356,612.1584445510703,754.3454936296482,1244.0678063198459,2226.0591607509236,2287.509705124941
SGDRegressor,AutoDifferences(max_diffs=380) | LocalStandardScaler(stats_=[[-2.09155811e-02  2.20585897e+01]]),"[1, 2, 3, 4, 5, 6, 7, 8, 9, 11, 12, 13, 14, 16, 18, 20, 25, 27, 28, 29, 36, 37, 38, 47, 53, 59, 74, 107, 109, 110, 130, 131, 138, 139, 144, 145, 146, 147, 152, 157, 159, 161, 165, 166, 168, 173, 176, 181, 184, 187, 189, 190, 192, 193, 194, 195, 203, 204, 205, 206, 207, 209, 210, 211, 214, 216, 217, 218, 219, 222, 226, 227, 228, 229, 231, 234, 236, 242, 248, 255, 258, 260, 267, 273, 281, 286, 307, 309, 311, 319, 320, 321, 322, 323, 331, 335, 338, 339, 342, 351, 353, 354, 355, 356, 357, 358, 359, 360, 361, 362, 363, 364, 365, 366, 368, 369, 370, 371, 372, 373, 374, 375, 376, 379, 380, 384, 385, 386, 388, 390, 392, 398]","{7: [RollingMean(window_size=7), RollingStd(window_size=7)], 30: [RollingMean(window_size=30)], 60: [ExpandingMean()], 14: [ExponentiallyWeightedMean(alpha=0.3)]}",lags_400_features_132,58.157439001513886,107.62750998815311,154.4916755881845,186.84689725553162,195.89365151347542,200.04883160008836,200.81827017178253,233.24355138853238,366.4435850782564,678.9452957415256,693.076548892279
XGBRegressor,AutoDifferences(max_diffs=380) | LocalStandardScaler(stats_=[[-2.09155811e-02  2.20585897e+01]]),"[1, 2, 3, 4, 5, 6, 7, 8, 9, 11, 12, 13, 14, 16, 18, 20, 25, 27, 28, 29, 36, 37, 38, 47, 53, 59, 74, 107, 109, 110, 130, 131, 138, 139, 144, 145, 146, 147, 152, 157, 159, 161, 165, 166, 168, 173, 176, 181, 184, 187, 189, 190, 192, 193, 194, 195, 203, 204, 205, 206, 207, 209, 210, 211, 214, 216, 217, 218, 219, 222, 226, 227, 228, 229, 231, 234, 236, 242, 248, 255, 258, 260, 267, 273, 281, 286, 307, 309, 311, 319, 320, 321, 322, 323, 331, 335, 338, 339, 342, 351, 353, 354, 355, 356, 357, 358, 359, 360, 361, 362, 363, 364, 365, 366, 368, 369, 370, 371, 372, 373, 374, 375, 376, 379, 380, 384, 385, 386, 388, 390, 392, 398]","{7: [RollingMean(window_size=7), RollingStd(window_size=7)], 30: [RollingMean(window_size=30)], 60: [ExpandingMean()], 14: [ExponentiallyWeightedMean(alpha=0.3)]}",lags_400_features_132,24.801844084377116,26.640351816517143,29.131260358839818,26.483973827382933,25.099671934450008,36.83104479508711,49.71920747882187,129.89223397685157,268.5684571016584,461.7054722074924,467.7254376905484
LGBMRegressor,AutoDifferences(max_diffs=380) | LocalStandardScaler(stats_=[[-2.09155811e-02  2.20585897e+01]]),"[1, 2, 3, 4, 5, 6, 7, 8, 9, 11, 12, 13, 14, 16, 18, 20, 25, 27, 28, 29, 36, 37, 38, 47, 53, 59, 74, 107, 109, 110, 130, 131, 138, 139, 144, 145, 146, 147, 152, 157, 159, 161, 165, 166, 168, 173, 176, 181, 184, 187, 189, 190, 192, 193, 194, 195, 203, 204, 205, 206, 207, 209, 210, 211, 214, 216, 217, 218, 219, 222, 226, 227, 228, 229, 231, 234, 236, 242, 248, 255, 258, 260, 267, 273, 281, 286, 307, 309, 311, 319, 320, 321, 322, 323, 331, 335, 338, 339, 342, 351, 353, 354, 355, 356, 357, 358, 359, 360, 361, 362, 363, 364, 365, 366, 368, 369, 370, 371, 372, 373, 374, 375, 376, 379, 380, 384, 385, 386, 388, 390, 392, 398]","{7: [RollingMean(window_size=7), RollingStd(window_size=7)], 30: [RollingMean(window_size=30)], 60: [ExpandingMean()], 14: [ExponentiallyWeightedMean(alpha=0.3)]}",lags_400_features_132,28.250208559030938,38.33446213581477,66.22823642846765,85.0698984672094,99.0111947262431,132.13547777896164,196.0210417969119,423.4087113180423,1043.6327581574456,2087.464622285395,2136.871504722203
SGD_EarlyStopping,AutoDifferences(max_diffs=380) | LocalMinMaxScaler(stats_=[[-214.51499032  437.2315826 ]]),"[1, 2, 3, 4, 5, 6, 7, 8, 9, 11, 12, 13, 14, 16, 18, 20, 25, 27, 28, 29, 36, 37, 38, 47, 53, 59, 74, 107, 109, 110, 130, 131, 138, 139, 144, 145, 146, 147, 152, 157, 159, 161, 165, 166, 168, 173, 176, 181, 184, 187, 189, 190, 192, 193, 194, 195, 203, 204, 205, 206, 207, 209, 210, 211, 214, 216, 217, 218, 219, 222, 226, 227, 228, 229, 231, 234, 236, 242, 248, 255, 258, 260, 267, 273, 281, 286, 307, 309, 311, 319, 320, 321, 322, 323, 331, 335, 338, 339, 342, 351, 353, 354, 355, 356, 357, 358, 359, 360, 361, 362, 363, 364, 365, 366, 368, 369, 370, 371, 372, 373, 374, 375, 376, 379, 380, 384, 385, 386, 388, 390, 392, 398]","{1: [<function expanding_mean at 0x000002C58F7A04A0>], 7: [<function rolling_mean_14 at 0x000002C5930FAA20>], 30: [<function expanding_mean at 0x000002C58F7A04A0>]}",lags_400_features_132,353.028722559753,642.1021953356491,983.1900735769052,1213.7907239638769,1326.5589425194185,1442.8291669416765,1487.0504682262754,1931.985456162684,3607.4992652139763,7204.158580534514,7426.180611507894
SGD_ElasticNet,AutoDifferences(max_diffs=380) | LocalMinMaxScaler(stats_=[[-214.51499032  437.2315826 ]]),"[1, 2, 3, 4, 5, 6, 7, 8, 9, 11, 12, 13, 14, 16, 18, 20, 25, 27, 28, 29, 36, 37, 38, 47, 53, 59, 74, 107, 109, 110, 130, 131, 138, 139, 144, 145, 146, 147, 152, 157, 159, 161, 165, 166, 168, 173, 176, 181, 184, 187, 189, 190, 192, 193, 194, 195, 203, 204, 205, 206, 207, 209, 210, 211, 214, 216, 217, 218, 219, 222, 226, 227, 228, 229, 231, 234, 236, 242, 248, 255, 258, 260, 267, 273, 281, 286, 307, 309, 311, 319, 320, 321, 322, 323, 331, 335, 338, 339, 342, 351, 353, 354, 355, 356, 357, 358, 359, 360, 361, 362, 363, 364, 365, 366, 368, 369, 370, 371, 372, 373, 374, 375, 376, 379, 380, 384, 385, 386, 388, 390, 392, 398]","{1: [<function expanding_mean at 0x000002C58F7A04A0>], 7: [<function rolling_mean_14 at 0x000002C5930FAA20>], 30: [<function expanding_mean at 0x000002C58F7A04A0>]}",lags_400_features_132,62.63537560729505,99.93357305625496,143.5936311580181,163.02087912890335,165.25134394969712,170.29392607961364,161.15696683753887,205.98595044049245,399.98059606285284,816.0226448515052,840.4074949410307
SGD_Lasso,AutoDifferences(max_diffs=380) | LocalMinMaxScaler(stats_=[[-214.51499032  437.2315826 ]]),"[1, 2, 3, 4, 5, 6, 7, 8, 9, 11, 12, 13, 14, 16, 18, 20, 25, 27, 28, 29, 36, 37, 38, 47, 53, 59, 74, 107, 109, 110, 130, 131, 138, 139, 144, 145, 146, 147, 152, 157, 159, 161, 165, 166, 168, 173, 176, 181, 184, 187, 189, 190, 192, 193, 194, 195, 203, 204, 205, 206, 207, 209, 210, 211, 214, 216, 217, 218, 219, 222, 226, 227, 228, 229, 231, 234, 236, 242, 248, 255, 258, 260, 267, 273, 281, 286, 307, 309, 311, 319, 320, 321, 322, 323, 331, 335, 338, 339, 342, 351, 353, 354, 355, 356, 357, 358, 359, 360, 361, 362, 363, 364, 365, 366, 368, 369, 370, 371, 372, 373, 374, 375, 376, 379, 380, 384, 385, 386, 388, 390, 392, 398]","{1: [<function expanding_mean at 0x000002C58F7A04A0>], 7: [<function rolling_mean_14 at 0x000002C5930FAA20>], 30: [<function expanding_mean at 0x000002C58F7A04A0>]}",lags_400_features_132,53.542620252497585,104.08843582933594,153.97336702138466,191.71749950725052,214.1283265949852,234.1729881121641,247.47439898933564,301.52328982750356,483.98429860809654,833.4866333564261,851.7263529683778
SGD_Ridge,AutoDifferences(max_diffs=380) | LocalMinMaxScaler(stats_=[[-214.51499032  437.2315826 ]]),"[1, 2, 3, 4, 5, 6, 7, 8, 9, 11, 12, 13, 14, 16, 18, 20, 25, 27, 28, 29, 36, 37, 38, 47, 53, 59, 74, 107, 109, 110, 130, 131, 138, 139, 144, 145, 146, 147, 152, 157, 159, 161, 165, 166, 168, 173, 176, 181, 184, 187, 189, 190, 192, 193, 194, 195, 203, 204, 205, 206, 207, 209, 210, 211, 214, 216, 217, 218, 219, 222, 226, 227, 228, 229, 231, 234, 236, 242, 248, 255, 258, 260, 267, 273, 281, 286, 307, 309, 311, 319, 320, 321, 322, 323, 331, 335, 338, 339, 342, 351, 353, 354, 355, 356, 357, 358, 359, 360, 361, 362, 363, 364, 365, 366, 368, 369, 370, 371, 372, 373, 374, 375, 376, 379, 380, 384, 385, 386, 388, 390, 392, 398]","{1: [<function expanding_mean at 0x000002C58F7A04A0>], 7: [<function rolling_mean_14 at 0x000002C5930FAA20>], 30: [<function expanding_mean at 0x000002C58F7A04A0>]}",lags_400_features_132,246.45361093697252,396.4504192037955,509.63534729959747,528.9945223567328,485.6675898383866,418.85608283347057,349.2858258260539,469.54907812862183,1196.6796101753462,2768.6459248702567,2849.8364787028154
SGDRegressor,AutoDifferences(max_diffs=380) | LocalMinMaxScaler(stats_=[[-214.51499032  437.2315826 ]]),"[1, 2, 3, 4, 5, 6, 7, 8, 9, 11, 12, 13, 14, 16, 18, 20, 25, 27, 28, 29, 36, 37, 38, 47, 53, 59, 74, 107, 109, 110, 130, 131, 138, 139, 144, 145, 146, 147, 152, 157, 159, 161, 165, 166, 168, 173, 176, 181, 184, 187, 189, 190, 192, 193, 194, 195, 203, 204, 205, 206, 207, 209, 210, 211, 214, 216, 217, 218, 219, 222, 226, 227, 228, 229, 231, 234, 236, 242, 248, 255, 258, 260, 267, 273, 281, 286, 307, 309, 311, 319, 320, 321, 322, 323, 331, 335, 338, 339, 342, 351, 353, 354, 355, 356, 357, 358, 359, 360, 361, 362, 363, 364, 365, 366, 368, 369, 370, 371, 372, 373, 374, 375, 376, 379, 380, 384, 385, 386, 388, 390, 392, 398]","{1: [<function expanding_mean at 0x000002C58F7A04A0>], 7: [<function rolling_mean_14 at 0x000002C5930FAA20>], 30: [<function expanding_mean at 0x000002C58F7A04A0>]}",lags_400_features_132,37.93595511512802,35.703918898258046,51.96992380814809,110.07676531278993,174.97304876392946,250.91900631851777,345.1217215677993,419.69772449373215,553.3963524687535,821.7153035348506,844.7335926413912
XGBRegressor,AutoDifferences(max_diffs=380) | LocalMinMaxScaler(stats_=[[-214.51499032  437.2315826 ]]),"[1, 2, 3, 4, 5, 6, 7, 8, 9, 11, 12, 13, 14, 16, 18, 20, 25, 27, 28, 29, 36, 37, 38, 47, 53, 59, 74, 107, 109, 110, 130, 131, 138, 139, 144, 145, 146, 147, 152, 157, 159, 161, 165, 166, 168, 173, 176, 181, 184, 187, 189, 190, 192, 193, 194, 195, 203, 204, 205, 206, 207, 209, 210, 211, 214, 216, 217, 218, 219, 222, 226, 227, 228, 229, 231, 234, 236, 242, 248, 255, 258, 260, 267, 273, 281, 286, 307, 309, 311, 319, 320, 321, 322, 323, 331, 335, 338, 339, 342, 351, 353, 354, 355, 356, 357, 358, 359, 360, 361, 362, 363, 364, 365, 366, 368, 369, 370, 371, 372, 373, 374, 375, 376, 379, 380, 384, 385, 386, 388, 390, 392, 398]","{1: [<function expanding_mean at 0x000002C58F7A04A0>], 7: [<function rolling_mean_14 at 0x000002C5930FAA20>], 30: [<function expanding_mean at 0x000002C58F7A04A0>]}",lags_400_features_132,35.05091563120458,31.838197376829026,30.88235516296824,28.40851979107234,25.472117095779456,34.63917252163929,42.24968499170237,95.32337482161631,122.17336177406169,127.70478406325087,127.17117141657404
LGBMRegressor,AutoDifferences(max_diffs=380) | LocalMinMaxScaler(stats_=[[-214.51499032  437.2315826 ]]),"[1, 2, 3, 4, 5, 6, 7, 8, 9, 11, 12, 13, 14, 16, 18, 20, 25, 27, 28, 29, 36, 37, 38, 47, 53, 59, 74, 107, 109, 110, 130, 131, 138, 139, 144, 145, 146, 147, 152, 157, 159, 161, 165, 166, 168, 173, 176, 181, 184, 187, 189, 190, 192, 193, 194, 195, 203, 204, 205, 206, 207, 209, 210, 211, 214, 216, 217, 218, 219, 222, 226, 227, 228, 229, 231, 234, 236, 242, 248, 255, 258, 260, 267, 273, 281, 286, 307, 309, 311, 319, 320, 321, 322, 323, 331, 335, 338, 339, 342, 351, 353, 354, 355, 356, 357, 358, 359, 360, 361, 362, 363, 364, 365, 366, 368, 369, 370, 371, 372, 373, 374, 375, 376, 379, 380, 384, 385, 386, 388, 390, 392, 398]","{1: [<function expanding_mean at 0x000002C58F7A04A0>], 7: [<function rolling_mean_14 at 0x000002C5930FAA20>], 30: [<function expanding_mean at 0x000002C58F7A04A0>]}",lags_400_features_132,16.769688705941455,20.237703578585982,21.42014033853565,21.022021734701532,20.747755947411655,32.263176670000014,41.21523315652409,52.314491513462066,59.20591550427331,55.46220180784716,55.298132869520785
SGD_EarlyStopping,AutoDifferences(max_diffs=380) | LocalMinMaxScaler(stats_=[[-214.51499032  437.2315826 ]]),"[1, 2, 3, 4, 5, 6, 7, 8, 9, 11, 12, 13, 14, 16, 18, 20, 25, 27, 28, 29, 36, 37, 38, 47, 53, 59, 74, 107, 109, 110, 130, 131, 138, 139, 144, 145, 146, 147, 152, 157, 159, 161, 165, 166, 168, 173, 176, 181, 184, 187, 189, 190, 192, 193, 194, 195, 203, 204, 205, 206, 207, 209, 210, 211, 214, 216, 217, 218, 219, 222, 226, 227, 228, 229, 231, 234, 236, 242, 248, 255, 258, 260, 267, 273, 281, 286, 307, 309, 311, 319, 320, 321, 322, 323, 331, 335, 338, 339, 342, 351, 353, 354, 355, 356, 357, 358, 359, 360, 361, 362, 363, 364, 365, 366, 368, 369, 370, 371, 372, 373, 374, 375, 376, 379, 380, 384, 385, 386, 388, 390, 392, 398]","{1: [<function rolling_mean_14 at 0x000002C5930FAA20>], 7: [<function rolling_mean_30 at 0x000002C58DBF9260>], 30: [<function expanding_mean at 0x000002C58F7A04A0>]}",lags_400_features_132,354.21903633167386,645.1809114133054,988.8455216735758,1221.4487843663062,1335.3704327366443,1452.7759320030686,1497.8142139405347,1946.9230822016034,3637.471151140933,7268.691936941255,7493.107943061598
SGD_ElasticNet,AutoDifferences(max_diffs=380) | LocalMinMaxScaler(stats_=[[-214.51499032  437.2315826 ]]),"[1, 2, 3, 4, 5, 6, 7, 8, 9, 11, 12, 13, 14, 16, 18, 20, 25, 27, 28, 29, 36, 37, 38, 47, 53, 59, 74, 107, 109, 110, 130, 131, 138, 139, 144, 145, 146, 147, 152, 157, 159, 161, 165, 166, 168, 173, 176, 181, 184, 187, 189, 190, 192, 193, 194, 195, 203, 204, 205, 206, 207, 209, 210, 211, 214, 216, 217, 218, 219, 222, 226, 227, 228, 229, 231, 234, 236, 242, 248, 255, 258, 260, 267, 273, 281, 286, 307, 309, 311, 319, 320, 321, 322, 323, 331, 335, 338, 339, 342, 351, 353, 354, 355, 356, 357, 358, 359, 360, 361, 362, 363, 364, 365, 366, 368, 369, 370, 371, 372, 373, 374, 375, 376, 379, 380, 384, 385, 386, 388, 390, 392, 398]","{1: [<function rolling_mean_14 at 0x000002C5930FAA20>], 7: [<function rolling_mean_30 at 0x000002C58DBF9260>], 30: [<function expanding_mean at 0x000002C58F7A04A0>]}",lags_400_features_132,63.52381824840927,101.76449782596961,146.55388373344263,166.7560678159919,169.36954109216956,174.7850860131651,165.82385711683975,212.15134370710325,411.69121403657334,839.8876457588282,865.0468353348351
SGD_Lasso,AutoDifferences(max_diffs=380) | LocalMinMaxScaler(stats_=[[-214.51499032  437.2315826 ]]),"[1, 2, 3, 4, 5, 6, 7, 8, 9, 11, 12, 13, 14, 16, 18, 20, 25, 27, 28, 29, 36, 37, 38, 47, 53, 59, 74, 107, 109, 110, 130, 131, 138, 139, 144, 145, 146, 147, 152, 157, 159, 161, 165, 166, 168, 173, 176, 181, 184, 187, 189, 190, 192, 193, 194, 195, 203, 204, 205, 206, 207, 209, 210, 211, 214, 216, 217, 218, 219, 222, 226, 227, 228, 229, 231, 234, 236, 242, 248, 255, 258, 260, 267, 273, 281, 286, 307, 309, 311, 319, 320, 321, 322, 323, 331, 335, 338, 339, 342, 351, 353, 354, 355, 356, 357, 358, 359, 360, 361, 362, 363, 364, 365, 366, 368, 369, 370, 371, 372, 373, 374, 375, 376, 379, 380, 384, 385, 386, 388, 390, 392, 398]","{1: [<function rolling_mean_14 at 0x000002C5930FAA20>], 7: [<function rolling_mean_30 at 0x000002C58DBF9260>], 30: [<function expanding_mean at 0x000002C58F7A04A0>]}",lags_400_features_132,53.542620252497585,104.08843582933594,153.97336702138466,191.71749950725052,214.1283265949852,234.1729881121641,247.47439898933564,301.52328982750356,483.98429860809654,833.4866333564261,851.7263529683778
SGD_Ridge,AutoDifferences(max_diffs=380) | LocalMinMaxScaler(stats_=[[-214.51499032  437.2315826 ]]),"[1, 2, 3, 4, 5, 6, 7, 8, 9, 11, 12, 13, 14, 16, 18, 20, 25, 27, 28, 29, 36, 37, 38, 47, 53, 59, 74, 107, 109, 110, 130, 131, 138, 139, 144, 145, 146, 147, 152, 157, 159, 161, 165, 166, 168, 173, 176, 181, 184, 187, 189, 190, 192, 193, 194, 195, 203, 204, 205, 206, 207, 209, 210, 211, 214, 216, 217, 218, 219, 222, 226, 227, 228, 229, 231, 234, 236, 242, 248, 255, 258, 260, 267, 273, 281, 286, 307, 309, 311, 319, 320, 321, 322, 323, 331, 335, 338, 339, 342, 351, 353, 354, 355, 356, 357, 358, 359, 360, 361, 362, 363, 364, 365, 366, 368, 369, 370, 371, 372, 373, 374, 375, 376, 379, 380, 384, 385, 386, 388, 390, 392, 398]","{1: [<function rolling_mean_14 at 0x000002C5930FAA20>], 7: [<function rolling_mean_30 at 0x000002C58DBF9260>], 30: [<function expanding_mean at 0x000002C58F7A04A0>]}",lags_400_features_132,247.1071756011157,397.9191213736515,511.97559597990994,531.7376500129982,488.4059118113373,421.3418700680398,351.11280820381734,471.9120422290066,1203.253032738529,2784.889946861233,2866.679613250152
SGDRegressor,AutoDifferences(max_diffs=380) | LocalMinMaxScaler(stats_=[[-214.51499032  437.2315826 ]]),"[1, 2, 3, 4, 5, 6, 7, 8, 9, 11, 12, 13, 14, 16, 18, 20, 25, 27, 28, 29, 36, 37, 38, 47, 53, 59, 74, 107, 109, 110, 130, 131, 138, 139, 144, 145, 146, 147, 152, 157, 159, 161, 165, 166, 168, 173, 176, 181, 184, 187, 189, 190, 192, 193, 194, 195, 203, 204, 205, 206, 207, 209, 210, 211, 214, 216, 217, 218, 219, 222, 226, 227, 228, 229, 231, 234, 236, 242, 248, 255, 258, 260, 267, 273, 281, 286, 307, 309, 311, 319, 320, 321, 322, 323, 331, 335, 338, 339, 342, 351, 353, 354, 355, 356, 357, 358, 359, 360, 361, 362, 363, 364, 365, 366, 368, 369, 370, 371, 372, 373, 374, 375, 376, 379, 380, 384, 385, 386, 388, 390, 392, 398]","{1: [<function rolling_mean_14 at 0x000002C5930FAA20>], 7: [<function rolling_mean_30 at 0x000002C58DBF9260>], 30: [<function expanding_mean at 0x000002C58F7A04A0>]}",lags_400_features_132,37.97443735499893,35.765154339408106,52.13344691730494,110.64624669677386,176.02076580923713,252.5724931143758,347.6004269902895,423.17766602587096,558.7022592710756,830.8381600823373,854.1386483702441
XGBRegressor,AutoDifferences(max_diffs=380) | LocalMinMaxScaler(stats_=[[-214.51499032  437.2315826 ]]),"[1, 2, 3, 4, 5, 6, 7, 8, 9, 11, 12, 13, 14, 16, 18, 20, 25, 27, 28, 29, 36, 37, 38, 47, 53, 59, 74, 107, 109, 110, 130, 131, 138, 139, 144, 145, 146, 147, 152, 157, 159, 161, 165, 166, 168, 173, 176, 181, 184, 187, 189, 190, 192, 193, 194, 195, 203, 204, 205, 206, 207, 209, 210, 211, 214, 216, 217, 218, 219, 222, 226, 227, 228, 229, 231, 234, 236, 242, 248, 255, 258, 260, 267, 273, 281, 286, 307, 309, 311, 319, 320, 321, 322, 323, 331, 335, 338, 339, 342, 351, 353, 354, 355, 356, 357, 358, 359, 360, 361, 362, 363, 364, 365, 366, 368, 369, 370, 371, 372, 373, 374, 375, 376, 379, 380, 384, 385, 386, 388, 390, 392, 398]","{1: [<function rolling_mean_14 at 0x000002C5930FAA20>], 7: [<function rolling_mean_30 at 0x000002C58DBF9260>], 30: [<function expanding_mean at 0x000002C58F7A04A0>]}",lags_400_features_132,19.24199994755879,24.298789894802,42.129497063754776,46.70598292696992,47.164894015285824,50.609272871843935,51.775269579085794,48.78277842875441,64.82383716944254,97.14129263782785,99.74295528068737
LGBMRegressor,AutoDifferences(max_diffs=380) | LocalMinMaxScaler(stats_=[[-214.51499032  437.2315826 ]]),"[1, 2, 3, 4, 5, 6, 7, 8, 9, 11, 12, 13, 14, 16, 18, 20, 25, 27, 28, 29, 36, 37, 38, 47, 53, 59, 74, 107, 109, 110, 130, 131, 138, 139, 144, 145, 146, 147, 152, 157, 159, 161, 165, 166, 168, 173, 176, 181, 184, 187, 189, 190, 192, 193, 194, 195, 203, 204, 205, 206, 207, 209, 210, 211, 214, 216, 217, 218, 219, 222, 226, 227, 228, 229, 231, 234, 236, 242, 248, 255, 258, 260, 267, 273, 281, 286, 307, 309, 311, 319, 320, 321, 322, 323, 331, 335, 338, 339, 342, 351, 353, 354, 355, 356, 357, 358, 359, 360, 361, 362, 363, 364, 365, 366, 368, 369, 370, 371, 372, 373, 374, 375, 376, 379, 380, 384, 385, 386, 388, 390, 392, 398]","{1: [<function rolling_mean_14 at 0x000002C5930FAA20>], 7: [<function rolling_mean_30 at 0x000002C58DBF9260>], 30: [<function expanding_mean at 0x000002C58F7A04A0>]}",lags_400_features_132,13.635401797463775,19.31827830029281,20.518475062283347,22.440858917871697,31.61191441177983,51.23153690372367,65.61751033205742,83.35601173831509,82.35494924981936,73.55365083904259,75.85157656121827
SGD_EarlyStopping,AutoDifferences(max_diffs=380) | LocalMinMaxScaler(stats_=[[-214.51499032  437.2315826 ]]),"[1, 2, 3, 4, 5, 6, 7, 8, 9, 11, 12, 13, 14, 16, 18, 20, 25, 27, 28, 29, 36, 37, 38, 47, 53, 59, 74, 107, 109, 110, 130, 131, 138, 139, 144, 145, 146, 147, 152, 157, 159, 161, 165, 166, 168, 173, 176, 181, 184, 187, 189, 190, 192, 193, 194, 195, 203, 204, 205, 206, 207, 209, 210, 211, 214, 216, 217, 218, 219, 222, 226, 227, 228, 229, 231, 234, 236, 242, 248, 255, 258, 260, 267, 273, 281, 286, 307, 309, 311, 319, 320, 321, 322, 323, 331, 335, 338, 339, 342, 351, 353, 354, 355, 356, 357, 358, 359, 360, 361, 362, 363, 364, 365, 366, 368, 369, 370, 371, 372, 373, 374, 375, 376, 379, 380, 384, 385, 386, 388, 390, 392, 398]","{7: [RollingMean(window_size=7)], 30: [RollingMean(window_size=30)], 60: [RollingMean(window_size=60)]}",lags_400_features_132,354.10569387709484,644.383467367515,988.0860437460784,1221.6763211433454,1336.8579787815752,1455.6994467443826,1502.5110776254173,1956.0580960595942,3660.8318243471485,7323.875864952267,7550.567615693283
SGD_ElasticNet,AutoDifferences(max_diffs=380) | LocalMinMaxScaler(stats_=[[-214.51499032  437.2315826 ]]),"[1, 2, 3, 4, 5, 6, 7, 8, 9, 11, 12, 13, 14, 16, 18, 20, 25, 27, 28, 29, 36, 37, 38, 47, 53, 59, 74, 107, 109, 110, 130, 131, 138, 139, 144, 145, 146, 147, 152, 157, 159, 161, 165, 166, 168, 173, 176, 181, 184, 187, 189, 190, 192, 193, 194, 195, 203, 204, 205, 206, 207, 209, 210, 211, 214, 216, 217, 218, 219, 222, 226, 227, 228, 229, 231, 234, 236, 242, 248, 255, 258, 260, 267, 273, 281, 286, 307, 309, 311, 319, 320, 321, 322, 323, 331, 335, 338, 339, 342, 351, 353, 354, 355, 356, 357, 358, 359, 360, 361, 362, 363, 364, 365, 366, 368, 369, 370, 371, 372, 373, 374, 375, 376, 379, 380, 384, 385, 386, 388, 390, 392, 398]","{7: [RollingMean(window_size=7)], 30: [RollingMean(window_size=30)], 60: [RollingMean(window_size=60)]}",lags_400_features_132,62.50753072124522,99.8164697435709,143.78358750663892,163.66425267544273,166.2846158863193,171.7142619973754,162.97383502203763,209.0125274862694,407.0148592596289,831.9612594124145,856.9705305236574
SGD_Lasso,AutoDifferences(max_diffs=380) | LocalMinMaxScaler(stats_=[[-214.51499032  437.2315826 ]]),"[1, 2, 3, 4, 5, 6, 7, 8, 9, 11, 12, 13, 14, 16, 18, 20, 25, 27, 28, 29, 36, 37, 38, 47, 53, 59, 74, 107, 109, 110, 130, 131, 138, 139, 144, 145, 146, 147, 152, 157, 159, 161, 165, 166, 168, 173, 176, 181, 184, 187, 189, 190, 192, 193, 194, 195, 203, 204, 205, 206, 207, 209, 210, 211, 214, 216, 217, 218, 219, 222, 226, 227, 228, 229, 231, 234, 236, 242, 248, 255, 258, 260, 267, 273, 281, 286, 307, 309, 311, 319, 320, 321, 322, 323, 331, 335, 338, 339, 342, 351, 353, 354, 355, 356, 357, 358, 359, 360, 361, 362, 363, 364, 365, 366, 368, 369, 370, 371, 372, 373, 374, 375, 376, 379, 380, 384, 385, 386, 388, 390, 392, 398]","{7: [RollingMean(window_size=7)], 30: [RollingMean(window_size=30)], 60: [RollingMean(window_size=60)]}",lags_400_features_132,53.542620252497585,104.08843582933594,153.97336702138466,191.71749950725052,214.1283265949852,234.1729881121641,247.47439898933564,301.52328982750356,483.98429860809654,833.4866333564261,851.7263529683778
SGD_Ridge,AutoDifferences(max_diffs=380) | LocalMinMaxScaler(stats_=[[-214.51499032  437.2315826 ]]),"[1, 2, 3, 4, 5, 6, 7, 8, 9, 11, 12, 13, 14, 16, 18, 20, 25, 27, 28, 29, 36, 37, 38, 47, 53, 59, 74, 107, 109, 110, 130, 131, 138, 139, 144, 145, 146, 147, 152, 157, 159, 161, 165, 166, 168, 173, 176, 181, 184, 187, 189, 190, 192, 193, 194, 195, 203, 204, 205, 206, 207, 209, 210, 211, 214, 216, 217, 218, 219, 222, 226, 227, 228, 229, 231, 234, 236, 242, 248, 255, 258, 260, 267, 273, 281, 286, 307, 309, 311, 319, 320, 321, 322, 323, 331, 335, 338, 339, 342, 351, 353, 354, 355, 356, 357, 358, 359, 360, 361, 362, 363, 364, 365, 366, 368, 369, 370, 371, 372, 373, 374, 375, 376, 379, 380, 384, 385, 386, 388, 390, 392, 398]","{7: [RollingMean(window_size=7)], 30: [RollingMean(window_size=30)], 60: [RollingMean(window_size=60)]}",lags_400_features_132,246.9238679607604,397.3023233393116,511.2787909417064,531.3656155288393,488.4313599481202,421.5597358979925,351.0359942703141,470.731221394235,1200.986471240319,2787.445308149009,2869.7040843969176
SGDRegressor,AutoDifferences(max_diffs=380) | LocalMinMaxScaler(stats_=[[-214.51499032  437.2315826 ]]),"[1, 2, 3, 4, 5, 6, 7, 8, 9, 11, 12, 13, 14, 16, 18, 20, 25, 27, 28, 29, 36, 37, 38, 47, 53, 59, 74, 107, 109, 110, 130, 131, 138, 139, 144, 145, 146, 147, 152, 157, 159, 161, 165, 166, 168, 173, 176, 181, 184, 187, 189, 190, 192, 193, 194, 195, 203, 204, 205, 206, 207, 209, 210, 211, 214, 216, 217, 218, 219, 222, 226, 227, 228, 229, 231, 234, 236, 242, 248, 255, 258, 260, 267, 273, 281, 286, 307, 309, 311, 319, 320, 321, 322, 323, 331, 335, 338, 339, 342, 351, 353, 354, 355, 356, 357, 358, 359, 360, 361, 362, 363, 364, 365, 366, 368, 369, 370, 371, 372, 373, 374, 375, 376, 379, 380, 384, 385, 386, 388, 390, 392, 398]","{7: [RollingMean(window_size=7)], 30: [RollingMean(window_size=30)], 60: [RollingMean(window_size=60)]}",lags_400_features_132,37.574181199909404,35.30023491222272,51.87302557777376,110.20027215630745,175.3180227899777,251.6356742008496,346.63151415997817,423.37029357144786,561.0541667342214,833.7753030581075,857.0454205701222
XGBRegressor,AutoDifferences(max_diffs=380) | LocalMinMaxScaler(stats_=[[-214.51499032  437.2315826 ]]),"[1, 2, 3, 4, 5, 6, 7, 8, 9, 11, 12, 13, 14, 16, 18, 20, 25, 27, 28, 29, 36, 37, 38, 47, 53, 59, 74, 107, 109, 110, 130, 131, 138, 139, 144, 145, 146, 147, 152, 157, 159, 161, 165, 166, 168, 173, 176, 181, 184, 187, 189, 190, 192, 193, 194, 195, 203, 204, 205, 206, 207, 209, 210, 211, 214, 216, 217, 218, 219, 222, 226, 227, 228, 229, 231, 234, 236, 242, 248, 255, 258, 260, 267, 273, 281, 286, 307, 309, 311, 319, 320, 321, 322, 323, 331, 335, 338, 339, 342, 351, 353, 354, 355, 356, 357, 358, 359, 360, 361, 362, 363, 364, 365, 366, 368, 369, 370, 371, 372, 373, 374, 375, 376, 379, 380, 384, 385, 386, 388, 390, 392, 398]","{7: [RollingMean(window_size=7)], 30: [RollingMean(window_size=30)], 60: [RollingMean(window_size=60)]}",lags_400_features_132,17.141527616837475,21.58963385641977,32.17328156140022,40.35705089278638,41.30844749257207,41.959232630765314,65.31598202022926,192.85165785079036,433.549997881915,780.7223619438586,792.6422807455801
LGBMRegressor,AutoDifferences(max_diffs=380) | LocalMinMaxScaler(stats_=[[-214.51499032  437.2315826 ]]),"[1, 2, 3, 4, 5, 6, 7, 8, 9, 11, 12, 13, 14, 16, 18, 20, 25, 27, 28, 29, 36, 37, 38, 47, 53, 59, 74, 107, 109, 110, 130, 131, 138, 139, 144, 145, 146, 147, 152, 157, 159, 161, 165, 166, 168, 173, 176, 181, 184, 187, 189, 190, 192, 193, 194, 195, 203, 204, 205, 206, 207, 209, 210, 211, 214, 216, 217, 218, 219, 222, 226, 227, 228, 229, 231, 234, 236, 242, 248, 255, 258, 260, 267, 273, 281, 286, 307, 309, 311, 319, 320, 321, 322, 323, 331, 335, 338, 339, 342, 351, 353, 354, 355, 356, 357, 358, 359, 360, 361, 362, 363, 364, 365, 366, 368, 369, 370, 371, 372, 373, 374, 375, 376, 379, 380, 384, 385, 386, 388, 390, 392, 398]","{7: [RollingMean(window_size=7)], 30: [RollingMean(window_size=30)], 60: [RollingMean(window_size=60)]}",lags_400_features_132,19.260630918438277,19.771485656425554,22.70509755009346,24.838707726898768,35.15722652328559,61.4730325832475,80.94978741228529,163.13175428516283,326.7688715253165,506.3558522566143,515.8571519919699
SGD_EarlyStopping,AutoDifferences(max_diffs=380) | LocalMinMaxScaler(stats_=[[-214.51499032  437.2315826 ]]),"[1, 2, 3, 4, 5, 6, 7, 8, 9, 11, 12, 13, 14, 16, 18, 20, 25, 27, 28, 29, 36, 37, 38, 47, 53, 59, 74, 107, 109, 110, 130, 131, 138, 139, 144, 145, 146, 147, 152, 157, 159, 161, 165, 166, 168, 173, 176, 181, 184, 187, 189, 190, 192, 193, 194, 195, 203, 204, 205, 206, 207, 209, 210, 211, 214, 216, 217, 218, 219, 222, 226, 227, 228, 229, 231, 234, 236, 242, 248, 255, 258, 260, 267, 273, 281, 286, 307, 309, 311, 319, 320, 321, 322, 323, 331, 335, 338, 339, 342, 351, 353, 354, 355, 356, 357, 358, 359, 360, 361, 362, 363, 364, 365, 366, 368, 369, 370, 371, 372, 373, 374, 375, 376, 379, 380, 384, 385, 386, 388, 390, 392, 398]","{7: [RollingMean(window_size=7), RollingStd(window_size=7)], 30: [RollingMean(window_size=30)], 60: [ExpandingMean()], 14: [ExponentiallyWeightedMean(alpha=0.3)]}",lags_400_features_132,350.3659220532856,638.6856642399431,980.0635080770311,1211.6172677009752,1325.2869711698106,1442.3668737274263,1487.6462802974681,1934.9814390309991,3617.670078328274,7231.139089588672,7454.493623089928
SGD_ElasticNet,AutoDifferences(max_diffs=380) | LocalMinMaxScaler(stats_=[[-214.51499032  437.2315826 ]]),"[1, 2, 3, 4, 5, 6, 7, 8, 9, 11, 12, 13, 14, 16, 18, 20, 25, 27, 28, 29, 36, 37, 38, 47, 53, 59, 74, 107, 109, 110, 130, 131, 138, 139, 144, 145, 146, 147, 152, 157, 159, 161, 165, 166, 168, 173, 176, 181, 184, 187, 189, 190, 192, 193, 194, 195, 203, 204, 205, 206, 207, 209, 210, 211, 214, 216, 217, 218, 219, 222, 226, 227, 228, 229, 231, 234, 236, 242, 248, 255, 258, 260, 267, 273, 281, 286, 307, 309, 311, 319, 320, 321, 322, 323, 331, 335, 338, 339, 342, 351, 353, 354, 355, 356, 357, 358, 359, 360, 361, 362, 363, 364, 365, 366, 368, 369, 370, 371, 372, 373, 374, 375, 376, 379, 380, 384, 385, 386, 388, 390, 392, 398]","{7: [RollingMean(window_size=7), RollingStd(window_size=7)], 30: [RollingMean(window_size=30)], 60: [ExpandingMean()], 14: [ExponentiallyWeightedMean(alpha=0.3)]}",lags_400_features_132,62.765442516536204,100.51752461576933,144.98448809995355,165.1064256893623,167.74198070889662,173.15126442507878,164.2659042873413,210.37431953561222,408.83446517794556,834.5570469561771,859.580755004432
SGD_Lasso,AutoDifferences(max_diffs=380) | LocalMinMaxScaler(stats_=[[-214.51499032  437.2315826 ]]),"[1, 2, 3, 4, 5, 6, 7, 8, 9, 11, 12, 13, 14, 16, 18, 20, 25, 27, 28, 29, 36, 37, 38, 47, 53, 59, 74, 107, 109, 110, 130, 131, 138, 139, 144, 145, 146, 147, 152, 157, 159, 161, 165, 166, 168, 173, 176, 181, 184, 187, 189, 190, 192, 193, 194, 195, 203, 204, 205, 206, 207, 209, 210, 211, 214, 216, 217, 218, 219, 222, 226, 227, 228, 229, 231, 234, 236, 242, 248, 255, 258, 260, 267, 273, 281, 286, 307, 309, 311, 319, 320, 321, 322, 323, 331, 335, 338, 339, 342, 351, 353, 354, 355, 356, 357, 358, 359, 360, 361, 362, 363, 364, 365, 366, 368, 369, 370, 371, 372, 373, 374, 375, 376, 379, 380, 384, 385, 386, 388, 390, 392, 398]","{7: [RollingMean(window_size=7), RollingStd(window_size=7)], 30: [RollingMean(window_size=30)], 60: [ExpandingMean()], 14: [ExponentiallyWeightedMean(alpha=0.3)]}",lags_400_features_132,53.542620252497585,104.08843582933594,153.97336702138466,191.71749950725052,214.1283265949852,234.1729881121641,247.47439898933564,301.52328982750356,483.98429860809654,833.4866333564261,851.7263529683778
SGD_Ridge,AutoDifferences(max_diffs=380) | LocalMinMaxScaler(stats_=[[-214.51499032  437.2315826 ]]),"[1, 2, 3, 4, 5, 6, 7, 8, 9, 11, 12, 13, 14, 16, 18, 20, 25, 27, 28, 29, 36, 37, 38, 47, 53, 59, 74, 107, 109, 110, 130, 131, 138, 139, 144, 145, 146, 147, 152, 157, 159, 161, 165, 166, 168, 173, 176, 181, 184, 187, 189, 190, 192, 193, 194, 195, 203, 204, 205, 206, 207, 209, 210, 211, 214, 216, 217, 218, 219, 222, 226, 227, 228, 229, 231, 234, 236, 242, 248, 255, 258, 260, 267, 273, 281, 286, 307, 309, 311, 319, 320, 321, 322, 323, 331, 335, 338, 339, 342, 351, 353, 354, 355, 356, 357, 358, 359, 360, 361, 362, 363, 364, 365, 366, 368, 369, 370, 371, 372, 373, 374, 375, 376, 379, 380, 384, 385, 386, 388, 390, 392, 398]","{7: [RollingMean(window_size=7), RollingStd(window_size=7)], 30: [RollingMean(window_size=30)], 60: [ExpandingMean()], 14: [ExponentiallyWeightedMean(alpha=0.3)]}",lags_400_features_132,245.97471310514814,396.7629274871732,511.548171941679,532.4422160912837,490.14394052180467,423.60668155701956,351.3932170369874,472.7386037049751,1205.398763322618,2791.1703907664764,2873.3313434064153
SGDRegressor,AutoDifferences(max_diffs=380) | LocalMinMaxScaler(stats_=[[-214.51499032  437.2315826 ]]),"[1, 2, 3, 4, 5, 6, 7, 8, 9, 11, 12, 13, 14, 16, 18, 20, 25, 27, 28, 29, 36, 37, 38, 47, 53, 59, 74, 107, 109, 110, 130, 131, 138, 139, 144, 145, 146, 147, 152, 157, 159, 161, 165, 166, 168, 173, 176, 181, 184, 187, 189, 190, 192, 193, 194, 195, 203, 204, 205, 206, 207, 209, 210, 211, 214, 216, 217, 218, 219, 222, 226, 227, 228, 229, 231, 234, 236, 242, 248, 255, 258, 260, 267, 273, 281, 286, 307, 309, 311, 319, 320, 321, 322, 323, 331, 335, 338, 339, 342, 351, 353, 354, 355, 356, 357, 358, 359, 360, 361, 362, 363, 364, 365, 366, 368, 369, 370, 371, 372, 373, 374, 375, 376, 379, 380, 384, 385, 386, 388, 390, 392, 398]","{7: [RollingMean(window_size=7), RollingStd(window_size=7)], 30: [RollingMean(window_size=30)], 60: [ExpandingMean()], 14: [ExponentiallyWeightedMean(alpha=0.3)]}",lags_400_features_132,37.007291400858016,34.66947485620266,52.34485193710315,112.0817937663214,178.27387131091413,255.655632173493,351.6864401714149,429.64352913618137,570.6029518944894,852.8971944537798,876.8491105296357
XGBRegressor,AutoDifferences(max_diffs=380) | LocalMinMaxScaler(stats_=[[-214.51499032  437.2315826 ]]),"[1, 2, 3, 4, 5, 6, 7, 8, 9, 11, 12, 13, 14, 16, 18, 20, 25, 27, 28, 29, 36, 37, 38, 47, 53, 59, 74, 107, 109, 110, 130, 131, 138, 139, 144, 145, 146, 147, 152, 157, 159, 161, 165, 166, 168, 173, 176, 181, 184, 187, 189, 190, 192, 193, 194, 195, 203, 204, 205, 206, 207, 209, 210, 211, 214, 216, 217, 218, 219, 222, 226, 227, 228, 229, 231, 234, 236, 242, 248, 255, 258, 260, 267, 273, 281, 286, 307, 309, 311, 319, 320, 321, 322, 323, 331, 335, 338, 339, 342, 351, 353, 354, 355, 356, 357, 358, 359, 360, 361, 362, 363, 364, 365, 366, 368, 369, 370, 371, 372, 373, 374, 375, 376, 379, 380, 384, 385, 386, 388, 390, 392, 398]","{7: [RollingMean(window_size=7), RollingStd(window_size=7)], 30: [RollingMean(window_size=30)], 60: [ExpandingMean()], 14: [ExponentiallyWeightedMean(alpha=0.3)]}",lags_400_features_132,33.22509106219702,36.631206425195074,44.14377172462994,44.90801778895171,43.68350706946863,58.04041975653293,67.76975772098453,160.97733860500392,332.9007318098,558.5996698482902,563.7285149124489
LGBMRegressor,AutoDifferences(max_diffs=380) | LocalMinMaxScaler(stats_=[[-214.51499032  437.2315826 ]]),"[1, 2, 3, 4, 5, 6, 7, 8, 9, 11, 12, 13, 14, 16, 18, 20, 25, 27, 28, 29, 36, 37, 38, 47, 53, 59, 74, 107, 109, 110, 130, 131, 138, 139, 144, 145, 146, 147, 152, 157, 159, 161, 165, 166, 168, 173, 176, 181, 184, 187, 189, 190, 192, 193, 194, 195, 203, 204, 205, 206, 207, 209, 210, 211, 214, 216, 217, 218, 219, 222, 226, 227, 228, 229, 231, 234, 236, 242, 248, 255, 258, 260, 267, 273, 281, 286, 307, 309, 311, 319, 320, 321, 322, 323, 331, 335, 338, 339, 342, 351, 353, 354, 355, 356, 357, 358, 359, 360, 361, 362, 363, 364, 365, 366, 368, 369, 370, 371, 372, 373, 374, 375, 376, 379, 380, 384, 385, 386, 388, 390, 392, 398]","{7: [RollingMean(window_size=7), RollingStd(window_size=7)], 30: [RollingMean(window_size=30)], 60: [ExpandingMean()], 14: [ExponentiallyWeightedMean(alpha=0.3)]}",lags_400_features_132,22.646239076278754,28.33128070162532,54.92649307507757,82.78316751091019,114.08925094297476,147.92258515606815,162.28747586858157,272.58897688624666,557.6009612625915,985.5517121144617,1004.7209052473045
SGD_EarlyStopping,"AutoSeasonalDifferences(max_diffs=380, n_seasons=10, season_length=267) | LocalStandardScaler(stats_=[[47.42372721 38.3630083 ]])","[1, 2, 3, 4, 5, 6, 7, 8, 9, 11, 12, 13, 14, 16, 18, 20, 25, 27, 28, 29, 36, 37, 38, 47, 53, 59, 74, 107, 109, 110, 130, 131, 138, 139, 144, 145, 146, 147, 152, 157, 159, 161, 165, 166, 168, 173, 176, 181, 184, 187, 189, 190, 192, 193, 194, 195, 203, 204, 205, 206, 207, 209, 210, 211, 214, 216, 217, 218, 219, 222, 226, 227, 228, 229, 231, 234, 236, 242, 248, 255, 258, 260, 267, 273, 281, 286, 307, 309, 311, 319, 320, 321, 322, 323, 331, 335, 338, 339, 342, 351, 353, 354, 355, 356, 357, 358, 359, 360, 361, 362, 363, 364, 365, 366, 368, 369, 370, 371, 372, 373, 374, 375, 376, 379, 380, 384, 385, 386, 388, 390, 392, 398]","{1: [<function expanding_mean at 0x000002C58F7A04A0>], 7: [<function rolling_mean_14 at 0x000002C5930FAA20>], 30: [<function expanding_mean at 0x000002C58F7A04A0>]}",lags_400_features_132,38.11445853123652,37.85879621116925,51.74525466024862,48.240310210203205,44.8161695718635,49.999067928105205,53.30236695059466,55.336274028786804,64.77184422945759,85.50308077389901,85.17869178091631
SGD_ElasticNet,"AutoSeasonalDifferences(max_diffs=380, n_seasons=10, season_length=267) | LocalStandardScaler(stats_=[[47.42372721 38.3630083 ]])","[1, 2, 3, 4, 5, 6, 7, 8, 9, 11, 12, 13, 14, 16, 18, 20, 25, 27, 28, 29, 36, 37, 38, 47, 53, 59, 74, 107, 109, 110, 130, 131, 138, 139, 144, 145, 146, 147, 152, 157, 159, 161, 165, 166, 168, 173, 176, 181, 184, 187, 189, 190, 192, 193, 194, 195, 203, 204, 205, 206, 207, 209, 210, 211, 214, 216, 217, 218, 219, 222, 226, 227, 228, 229, 231, 234, 236, 242, 248, 255, 258, 260, 267, 273, 281, 286, 307, 309, 311, 319, 320, 321, 322, 323, 331, 335, 338, 339, 342, 351, 353, 354, 355, 356, 357, 358, 359, 360, 361, 362, 363, 364, 365, 366, 368, 369, 370, 371, 372, 373, 374, 375, 376, 379, 380, 384, 385, 386, 388, 390, 392, 398]","{1: [<function expanding_mean at 0x000002C58F7A04A0>], 7: [<function rolling_mean_14 at 0x000002C5930FAA20>], 30: [<function expanding_mean at 0x000002C58F7A04A0>]}",lags_400_features_132,51.18541248444938,43.33791690379385,60.54104126546703,55.07048250333288,50.37923942447327,55.1874456318045,57.30726313193244,58.52095279818036,73.50935046780579,105.31997730743652,105.53389660404837
SGD_Lasso,"AutoSeasonalDifferences(max_diffs=380, n_seasons=10, season_length=267) | LocalStandardScaler(stats_=[[47.42372721 38.3630083 ]])","[1, 2, 3, 4, 5, 6, 7, 8, 9, 11, 12, 13, 14, 16, 18, 20, 25, 27, 28, 29, 36, 37, 38, 47, 53, 59, 74, 107, 109, 110, 130, 131, 138, 139, 144, 145, 146, 147, 152, 157, 159, 161, 165, 166, 168, 173, 176, 181, 184, 187, 189, 190, 192, 193, 194, 195, 203, 204, 205, 206, 207, 209, 210, 211, 214, 216, 217, 218, 219, 222, 226, 227, 228, 229, 231, 234, 236, 242, 248, 255, 258, 260, 267, 273, 281, 286, 307, 309, 311, 319, 320, 321, 322, 323, 331, 335, 338, 339, 342, 351, 353, 354, 355, 356, 357, 358, 359, 360, 361, 362, 363, 364, 365, 366, 368, 369, 370, 371, 372, 373, 374, 375, 376, 379, 380, 384, 385, 386, 388, 390, 392, 398]","{1: [<function expanding_mean at 0x000002C58F7A04A0>], 7: [<function rolling_mean_14 at 0x000002C5930FAA20>], 30: [<function expanding_mean at 0x000002C58F7A04A0>]}",lags_400_features_132,116.70381922683035,101.50112229960071,99.83238774481138,88.92063784344901,74.6430176237741,66.14945804208581,60.88097661069576,55.28238854537649,70.96971384244392,96.02013778799265,95.46972169711594
SGD_Ridge,"AutoSeasonalDifferences(max_diffs=380, n_seasons=10, season_length=267) | LocalStandardScaler(stats_=[[47.42372721 38.3630083 ]])","[1, 2, 3, 4, 5, 6, 7, 8, 9, 11, 12, 13, 14, 16, 18, 20, 25, 27, 28, 29, 36, 37, 38, 47, 53, 59, 74, 107, 109, 110, 130, 131, 138, 139, 144, 145, 146, 147, 152, 157, 159, 161, 165, 166, 168, 173, 176, 181, 184, 187, 189, 190, 192, 193, 194, 195, 203, 204, 205, 206, 207, 209, 210, 211, 214, 216, 217, 218, 219, 222, 226, 227, 228, 229, 231, 234, 236, 242, 248, 255, 258, 260, 267, 273, 281, 286, 307, 309, 311, 319, 320, 321, 322, 323, 331, 335, 338, 339, 342, 351, 353, 354, 355, 356, 357, 358, 359, 360, 361, 362, 363, 364, 365, 366, 368, 369, 370, 371, 372, 373, 374, 375, 376, 379, 380, 384, 385, 386, 388, 390, 392, 398]","{1: [<function expanding_mean at 0x000002C58F7A04A0>], 7: [<function rolling_mean_14 at 0x000002C5930FAA20>], 30: [<function expanding_mean at 0x000002C58F7A04A0>]}",lags_400_features_132,12.256539485642053,16.849459388730363,21.623056787891162,23.845209118586652,23.6067958514836,25.894621019925452,28.697290702833744,32.619086115723064,42.34490322349411,46.046525960594664,45.31555629984755
SGDRegressor,"AutoSeasonalDifferences(max_diffs=380, n_seasons=10, season_length=267) | LocalStandardScaler(stats_=[[47.42372721 38.3630083 ]])","[1, 2, 3, 4, 5, 6, 7, 8, 9, 11, 12, 13, 14, 16, 18, 20, 25, 27, 28, 29, 36, 37, 38, 47, 53, 59, 74, 107, 109, 110, 130, 131, 138, 139, 144, 145, 146, 147, 152, 157, 159, 161, 165, 166, 168, 173, 176, 181, 184, 187, 189, 190, 192, 193, 194, 195, 203, 204, 205, 206, 207, 209, 210, 211, 214, 216, 217, 218, 219, 222, 226, 227, 228, 229, 231, 234, 236, 242, 248, 255, 258, 260, 267, 273, 281, 286, 307, 309, 311, 319, 320, 321, 322, 323, 331, 335, 338, 339, 342, 351, 353, 354, 355, 356, 357, 358, 359, 360, 361, 362, 363, 364, 365, 366, 368, 369, 370, 371, 372, 373, 374, 375, 376, 379, 380, 384, 385, 386, 388, 390, 392, 398]","{1: [<function expanding_mean at 0x000002C58F7A04A0>], 7: [<function rolling_mean_14 at 0x000002C5930FAA20>], 30: [<function expanding_mean at 0x000002C58F7A04A0>]}",lags_400_features_132,37.455150373242645,34.28953295651549,48.22735589102336,45.815197945209455,42.65068266427342,48.04299458062354,50.898500268363144,52.82664745463248,63.58480973202249,84.23935620619184,83.92796714787247
XGBRegressor,"AutoSeasonalDifferences(max_diffs=380, n_seasons=10, season_length=267) | LocalStandardScaler(stats_=[[47.42372721 38.3630083 ]])","[1, 2, 3, 4, 5, 6, 7, 8, 9, 11, 12, 13, 14, 16, 18, 20, 25, 27, 28, 29, 36, 37, 38, 47, 53, 59, 74, 107, 109, 110, 130, 131, 138, 139, 144, 145, 146, 147, 152, 157, 159, 161, 165, 166, 168, 173, 176, 181, 184, 187, 189, 190, 192, 193, 194, 195, 203, 204, 205, 206, 207, 209, 210, 211, 214, 216, 217, 218, 219, 222, 226, 227, 228, 229, 231, 234, 236, 242, 248, 255, 258, 260, 267, 273, 281, 286, 307, 309, 311, 319, 320, 321, 322, 323, 331, 335, 338, 339, 342, 351, 353, 354, 355, 356, 357, 358, 359, 360, 361, 362, 363, 364, 365, 366, 368, 369, 370, 371, 372, 373, 374, 375, 376, 379, 380, 384, 385, 386, 388, 390, 392, 398]","{1: [<function expanding_mean at 0x000002C58F7A04A0>], 7: [<function rolling_mean_14 at 0x000002C5930FAA20>], 30: [<function expanding_mean at 0x000002C58F7A04A0>]}",lags_400_features_132,15.430068136082559,19.77310365935191,20.644692169643328,20.103846747113277,20.68802875870699,21.27235921171195,28.81013887566251,33.60481958762986,45.21541456552051,51.39034569745182,50.55928065068469
LGBMRegressor,"AutoSeasonalDifferences(max_diffs=380, n_seasons=10, season_length=267) | LocalStandardScaler(stats_=[[47.42372721 38.3630083 ]])","[1, 2, 3, 4, 5, 6, 7, 8, 9, 11, 12, 13, 14, 16, 18, 20, 25, 27, 28, 29, 36, 37, 38, 47, 53, 59, 74, 107, 109, 110, 130, 131, 138, 139, 144, 145, 146, 147, 152, 157, 159, 161, 165, 166, 168, 173, 176, 181, 184, 187, 189, 190, 192, 193, 194, 195, 203, 204, 205, 206, 207, 209, 210, 211, 214, 216, 217, 218, 219, 222, 226, 227, 228, 229, 231, 234, 236, 242, 248, 255, 258, 260, 267, 273, 281, 286, 307, 309, 311, 319, 320, 321, 322, 323, 331, 335, 338, 339, 342, 351, 353, 354, 355, 356, 357, 358, 359, 360, 361, 362, 363, 364, 365, 366, 368, 369, 370, 371, 372, 373, 374, 375, 376, 379, 380, 384, 385, 386, 388, 390, 392, 398]","{1: [<function expanding_mean at 0x000002C58F7A04A0>], 7: [<function rolling_mean_14 at 0x000002C5930FAA20>], 30: [<function expanding_mean at 0x000002C58F7A04A0>]}",lags_400_features_132,13.442759593336628,19.216275167752777,20.619571060393486,19.88929922644181,19.586799735925307,23.679948824990564,30.477185502108124,33.89687014675825,46.031826870583494,49.805635463663265,49.0212180022495
SGD_EarlyStopping,"AutoSeasonalDifferences(max_diffs=380, n_seasons=10, season_length=267) | LocalStandardScaler(stats_=[[47.42372721 38.3630083 ]])","[1, 2, 3, 4, 5, 6, 7, 8, 9, 11, 12, 13, 14, 16, 18, 20, 25, 27, 28, 29, 36, 37, 38, 47, 53, 59, 74, 107, 109, 110, 130, 131, 138, 139, 144, 145, 146, 147, 152, 157, 159, 161, 165, 166, 168, 173, 176, 181, 184, 187, 189, 190, 192, 193, 194, 195, 203, 204, 205, 206, 207, 209, 210, 211, 214, 216, 217, 218, 219, 222, 226, 227, 228, 229, 231, 234, 236, 242, 248, 255, 258, 260, 267, 273, 281, 286, 307, 309, 311, 319, 320, 321, 322, 323, 331, 335, 338, 339, 342, 351, 353, 354, 355, 356, 357, 358, 359, 360, 361, 362, 363, 364, 365, 366, 368, 369, 370, 371, 372, 373, 374, 375, 376, 379, 380, 384, 385, 386, 388, 390, 392, 398]","{1: [<function rolling_mean_14 at 0x000002C5930FAA20>], 7: [<function rolling_mean_30 at 0x000002C58DBF9260>], 30: [<function expanding_mean at 0x000002C58F7A04A0>]}",lags_400_features_132,38.11034772251997,37.85681089566687,51.80404907324323,48.304193915248476,44.881523860546395,50.04516583852778,53.33341727627482,55.35998425511847,64.78002065705395,85.56930662657453,85.24621655434646
SGD_ElasticNet,"AutoSeasonalDifferences(max_diffs=380, n_seasons=10, season_length=267) | LocalStandardScaler(stats_=[[47.42372721 38.3630083 ]])","[1, 2, 3, 4, 5, 6, 7, 8, 9, 11, 12, 13, 14, 16, 18, 20, 25, 27, 28, 29, 36, 37, 38, 47, 53, 59, 74, 107, 109, 110, 130, 131, 138, 139, 144, 145, 146, 147, 152, 157, 159, 161, 165, 166, 168, 173, 176, 181, 184, 187, 189, 190, 192, 193, 194, 195, 203, 204, 205, 206, 207, 209, 210, 211, 214, 216, 217, 218, 219, 222, 226, 227, 228, 229, 231, 234, 236, 242, 248, 255, 258, 260, 267, 273, 281, 286, 307, 309, 311, 319, 320, 321, 322, 323, 331, 335, 338, 339, 342, 351, 353, 354, 355, 356, 357, 358, 359, 360, 361, 362, 363, 364, 365, 366, 368, 369, 370, 371, 372, 373, 374, 375, 376, 379, 380, 384, 385, 386, 388, 390, 392, 398]","{1: [<function rolling_mean_14 at 0x000002C5930FAA20>], 7: [<function rolling_mean_30 at 0x000002C58DBF9260>], 30: [<function expanding_mean at 0x000002C58F7A04A0>]}",lags_400_features_132,51.2037017854466,43.31955338043693,60.57114784664807,55.095951142697594,50.400377286142884,55.20710161422133,57.31909490555328,58.55036261610698,73.56169704411539,105.44963246648243,105.67414734425678
SGD_Lasso,"AutoSeasonalDifferences(max_diffs=380, n_seasons=10, season_length=267) | LocalStandardScaler(stats_=[[47.42372721 38.3630083 ]])","[1, 2, 3, 4, 5, 6, 7, 8, 9, 11, 12, 13, 14, 16, 18, 20, 25, 27, 28, 29, 36, 37, 38, 47, 53, 59, 74, 107, 109, 110, 130, 131, 138, 139, 144, 145, 146, 147, 152, 157, 159, 161, 165, 166, 168, 173, 176, 181, 184, 187, 189, 190, 192, 193, 194, 195, 203, 204, 205, 206, 207, 209, 210, 211, 214, 216, 217, 218, 219, 222, 226, 227, 228, 229, 231, 234, 236, 242, 248, 255, 258, 260, 267, 273, 281, 286, 307, 309, 311, 319, 320, 321, 322, 323, 331, 335, 338, 339, 342, 351, 353, 354, 355, 356, 357, 358, 359, 360, 361, 362, 363, 364, 365, 366, 368, 369, 370, 371, 372, 373, 374, 375, 376, 379, 380, 384, 385, 386, 388, 390, 392, 398]","{1: [<function rolling_mean_14 at 0x000002C5930FAA20>], 7: [<function rolling_mean_30 at 0x000002C58DBF9260>], 30: [<function expanding_mean at 0x000002C58F7A04A0>]}",lags_400_features_132,116.70381922683035,101.50112229960071,99.83238774481138,88.92063784344901,74.6430176237741,66.14945804208581,60.88097661069576,55.28238854537649,70.96971384244392,96.02013778799265,95.46972169711594
SGD_Ridge,"AutoSeasonalDifferences(max_diffs=380, n_seasons=10, season_length=267) | LocalStandardScaler(stats_=[[47.42372721 38.3630083 ]])","[1, 2, 3, 4, 5, 6, 7, 8, 9, 11, 12, 13, 14, 16, 18, 20, 25, 27, 28, 29, 36, 37, 38, 47, 53, 59, 74, 107, 109, 110, 130, 131, 138, 139, 144, 145, 146, 147, 152, 157, 159, 161, 165, 166, 168, 173, 176, 181, 184, 187, 189, 190, 192, 193, 194, 195, 203, 204, 205, 206, 207, 209, 210, 211, 214, 216, 217, 218, 219, 222, 226, 227, 228, 229, 231, 234, 236, 242, 248, 255, 258, 260, 267, 273, 281, 286, 307, 309, 311, 319, 320, 321, 322, 323, 331, 335, 338, 339, 342, 351, 353, 354, 355, 356, 357, 358, 359, 360, 361, 362, 363, 364, 365, 366, 368, 369, 370, 371, 372, 373, 374, 375, 376, 379, 380, 384, 385, 386, 388, 390, 392, 398]","{1: [<function rolling_mean_14 at 0x000002C5930FAA20>], 7: [<function rolling_mean_30 at 0x000002C58DBF9260>], 30: [<function expanding_mean at 0x000002C58F7A04A0>]}",lags_400_features_132,12.260357259801756,16.819731777647036,21.600271656861082,23.828100551657087,23.599625606777273,25.87899946976544,28.673612813548093,32.577773540811044,42.280870644497604,46.01999245877019,45.289283067186595
SGDRegressor,"AutoSeasonalDifferences(max_diffs=380, n_seasons=10, season_length=267) | LocalStandardScaler(stats_=[[47.42372721 38.3630083 ]])","[1, 2, 3, 4, 5, 6, 7, 8, 9, 11, 12, 13, 14, 16, 18, 20, 25, 27, 28, 29, 36, 37, 38, 47, 53, 59, 74, 107, 109, 110, 130, 131, 138, 139, 144, 145, 146, 147, 152, 157, 159, 161, 165, 166, 168, 173, 176, 181, 184, 187, 189, 190, 192, 193, 194, 195, 203, 204, 205, 206, 207, 209, 210, 211, 214, 216, 217, 218, 219, 222, 226, 227, 228, 229, 231, 234, 236, 242, 248, 255, 258, 260, 267, 273, 281, 286, 307, 309, 311, 319, 320, 321, 322, 323, 331, 335, 338, 339, 342, 351, 353, 354, 355, 356, 357, 358, 359, 360, 361, 362, 363, 364, 365, 366, 368, 369, 370, 371, 372, 373, 374, 375, 376, 379, 380, 384, 385, 386, 388, 390, 392, 398]","{1: [<function rolling_mean_14 at 0x000002C5930FAA20>], 7: [<function rolling_mean_30 at 0x000002C58DBF9260>], 30: [<function expanding_mean at 0x000002C58F7A04A0>]}",lags_400_features_132,37.41592538722683,34.26474681196813,48.22799162743598,45.83321926642659,42.67995089453749,48.05375258179242,50.90000377382194,52.82188662936495,63.53590003755125,84.16069080979655,83.8477577702127
XGBRegressor,"AutoSeasonalDifferences(max_diffs=380, n_seasons=10, season_length=267) | LocalStandardScaler(stats_=[[47.42372721 38.3630083 ]])","[1, 2, 3, 4, 5, 6, 7, 8, 9, 11, 12, 13, 14, 16, 18, 20, 25, 27, 28, 29, 36, 37, 38, 47, 53, 59, 74, 107, 109, 110, 130, 131, 138, 139, 144, 145, 146, 147, 152, 157, 159, 161, 165, 166, 168, 173, 176, 181, 184, 187, 189, 190, 192, 193, 194, 195, 203, 204, 205, 206, 207, 209, 210, 211, 214, 216, 217, 218, 219, 222, 226, 227, 228, 229, 231, 234, 236, 242, 248, 255, 258, 260, 267, 273, 281, 286, 307, 309, 311, 319, 320, 321, 322, 323, 331, 335, 338, 339, 342, 351, 353, 354, 355, 356, 357, 358, 359, 360, 361, 362, 363, 364, 365, 366, 368, 369, 370, 371, 372, 373, 374, 375, 376, 379, 380, 384, 385, 386, 388, 390, 392, 398]","{1: [<function rolling_mean_14 at 0x000002C5930FAA20>], 7: [<function rolling_mean_30 at 0x000002C58DBF9260>], 30: [<function expanding_mean at 0x000002C58F7A04A0>]}",lags_400_features_132,10.58589111877231,17.073965865346985,19.150741800511106,18.88330885099481,18.403170787790117,19.588107207555066,26.54639214870802,31.108116223374616,40.1234177424455,46.385714325306196,46.23419961490221
LGBMRegressor,"AutoSeasonalDifferences(max_diffs=380, n_seasons=10, season_length=267) | LocalStandardScaler(stats_=[[47.42372721 38.3630083 ]])","[1, 2, 3, 4, 5, 6, 7, 8, 9, 11, 12, 13, 14, 16, 18, 20, 25, 27, 28, 29, 36, 37, 38, 47, 53, 59, 74, 107, 109, 110, 130, 131, 138, 139, 144, 145, 146, 147, 152, 157, 159, 161, 165, 166, 168, 173, 176, 181, 184, 187, 189, 190, 192, 193, 194, 195, 203, 204, 205, 206, 207, 209, 210, 211, 214, 216, 217, 218, 219, 222, 226, 227, 228, 229, 231, 234, 236, 242, 248, 255, 258, 260, 267, 273, 281, 286, 307, 309, 311, 319, 320, 321, 322, 323, 331, 335, 338, 339, 342, 351, 353, 354, 355, 356, 357, 358, 359, 360, 361, 362, 363, 364, 365, 366, 368, 369, 370, 371, 372, 373, 374, 375, 376, 379, 380, 384, 385, 386, 388, 390, 392, 398]","{1: [<function rolling_mean_14 at 0x000002C5930FAA20>], 7: [<function rolling_mean_30 at 0x000002C58DBF9260>], 30: [<function expanding_mean at 0x000002C58F7A04A0>]}",lags_400_features_132,12.506788028783294,18.04456519218924,19.5020833219686,18.93897328043054,18.67515094307519,20.745214878471796,27.4281600578241,30.993667575642565,40.73696073949294,44.44307596209102,44.04221838729654
SGD_EarlyStopping,"AutoSeasonalDifferences(max_diffs=380, n_seasons=10, season_length=267) | LocalStandardScaler(stats_=[[47.42372721 38.3630083 ]])","[1, 2, 3, 4, 5, 6, 7, 8, 9, 11, 12, 13, 14, 16, 18, 20, 25, 27, 28, 29, 36, 37, 38, 47, 53, 59, 74, 107, 109, 110, 130, 131, 138, 139, 144, 145, 146, 147, 152, 157, 159, 161, 165, 166, 168, 173, 176, 181, 184, 187, 189, 190, 192, 193, 194, 195, 203, 204, 205, 206, 207, 209, 210, 211, 214, 216, 217, 218, 219, 222, 226, 227, 228, 229, 231, 234, 236, 242, 248, 255, 258, 260, 267, 273, 281, 286, 307, 309, 311, 319, 320, 321, 322, 323, 331, 335, 338, 339, 342, 351, 353, 354, 355, 356, 357, 358, 359, 360, 361, 362, 363, 364, 365, 366, 368, 369, 370, 371, 372, 373, 374, 375, 376, 379, 380, 384, 385, 386, 388, 390, 392, 398]","{7: [RollingMean(window_size=7)], 30: [RollingMean(window_size=30)], 60: [RollingMean(window_size=60)]}",lags_400_features_132,38.341144871545985,38.00114442569045,53.1540093645792,49.099474827563355,45.47104264010014,51.06290885031515,54.51586847007969,57.219129969167504,68.71359105630317,94.41001268575107,94.37043841249132
SGD_ElasticNet,"AutoSeasonalDifferences(max_diffs=380, n_seasons=10, season_length=267) | LocalStandardScaler(stats_=[[47.42372721 38.3630083 ]])","[1, 2, 3, 4, 5, 6, 7, 8, 9, 11, 12, 13, 14, 16, 18, 20, 25, 27, 28, 29, 36, 37, 38, 47, 53, 59, 74, 107, 109, 110, 130, 131, 138, 139, 144, 145, 146, 147, 152, 157, 159, 161, 165, 166, 168, 173, 176, 181, 184, 187, 189, 190, 192, 193, 194, 195, 203, 204, 205, 206, 207, 209, 210, 211, 214, 216, 217, 218, 219, 222, 226, 227, 228, 229, 231, 234, 236, 242, 248, 255, 258, 260, 267, 273, 281, 286, 307, 309, 311, 319, 320, 321, 322, 323, 331, 335, 338, 339, 342, 351, 353, 354, 355, 356, 357, 358, 359, 360, 361, 362, 363, 364, 365, 366, 368, 369, 370, 371, 372, 373, 374, 375, 376, 379, 380, 384, 385, 386, 388, 390, 392, 398]","{7: [RollingMean(window_size=7)], 30: [RollingMean(window_size=30)], 60: [RollingMean(window_size=60)]}",lags_400_features_132,36.04813190398829,33.06120037049654,47.282527186139305,44.546172040340544,41.48041186189989,47.44518196285073,50.72810618873325,53.70590582069078,66.43239009394267,90.62709249321502,90.50782701813299
SGD_Lasso,"AutoSeasonalDifferences(max_diffs=380, n_seasons=10, season_length=267) | LocalStandardScaler(stats_=[[47.42372721 38.3630083 ]])","[1, 2, 3, 4, 5, 6, 7, 8, 9, 11, 12, 13, 14, 16, 18, 20, 25, 27, 28, 29, 36, 37, 38, 47, 53, 59, 74, 107, 109, 110, 130, 131, 138, 139, 144, 145, 146, 147, 152, 157, 159, 161, 165, 166, 168, 173, 176, 181, 184, 187, 189, 190, 192, 193, 194, 195, 203, 204, 205, 206, 207, 209, 210, 211, 214, 216, 217, 218, 219, 222, 226, 227, 228, 229, 231, 234, 236, 242, 248, 255, 258, 260, 267, 273, 281, 286, 307, 309, 311, 319, 320, 321, 322, 323, 331, 335, 338, 339, 342, 351, 353, 354, 355, 356, 357, 358, 359, 360, 361, 362, 363, 364, 365, 366, 368, 369, 370, 371, 372, 373, 374, 375, 376, 379, 380, 384, 385, 386, 388, 390, 392, 398]","{7: [RollingMean(window_size=7)], 30: [RollingMean(window_size=30)], 60: [RollingMean(window_size=60)]}",lags_400_features_132,116.70381922683035,101.50112229960071,99.83238774481138,88.92063784344901,74.6430176237741,66.14945804208581,60.88097661069576,55.28238854537649,70.96971384244392,96.02013778799265,95.46972169711594
SGD_Ridge,"AutoSeasonalDifferences(max_diffs=380, n_seasons=10, season_length=267) | LocalStandardScaler(stats_=[[47.42372721 38.3630083 ]])","[1, 2, 3, 4, 5, 6, 7, 8, 9, 11, 12, 13, 14, 16, 18, 20, 25, 27, 28, 29, 36, 37, 38, 47, 53, 59, 74, 107, 109, 110, 130, 131, 138, 139, 144, 145, 146, 147, 152, 157, 159, 161, 165, 166, 168, 173, 176, 181, 184, 187, 189, 190, 192, 193, 194, 195, 203, 204, 205, 206, 207, 209, 210, 211, 214, 216, 217, 218, 219, 222, 226, 227, 228, 229, 231, 234, 236, 242, 248, 255, 258, 260, 267, 273, 281, 286, 307, 309, 311, 319, 320, 321, 322, 323, 331, 335, 338, 339, 342, 351, 353, 354, 355, 356, 357, 358, 359, 360, 361, 362, 363, 364, 365, 366, 368, 369, 370, 371, 372, 373, 374, 375, 376, 379, 380, 384, 385, 386, 388, 390, 392, 398]","{7: [RollingMean(window_size=7)], 30: [RollingMean(window_size=30)], 60: [RollingMean(window_size=60)]}",lags_400_features_132,12.44942158561287,16.67691663266922,21.465640894639197,23.519395881543847,23.276680082883487,25.672379430387632,28.57935332543129,32.56242958489173,42.32634351011483,46.30891250986835,45.584496338536454
SGDRegressor,"AutoSeasonalDifferences(max_diffs=380, n_seasons=10, season_length=267) | LocalStandardScaler(stats_=[[47.42372721 38.3630083 ]])","[1, 2, 3, 4, 5, 6, 7, 8, 9, 11, 12, 13, 14, 16, 18, 20, 25, 27, 28, 29, 36, 37, 38, 47, 53, 59, 74, 107, 109, 110, 130, 131, 138, 139, 144, 145, 146, 147, 152, 157, 159, 161, 165, 166, 168, 173, 176, 181, 184, 187, 189, 190, 192, 193, 194, 195, 203, 204, 205, 206, 207, 209, 210, 211, 214, 216, 217, 218, 219, 222, 226, 227, 228, 229, 231, 234, 236, 242, 248, 255, 258, 260, 267, 273, 281, 286, 307, 309, 311, 319, 320, 321, 322, 323, 331, 335, 338, 339, 342, 351, 353, 354, 355, 356, 357, 358, 359, 360, 361, 362, 363, 364, 365, 366, 368, 369, 370, 371, 372, 373, 374, 375, 376, 379, 380, 384, 385, 386, 388, 390, 392, 398]","{7: [RollingMean(window_size=7)], 30: [RollingMean(window_size=30)], 60: [RollingMean(window_size=60)]}",lags_400_features_132,39.3256323214966,35.77881567624643,50.99745113763322,47.57864497467112,44.01363176041734,49.73972866380226,52.586341498666265,55.20494847700186,68.32402208254528,95.24249632295749,95.2256056068041
XGBRegressor,"AutoSeasonalDifferences(max_diffs=380, n_seasons=10, season_length=267) | LocalStandardScaler(stats_=[[47.42372721 38.3630083 ]])","[1, 2, 3, 4, 5, 6, 7, 8, 9, 11, 12, 13, 14, 16, 18, 20, 25, 27, 28, 29, 36, 37, 38, 47, 53, 59, 74, 107, 109, 110, 130, 131, 138, 139, 144, 145, 146, 147, 152, 157, 159, 161, 165, 166, 168, 173, 176, 181, 184, 187, 189, 190, 192, 193, 194, 195, 203, 204, 205, 206, 207, 209, 210, 211, 214, 216, 217, 218, 219, 222, 226, 227, 228, 229, 231, 234, 236, 242, 248, 255, 258, 260, 267, 273, 281, 286, 307, 309, 311, 319, 320, 321, 322, 323, 331, 335, 338, 339, 342, 351, 353, 354, 355, 356, 357, 358, 359, 360, 361, 362, 363, 364, 365, 366, 368, 369, 370, 371, 372, 373, 374, 375, 376, 379, 380, 384, 385, 386, 388, 390, 392, 398]","{7: [RollingMean(window_size=7)], 30: [RollingMean(window_size=30)], 60: [RollingMean(window_size=60)]}",lags_400_features_132,11.271203876086979,16.75362226981136,18.13561875944672,18.454181666493422,18.829555362753933,18.936924388983833,26.081169212315626,31.94878026204223,43.66604473337068,52.52934572262902,51.84066552153298
LGBMRegressor,"AutoSeasonalDifferences(max_diffs=380, n_seasons=10, season_length=267) | LocalStandardScaler(stats_=[[47.42372721 38.3630083 ]])","[1, 2, 3, 4, 5, 6, 7, 8, 9, 11, 12, 13, 14, 16, 18, 20, 25, 27, 28, 29, 36, 37, 38, 47, 53, 59, 74, 107, 109, 110, 130, 131, 138, 139, 144, 145, 146, 147, 152, 157, 159, 161, 165, 166, 168, 173, 176, 181, 184, 187, 189, 190, 192, 193, 194, 195, 203, 204, 205, 206, 207, 209, 210, 211, 214, 216, 217, 218, 219, 222, 226, 227, 228, 229, 231, 234, 236, 242, 248, 255, 258, 260, 267, 273, 281, 286, 307, 309, 311, 319, 320, 321, 322, 323, 331, 335, 338, 339, 342, 351, 353, 354, 355, 356, 357, 358, 359, 360, 361, 362, 363, 364, 365, 366, 368, 369, 370, 371, 372, 373, 374, 375, 376, 379, 380, 384, 385, 386, 388, 390, 392, 398]","{7: [RollingMean(window_size=7)], 30: [RollingMean(window_size=30)], 60: [RollingMean(window_size=60)]}",lags_400_features_132,13.286113426418563,18.644420702132315,19.897023823059364,19.176909205192,18.89273390504114,22.54333369829679,29.24371136782658,32.07439056515293,44.38494240434503,49.145003523287386,48.582481198029306
SGD_EarlyStopping,"AutoSeasonalDifferences(max_diffs=380, n_seasons=10, season_length=267) | LocalStandardScaler(stats_=[[47.42372721 38.3630083 ]])","[1, 2, 3, 4, 5, 6, 7, 8, 9, 11, 12, 13, 14, 16, 18, 20, 25, 27, 28, 29, 36, 37, 38, 47, 53, 59, 74, 107, 109, 110, 130, 131, 138, 139, 144, 145, 146, 147, 152, 157, 159, 161, 165, 166, 168, 173, 176, 181, 184, 187, 189, 190, 192, 193, 194, 195, 203, 204, 205, 206, 207, 209, 210, 211, 214, 216, 217, 218, 219, 222, 226, 227, 228, 229, 231, 234, 236, 242, 248, 255, 258, 260, 267, 273, 281, 286, 307, 309, 311, 319, 320, 321, 322, 323, 331, 335, 338, 339, 342, 351, 353, 354, 355, 356, 357, 358, 359, 360, 361, 362, 363, 364, 365, 366, 368, 369, 370, 371, 372, 373, 374, 375, 376, 379, 380, 384, 385, 386, 388, 390, 392, 398]","{7: [RollingMean(window_size=7), RollingStd(window_size=7)], 30: [RollingMean(window_size=30)], 60: [ExpandingMean()], 14: [ExponentiallyWeightedMean(alpha=0.3)]}",lags_400_features_132,38.266153126241086,37.978668961977,52.03604589903003,48.42647245773809,45.01415170047902,50.16386740972789,53.40898925226409,55.400278127995605,64.9865487700765,86.18347535589322,85.84026769626914
SGD_ElasticNet,"AutoSeasonalDifferences(max_diffs=380, n_seasons=10, season_length=267) | LocalStandardScaler(stats_=[[47.42372721 38.3630083 ]])","[1, 2, 3, 4, 5, 6, 7, 8, 9, 11, 12, 13, 14, 16, 18, 20, 25, 27, 28, 29, 36, 37, 38, 47, 53, 59, 74, 107, 109, 110, 130, 131, 138, 139, 144, 145, 146, 147, 152, 157, 159, 161, 165, 166, 168, 173, 176, 181, 184, 187, 189, 190, 192, 193, 194, 195, 203, 204, 205, 206, 207, 209, 210, 211, 214, 216, 217, 218, 219, 222, 226, 227, 228, 229, 231, 234, 236, 242, 248, 255, 258, 260, 267, 273, 281, 286, 307, 309, 311, 319, 320, 321, 322, 323, 331, 335, 338, 339, 342, 351, 353, 354, 355, 356, 357, 358, 359, 360, 361, 362, 363, 364, 365, 366, 368, 369, 370, 371, 372, 373, 374, 375, 376, 379, 380, 384, 385, 386, 388, 390, 392, 398]","{7: [RollingMean(window_size=7), RollingStd(window_size=7)], 30: [RollingMean(window_size=30)], 60: [ExpandingMean()], 14: [ExponentiallyWeightedMean(alpha=0.3)]}",lags_400_features_132,35.03726047756255,32.32986593194173,45.23468204224549,43.482920585547085,40.73842859390855,46.30529110944633,49.482246458477,51.77482353497629,62.6188315129364,81.5517786297735,81.17581867768807
SGD_Lasso,"AutoSeasonalDifferences(max_diffs=380, n_seasons=10, season_length=267) | LocalStandardScaler(stats_=[[47.42372721 38.3630083 ]])","[1, 2, 3, 4, 5, 6, 7, 8, 9, 11, 12, 13, 14, 16, 18, 20, 25, 27, 28, 29, 36, 37, 38, 47, 53, 59, 74, 107, 109, 110, 130, 131, 138, 139, 144, 145, 146, 147, 152, 157, 159, 161, 165, 166, 168, 173, 176, 181, 184, 187, 189, 190, 192, 193, 194, 195, 203, 204, 205, 206, 207, 209, 210, 211, 214, 216, 217, 218, 219, 222, 226, 227, 228, 229, 231, 234, 236, 242, 248, 255, 258, 260, 267, 273, 281, 286, 307, 309, 311, 319, 320, 321, 322, 323, 331, 335, 338, 339, 342, 351, 353, 354, 355, 356, 357, 358, 359, 360, 361, 362, 363, 364, 365, 366, 368, 369, 370, 371, 372, 373, 374, 375, 376, 379, 380, 384, 385, 386, 388, 390, 392, 398]","{7: [RollingMean(window_size=7), RollingStd(window_size=7)], 30: [RollingMean(window_size=30)], 60: [ExpandingMean()], 14: [ExponentiallyWeightedMean(alpha=0.3)]}",lags_400_features_132,116.70381922683035,101.50112229960071,99.83238774481138,88.92063784344901,74.6430176237741,66.14945804208581,60.88097661069576,55.28238854537649,70.96971384244392,96.02013778799265,95.46972169711594
SGD_Ridge,"AutoSeasonalDifferences(max_diffs=380, n_seasons=10, season_length=267) | LocalStandardScaler(stats_=[[47.42372721 38.3630083 ]])","[1, 2, 3, 4, 5, 6, 7, 8, 9, 11, 12, 13, 14, 16, 18, 20, 25, 27, 28, 29, 36, 37, 38, 47, 53, 59, 74, 107, 109, 110, 130, 131, 138, 139, 144, 145, 146, 147, 152, 157, 159, 161, 165, 166, 168, 173, 176, 181, 184, 187, 189, 190, 192, 193, 194, 195, 203, 204, 205, 206, 207, 209, 210, 211, 214, 216, 217, 218, 219, 222, 226, 227, 228, 229, 231, 234, 236, 242, 248, 255, 258, 260, 267, 273, 281, 286, 307, 309, 311, 319, 320, 321, 322, 323, 331, 335, 338, 339, 342, 351, 353, 354, 355, 356, 357, 358, 359, 360, 361, 362, 363, 364, 365, 366, 368, 369, 370, 371, 372, 373, 374, 375, 376, 379, 380, 384, 385, 386, 388, 390, 392, 398]","{7: [RollingMean(window_size=7), RollingStd(window_size=7)], 30: [RollingMean(window_size=30)], 60: [ExpandingMean()], 14: [ExponentiallyWeightedMean(alpha=0.3)]}",lags_400_features_132,12.434245070398921,16.81486721383343,21.600716151285617,23.746749144983177,23.508320791783063,25.796481464017813,28.563327435280694,32.40290963069517,42.081446026466395,45.95855135699498,45.23935397131452
SGDRegressor,"AutoSeasonalDifferences(max_diffs=380, n_seasons=10, season_length=267) | LocalStandardScaler(stats_=[[47.42372721 38.3630083 ]])","[1, 2, 3, 4, 5, 6, 7, 8, 9, 11, 12, 13, 14, 16, 18, 20, 25, 27, 28, 29, 36, 37, 38, 47, 53, 59, 74, 107, 109, 110, 130, 131, 138, 139, 144, 145, 146, 147, 152, 157, 159, 161, 165, 166, 168, 173, 176, 181, 184, 187, 189, 190, 192, 193, 194, 195, 203, 204, 205, 206, 207, 209, 210, 211, 214, 216, 217, 218, 219, 222, 226, 227, 228, 229, 231, 234, 236, 242, 248, 255, 258, 260, 267, 273, 281, 286, 307, 309, 311, 319, 320, 321, 322, 323, 331, 335, 338, 339, 342, 351, 353, 354, 355, 356, 357, 358, 359, 360, 361, 362, 363, 364, 365, 366, 368, 369, 370, 371, 372, 373, 374, 375, 376, 379, 380, 384, 385, 386, 388, 390, 392, 398]","{7: [RollingMean(window_size=7), RollingStd(window_size=7)], 30: [RollingMean(window_size=30)], 60: [ExpandingMean()], 14: [ExponentiallyWeightedMean(alpha=0.3)]}",lags_400_features_132,37.80799962033106,34.60502430711554,48.726883848684146,46.16018315988819,42.95908985159491,48.3217285095019,51.09620819747443,52.92008568646101,63.8219649330346,85.07851130460557,84.7598905209105
XGBRegressor,"AutoSeasonalDifferences(max_diffs=380, n_seasons=10, season_length=267) | LocalStandardScaler(stats_=[[47.42372721 38.3630083 ]])","[1, 2, 3, 4, 5, 6, 7, 8, 9, 11, 12, 13, 14, 16, 18, 20, 25, 27, 28, 29, 36, 37, 38, 47, 53, 59, 74, 107, 109, 110, 130, 131, 138, 139, 144, 145, 146, 147, 152, 157, 159, 161, 165, 166, 168, 173, 176, 181, 184, 187, 189, 190, 192, 193, 194, 195, 203, 204, 205, 206, 207, 209, 210, 211, 214, 216, 217, 218, 219, 222, 226, 227, 228, 229, 231, 234, 236, 242, 248, 255, 258, 260, 267, 273, 281, 286, 307, 309, 311, 319, 320, 321, 322, 323, 331, 335, 338, 339, 342, 351, 353, 354, 355, 356, 357, 358, 359, 360, 361, 362, 363, 364, 365, 366, 368, 369, 370, 371, 372, 373, 374, 375, 376, 379, 380, 384, 385, 386, 388, 390, 392, 398]","{7: [RollingMean(window_size=7), RollingStd(window_size=7)], 30: [RollingMean(window_size=30)], 60: [ExpandingMean()], 14: [ExponentiallyWeightedMean(alpha=0.3)]}",lags_400_features_132,12.946088760216748,17.741357798900825,18.962858398579076,18.93527059539596,19.09203066088183,21.509905535706096,29.436308849205332,34.013425259600794,44.94563383248445,52.79706099207658,52.303678144707824
LGBMRegressor,"AutoSeasonalDifferences(max_diffs=380, n_seasons=10, season_length=267) | LocalStandardScaler(stats_=[[47.42372721 38.3630083 ]])","[1, 2, 3, 4, 5, 6, 7, 8, 9, 11, 12, 13, 14, 16, 18, 20, 25, 27, 28, 29, 36, 37, 38, 47, 53, 59, 74, 107, 109, 110, 130, 131, 138, 139, 144, 145, 146, 147, 152, 157, 159, 161, 165, 166, 168, 173, 176, 181, 184, 187, 189, 190, 192, 193, 194, 195, 203, 204, 205, 206, 207, 209, 210, 211, 214, 216, 217, 218, 219, 222, 226, 227, 228, 229, 231, 234, 236, 242, 248, 255, 258, 260, 267, 273, 281, 286, 307, 309, 311, 319, 320, 321, 322, 323, 331, 335, 338, 339, 342, 351, 353, 354, 355, 356, 357, 358, 359, 360, 361, 362, 363, 364, 365, 366, 368, 369, 370, 371, 372, 373, 374, 375, 376, 379, 380, 384, 385, 386, 388, 390, 392, 398]","{7: [RollingMean(window_size=7), RollingStd(window_size=7)], 30: [RollingMean(window_size=30)], 60: [ExpandingMean()], 14: [ExponentiallyWeightedMean(alpha=0.3)]}",lags_400_features_132,12.239172491187329,18.733467977395996,20.118490262612493,19.49636824172681,19.02349724495815,23.349196346797505,30.163323702350176,34.13067078278218,47.31510953569516,51.180340892417306,50.75623923028784
SGD_EarlyStopping,"AutoSeasonalDifferences(max_diffs=380, n_seasons=10, season_length=267) | LocalMinMaxScaler(stats_=[[  5.11211699 325.92896936]])","[1, 2, 3, 4, 5, 6, 7, 8, 9, 11, 12, 13, 14, 16, 18, 20, 25, 27, 28, 29, 36, 37, 38, 47, 53, 59, 74, 107, 109, 110, 130, 131, 138, 139, 144, 145, 146, 147, 152, 157, 159, 161, 165, 166, 168, 173, 176, 181, 184, 187, 189, 190, 192, 193, 194, 195, 203, 204, 205, 206, 207, 209, 210, 211, 214, 216, 217, 218, 219, 222, 226, 227, 228, 229, 231, 234, 236, 242, 248, 255, 258, 260, 267, 273, 281, 286, 307, 309, 311, 319, 320, 321, 322, 323, 331, 335, 338, 339, 342, 351, 353, 354, 355, 356, 357, 358, 359, 360, 361, 362, 363, 364, 365, 366, 368, 369, 370, 371, 372, 373, 374, 375, 376, 379, 380, 384, 385, 386, 388, 390, 392, 398]","{1: [<function expanding_mean at 0x000002C58F7A04A0>], 7: [<function rolling_mean_14 at 0x000002C5930FAA20>], 30: [<function expanding_mean at 0x000002C58F7A04A0>]}",lags_400_features_132,12.076646911338967,17.729762205071488,19.272904139006215,19.529170653675752,21.0736664735718,28.7407440599598,35.194083921532524,41.53066235756454,53.33590498542654,53.040104999725536,54.037245938506054
SGD_ElasticNet,"AutoSeasonalDifferences(max_diffs=380, n_seasons=10, season_length=267) | LocalMinMaxScaler(stats_=[[  5.11211699 325.92896936]])","[1, 2, 3, 4, 5, 6, 7, 8, 9, 11, 12, 13, 14, 16, 18, 20, 25, 27, 28, 29, 36, 37, 38, 47, 53, 59, 74, 107, 109, 110, 130, 131, 138, 139, 144, 145, 146, 147, 152, 157, 159, 161, 165, 166, 168, 173, 176, 181, 184, 187, 189, 190, 192, 193, 194, 195, 203, 204, 205, 206, 207, 209, 210, 211, 214, 216, 217, 218, 219, 222, 226, 227, 228, 229, 231, 234, 236, 242, 248, 255, 258, 260, 267, 273, 281, 286, 307, 309, 311, 319, 320, 321, 322, 323, 331, 335, 338, 339, 342, 351, 353, 354, 355, 356, 357, 358, 359, 360, 361, 362, 363, 364, 365, 366, 368, 369, 370, 371, 372, 373, 374, 375, 376, 379, 380, 384, 385, 386, 388, 390, 392, 398]","{1: [<function expanding_mean at 0x000002C58F7A04A0>], 7: [<function rolling_mean_14 at 0x000002C5930FAA20>], 30: [<function expanding_mean at 0x000002C58F7A04A0>]}",lags_400_features_132,26.81154971883663,38.780287550045514,40.077720686922255,39.07958277308126,35.91355018632837,34.62932992009733,34.78968888994798,39.39313816444081,48.43363969321039,48.11346688009547,47.41866332266567
SGD_Lasso,"AutoSeasonalDifferences(max_diffs=380, n_seasons=10, season_length=267) | LocalMinMaxScaler(stats_=[[  5.11211699 325.92896936]])","[1, 2, 3, 4, 5, 6, 7, 8, 9, 11, 12, 13, 14, 16, 18, 20, 25, 27, 28, 29, 36, 37, 38, 47, 53, 59, 74, 107, 109, 110, 130, 131, 138, 139, 144, 145, 146, 147, 152, 157, 159, 161, 165, 166, 168, 173, 176, 181, 184, 187, 189, 190, 192, 193, 194, 195, 203, 204, 205, 206, 207, 209, 210, 211, 214, 216, 217, 218, 219, 222, 226, 227, 228, 229, 231, 234, 236, 242, 248, 255, 258, 260, 267, 273, 281, 286, 307, 309, 311, 319, 320, 321, 322, 323, 331, 335, 338, 339, 342, 351, 353, 354, 355, 356, 357, 358, 359, 360, 361, 362, 363, 364, 365, 366, 368, 369, 370, 371, 372, 373, 374, 375, 376, 379, 380, 384, 385, 386, 388, 390, 392, 398]","{1: [<function expanding_mean at 0x000002C58F7A04A0>], 7: [<function rolling_mean_14 at 0x000002C5930FAA20>], 30: [<function expanding_mean at 0x000002C58F7A04A0>]}",lags_400_features_132,116.45645628314098,101.27111292114779,99.60428319246252,88.70498882873687,74.45736397099824,65.99150962070802,60.775335383170194,55.19188933274941,70.84684913232577,95.85060511149685,95.29974283977694
SGD_Ridge,"AutoSeasonalDifferences(max_diffs=380, n_seasons=10, season_length=267) | LocalMinMaxScaler(stats_=[[  5.11211699 325.92896936]])","[1, 2, 3, 4, 5, 6, 7, 8, 9, 11, 12, 13, 14, 16, 18, 20, 25, 27, 28, 29, 36, 37, 38, 47, 53, 59, 74, 107, 109, 110, 130, 131, 138, 139, 144, 145, 146, 147, 152, 157, 159, 161, 165, 166, 168, 173, 176, 181, 184, 187, 189, 190, 192, 193, 194, 195, 203, 204, 205, 206, 207, 209, 210, 211, 214, 216, 217, 218, 219, 222, 226, 227, 228, 229, 231, 234, 236, 242, 248, 255, 258, 260, 267, 273, 281, 286, 307, 309, 311, 319, 320, 321, 322, 323, 331, 335, 338, 339, 342, 351, 353, 354, 355, 356, 357, 358, 359, 360, 361, 362, 363, 364, 365, 366, 368, 369, 370, 371, 372, 373, 374, 375, 376, 379, 380, 384, 385, 386, 388, 390, 392, 398]","{1: [<function expanding_mean at 0x000002C58F7A04A0>], 7: [<function rolling_mean_14 at 0x000002C5930FAA20>], 30: [<function expanding_mean at 0x000002C58F7A04A0>]}",lags_400_features_132,22.87747003086825,22.823944367191988,22.828332314775494,21.246054678240135,20.43680674752632,21.213913103976342,25.29147429503153,26.15897428163662,37.13308333553905,50.51734927703079,50.3148774539611
SGDRegressor,"AutoSeasonalDifferences(max_diffs=380, n_seasons=10, season_length=267) | LocalMinMaxScaler(stats_=[[  5.11211699 325.92896936]])","[1, 2, 3, 4, 5, 6, 7, 8, 9, 11, 12, 13, 14, 16, 18, 20, 25, 27, 28, 29, 36, 37, 38, 47, 53, 59, 74, 107, 109, 110, 130, 131, 138, 139, 144, 145, 146, 147, 152, 157, 159, 161, 165, 166, 168, 173, 176, 181, 184, 187, 189, 190, 192, 193, 194, 195, 203, 204, 205, 206, 207, 209, 210, 211, 214, 216, 217, 218, 219, 222, 226, 227, 228, 229, 231, 234, 236, 242, 248, 255, 258, 260, 267, 273, 281, 286, 307, 309, 311, 319, 320, 321, 322, 323, 331, 335, 338, 339, 342, 351, 353, 354, 355, 356, 357, 358, 359, 360, 361, 362, 363, 364, 365, 366, 368, 369, 370, 371, 372, 373, 374, 375, 376, 379, 380, 384, 385, 386, 388, 390, 392, 398]","{1: [<function expanding_mean at 0x000002C58F7A04A0>], 7: [<function rolling_mean_14 at 0x000002C5930FAA20>], 30: [<function expanding_mean at 0x000002C58F7A04A0>]}",lags_400_features_132,38.84616966487051,53.75423838823771,56.69895299840366,54.68183214703054,49.327988767463275,45.938930113246556,43.745432512856645,47.833997337415695,55.89816517432013,61.75011268038699,61.361058016405615
XGBRegressor,"AutoSeasonalDifferences(max_diffs=380, n_seasons=10, season_length=267) | LocalMinMaxScaler(stats_=[[  5.11211699 325.92896936]])","[1, 2, 3, 4, 5, 6, 7, 8, 9, 11, 12, 13, 14, 16, 18, 20, 25, 27, 28, 29, 36, 37, 38, 47, 53, 59, 74, 107, 109, 110, 130, 131, 138, 139, 144, 145, 146, 147, 152, 157, 159, 161, 165, 166, 168, 173, 176, 181, 184, 187, 189, 190, 192, 193, 194, 195, 203, 204, 205, 206, 207, 209, 210, 211, 214, 216, 217, 218, 219, 222, 226, 227, 228, 229, 231, 234, 236, 242, 248, 255, 258, 260, 267, 273, 281, 286, 307, 309, 311, 319, 320, 321, 322, 323, 331, 335, 338, 339, 342, 351, 353, 354, 355, 356, 357, 358, 359, 360, 361, 362, 363, 364, 365, 366, 368, 369, 370, 371, 372, 373, 374, 375, 376, 379, 380, 384, 385, 386, 388, 390, 392, 398]","{1: [<function expanding_mean at 0x000002C58F7A04A0>], 7: [<function rolling_mean_14 at 0x000002C5930FAA20>], 30: [<function expanding_mean at 0x000002C58F7A04A0>]}",lags_400_features_132,15.53962458345716,20.224892800096146,20.96690219426194,20.225717175779216,20.449273873185422,20.32977528745425,28.00352576974314,31.940791759209684,42.14549180183125,45.570317120879444,44.7910943841021
LGBMRegressor,"AutoSeasonalDifferences(max_diffs=380, n_seasons=10, season_length=267) | LocalMinMaxScaler(stats_=[[  5.11211699 325.92896936]])","[1, 2, 3, 4, 5, 6, 7, 8, 9, 11, 12, 13, 14, 16, 18, 20, 25, 27, 28, 29, 36, 37, 38, 47, 53, 59, 74, 107, 109, 110, 130, 131, 138, 139, 144, 145, 146, 147, 152, 157, 159, 161, 165, 166, 168, 173, 176, 181, 184, 187, 189, 190, 192, 193, 194, 195, 203, 204, 205, 206, 207, 209, 210, 211, 214, 216, 217, 218, 219, 222, 226, 227, 228, 229, 231, 234, 236, 242, 248, 255, 258, 260, 267, 273, 281, 286, 307, 309, 311, 319, 320, 321, 322, 323, 331, 335, 338, 339, 342, 351, 353, 354, 355, 356, 357, 358, 359, 360, 361, 362, 363, 364, 365, 366, 368, 369, 370, 371, 372, 373, 374, 375, 376, 379, 380, 384, 385, 386, 388, 390, 392, 398]","{1: [<function expanding_mean at 0x000002C58F7A04A0>], 7: [<function rolling_mean_14 at 0x000002C5930FAA20>], 30: [<function expanding_mean at 0x000002C58F7A04A0>]}",lags_400_features_132,12.661064279102971,18.44065742186297,19.751082384419696,19.287304396057404,18.867320930154623,22.221514204511504,28.282693779747664,31.812167947355473,44.20469270498973,49.191587240806825,48.83115114038743
SGD_EarlyStopping,"AutoSeasonalDifferences(max_diffs=380, n_seasons=10, season_length=267) | LocalMinMaxScaler(stats_=[[  5.11211699 325.92896936]])","[1, 2, 3, 4, 5, 6, 7, 8, 9, 11, 12, 13, 14, 16, 18, 20, 25, 27, 28, 29, 36, 37, 38, 47, 53, 59, 74, 107, 109, 110, 130, 131, 138, 139, 144, 145, 146, 147, 152, 157, 159, 161, 165, 166, 168, 173, 176, 181, 184, 187, 189, 190, 192, 193, 194, 195, 203, 204, 205, 206, 207, 209, 210, 211, 214, 216, 217, 218, 219, 222, 226, 227, 228, 229, 231, 234, 236, 242, 248, 255, 258, 260, 267, 273, 281, 286, 307, 309, 311, 319, 320, 321, 322, 323, 331, 335, 338, 339, 342, 351, 353, 354, 355, 356, 357, 358, 359, 360, 361, 362, 363, 364, 365, 366, 368, 369, 370, 371, 372, 373, 374, 375, 376, 379, 380, 384, 385, 386, 388, 390, 392, 398]","{1: [<function rolling_mean_14 at 0x000002C5930FAA20>], 7: [<function rolling_mean_30 at 0x000002C58DBF9260>], 30: [<function expanding_mean at 0x000002C58F7A04A0>]}",lags_400_features_132,12.072869284530269,17.71222582598468,19.263941219638685,19.530064419835693,21.090171263292024,28.790203448104585,35.25329081164753,41.57759613850068,53.38472255129453,53.05597833533946,54.05462285997037
SGD_ElasticNet,"AutoSeasonalDifferences(max_diffs=380, n_seasons=10, season_length=267) | LocalMinMaxScaler(stats_=[[  5.11211699 325.92896936]])","[1, 2, 3, 4, 5, 6, 7, 8, 9, 11, 12, 13, 14, 16, 18, 20, 25, 27, 28, 29, 36, 37, 38, 47, 53, 59, 74, 107, 109, 110, 130, 131, 138, 139, 144, 145, 146, 147, 152, 157, 159, 161, 165, 166, 168, 173, 176, 181, 184, 187, 189, 190, 192, 193, 194, 195, 203, 204, 205, 206, 207, 209, 210, 211, 214, 216, 217, 218, 219, 222, 226, 227, 228, 229, 231, 234, 236, 242, 248, 255, 258, 260, 267, 273, 281, 286, 307, 309, 311, 319, 320, 321, 322, 323, 331, 335, 338, 339, 342, 351, 353, 354, 355, 356, 357, 358, 359, 360, 361, 362, 363, 364, 365, 366, 368, 369, 370, 371, 372, 373, 374, 375, 376, 379, 380, 384, 385, 386, 388, 390, 392, 398]","{1: [<function rolling_mean_14 at 0x000002C5930FAA20>], 7: [<function rolling_mean_30 at 0x000002C58DBF9260>], 30: [<function expanding_mean at 0x000002C58F7A04A0>]}",lags_400_features_132,26.92549021095909,38.99220033970468,40.32954083307885,39.347376065422225,36.18030794573184,34.820838581327195,34.91262703253328,39.48438051615992,48.52764795299801,48.278262035210446,47.5932621247048
SGD_Lasso,"AutoSeasonalDifferences(max_diffs=380, n_seasons=10, season_length=267) | LocalMinMaxScaler(stats_=[[  5.11211699 325.92896936]])","[1, 2, 3, 4, 5, 6, 7, 8, 9, 11, 12, 13, 14, 16, 18, 20, 25, 27, 28, 29, 36, 37, 38, 47, 53, 59, 74, 107, 109, 110, 130, 131, 138, 139, 144, 145, 146, 147, 152, 157, 159, 161, 165, 166, 168, 173, 176, 181, 184, 187, 189, 190, 192, 193, 194, 195, 203, 204, 205, 206, 207, 209, 210, 211, 214, 216, 217, 218, 219, 222, 226, 227, 228, 229, 231, 234, 236, 242, 248, 255, 258, 260, 267, 273, 281, 286, 307, 309, 311, 319, 320, 321, 322, 323, 331, 335, 338, 339, 342, 351, 353, 354, 355, 356, 357, 358, 359, 360, 361, 362, 363, 364, 365, 366, 368, 369, 370, 371, 372, 373, 374, 375, 376, 379, 380, 384, 385, 386, 388, 390, 392, 398]","{1: [<function rolling_mean_14 at 0x000002C5930FAA20>], 7: [<function rolling_mean_30 at 0x000002C58DBF9260>], 30: [<function expanding_mean at 0x000002C58F7A04A0>]}",lags_400_features_132,116.45645628314098,101.27111292114779,99.60428319246252,88.70498882873687,74.45736397099824,65.99150962070802,60.775335383170194,55.19188933274941,70.84684913232577,95.85060511149685,95.29974283977694
SGD_Ridge,"AutoSeasonalDifferences(max_diffs=380, n_seasons=10, season_length=267) | LocalMinMaxScaler(stats_=[[  5.11211699 325.92896936]])","[1, 2, 3, 4, 5, 6, 7, 8, 9, 11, 12, 13, 14, 16, 18, 20, 25, 27, 28, 29, 36, 37, 38, 47, 53, 59, 74, 107, 109, 110, 130, 131, 138, 139, 144, 145, 146, 147, 152, 157, 159, 161, 165, 166, 168, 173, 176, 181, 184, 187, 189, 190, 192, 193, 194, 195, 203, 204, 205, 206, 207, 209, 210, 211, 214, 216, 217, 218, 219, 222, 226, 227, 228, 229, 231, 234, 236, 242, 248, 255, 258, 260, 267, 273, 281, 286, 307, 309, 311, 319, 320, 321, 322, 323, 331, 335, 338, 339, 342, 351, 353, 354, 355, 356, 357, 358, 359, 360, 361, 362, 363, 364, 365, 366, 368, 369, 370, 371, 372, 373, 374, 375, 376, 379, 380, 384, 385, 386, 388, 390, 392, 398]","{1: [<function rolling_mean_14 at 0x000002C5930FAA20>], 7: [<function rolling_mean_30 at 0x000002C58DBF9260>], 30: [<function expanding_mean at 0x000002C58F7A04A0>]}",lags_400_features_132,22.653350699743466,22.70899725956821,22.72505362760225,21.161943127956754,20.374867915611926,21.156456396418083,25.251696547150527,26.1244157729581,37.07523900814091,50.40373716466166,50.200375696971236
SGDRegressor,"AutoSeasonalDifferences(max_diffs=380, n_seasons=10, season_length=267) | LocalMinMaxScaler(stats_=[[  5.11211699 325.92896936]])","[1, 2, 3, 4, 5, 6, 7, 8, 9, 11, 12, 13, 14, 16, 18, 20, 25, 27, 28, 29, 36, 37, 38, 47, 53, 59, 74, 107, 109, 110, 130, 131, 138, 139, 144, 145, 146, 147, 152, 157, 159, 161, 165, 166, 168, 173, 176, 181, 184, 187, 189, 190, 192, 193, 194, 195, 203, 204, 205, 206, 207, 209, 210, 211, 214, 216, 217, 218, 219, 222, 226, 227, 228, 229, 231, 234, 236, 242, 248, 255, 258, 260, 267, 273, 281, 286, 307, 309, 311, 319, 320, 321, 322, 323, 331, 335, 338, 339, 342, 351, 353, 354, 355, 356, 357, 358, 359, 360, 361, 362, 363, 364, 365, 366, 368, 369, 370, 371, 372, 373, 374, 375, 376, 379, 380, 384, 385, 386, 388, 390, 392, 398]","{1: [<function rolling_mean_14 at 0x000002C5930FAA20>], 7: [<function rolling_mean_30 at 0x000002C58DBF9260>], 30: [<function expanding_mean at 0x000002C58F7A04A0>]}",lags_400_features_132,39.09084426309969,54.13584147740966,57.200500099954375,55.20214538441205,49.82442098483937,46.31556798017283,43.99898985512935,48.043329192136724,56.10990606319941,62.14550072719405,61.786591199573834
XGBRegressor,"AutoSeasonalDifferences(max_diffs=380, n_seasons=10, season_length=267) | LocalMinMaxScaler(stats_=[[  5.11211699 325.92896936]])","[1, 2, 3, 4, 5, 6, 7, 8, 9, 11, 12, 13, 14, 16, 18, 20, 25, 27, 28, 29, 36, 37, 38, 47, 53, 59, 74, 107, 109, 110, 130, 131, 138, 139, 144, 145, 146, 147, 152, 157, 159, 161, 165, 166, 168, 173, 176, 181, 184, 187, 189, 190, 192, 193, 194, 195, 203, 204, 205, 206, 207, 209, 210, 211, 214, 216, 217, 218, 219, 222, 226, 227, 228, 229, 231, 234, 236, 242, 248, 255, 258, 260, 267, 273, 281, 286, 307, 309, 311, 319, 320, 321, 322, 323, 331, 335, 338, 339, 342, 351, 353, 354, 355, 356, 357, 358, 359, 360, 361, 362, 363, 364, 365, 366, 368, 369, 370, 371, 372, 373, 374, 375, 376, 379, 380, 384, 385, 386, 388, 390, 392, 398]","{1: [<function rolling_mean_14 at 0x000002C5930FAA20>], 7: [<function rolling_mean_30 at 0x000002C58DBF9260>], 30: [<function expanding_mean at 0x000002C58F7A04A0>]}",lags_400_features_132,11.786039053021934,17.462588475130907,19.424372631438818,19.17145804340707,18.710617413055658,19.75101993241713,26.726616284282706,31.22639141223555,40.390221935955346,46.825957234001194,46.643881818958164
LGBMRegressor,"AutoSeasonalDifferences(max_diffs=380, n_seasons=10, season_length=267) | LocalMinMaxScaler(stats_=[[  5.11211699 325.92896936]])","[1, 2, 3, 4, 5, 6, 7, 8, 9, 11, 12, 13, 14, 16, 18, 20, 25, 27, 28, 29, 36, 37, 38, 47, 53, 59, 74, 107, 109, 110, 130, 131, 138, 139, 144, 145, 146, 147, 152, 157, 159, 161, 165, 166, 168, 173, 176, 181, 184, 187, 189, 190, 192, 193, 194, 195, 203, 204, 205, 206, 207, 209, 210, 211, 214, 216, 217, 218, 219, 222, 226, 227, 228, 229, 231, 234, 236, 242, 248, 255, 258, 260, 267, 273, 281, 286, 307, 309, 311, 319, 320, 321, 322, 323, 331, 335, 338, 339, 342, 351, 353, 354, 355, 356, 357, 358, 359, 360, 361, 362, 363, 364, 365, 366, 368, 369, 370, 371, 372, 373, 374, 375, 376, 379, 380, 384, 385, 386, 388, 390, 392, 398]","{1: [<function rolling_mean_14 at 0x000002C5930FAA20>], 7: [<function rolling_mean_30 at 0x000002C58DBF9260>], 30: [<function expanding_mean at 0x000002C58F7A04A0>]}",lags_400_features_132,10.968147465495372,17.318124673107306,19.39276026660797,18.873616947850845,18.73003216745048,20.400585328861474,24.98111111887009,28.969020640533994,39.70157398337161,43.96547139169609,43.77067527809864
SGD_EarlyStopping,"AutoSeasonalDifferences(max_diffs=380, n_seasons=10, season_length=267) | LocalMinMaxScaler(stats_=[[  5.11211699 325.92896936]])","[1, 2, 3, 4, 5, 6, 7, 8, 9, 11, 12, 13, 14, 16, 18, 20, 25, 27, 28, 29, 36, 37, 38, 47, 53, 59, 74, 107, 109, 110, 130, 131, 138, 139, 144, 145, 146, 147, 152, 157, 159, 161, 165, 166, 168, 173, 176, 181, 184, 187, 189, 190, 192, 193, 194, 195, 203, 204, 205, 206, 207, 209, 210, 211, 214, 216, 217, 218, 219, 222, 226, 227, 228, 229, 231, 234, 236, 242, 248, 255, 258, 260, 267, 273, 281, 286, 307, 309, 311, 319, 320, 321, 322, 323, 331, 335, 338, 339, 342, 351, 353, 354, 355, 356, 357, 358, 359, 360, 361, 362, 363, 364, 365, 366, 368, 369, 370, 371, 372, 373, 374, 375, 376, 379, 380, 384, 385, 386, 388, 390, 392, 398]","{7: [RollingMean(window_size=7)], 30: [RollingMean(window_size=30)], 60: [RollingMean(window_size=60)]}",lags_400_features_132,12.072845267985501,17.674432462255517,19.21258746345793,19.52451700066803,21.110377387425746,28.829805690702926,35.274767084059064,41.59260572495334,53.393842770833764,53.18909890316641,54.20357498800071
SGD_ElasticNet,"AutoSeasonalDifferences(max_diffs=380, n_seasons=10, season_length=267) | LocalMinMaxScaler(stats_=[[  5.11211699 325.92896936]])","[1, 2, 3, 4, 5, 6, 7, 8, 9, 11, 12, 13, 14, 16, 18, 20, 25, 27, 28, 29, 36, 37, 38, 47, 53, 59, 74, 107, 109, 110, 130, 131, 138, 139, 144, 145, 146, 147, 152, 157, 159, 161, 165, 166, 168, 173, 176, 181, 184, 187, 189, 190, 192, 193, 194, 195, 203, 204, 205, 206, 207, 209, 210, 211, 214, 216, 217, 218, 219, 222, 226, 227, 228, 229, 231, 234, 236, 242, 248, 255, 258, 260, 267, 273, 281, 286, 307, 309, 311, 319, 320, 321, 322, 323, 331, 335, 338, 339, 342, 351, 353, 354, 355, 356, 357, 358, 359, 360, 361, 362, 363, 364, 365, 366, 368, 369, 370, 371, 372, 373, 374, 375, 376, 379, 380, 384, 385, 386, 388, 390, 392, 398]","{7: [RollingMean(window_size=7)], 30: [RollingMean(window_size=30)], 60: [RollingMean(window_size=60)]}",lags_400_features_132,26.952049632061353,38.93615221251583,40.23949116677267,39.23144137828899,36.04975752986338,34.73520510683289,34.85221909331075,39.433077260761976,48.49194676961653,48.18129345415924,47.48840665331915
SGD_Lasso,"AutoSeasonalDifferences(max_diffs=380, n_seasons=10, season_length=267) | LocalMinMaxScaler(stats_=[[  5.11211699 325.92896936]])","[1, 2, 3, 4, 5, 6, 7, 8, 9, 11, 12, 13, 14, 16, 18, 20, 25, 27, 28, 29, 36, 37, 38, 47, 53, 59, 74, 107, 109, 110, 130, 131, 138, 139, 144, 145, 146, 147, 152, 157, 159, 161, 165, 166, 168, 173, 176, 181, 184, 187, 189, 190, 192, 193, 194, 195, 203, 204, 205, 206, 207, 209, 210, 211, 214, 216, 217, 218, 219, 222, 226, 227, 228, 229, 231, 234, 236, 242, 248, 255, 258, 260, 267, 273, 281, 286, 307, 309, 311, 319, 320, 321, 322, 323, 331, 335, 338, 339, 342, 351, 353, 354, 355, 356, 357, 358, 359, 360, 361, 362, 363, 364, 365, 366, 368, 369, 370, 371, 372, 373, 374, 375, 376, 379, 380, 384, 385, 386, 388, 390, 392, 398]","{7: [RollingMean(window_size=7)], 30: [RollingMean(window_size=30)], 60: [RollingMean(window_size=60)]}",lags_400_features_132,116.45645628314098,101.27111292114779,99.60428319246252,88.70498882873687,74.45736397099824,65.99150962070802,60.775335383170194,55.19188933274941,70.84684913232577,95.85060511149685,95.29974283977694
SGD_Ridge,"AutoSeasonalDifferences(max_diffs=380, n_seasons=10, season_length=267) | LocalMinMaxScaler(stats_=[[  5.11211699 325.92896936]])","[1, 2, 3, 4, 5, 6, 7, 8, 9, 11, 12, 13, 14, 16, 18, 20, 25, 27, 28, 29, 36, 37, 38, 47, 53, 59, 74, 107, 109, 110, 130, 131, 138, 139, 144, 145, 146, 147, 152, 157, 159, 161, 165, 166, 168, 173, 176, 181, 184, 187, 189, 190, 192, 193, 194, 195, 203, 204, 205, 206, 207, 209, 210, 211, 214, 216, 217, 218, 219, 222, 226, 227, 228, 229, 231, 234, 236, 242, 248, 255, 258, 260, 267, 273, 281, 286, 307, 309, 311, 319, 320, 321, 322, 323, 331, 335, 338, 339, 342, 351, 353, 354, 355, 356, 357, 358, 359, 360, 361, 362, 363, 364, 365, 366, 368, 369, 370, 371, 372, 373, 374, 375, 376, 379, 380, 384, 385, 386, 388, 390, 392, 398]","{7: [RollingMean(window_size=7)], 30: [RollingMean(window_size=30)], 60: [RollingMean(window_size=60)]}",lags_400_features_132,22.711631184234854,22.734370866269977,22.740557679557373,21.17364353960717,20.381239129929316,21.163612240271682,25.260620038781973,26.13090869479881,37.077757345142906,50.40878373215725,50.207693869396245
SGDRegressor,"AutoSeasonalDifferences(max_diffs=380, n_seasons=10, season_length=267) | LocalMinMaxScaler(stats_=[[  5.11211699 325.92896936]])","[1, 2, 3, 4, 5, 6, 7, 8, 9, 11, 12, 13, 14, 16, 18, 20, 25, 27, 28, 29, 36, 37, 38, 47, 53, 59, 74, 107, 109, 110, 130, 131, 138, 139, 144, 145, 146, 147, 152, 157, 159, 161, 165, 166, 168, 173, 176, 181, 184, 187, 189, 190, 192, 193, 194, 195, 203, 204, 205, 206, 207, 209, 210, 211, 214, 216, 217, 218, 219, 222, 226, 227, 228, 229, 231, 234, 236, 242, 248, 255, 258, 260, 267, 273, 281, 286, 307, 309, 311, 319, 320, 321, 322, 323, 331, 335, 338, 339, 342, 351, 353, 354, 355, 356, 357, 358, 359, 360, 361, 362, 363, 364, 365, 366, 368, 369, 370, 371, 372, 373, 374, 375, 376, 379, 380, 384, 385, 386, 388, 390, 392, 398]","{7: [RollingMean(window_size=7)], 30: [RollingMean(window_size=30)], 60: [RollingMean(window_size=60)]}",lags_400_features_132,39.10347556718616,54.0320814706593,57.05416659534387,55.0531007512879,49.68384255022448,46.20885621942349,43.91285483615563,47.96646064492872,56.09695716753061,62.01906479528766,61.65298213539907
XGBRegressor,"AutoSeasonalDifferences(max_diffs=380, n_seasons=10, season_length=267) | LocalMinMaxScaler(stats_=[[  5.11211699 325.92896936]])","[1, 2, 3, 4, 5, 6, 7, 8, 9, 11, 12, 13, 14, 16, 18, 20, 25, 27, 28, 29, 36, 37, 38, 47, 53, 59, 74, 107, 109, 110, 130, 131, 138, 139, 144, 145, 146, 147, 152, 157, 159, 161, 165, 166, 168, 173, 176, 181, 184, 187, 189, 190, 192, 193, 194, 195, 203, 204, 205, 206, 207, 209, 210, 211, 214, 216, 217, 218, 219, 222, 226, 227, 228, 229, 231, 234, 236, 242, 248, 255, 258, 260, 267, 273, 281, 286, 307, 309, 311, 319, 320, 321, 322, 323, 331, 335, 338, 339, 342, 351, 353, 354, 355, 356, 357, 358, 359, 360, 361, 362, 363, 364, 365, 366, 368, 369, 370, 371, 372, 373, 374, 375, 376, 379, 380, 384, 385, 386, 388, 390, 392, 398]","{7: [RollingMean(window_size=7)], 30: [RollingMean(window_size=30)], 60: [RollingMean(window_size=60)]}",lags_400_features_132,13.948959674901687,17.93484911009226,19.0347018303056,19.217247413609826,19.8754097191802,19.98676669114111,26.9560795634202,33.461514547424365,45.093309793590024,48.86428320767893,48.00222349480136
LGBMRegressor,"AutoSeasonalDifferences(max_diffs=380, n_seasons=10, season_length=267) | LocalMinMaxScaler(stats_=[[  5.11211699 325.92896936]])","[1, 2, 3, 4, 5, 6, 7, 8, 9, 11, 12, 13, 14, 16, 18, 20, 25, 27, 28, 29, 36, 37, 38, 47, 53, 59, 74, 107, 109, 110, 130, 131, 138, 139, 144, 145, 146, 147, 152, 157, 159, 161, 165, 166, 168, 173, 176, 181, 184, 187, 189, 190, 192, 193, 194, 195, 203, 204, 205, 206, 207, 209, 210, 211, 214, 216, 217, 218, 219, 222, 226, 227, 228, 229, 231, 234, 236, 242, 248, 255, 258, 260, 267, 273, 281, 286, 307, 309, 311, 319, 320, 321, 322, 323, 331, 335, 338, 339, 342, 351, 353, 354, 355, 356, 357, 358, 359, 360, 361, 362, 363, 364, 365, 366, 368, 369, 370, 371, 372, 373, 374, 375, 376, 379, 380, 384, 385, 386, 388, 390, 392, 398]","{7: [RollingMean(window_size=7)], 30: [RollingMean(window_size=30)], 60: [RollingMean(window_size=60)]}",lags_400_features_132,13.373685549232764,18.746714206584517,19.93947999840503,18.985976559239255,18.55013902051402,21.54271374226837,27.981611467652417,31.041729639565553,44.37716095773991,48.24094407502783,47.9275166347761
SGD_EarlyStopping,"AutoSeasonalDifferences(max_diffs=380, n_seasons=10, season_length=267) | LocalMinMaxScaler(stats_=[[  5.11211699 325.92896936]])","[1, 2, 3, 4, 5, 6, 7, 8, 9, 11, 12, 13, 14, 16, 18, 20, 25, 27, 28, 29, 36, 37, 38, 47, 53, 59, 74, 107, 109, 110, 130, 131, 138, 139, 144, 145, 146, 147, 152, 157, 159, 161, 165, 166, 168, 173, 176, 181, 184, 187, 189, 190, 192, 193, 194, 195, 203, 204, 205, 206, 207, 209, 210, 211, 214, 216, 217, 218, 219, 222, 226, 227, 228, 229, 231, 234, 236, 242, 248, 255, 258, 260, 267, 273, 281, 286, 307, 309, 311, 319, 320, 321, 322, 323, 331, 335, 338, 339, 342, 351, 353, 354, 355, 356, 357, 358, 359, 360, 361, 362, 363, 364, 365, 366, 368, 369, 370, 371, 372, 373, 374, 375, 376, 379, 380, 384, 385, 386, 388, 390, 392, 398]","{7: [RollingMean(window_size=7), RollingStd(window_size=7)], 30: [RollingMean(window_size=30)], 60: [ExpandingMean()], 14: [ExponentiallyWeightedMean(alpha=0.3)]}",lags_400_features_132,11.991594023468839,17.80062890644894,19.354480544460955,19.5566497620531,21.06785618933036,28.706232564687035,35.11537473350058,41.41887665719734,53.215745609962525,52.773581226037145,53.75062566701778
SGD_ElasticNet,"AutoSeasonalDifferences(max_diffs=380, n_seasons=10, season_length=267) | LocalMinMaxScaler(stats_=[[  5.11211699 325.92896936]])","[1, 2, 3, 4, 5, 6, 7, 8, 9, 11, 12, 13, 14, 16, 18, 20, 25, 27, 28, 29, 36, 37, 38, 47, 53, 59, 74, 107, 109, 110, 130, 131, 138, 139, 144, 145, 146, 147, 152, 157, 159, 161, 165, 166, 168, 173, 176, 181, 184, 187, 189, 190, 192, 193, 194, 195, 203, 204, 205, 206, 207, 209, 210, 211, 214, 216, 217, 218, 219, 222, 226, 227, 228, 229, 231, 234, 236, 242, 248, 255, 258, 260, 267, 273, 281, 286, 307, 309, 311, 319, 320, 321, 322, 323, 331, 335, 338, 339, 342, 351, 353, 354, 355, 356, 357, 358, 359, 360, 361, 362, 363, 364, 365, 366, 368, 369, 370, 371, 372, 373, 374, 375, 376, 379, 380, 384, 385, 386, 388, 390, 392, 398]","{7: [RollingMean(window_size=7), RollingStd(window_size=7)], 30: [RollingMean(window_size=30)], 60: [ExpandingMean()], 14: [ExponentiallyWeightedMean(alpha=0.3)]}",lags_400_features_132,26.921170339124668,39.02546165363708,40.39002594933766,39.42218910040834,36.25421333107291,34.870778844321485,34.92415838288674,39.46391881135035,48.5562851906198,48.29027241438828,47.60870816584067
SGD_Lasso,"AutoSeasonalDifferences(max_diffs=380, n_seasons=10, season_length=267) | LocalMinMaxScaler(stats_=[[  5.11211699 325.92896936]])","[1, 2, 3, 4, 5, 6, 7, 8, 9, 11, 12, 13, 14, 16, 18, 20, 25, 27, 28, 29, 36, 37, 38, 47, 53, 59, 74, 107, 109, 110, 130, 131, 138, 139, 144, 145, 146, 147, 152, 157, 159, 161, 165, 166, 168, 173, 176, 181, 184, 187, 189, 190, 192, 193, 194, 195, 203, 204, 205, 206, 207, 209, 210, 211, 214, 216, 217, 218, 219, 222, 226, 227, 228, 229, 231, 234, 236, 242, 248, 255, 258, 260, 267, 273, 281, 286, 307, 309, 311, 319, 320, 321, 322, 323, 331, 335, 338, 339, 342, 351, 353, 354, 355, 356, 357, 358, 359, 360, 361, 362, 363, 364, 365, 366, 368, 369, 370, 371, 372, 373, 374, 375, 376, 379, 380, 384, 385, 386, 388, 390, 392, 398]","{7: [RollingMean(window_size=7), RollingStd(window_size=7)], 30: [RollingMean(window_size=30)], 60: [ExpandingMean()], 14: [ExponentiallyWeightedMean(alpha=0.3)]}",lags_400_features_132,116.45645628314098,101.27111292114779,99.60428319246252,88.70498882873687,74.45736397099824,65.99150962070802,60.775335383170194,55.19188933274941,70.84684913232577,95.85060511149685,95.29974283977694
SGD_Ridge,"AutoSeasonalDifferences(max_diffs=380, n_seasons=10, season_length=267) | LocalMinMaxScaler(stats_=[[  5.11211699 325.92896936]])","[1, 2, 3, 4, 5, 6, 7, 8, 9, 11, 12, 13, 14, 16, 18, 20, 25, 27, 28, 29, 36, 37, 38, 47, 53, 59, 74, 107, 109, 110, 130, 131, 138, 139, 144, 145, 146, 147, 152, 157, 159, 161, 165, 166, 168, 173, 176, 181, 184, 187, 189, 190, 192, 193, 194, 195, 203, 204, 205, 206, 207, 209, 210, 211, 214, 216, 217, 218, 219, 222, 226, 227, 228, 229, 231, 234, 236, 242, 248, 255, 258, 260, 267, 273, 281, 286, 307, 309, 311, 319, 320, 321, 322, 323, 331, 335, 338, 339, 342, 351, 353, 354, 355, 356, 357, 358, 359, 360, 361, 362, 363, 364, 365, 366, 368, 369, 370, 371, 372, 373, 374, 375, 376, 379, 380, 384, 385, 386, 388, 390, 392, 398]","{7: [RollingMean(window_size=7), RollingStd(window_size=7)], 30: [RollingMean(window_size=30)], 60: [ExpandingMean()], 14: [ExponentiallyWeightedMean(alpha=0.3)]}",lags_400_features_132,22.513231462919872,22.619327495853334,22.646909425921,21.1004602868404,20.322636881481166,21.10999698503559,25.223807881507128,26.097673909363735,37.023434010666804,50.33560652405896,50.135567381480485
SGDRegressor,"AutoSeasonalDifferences(max_diffs=380, n_seasons=10, season_length=267) | LocalMinMaxScaler(stats_=[[  5.11211699 325.92896936]])","[1, 2, 3, 4, 5, 6, 7, 8, 9, 11, 12, 13, 14, 16, 18, 20, 25, 27, 28, 29, 36, 37, 38, 47, 53, 59, 74, 107, 109, 110, 130, 131, 138, 139, 144, 145, 146, 147, 152, 157, 159, 161, 165, 166, 168, 173, 176, 181, 184, 187, 189, 190, 192, 193, 194, 195, 203, 204, 205, 206, 207, 209, 210, 211, 214, 216, 217, 218, 219, 222, 226, 227, 228, 229, 231, 234, 236, 242, 248, 255, 258, 260, 267, 273, 281, 286, 307, 309, 311, 319, 320, 321, 322, 323, 331, 335, 338, 339, 342, 351, 353, 354, 355, 356, 357, 358, 359, 360, 361, 362, 363, 364, 365, 366, 368, 369, 370, 371, 372, 373, 374, 375, 376, 379, 380, 384, 385, 386, 388, 390, 392, 398]","{7: [RollingMean(window_size=7), RollingStd(window_size=7)], 30: [RollingMean(window_size=30)], 60: [ExpandingMean()], 14: [ExponentiallyWeightedMean(alpha=0.3)]}",lags_400_features_132,39.082900076661005,54.18916564763108,57.34547902765864,55.38436497725148,50.01143860353757,46.444815493009514,44.04441609345727,48.04478646495528,56.17578417852563,62.16871460737974,61.824523345529855
XGBRegressor,"AutoSeasonalDifferences(max_diffs=380, n_seasons=10, season_length=267) | LocalMinMaxScaler(stats_=[[  5.11211699 325.92896936]])","[1, 2, 3, 4, 5, 6, 7, 8, 9, 11, 12, 13, 14, 16, 18, 20, 25, 27, 28, 29, 36, 37, 38, 47, 53, 59, 74, 107, 109, 110, 130, 131, 138, 139, 144, 145, 146, 147, 152, 157, 159, 161, 165, 166, 168, 173, 176, 181, 184, 187, 189, 190, 192, 193, 194, 195, 203, 204, 205, 206, 207, 209, 210, 211, 214, 216, 217, 218, 219, 222, 226, 227, 228, 229, 231, 234, 236, 242, 248, 255, 258, 260, 267, 273, 281, 286, 307, 309, 311, 319, 320, 321, 322, 323, 331, 335, 338, 339, 342, 351, 353, 354, 355, 356, 357, 358, 359, 360, 361, 362, 363, 364, 365, 366, 368, 369, 370, 371, 372, 373, 374, 375, 376, 379, 380, 384, 385, 386, 388, 390, 392, 398]","{7: [RollingMean(window_size=7), RollingStd(window_size=7)], 30: [RollingMean(window_size=30)], 60: [ExpandingMean()], 14: [ExponentiallyWeightedMean(alpha=0.3)]}",lags_400_features_132,13.932720356389982,17.55846354435726,18.782692370355672,18.915554796087104,19.114434560101003,22.268217050504397,30.502102286995044,34.95256709903124,45.37587336177463,53.549463654200245,53.03415769537453
LGBMRegressor,"AutoSeasonalDifferences(max_diffs=380, n_seasons=10, season_length=267) | LocalMinMaxScaler(stats_=[[  5.11211699 325.92896936]])","[1, 2, 3, 4, 5, 6, 7, 8, 9, 11, 12, 13, 14, 16, 18, 20, 25, 27, 28, 29, 36, 37, 38, 47, 53, 59, 74, 107, 109, 110, 130, 131, 138, 139, 144, 145, 146, 147, 152, 157, 159, 161, 165, 166, 168, 173, 176, 181, 184, 187, 189, 190, 192, 193, 194, 195, 203, 204, 205, 206, 207, 209, 210, 211, 214, 216, 217, 218, 219, 222, 226, 227, 228, 229, 231, 234, 236, 242, 248, 255, 258, 260, 267, 273, 281, 286, 307, 309, 311, 319, 320, 321, 322, 323, 331, 335, 338, 339, 342, 351, 353, 354, 355, 356, 357, 358, 359, 360, 361, 362, 363, 364, 365, 366, 368, 369, 370, 371, 372, 373, 374, 375, 376, 379, 380, 384, 385, 386, 388, 390, 392, 398]","{7: [RollingMean(window_size=7), RollingStd(window_size=7)], 30: [RollingMean(window_size=30)], 60: [ExpandingMean()], 14: [ExponentiallyWeightedMean(alpha=0.3)]}",lags_400_features_132,11.498675315167878,17.84114581207221,19.60397535698683,18.951310793648563,18.847660553398647,21.710382925955514,27.58750905006046,31.356588935027286,43.314965975089734,49.47090837521986,49.00161744831772
XGBRegressor,"AutoSeasonalDifferences(max_diffs=380, n_seasons=10, season_length=267) | LocalBoxCox(lower=0.0, method=loglik, season_length=None, stats_=[[4.10226185e-05 0.00000000e+00]], upper=2.0)","[1, 2, 3, 4, 5, 6, 7, 8, 9, 11, 12, 13, 14, 16, 18, 20, 25, 27, 28, 29, 36, 37, 38, 47, 53, 59, 74, 107, 109, 110, 130, 131, 138, 139, 144, 145, 146, 147, 152, 157, 159, 161, 165, 166, 168, 173, 176, 181, 184, 187, 189, 190, 192, 193, 194, 195, 203, 204, 205, 206, 207, 209, 210, 211, 214, 216, 217, 218, 219, 222, 226, 227, 228, 229, 231, 234, 236, 242, 248, 255, 258, 260, 267, 273, 281, 286, 307, 309, 311, 319, 320, 321, 322, 323, 331, 335, 338, 339, 342, 351, 353, 354, 355, 356, 357, 358, 359, 360, 361, 362, 363, 364, 365, 366, 368, 369, 370, 371, 372, 373, 374, 375, 376, 379, 380, 384, 385, 386, 388, 390, 392, 398]","{1: [<function expanding_mean at 0x000002C58F7A04A0>], 7: [<function rolling_mean_14 at 0x000002C5930FAA20>], 30: [<function expanding_mean at 0x000002C58F7A04A0>]}",lags_400_features_132,15.204409048206694,20.788589305403256,20.669388702803055,19.90618433019916,19.793626819994824,19.827711662825457,26.3983327326941,32.572061610983496,47.04041613029503,54.39044184987932,53.84423711785665
LGBMRegressor,"AutoSeasonalDifferences(max_diffs=380, n_seasons=10, season_length=267) | LocalBoxCox(lower=0.0, method=loglik, season_length=None, stats_=[[4.10226185e-05 0.00000000e+00]], upper=2.0)","[1, 2, 3, 4, 5, 6, 7, 8, 9, 11, 12, 13, 14, 16, 18, 20, 25, 27, 28, 29, 36, 37, 38, 47, 53, 59, 74, 107, 109, 110, 130, 131, 138, 139, 144, 145, 146, 147, 152, 157, 159, 161, 165, 166, 168, 173, 176, 181, 184, 187, 189, 190, 192, 193, 194, 195, 203, 204, 205, 206, 207, 209, 210, 211, 214, 216, 217, 218, 219, 222, 226, 227, 228, 229, 231, 234, 236, 242, 248, 255, 258, 260, 267, 273, 281, 286, 307, 309, 311, 319, 320, 321, 322, 323, 331, 335, 338, 339, 342, 351, 353, 354, 355, 356, 357, 358, 359, 360, 361, 362, 363, 364, 365, 366, 368, 369, 370, 371, 372, 373, 374, 375, 376, 379, 380, 384, 385, 386, 388, 390, 392, 398]","{1: [<function expanding_mean at 0x000002C58F7A04A0>], 7: [<function rolling_mean_14 at 0x000002C5930FAA20>], 30: [<function expanding_mean at 0x000002C58F7A04A0>]}",lags_400_features_132,11.995852891472932,19.0720943768022,20.014114438564125,19.381006021370144,19.0823914224017,21.494276623089355,25.591399417765125,30.04487007379603,44.437845524061444,47.33477269137814,46.939256815647816
XGBRegressor,"AutoSeasonalDifferences(max_diffs=380, n_seasons=10, season_length=267) | LocalBoxCox(lower=0.0, method=loglik, season_length=None, stats_=[[4.10226185e-05 0.00000000e+00]], upper=2.0)","[1, 2, 3, 4, 5, 6, 7, 8, 9, 11, 12, 13, 14, 16, 18, 20, 25, 27, 28, 29, 36, 37, 38, 47, 53, 59, 74, 107, 109, 110, 130, 131, 138, 139, 144, 145, 146, 147, 152, 157, 159, 161, 165, 166, 168, 173, 176, 181, 184, 187, 189, 190, 192, 193, 194, 195, 203, 204, 205, 206, 207, 209, 210, 211, 214, 216, 217, 218, 219, 222, 226, 227, 228, 229, 231, 234, 236, 242, 248, 255, 258, 260, 267, 273, 281, 286, 307, 309, 311, 319, 320, 321, 322, 323, 331, 335, 338, 339, 342, 351, 353, 354, 355, 356, 357, 358, 359, 360, 361, 362, 363, 364, 365, 366, 368, 369, 370, 371, 372, 373, 374, 375, 376, 379, 380, 384, 385, 386, 388, 390, 392, 398]","{1: [<function rolling_mean_14 at 0x000002C5930FAA20>], 7: [<function rolling_mean_30 at 0x000002C58DBF9260>], 30: [<function expanding_mean at 0x000002C58F7A04A0>]}",lags_400_features_132,15.52420775765728,21.41849656646838,21.800309586282136,20.92431717895792,20.53653553254086,20.538166503899998,28.311757699117635,31.981698801286985,45.217867024572165,47.95163926095815,47.81061483762351
LGBMRegressor,"AutoSeasonalDifferences(max_diffs=380, n_seasons=10, season_length=267) | LocalBoxCox(lower=0.0, method=loglik, season_length=None, stats_=[[4.10226185e-05 0.00000000e+00]], upper=2.0)","[1, 2, 3, 4, 5, 6, 7, 8, 9, 11, 12, 13, 14, 16, 18, 20, 25, 27, 28, 29, 36, 37, 38, 47, 53, 59, 74, 107, 109, 110, 130, 131, 138, 139, 144, 145, 146, 147, 152, 157, 159, 161, 165, 166, 168, 173, 176, 181, 184, 187, 189, 190, 192, 193, 194, 195, 203, 204, 205, 206, 207, 209, 210, 211, 214, 216, 217, 218, 219, 222, 226, 227, 228, 229, 231, 234, 236, 242, 248, 255, 258, 260, 267, 273, 281, 286, 307, 309, 311, 319, 320, 321, 322, 323, 331, 335, 338, 339, 342, 351, 353, 354, 355, 356, 357, 358, 359, 360, 361, 362, 363, 364, 365, 366, 368, 369, 370, 371, 372, 373, 374, 375, 376, 379, 380, 384, 385, 386, 388, 390, 392, 398]","{1: [<function rolling_mean_14 at 0x000002C5930FAA20>], 7: [<function rolling_mean_30 at 0x000002C58DBF9260>], 30: [<function expanding_mean at 0x000002C58F7A04A0>]}",lags_400_features_132,11.443037673792448,19.26552411236159,20.226070753971946,19.53978677093838,19.42219391677388,21.94795116510946,27.30376922267825,31.61730361808716,44.49821067778974,51.102838764376024,50.53659709680669
XGBRegressor,"AutoSeasonalDifferences(max_diffs=380, n_seasons=10, season_length=267) | LocalBoxCox(lower=0.0, method=loglik, season_length=None, stats_=[[4.10226185e-05 0.00000000e+00]], upper=2.0)","[1, 2, 3, 4, 5, 6, 7, 8, 9, 11, 12, 13, 14, 16, 18, 20, 25, 27, 28, 29, 36, 37, 38, 47, 53, 59, 74, 107, 109, 110, 130, 131, 138, 139, 144, 145, 146, 147, 152, 157, 159, 161, 165, 166, 168, 173, 176, 181, 184, 187, 189, 190, 192, 193, 194, 195, 203, 204, 205, 206, 207, 209, 210, 211, 214, 216, 217, 218, 219, 222, 226, 227, 228, 229, 231, 234, 236, 242, 248, 255, 258, 260, 267, 273, 281, 286, 307, 309, 311, 319, 320, 321, 322, 323, 331, 335, 338, 339, 342, 351, 353, 354, 355, 356, 357, 358, 359, 360, 361, 362, 363, 364, 365, 366, 368, 369, 370, 371, 372, 373, 374, 375, 376, 379, 380, 384, 385, 386, 388, 390, 392, 398]","{7: [RollingMean(window_size=7)], 30: [RollingMean(window_size=30)], 60: [RollingMean(window_size=60)]}",lags_400_features_132,12.97942676641776,19.83265780560031,19.34282506371622,19.052685584322873,19.58592294741256,19.878471872280027,24.59187735054811,31.742230957913247,45.98525210175569,47.55253923264478,46.89926383548237
LGBMRegressor,"AutoSeasonalDifferences(max_diffs=380, n_seasons=10, season_length=267) | LocalBoxCox(lower=0.0, method=loglik, season_length=None, stats_=[[4.10226185e-05 0.00000000e+00]], upper=2.0)","[1, 2, 3, 4, 5, 6, 7, 8, 9, 11, 12, 13, 14, 16, 18, 20, 25, 27, 28, 29, 36, 37, 38, 47, 53, 59, 74, 107, 109, 110, 130, 131, 138, 139, 144, 145, 146, 147, 152, 157, 159, 161, 165, 166, 168, 173, 176, 181, 184, 187, 189, 190, 192, 193, 194, 195, 203, 204, 205, 206, 207, 209, 210, 211, 214, 216, 217, 218, 219, 222, 226, 227, 228, 229, 231, 234, 236, 242, 248, 255, 258, 260, 267, 273, 281, 286, 307, 309, 311, 319, 320, 321, 322, 323, 331, 335, 338, 339, 342, 351, 353, 354, 355, 356, 357, 358, 359, 360, 361, 362, 363, 364, 365, 366, 368, 369, 370, 371, 372, 373, 374, 375, 376, 379, 380, 384, 385, 386, 388, 390, 392, 398]","{7: [RollingMean(window_size=7)], 30: [RollingMean(window_size=30)], 60: [RollingMean(window_size=60)]}",lags_400_features_132,12.150160568094751,17.48772354651106,19.038722147696976,18.747339565545236,18.912398035405502,20.40229936760764,24.291438503605324,28.26786053437573,42.226262607648486,49.70514048606507,49.098404944802766
XGBRegressor,"AutoSeasonalDifferences(max_diffs=380, n_seasons=10, season_length=267) | LocalBoxCox(lower=0.0, method=loglik, season_length=None, stats_=[[4.10226185e-05 0.00000000e+00]], upper=2.0)","[1, 2, 3, 4, 5, 6, 7, 8, 9, 11, 12, 13, 14, 16, 18, 20, 25, 27, 28, 29, 36, 37, 38, 47, 53, 59, 74, 107, 109, 110, 130, 131, 138, 139, 144, 145, 146, 147, 152, 157, 159, 161, 165, 166, 168, 173, 176, 181, 184, 187, 189, 190, 192, 193, 194, 195, 203, 204, 205, 206, 207, 209, 210, 211, 214, 216, 217, 218, 219, 222, 226, 227, 228, 229, 231, 234, 236, 242, 248, 255, 258, 260, 267, 273, 281, 286, 307, 309, 311, 319, 320, 321, 322, 323, 331, 335, 338, 339, 342, 351, 353, 354, 355, 356, 357, 358, 359, 360, 361, 362, 363, 364, 365, 366, 368, 369, 370, 371, 372, 373, 374, 375, 376, 379, 380, 384, 385, 386, 388, 390, 392, 398]","{7: [RollingMean(window_size=7), RollingStd(window_size=7)], 30: [RollingMean(window_size=30)], 60: [ExpandingMean()], 14: [ExponentiallyWeightedMean(alpha=0.3)]}",lags_400_features_132,12.574776898780998,19.001025815209623,18.899408487695474,19.087580229783367,22.5693631077033,23.1728169996923,26.441864583163984,32.5179193754613,47.80794845949413,48.93560128161619,48.06367526959057
LGBMRegressor,"AutoSeasonalDifferences(max_diffs=380, n_seasons=10, season_length=267) | LocalBoxCox(lower=0.0, method=loglik, season_length=None, stats_=[[4.10226185e-05 0.00000000e+00]], upper=2.0)","[1, 2, 3, 4, 5, 6, 7, 8, 9, 11, 12, 13, 14, 16, 18, 20, 25, 27, 28, 29, 36, 37, 38, 47, 53, 59, 74, 107, 109, 110, 130, 131, 138, 139, 144, 145, 146, 147, 152, 157, 159, 161, 165, 166, 168, 173, 176, 181, 184, 187, 189, 190, 192, 193, 194, 195, 203, 204, 205, 206, 207, 209, 210, 211, 214, 216, 217, 218, 219, 222, 226, 227, 228, 229, 231, 234, 236, 242, 248, 255, 258, 260, 267, 273, 281, 286, 307, 309, 311, 319, 320, 321, 322, 323, 331, 335, 338, 339, 342, 351, 353, 354, 355, 356, 357, 358, 359, 360, 361, 362, 363, 364, 365, 366, 368, 369, 370, 371, 372, 373, 374, 375, 376, 379, 380, 384, 385, 386, 388, 390, 392, 398]","{7: [RollingMean(window_size=7), RollingStd(window_size=7)], 30: [RollingMean(window_size=30)], 60: [ExpandingMean()], 14: [ExponentiallyWeightedMean(alpha=0.3)]}",lags_400_features_132,14.088698334010912,19.428496580451878,20.933773566500278,20.371799745702777,20.291798912561905,21.361082262708123,24.526417273970228,28.160441114000196,41.52427391998562,49.37660698492422,48.88892749412516
SGD_EarlyStopping,"AutoSeasonalityAndDifferences(max_diffs=380, max_season_length=267, n_seasons=10) | LocalStandardScaler(stats_=[[47.42372721 38.3630083 ]])","[1, 2, 3, 4, 5, 6, 7, 8, 9, 11, 12, 13, 14, 16, 18, 20, 25, 27, 28, 29, 36, 37, 38, 47, 53, 59, 74, 107, 109, 110, 130, 131, 138, 139, 144, 145, 146, 147, 152, 157, 159, 161, 165, 166, 168, 173, 176, 181, 184, 187, 189, 190, 192, 193, 194, 195, 203, 204, 205, 206, 207, 209, 210, 211, 214, 216, 217, 218, 219, 222, 226, 227, 228, 229, 231, 234, 236, 242, 248, 255, 258, 260, 267, 273, 281, 286, 307, 309, 311, 319, 320, 321, 322, 323, 331, 335, 338, 339, 342, 351, 353, 354, 355, 356, 357, 358, 359, 360, 361, 362, 363, 364, 365, 366, 368, 369, 370, 371, 372, 373, 374, 375, 376, 379, 380, 384, 385, 386, 388, 390, 392, 398]","{1: [<function expanding_mean at 0x000002C58F7A04A0>], 7: [<function rolling_mean_14 at 0x000002C5930FAA20>], 30: [<function expanding_mean at 0x000002C58F7A04A0>]}",lags_400_features_132,38.11445853123652,37.85879621116925,51.74525466024862,48.240310210203205,44.8161695718635,49.999067928105205,53.30236695059466,55.336274028786804,64.77184422945759,85.50308077389901,85.17869178091631
SGD_ElasticNet,"AutoSeasonalityAndDifferences(max_diffs=380, max_season_length=267, n_seasons=10) | LocalStandardScaler(stats_=[[47.42372721 38.3630083 ]])","[1, 2, 3, 4, 5, 6, 7, 8, 9, 11, 12, 13, 14, 16, 18, 20, 25, 27, 28, 29, 36, 37, 38, 47, 53, 59, 74, 107, 109, 110, 130, 131, 138, 139, 144, 145, 146, 147, 152, 157, 159, 161, 165, 166, 168, 173, 176, 181, 184, 187, 189, 190, 192, 193, 194, 195, 203, 204, 205, 206, 207, 209, 210, 211, 214, 216, 217, 218, 219, 222, 226, 227, 228, 229, 231, 234, 236, 242, 248, 255, 258, 260, 267, 273, 281, 286, 307, 309, 311, 319, 320, 321, 322, 323, 331, 335, 338, 339, 342, 351, 353, 354, 355, 356, 357, 358, 359, 360, 361, 362, 363, 364, 365, 366, 368, 369, 370, 371, 372, 373, 374, 375, 376, 379, 380, 384, 385, 386, 388, 390, 392, 398]","{1: [<function expanding_mean at 0x000002C58F7A04A0>], 7: [<function rolling_mean_14 at 0x000002C5930FAA20>], 30: [<function expanding_mean at 0x000002C58F7A04A0>]}",lags_400_features_132,51.18541248444938,43.33791690379385,60.54104126546703,55.07048250333288,50.37923942447327,55.1874456318045,57.30726313193244,58.52095279818036,73.50935046780579,105.31997730743652,105.53389660404837
SGD_Lasso,"AutoSeasonalityAndDifferences(max_diffs=380, max_season_length=267, n_seasons=10) | LocalStandardScaler(stats_=[[47.42372721 38.3630083 ]])","[1, 2, 3, 4, 5, 6, 7, 8, 9, 11, 12, 13, 14, 16, 18, 20, 25, 27, 28, 29, 36, 37, 38, 47, 53, 59, 74, 107, 109, 110, 130, 131, 138, 139, 144, 145, 146, 147, 152, 157, 159, 161, 165, 166, 168, 173, 176, 181, 184, 187, 189, 190, 192, 193, 194, 195, 203, 204, 205, 206, 207, 209, 210, 211, 214, 216, 217, 218, 219, 222, 226, 227, 228, 229, 231, 234, 236, 242, 248, 255, 258, 260, 267, 273, 281, 286, 307, 309, 311, 319, 320, 321, 322, 323, 331, 335, 338, 339, 342, 351, 353, 354, 355, 356, 357, 358, 359, 360, 361, 362, 363, 364, 365, 366, 368, 369, 370, 371, 372, 373, 374, 375, 376, 379, 380, 384, 385, 386, 388, 390, 392, 398]","{1: [<function expanding_mean at 0x000002C58F7A04A0>], 7: [<function rolling_mean_14 at 0x000002C5930FAA20>], 30: [<function expanding_mean at 0x000002C58F7A04A0>]}",lags_400_features_132,116.70381922683035,101.50112229960071,99.83238774481138,88.92063784344901,74.6430176237741,66.14945804208581,60.88097661069576,55.28238854537649,70.96971384244392,96.02013778799265,95.46972169711594
SGD_Ridge,"AutoSeasonalityAndDifferences(max_diffs=380, max_season_length=267, n_seasons=10) | LocalStandardScaler(stats_=[[47.42372721 38.3630083 ]])","[1, 2, 3, 4, 5, 6, 7, 8, 9, 11, 12, 13, 14, 16, 18, 20, 25, 27, 28, 29, 36, 37, 38, 47, 53, 59, 74, 107, 109, 110, 130, 131, 138, 139, 144, 145, 146, 147, 152, 157, 159, 161, 165, 166, 168, 173, 176, 181, 184, 187, 189, 190, 192, 193, 194, 195, 203, 204, 205, 206, 207, 209, 210, 211, 214, 216, 217, 218, 219, 222, 226, 227, 228, 229, 231, 234, 236, 242, 248, 255, 258, 260, 267, 273, 281, 286, 307, 309, 311, 319, 320, 321, 322, 323, 331, 335, 338, 339, 342, 351, 353, 354, 355, 356, 357, 358, 359, 360, 361, 362, 363, 364, 365, 366, 368, 369, 370, 371, 372, 373, 374, 375, 376, 379, 380, 384, 385, 386, 388, 390, 392, 398]","{1: [<function expanding_mean at 0x000002C58F7A04A0>], 7: [<function rolling_mean_14 at 0x000002C5930FAA20>], 30: [<function expanding_mean at 0x000002C58F7A04A0>]}",lags_400_features_132,12.256539485642053,16.849459388730363,21.623056787891162,23.845209118586652,23.6067958514836,25.894621019925452,28.697290702833744,32.619086115723064,42.34490322349411,46.046525960594664,45.31555629984755
SGDRegressor,"AutoSeasonalityAndDifferences(max_diffs=380, max_season_length=267, n_seasons=10) | LocalStandardScaler(stats_=[[47.42372721 38.3630083 ]])","[1, 2, 3, 4, 5, 6, 7, 8, 9, 11, 12, 13, 14, 16, 18, 20, 25, 27, 28, 29, 36, 37, 38, 47, 53, 59, 74, 107, 109, 110, 130, 131, 138, 139, 144, 145, 146, 147, 152, 157, 159, 161, 165, 166, 168, 173, 176, 181, 184, 187, 189, 190, 192, 193, 194, 195, 203, 204, 205, 206, 207, 209, 210, 211, 214, 216, 217, 218, 219, 222, 226, 227, 228, 229, 231, 234, 236, 242, 248, 255, 258, 260, 267, 273, 281, 286, 307, 309, 311, 319, 320, 321, 322, 323, 331, 335, 338, 339, 342, 351, 353, 354, 355, 356, 357, 358, 359, 360, 361, 362, 363, 364, 365, 366, 368, 369, 370, 371, 372, 373, 374, 375, 376, 379, 380, 384, 385, 386, 388, 390, 392, 398]","{1: [<function expanding_mean at 0x000002C58F7A04A0>], 7: [<function rolling_mean_14 at 0x000002C5930FAA20>], 30: [<function expanding_mean at 0x000002C58F7A04A0>]}",lags_400_features_132,37.455150373242645,34.28953295651549,48.22735589102336,45.815197945209455,42.65068266427342,48.04299458062354,50.898500268363144,52.82664745463248,63.58480973202249,84.23935620619184,83.92796714787247
XGBRegressor,"AutoSeasonalityAndDifferences(max_diffs=380, max_season_length=267, n_seasons=10) | LocalStandardScaler(stats_=[[47.42372721 38.3630083 ]])","[1, 2, 3, 4, 5, 6, 7, 8, 9, 11, 12, 13, 14, 16, 18, 20, 25, 27, 28, 29, 36, 37, 38, 47, 53, 59, 74, 107, 109, 110, 130, 131, 138, 139, 144, 145, 146, 147, 152, 157, 159, 161, 165, 166, 168, 173, 176, 181, 184, 187, 189, 190, 192, 193, 194, 195, 203, 204, 205, 206, 207, 209, 210, 211, 214, 216, 217, 218, 219, 222, 226, 227, 228, 229, 231, 234, 236, 242, 248, 255, 258, 260, 267, 273, 281, 286, 307, 309, 311, 319, 320, 321, 322, 323, 331, 335, 338, 339, 342, 351, 353, 354, 355, 356, 357, 358, 359, 360, 361, 362, 363, 364, 365, 366, 368, 369, 370, 371, 372, 373, 374, 375, 376, 379, 380, 384, 385, 386, 388, 390, 392, 398]","{1: [<function expanding_mean at 0x000002C58F7A04A0>], 7: [<function rolling_mean_14 at 0x000002C5930FAA20>], 30: [<function expanding_mean at 0x000002C58F7A04A0>]}",lags_400_features_132,15.430068136082559,19.77310365935191,20.644692169643328,20.103846747113277,20.68802875870699,21.27235921171195,28.81013887566251,33.60481958762986,45.21541456552051,51.39034569745182,50.55928065068469
LGBMRegressor,"AutoSeasonalityAndDifferences(max_diffs=380, max_season_length=267, n_seasons=10) | LocalStandardScaler(stats_=[[47.42372721 38.3630083 ]])","[1, 2, 3, 4, 5, 6, 7, 8, 9, 11, 12, 13, 14, 16, 18, 20, 25, 27, 28, 29, 36, 37, 38, 47, 53, 59, 74, 107, 109, 110, 130, 131, 138, 139, 144, 145, 146, 147, 152, 157, 159, 161, 165, 166, 168, 173, 176, 181, 184, 187, 189, 190, 192, 193, 194, 195, 203, 204, 205, 206, 207, 209, 210, 211, 214, 216, 217, 218, 219, 222, 226, 227, 228, 229, 231, 234, 236, 242, 248, 255, 258, 260, 267, 273, 281, 286, 307, 309, 311, 319, 320, 321, 322, 323, 331, 335, 338, 339, 342, 351, 353, 354, 355, 356, 357, 358, 359, 360, 361, 362, 363, 364, 365, 366, 368, 369, 370, 371, 372, 373, 374, 375, 376, 379, 380, 384, 385, 386, 388, 390, 392, 398]","{1: [<function expanding_mean at 0x000002C58F7A04A0>], 7: [<function rolling_mean_14 at 0x000002C5930FAA20>], 30: [<function expanding_mean at 0x000002C58F7A04A0>]}",lags_400_features_132,13.442759593336628,19.216275167752777,20.619571060393486,19.88929922644181,19.586799735925307,23.679948824990564,30.477185502108124,33.89687014675825,46.031826870583494,49.805635463663265,49.0212180022495
SGD_EarlyStopping,"AutoSeasonalityAndDifferences(max_diffs=380, max_season_length=267, n_seasons=10) | LocalStandardScaler(stats_=[[47.42372721 38.3630083 ]])","[1, 2, 3, 4, 5, 6, 7, 8, 9, 11, 12, 13, 14, 16, 18, 20, 25, 27, 28, 29, 36, 37, 38, 47, 53, 59, 74, 107, 109, 110, 130, 131, 138, 139, 144, 145, 146, 147, 152, 157, 159, 161, 165, 166, 168, 173, 176, 181, 184, 187, 189, 190, 192, 193, 194, 195, 203, 204, 205, 206, 207, 209, 210, 211, 214, 216, 217, 218, 219, 222, 226, 227, 228, 229, 231, 234, 236, 242, 248, 255, 258, 260, 267, 273, 281, 286, 307, 309, 311, 319, 320, 321, 322, 323, 331, 335, 338, 339, 342, 351, 353, 354, 355, 356, 357, 358, 359, 360, 361, 362, 363, 364, 365, 366, 368, 369, 370, 371, 372, 373, 374, 375, 376, 379, 380, 384, 385, 386, 388, 390, 392, 398]","{1: [<function rolling_mean_14 at 0x000002C5930FAA20>], 7: [<function rolling_mean_30 at 0x000002C58DBF9260>], 30: [<function expanding_mean at 0x000002C58F7A04A0>]}",lags_400_features_132,38.11034772251997,37.85681089566687,51.80404907324323,48.304193915248476,44.881523860546395,50.04516583852778,53.33341727627482,55.35998425511847,64.78002065705395,85.56930662657453,85.24621655434646
SGD_ElasticNet,"AutoSeasonalityAndDifferences(max_diffs=380, max_season_length=267, n_seasons=10) | LocalStandardScaler(stats_=[[47.42372721 38.3630083 ]])","[1, 2, 3, 4, 5, 6, 7, 8, 9, 11, 12, 13, 14, 16, 18, 20, 25, 27, 28, 29, 36, 37, 38, 47, 53, 59, 74, 107, 109, 110, 130, 131, 138, 139, 144, 145, 146, 147, 152, 157, 159, 161, 165, 166, 168, 173, 176, 181, 184, 187, 189, 190, 192, 193, 194, 195, 203, 204, 205, 206, 207, 209, 210, 211, 214, 216, 217, 218, 219, 222, 226, 227, 228, 229, 231, 234, 236, 242, 248, 255, 258, 260, 267, 273, 281, 286, 307, 309, 311, 319, 320, 321, 322, 323, 331, 335, 338, 339, 342, 351, 353, 354, 355, 356, 357, 358, 359, 360, 361, 362, 363, 364, 365, 366, 368, 369, 370, 371, 372, 373, 374, 375, 376, 379, 380, 384, 385, 386, 388, 390, 392, 398]","{1: [<function rolling_mean_14 at 0x000002C5930FAA20>], 7: [<function rolling_mean_30 at 0x000002C58DBF9260>], 30: [<function expanding_mean at 0x000002C58F7A04A0>]}",lags_400_features_132,51.2037017854466,43.31955338043693,60.57114784664807,55.095951142697594,50.400377286142884,55.20710161422133,57.31909490555328,58.55036261610698,73.56169704411539,105.44963246648243,105.67414734425678
SGD_Lasso,"AutoSeasonalityAndDifferences(max_diffs=380, max_season_length=267, n_seasons=10) | LocalStandardScaler(stats_=[[47.42372721 38.3630083 ]])","[1, 2, 3, 4, 5, 6, 7, 8, 9, 11, 12, 13, 14, 16, 18, 20, 25, 27, 28, 29, 36, 37, 38, 47, 53, 59, 74, 107, 109, 110, 130, 131, 138, 139, 144, 145, 146, 147, 152, 157, 159, 161, 165, 166, 168, 173, 176, 181, 184, 187, 189, 190, 192, 193, 194, 195, 203, 204, 205, 206, 207, 209, 210, 211, 214, 216, 217, 218, 219, 222, 226, 227, 228, 229, 231, 234, 236, 242, 248, 255, 258, 260, 267, 273, 281, 286, 307, 309, 311, 319, 320, 321, 322, 323, 331, 335, 338, 339, 342, 351, 353, 354, 355, 356, 357, 358, 359, 360, 361, 362, 363, 364, 365, 366, 368, 369, 370, 371, 372, 373, 374, 375, 376, 379, 380, 384, 385, 386, 388, 390, 392, 398]","{1: [<function rolling_mean_14 at 0x000002C5930FAA20>], 7: [<function rolling_mean_30 at 0x000002C58DBF9260>], 30: [<function expanding_mean at 0x000002C58F7A04A0>]}",lags_400_features_132,116.70381922683035,101.50112229960071,99.83238774481138,88.92063784344901,74.6430176237741,66.14945804208581,60.88097661069576,55.28238854537649,70.96971384244392,96.02013778799265,95.46972169711594
SGD_Ridge,"AutoSeasonalityAndDifferences(max_diffs=380, max_season_length=267, n_seasons=10) | LocalStandardScaler(stats_=[[47.42372721 38.3630083 ]])","[1, 2, 3, 4, 5, 6, 7, 8, 9, 11, 12, 13, 14, 16, 18, 20, 25, 27, 28, 29, 36, 37, 38, 47, 53, 59, 74, 107, 109, 110, 130, 131, 138, 139, 144, 145, 146, 147, 152, 157, 159, 161, 165, 166, 168, 173, 176, 181, 184, 187, 189, 190, 192, 193, 194, 195, 203, 204, 205, 206, 207, 209, 210, 211, 214, 216, 217, 218, 219, 222, 226, 227, 228, 229, 231, 234, 236, 242, 248, 255, 258, 260, 267, 273, 281, 286, 307, 309, 311, 319, 320, 321, 322, 323, 331, 335, 338, 339, 342, 351, 353, 354, 355, 356, 357, 358, 359, 360, 361, 362, 363, 364, 365, 366, 368, 369, 370, 371, 372, 373, 374, 375, 376, 379, 380, 384, 385, 386, 388, 390, 392, 398]","{1: [<function rolling_mean_14 at 0x000002C5930FAA20>], 7: [<function rolling_mean_30 at 0x000002C58DBF9260>], 30: [<function expanding_mean at 0x000002C58F7A04A0>]}",lags_400_features_132,12.260357259801756,16.819731777647036,21.600271656861082,23.828100551657087,23.599625606777273,25.87899946976544,28.673612813548093,32.577773540811044,42.280870644497604,46.01999245877019,45.289283067186595
SGDRegressor,"AutoSeasonalityAndDifferences(max_diffs=380, max_season_length=267, n_seasons=10) | LocalStandardScaler(stats_=[[47.42372721 38.3630083 ]])","[1, 2, 3, 4, 5, 6, 7, 8, 9, 11, 12, 13, 14, 16, 18, 20, 25, 27, 28, 29, 36, 37, 38, 47, 53, 59, 74, 107, 109, 110, 130, 131, 138, 139, 144, 145, 146, 147, 152, 157, 159, 161, 165, 166, 168, 173, 176, 181, 184, 187, 189, 190, 192, 193, 194, 195, 203, 204, 205, 206, 207, 209, 210, 211, 214, 216, 217, 218, 219, 222, 226, 227, 228, 229, 231, 234, 236, 242, 248, 255, 258, 260, 267, 273, 281, 286, 307, 309, 311, 319, 320, 321, 322, 323, 331, 335, 338, 339, 342, 351, 353, 354, 355, 356, 357, 358, 359, 360, 361, 362, 363, 364, 365, 366, 368, 369, 370, 371, 372, 373, 374, 375, 376, 379, 380, 384, 385, 386, 388, 390, 392, 398]","{1: [<function rolling_mean_14 at 0x000002C5930FAA20>], 7: [<function rolling_mean_30 at 0x000002C58DBF9260>], 30: [<function expanding_mean at 0x000002C58F7A04A0>]}",lags_400_features_132,37.41592538722683,34.26474681196813,48.22799162743598,45.83321926642659,42.67995089453749,48.05375258179242,50.90000377382194,52.82188662936495,63.53590003755125,84.16069080979655,83.8477577702127
XGBRegressor,"AutoSeasonalityAndDifferences(max_diffs=380, max_season_length=267, n_seasons=10) | LocalStandardScaler(stats_=[[47.42372721 38.3630083 ]])","[1, 2, 3, 4, 5, 6, 7, 8, 9, 11, 12, 13, 14, 16, 18, 20, 25, 27, 28, 29, 36, 37, 38, 47, 53, 59, 74, 107, 109, 110, 130, 131, 138, 139, 144, 145, 146, 147, 152, 157, 159, 161, 165, 166, 168, 173, 176, 181, 184, 187, 189, 190, 192, 193, 194, 195, 203, 204, 205, 206, 207, 209, 210, 211, 214, 216, 217, 218, 219, 222, 226, 227, 228, 229, 231, 234, 236, 242, 248, 255, 258, 260, 267, 273, 281, 286, 307, 309, 311, 319, 320, 321, 322, 323, 331, 335, 338, 339, 342, 351, 353, 354, 355, 356, 357, 358, 359, 360, 361, 362, 363, 364, 365, 366, 368, 369, 370, 371, 372, 373, 374, 375, 376, 379, 380, 384, 385, 386, 388, 390, 392, 398]","{1: [<function rolling_mean_14 at 0x000002C5930FAA20>], 7: [<function rolling_mean_30 at 0x000002C58DBF9260>], 30: [<function expanding_mean at 0x000002C58F7A04A0>]}",lags_400_features_132,10.58589111877231,17.073965865346985,19.150741800511106,18.88330885099481,18.403170787790117,19.588107207555066,26.54639214870802,31.108116223374616,40.1234177424455,46.385714325306196,46.23419961490221
LGBMRegressor,"AutoSeasonalityAndDifferences(max_diffs=380, max_season_length=267, n_seasons=10) | LocalStandardScaler(stats_=[[47.42372721 38.3630083 ]])","[1, 2, 3, 4, 5, 6, 7, 8, 9, 11, 12, 13, 14, 16, 18, 20, 25, 27, 28, 29, 36, 37, 38, 47, 53, 59, 74, 107, 109, 110, 130, 131, 138, 139, 144, 145, 146, 147, 152, 157, 159, 161, 165, 166, 168, 173, 176, 181, 184, 187, 189, 190, 192, 193, 194, 195, 203, 204, 205, 206, 207, 209, 210, 211, 214, 216, 217, 218, 219, 222, 226, 227, 228, 229, 231, 234, 236, 242, 248, 255, 258, 260, 267, 273, 281, 286, 307, 309, 311, 319, 320, 321, 322, 323, 331, 335, 338, 339, 342, 351, 353, 354, 355, 356, 357, 358, 359, 360, 361, 362, 363, 364, 365, 366, 368, 369, 370, 371, 372, 373, 374, 375, 376, 379, 380, 384, 385, 386, 388, 390, 392, 398]","{1: [<function rolling_mean_14 at 0x000002C5930FAA20>], 7: [<function rolling_mean_30 at 0x000002C58DBF9260>], 30: [<function expanding_mean at 0x000002C58F7A04A0>]}",lags_400_features_132,12.506788028783294,18.04456519218924,19.5020833219686,18.93897328043054,18.67515094307519,20.745214878471796,27.4281600578241,30.993667575642565,40.73696073949294,44.44307596209102,44.04221838729654
SGD_EarlyStopping,"AutoSeasonalityAndDifferences(max_diffs=380, max_season_length=267, n_seasons=10) | LocalStandardScaler(stats_=[[47.42372721 38.3630083 ]])","[1, 2, 3, 4, 5, 6, 7, 8, 9, 11, 12, 13, 14, 16, 18, 20, 25, 27, 28, 29, 36, 37, 38, 47, 53, 59, 74, 107, 109, 110, 130, 131, 138, 139, 144, 145, 146, 147, 152, 157, 159, 161, 165, 166, 168, 173, 176, 181, 184, 187, 189, 190, 192, 193, 194, 195, 203, 204, 205, 206, 207, 209, 210, 211, 214, 216, 217, 218, 219, 222, 226, 227, 228, 229, 231, 234, 236, 242, 248, 255, 258, 260, 267, 273, 281, 286, 307, 309, 311, 319, 320, 321, 322, 323, 331, 335, 338, 339, 342, 351, 353, 354, 355, 356, 357, 358, 359, 360, 361, 362, 363, 364, 365, 366, 368, 369, 370, 371, 372, 373, 374, 375, 376, 379, 380, 384, 385, 386, 388, 390, 392, 398]","{7: [RollingMean(window_size=7)], 30: [RollingMean(window_size=30)], 60: [RollingMean(window_size=60)]}",lags_400_features_132,38.341144871545985,38.00114442569045,53.1540093645792,49.099474827563355,45.47104264010014,51.06290885031515,54.51586847007969,57.219129969167504,68.71359105630317,94.41001268575107,94.37043841249132
SGD_ElasticNet,"AutoSeasonalityAndDifferences(max_diffs=380, max_season_length=267, n_seasons=10) | LocalStandardScaler(stats_=[[47.42372721 38.3630083 ]])","[1, 2, 3, 4, 5, 6, 7, 8, 9, 11, 12, 13, 14, 16, 18, 20, 25, 27, 28, 29, 36, 37, 38, 47, 53, 59, 74, 107, 109, 110, 130, 131, 138, 139, 144, 145, 146, 147, 152, 157, 159, 161, 165, 166, 168, 173, 176, 181, 184, 187, 189, 190, 192, 193, 194, 195, 203, 204, 205, 206, 207, 209, 210, 211, 214, 216, 217, 218, 219, 222, 226, 227, 228, 229, 231, 234, 236, 242, 248, 255, 258, 260, 267, 273, 281, 286, 307, 309, 311, 319, 320, 321, 322, 323, 331, 335, 338, 339, 342, 351, 353, 354, 355, 356, 357, 358, 359, 360, 361, 362, 363, 364, 365, 366, 368, 369, 370, 371, 372, 373, 374, 375, 376, 379, 380, 384, 385, 386, 388, 390, 392, 398]","{7: [RollingMean(window_size=7)], 30: [RollingMean(window_size=30)], 60: [RollingMean(window_size=60)]}",lags_400_features_132,36.04813190398829,33.06120037049654,47.282527186139305,44.546172040340544,41.48041186189989,47.44518196285073,50.72810618873325,53.70590582069078,66.43239009394267,90.62709249321502,90.50782701813299
SGD_Lasso,"AutoSeasonalityAndDifferences(max_diffs=380, max_season_length=267, n_seasons=10) | LocalStandardScaler(stats_=[[47.42372721 38.3630083 ]])","[1, 2, 3, 4, 5, 6, 7, 8, 9, 11, 12, 13, 14, 16, 18, 20, 25, 27, 28, 29, 36, 37, 38, 47, 53, 59, 74, 107, 109, 110, 130, 131, 138, 139, 144, 145, 146, 147, 152, 157, 159, 161, 165, 166, 168, 173, 176, 181, 184, 187, 189, 190, 192, 193, 194, 195, 203, 204, 205, 206, 207, 209, 210, 211, 214, 216, 217, 218, 219, 222, 226, 227, 228, 229, 231, 234, 236, 242, 248, 255, 258, 260, 267, 273, 281, 286, 307, 309, 311, 319, 320, 321, 322, 323, 331, 335, 338, 339, 342, 351, 353, 354, 355, 356, 357, 358, 359, 360, 361, 362, 363, 364, 365, 366, 368, 369, 370, 371, 372, 373, 374, 375, 376, 379, 380, 384, 385, 386, 388, 390, 392, 398]","{7: [RollingMean(window_size=7)], 30: [RollingMean(window_size=30)], 60: [RollingMean(window_size=60)]}",lags_400_features_132,116.70381922683035,101.50112229960071,99.83238774481138,88.92063784344901,74.6430176237741,66.14945804208581,60.88097661069576,55.28238854537649,70.96971384244392,96.02013778799265,95.46972169711594
SGD_Ridge,"AutoSeasonalityAndDifferences(max_diffs=380, max_season_length=267, n_seasons=10) | LocalStandardScaler(stats_=[[47.42372721 38.3630083 ]])","[1, 2, 3, 4, 5, 6, 7, 8, 9, 11, 12, 13, 14, 16, 18, 20, 25, 27, 28, 29, 36, 37, 38, 47, 53, 59, 74, 107, 109, 110, 130, 131, 138, 139, 144, 145, 146, 147, 152, 157, 159, 161, 165, 166, 168, 173, 176, 181, 184, 187, 189, 190, 192, 193, 194, 195, 203, 204, 205, 206, 207, 209, 210, 211, 214, 216, 217, 218, 219, 222, 226, 227, 228, 229, 231, 234, 236, 242, 248, 255, 258, 260, 267, 273, 281, 286, 307, 309, 311, 319, 320, 321, 322, 323, 331, 335, 338, 339, 342, 351, 353, 354, 355, 356, 357, 358, 359, 360, 361, 362, 363, 364, 365, 366, 368, 369, 370, 371, 372, 373, 374, 375, 376, 379, 380, 384, 385, 386, 388, 390, 392, 398]","{7: [RollingMean(window_size=7)], 30: [RollingMean(window_size=30)], 60: [RollingMean(window_size=60)]}",lags_400_features_132,12.44942158561287,16.67691663266922,21.465640894639197,23.519395881543847,23.276680082883487,25.672379430387632,28.57935332543129,32.56242958489173,42.32634351011483,46.30891250986835,45.584496338536454
SGDRegressor,"AutoSeasonalityAndDifferences(max_diffs=380, max_season_length=267, n_seasons=10) | LocalStandardScaler(stats_=[[47.42372721 38.3630083 ]])","[1, 2, 3, 4, 5, 6, 7, 8, 9, 11, 12, 13, 14, 16, 18, 20, 25, 27, 28, 29, 36, 37, 38, 47, 53, 59, 74, 107, 109, 110, 130, 131, 138, 139, 144, 145, 146, 147, 152, 157, 159, 161, 165, 166, 168, 173, 176, 181, 184, 187, 189, 190, 192, 193, 194, 195, 203, 204, 205, 206, 207, 209, 210, 211, 214, 216, 217, 218, 219, 222, 226, 227, 228, 229, 231, 234, 236, 242, 248, 255, 258, 260, 267, 273, 281, 286, 307, 309, 311, 319, 320, 321, 322, 323, 331, 335, 338, 339, 342, 351, 353, 354, 355, 356, 357, 358, 359, 360, 361, 362, 363, 364, 365, 366, 368, 369, 370, 371, 372, 373, 374, 375, 376, 379, 380, 384, 385, 386, 388, 390, 392, 398]","{7: [RollingMean(window_size=7)], 30: [RollingMean(window_size=30)], 60: [RollingMean(window_size=60)]}",lags_400_features_132,39.3256323214966,35.77881567624643,50.99745113763322,47.57864497467112,44.01363176041734,49.73972866380226,52.586341498666265,55.20494847700186,68.32402208254528,95.24249632295749,95.2256056068041
XGBRegressor,"AutoSeasonalityAndDifferences(max_diffs=380, max_season_length=267, n_seasons=10) | LocalStandardScaler(stats_=[[47.42372721 38.3630083 ]])","[1, 2, 3, 4, 5, 6, 7, 8, 9, 11, 12, 13, 14, 16, 18, 20, 25, 27, 28, 29, 36, 37, 38, 47, 53, 59, 74, 107, 109, 110, 130, 131, 138, 139, 144, 145, 146, 147, 152, 157, 159, 161, 165, 166, 168, 173, 176, 181, 184, 187, 189, 190, 192, 193, 194, 195, 203, 204, 205, 206, 207, 209, 210, 211, 214, 216, 217, 218, 219, 222, 226, 227, 228, 229, 231, 234, 236, 242, 248, 255, 258, 260, 267, 273, 281, 286, 307, 309, 311, 319, 320, 321, 322, 323, 331, 335, 338, 339, 342, 351, 353, 354, 355, 356, 357, 358, 359, 360, 361, 362, 363, 364, 365, 366, 368, 369, 370, 371, 372, 373, 374, 375, 376, 379, 380, 384, 385, 386, 388, 390, 392, 398]","{7: [RollingMean(window_size=7)], 30: [RollingMean(window_size=30)], 60: [RollingMean(window_size=60)]}",lags_400_features_132,11.271203876086979,16.75362226981136,18.13561875944672,18.454181666493422,18.829555362753933,18.936924388983833,26.081169212315626,31.94878026204223,43.66604473337068,52.52934572262902,51.84066552153298
LGBMRegressor,"AutoSeasonalityAndDifferences(max_diffs=380, max_season_length=267, n_seasons=10) | LocalStandardScaler(stats_=[[47.42372721 38.3630083 ]])","[1, 2, 3, 4, 5, 6, 7, 8, 9, 11, 12, 13, 14, 16, 18, 20, 25, 27, 28, 29, 36, 37, 38, 47, 53, 59, 74, 107, 109, 110, 130, 131, 138, 139, 144, 145, 146, 147, 152, 157, 159, 161, 165, 166, 168, 173, 176, 181, 184, 187, 189, 190, 192, 193, 194, 195, 203, 204, 205, 206, 207, 209, 210, 211, 214, 216, 217, 218, 219, 222, 226, 227, 228, 229, 231, 234, 236, 242, 248, 255, 258, 260, 267, 273, 281, 286, 307, 309, 311, 319, 320, 321, 322, 323, 331, 335, 338, 339, 342, 351, 353, 354, 355, 356, 357, 358, 359, 360, 361, 362, 363, 364, 365, 366, 368, 369, 370, 371, 372, 373, 374, 375, 376, 379, 380, 384, 385, 386, 388, 390, 392, 398]","{7: [RollingMean(window_size=7)], 30: [RollingMean(window_size=30)], 60: [RollingMean(window_size=60)]}",lags_400_features_132,13.286113426418563,18.644420702132315,19.897023823059364,19.176909205192,18.89273390504114,22.54333369829679,29.24371136782658,32.07439056515293,44.38494240434503,49.145003523287386,48.582481198029306
SGD_EarlyStopping,"AutoSeasonalityAndDifferences(max_diffs=380, max_season_length=267, n_seasons=10) | LocalStandardScaler(stats_=[[47.42372721 38.3630083 ]])","[1, 2, 3, 4, 5, 6, 7, 8, 9, 11, 12, 13, 14, 16, 18, 20, 25, 27, 28, 29, 36, 37, 38, 47, 53, 59, 74, 107, 109, 110, 130, 131, 138, 139, 144, 145, 146, 147, 152, 157, 159, 161, 165, 166, 168, 173, 176, 181, 184, 187, 189, 190, 192, 193, 194, 195, 203, 204, 205, 206, 207, 209, 210, 211, 214, 216, 217, 218, 219, 222, 226, 227, 228, 229, 231, 234, 236, 242, 248, 255, 258, 260, 267, 273, 281, 286, 307, 309, 311, 319, 320, 321, 322, 323, 331, 335, 338, 339, 342, 351, 353, 354, 355, 356, 357, 358, 359, 360, 361, 362, 363, 364, 365, 366, 368, 369, 370, 371, 372, 373, 374, 375, 376, 379, 380, 384, 385, 386, 388, 390, 392, 398]","{7: [RollingMean(window_size=7), RollingStd(window_size=7)], 30: [RollingMean(window_size=30)], 60: [ExpandingMean()], 14: [ExponentiallyWeightedMean(alpha=0.3)]}",lags_400_features_132,38.266153126241086,37.978668961977,52.03604589903003,48.42647245773809,45.01415170047902,50.16386740972789,53.40898925226409,55.400278127995605,64.9865487700765,86.18347535589322,85.84026769626914
SGD_ElasticNet,"AutoSeasonalityAndDifferences(max_diffs=380, max_season_length=267, n_seasons=10) | LocalStandardScaler(stats_=[[47.42372721 38.3630083 ]])","[1, 2, 3, 4, 5, 6, 7, 8, 9, 11, 12, 13, 14, 16, 18, 20, 25, 27, 28, 29, 36, 37, 38, 47, 53, 59, 74, 107, 109, 110, 130, 131, 138, 139, 144, 145, 146, 147, 152, 157, 159, 161, 165, 166, 168, 173, 176, 181, 184, 187, 189, 190, 192, 193, 194, 195, 203, 204, 205, 206, 207, 209, 210, 211, 214, 216, 217, 218, 219, 222, 226, 227, 228, 229, 231, 234, 236, 242, 248, 255, 258, 260, 267, 273, 281, 286, 307, 309, 311, 319, 320, 321, 322, 323, 331, 335, 338, 339, 342, 351, 353, 354, 355, 356, 357, 358, 359, 360, 361, 362, 363, 364, 365, 366, 368, 369, 370, 371, 372, 373, 374, 375, 376, 379, 380, 384, 385, 386, 388, 390, 392, 398]","{7: [RollingMean(window_size=7), RollingStd(window_size=7)], 30: [RollingMean(window_size=30)], 60: [ExpandingMean()], 14: [ExponentiallyWeightedMean(alpha=0.3)]}",lags_400_features_132,35.03726047756255,32.32986593194173,45.23468204224549,43.482920585547085,40.73842859390855,46.30529110944633,49.482246458477,51.77482353497629,62.6188315129364,81.5517786297735,81.17581867768807
SGD_Lasso,"AutoSeasonalityAndDifferences(max_diffs=380, max_season_length=267, n_seasons=10) | LocalStandardScaler(stats_=[[47.42372721 38.3630083 ]])","[1, 2, 3, 4, 5, 6, 7, 8, 9, 11, 12, 13, 14, 16, 18, 20, 25, 27, 28, 29, 36, 37, 38, 47, 53, 59, 74, 107, 109, 110, 130, 131, 138, 139, 144, 145, 146, 147, 152, 157, 159, 161, 165, 166, 168, 173, 176, 181, 184, 187, 189, 190, 192, 193, 194, 195, 203, 204, 205, 206, 207, 209, 210, 211, 214, 216, 217, 218, 219, 222, 226, 227, 228, 229, 231, 234, 236, 242, 248, 255, 258, 260, 267, 273, 281, 286, 307, 309, 311, 319, 320, 321, 322, 323, 331, 335, 338, 339, 342, 351, 353, 354, 355, 356, 357, 358, 359, 360, 361, 362, 363, 364, 365, 366, 368, 369, 370, 371, 372, 373, 374, 375, 376, 379, 380, 384, 385, 386, 388, 390, 392, 398]","{7: [RollingMean(window_size=7), RollingStd(window_size=7)], 30: [RollingMean(window_size=30)], 60: [ExpandingMean()], 14: [ExponentiallyWeightedMean(alpha=0.3)]}",lags_400_features_132,116.70381922683035,101.50112229960071,99.83238774481138,88.92063784344901,74.6430176237741,66.14945804208581,60.88097661069576,55.28238854537649,70.96971384244392,96.02013778799265,95.46972169711594
SGD_Ridge,"AutoSeasonalityAndDifferences(max_diffs=380, max_season_length=267, n_seasons=10) | LocalStandardScaler(stats_=[[47.42372721 38.3630083 ]])","[1, 2, 3, 4, 5, 6, 7, 8, 9, 11, 12, 13, 14, 16, 18, 20, 25, 27, 28, 29, 36, 37, 38, 47, 53, 59, 74, 107, 109, 110, 130, 131, 138, 139, 144, 145, 146, 147, 152, 157, 159, 161, 165, 166, 168, 173, 176, 181, 184, 187, 189, 190, 192, 193, 194, 195, 203, 204, 205, 206, 207, 209, 210, 211, 214, 216, 217, 218, 219, 222, 226, 227, 228, 229, 231, 234, 236, 242, 248, 255, 258, 260, 267, 273, 281, 286, 307, 309, 311, 319, 320, 321, 322, 323, 331, 335, 338, 339, 342, 351, 353, 354, 355, 356, 357, 358, 359, 360, 361, 362, 363, 364, 365, 366, 368, 369, 370, 371, 372, 373, 374, 375, 376, 379, 380, 384, 385, 386, 388, 390, 392, 398]","{7: [RollingMean(window_size=7), RollingStd(window_size=7)], 30: [RollingMean(window_size=30)], 60: [ExpandingMean()], 14: [ExponentiallyWeightedMean(alpha=0.3)]}",lags_400_features_132,12.434245070398921,16.81486721383343,21.600716151285617,23.746749144983177,23.508320791783063,25.796481464017813,28.563327435280694,32.40290963069517,42.081446026466395,45.95855135699498,45.23935397131452
SGDRegressor,"AutoSeasonalityAndDifferences(max_diffs=380, max_season_length=267, n_seasons=10) | LocalStandardScaler(stats_=[[47.42372721 38.3630083 ]])","[1, 2, 3, 4, 5, 6, 7, 8, 9, 11, 12, 13, 14, 16, 18, 20, 25, 27, 28, 29, 36, 37, 38, 47, 53, 59, 74, 107, 109, 110, 130, 131, 138, 139, 144, 145, 146, 147, 152, 157, 159, 161, 165, 166, 168, 173, 176, 181, 184, 187, 189, 190, 192, 193, 194, 195, 203, 204, 205, 206, 207, 209, 210, 211, 214, 216, 217, 218, 219, 222, 226, 227, 228, 229, 231, 234, 236, 242, 248, 255, 258, 260, 267, 273, 281, 286, 307, 309, 311, 319, 320, 321, 322, 323, 331, 335, 338, 339, 342, 351, 353, 354, 355, 356, 357, 358, 359, 360, 361, 362, 363, 364, 365, 366, 368, 369, 370, 371, 372, 373, 374, 375, 376, 379, 380, 384, 385, 386, 388, 390, 392, 398]","{7: [RollingMean(window_size=7), RollingStd(window_size=7)], 30: [RollingMean(window_size=30)], 60: [ExpandingMean()], 14: [ExponentiallyWeightedMean(alpha=0.3)]}",lags_400_features_132,37.80799962033106,34.60502430711554,48.726883848684146,46.16018315988819,42.95908985159491,48.3217285095019,51.09620819747443,52.92008568646101,63.8219649330346,85.07851130460557,84.7598905209105
XGBRegressor,"AutoSeasonalityAndDifferences(max_diffs=380, max_season_length=267, n_seasons=10) | LocalStandardScaler(stats_=[[47.42372721 38.3630083 ]])","[1, 2, 3, 4, 5, 6, 7, 8, 9, 11, 12, 13, 14, 16, 18, 20, 25, 27, 28, 29, 36, 37, 38, 47, 53, 59, 74, 107, 109, 110, 130, 131, 138, 139, 144, 145, 146, 147, 152, 157, 159, 161, 165, 166, 168, 173, 176, 181, 184, 187, 189, 190, 192, 193, 194, 195, 203, 204, 205, 206, 207, 209, 210, 211, 214, 216, 217, 218, 219, 222, 226, 227, 228, 229, 231, 234, 236, 242, 248, 255, 258, 260, 267, 273, 281, 286, 307, 309, 311, 319, 320, 321, 322, 323, 331, 335, 338, 339, 342, 351, 353, 354, 355, 356, 357, 358, 359, 360, 361, 362, 363, 364, 365, 366, 368, 369, 370, 371, 372, 373, 374, 375, 376, 379, 380, 384, 385, 386, 388, 390, 392, 398]","{7: [RollingMean(window_size=7), RollingStd(window_size=7)], 30: [RollingMean(window_size=30)], 60: [ExpandingMean()], 14: [ExponentiallyWeightedMean(alpha=0.3)]}",lags_400_features_132,12.946088760216748,17.741357798900825,18.962858398579076,18.93527059539596,19.09203066088183,21.509905535706096,29.436308849205332,34.013425259600794,44.94563383248445,52.79706099207658,52.303678144707824
LGBMRegressor,"AutoSeasonalityAndDifferences(max_diffs=380, max_season_length=267, n_seasons=10) | LocalStandardScaler(stats_=[[47.42372721 38.3630083 ]])","[1, 2, 3, 4, 5, 6, 7, 8, 9, 11, 12, 13, 14, 16, 18, 20, 25, 27, 28, 29, 36, 37, 38, 47, 53, 59, 74, 107, 109, 110, 130, 131, 138, 139, 144, 145, 146, 147, 152, 157, 159, 161, 165, 166, 168, 173, 176, 181, 184, 187, 189, 190, 192, 193, 194, 195, 203, 204, 205, 206, 207, 209, 210, 211, 214, 216, 217, 218, 219, 222, 226, 227, 228, 229, 231, 234, 236, 242, 248, 255, 258, 260, 267, 273, 281, 286, 307, 309, 311, 319, 320, 321, 322, 323, 331, 335, 338, 339, 342, 351, 353, 354, 355, 356, 357, 358, 359, 360, 361, 362, 363, 364, 365, 366, 368, 369, 370, 371, 372, 373, 374, 375, 376, 379, 380, 384, 385, 386, 388, 390, 392, 398]","{7: [RollingMean(window_size=7), RollingStd(window_size=7)], 30: [RollingMean(window_size=30)], 60: [ExpandingMean()], 14: [ExponentiallyWeightedMean(alpha=0.3)]}",lags_400_features_132,12.239172491187329,18.733467977395996,20.118490262612493,19.49636824172681,19.02349724495815,23.349196346797505,30.163323702350176,34.13067078278218,47.31510953569516,51.180340892417306,50.75623923028784
SGD_EarlyStopping,"AutoSeasonalityAndDifferences(max_diffs=380, max_season_length=267, n_seasons=10) | LocalMinMaxScaler(stats_=[[  5.11211699 325.92896936]])","[1, 2, 3, 4, 5, 6, 7, 8, 9, 11, 12, 13, 14, 16, 18, 20, 25, 27, 28, 29, 36, 37, 38, 47, 53, 59, 74, 107, 109, 110, 130, 131, 138, 139, 144, 145, 146, 147, 152, 157, 159, 161, 165, 166, 168, 173, 176, 181, 184, 187, 189, 190, 192, 193, 194, 195, 203, 204, 205, 206, 207, 209, 210, 211, 214, 216, 217, 218, 219, 222, 226, 227, 228, 229, 231, 234, 236, 242, 248, 255, 258, 260, 267, 273, 281, 286, 307, 309, 311, 319, 320, 321, 322, 323, 331, 335, 338, 339, 342, 351, 353, 354, 355, 356, 357, 358, 359, 360, 361, 362, 363, 364, 365, 366, 368, 369, 370, 371, 372, 373, 374, 375, 376, 379, 380, 384, 385, 386, 388, 390, 392, 398]","{1: [<function expanding_mean at 0x000002C58F7A04A0>], 7: [<function rolling_mean_14 at 0x000002C5930FAA20>], 30: [<function expanding_mean at 0x000002C58F7A04A0>]}",lags_400_features_132,12.076646911338967,17.729762205071488,19.272904139006215,19.529170653675752,21.0736664735718,28.7407440599598,35.194083921532524,41.53066235756454,53.33590498542654,53.040104999725536,54.037245938506054
SGD_ElasticNet,"AutoSeasonalityAndDifferences(max_diffs=380, max_season_length=267, n_seasons=10) | LocalMinMaxScaler(stats_=[[  5.11211699 325.92896936]])","[1, 2, 3, 4, 5, 6, 7, 8, 9, 11, 12, 13, 14, 16, 18, 20, 25, 27, 28, 29, 36, 37, 38, 47, 53, 59, 74, 107, 109, 110, 130, 131, 138, 139, 144, 145, 146, 147, 152, 157, 159, 161, 165, 166, 168, 173, 176, 181, 184, 187, 189, 190, 192, 193, 194, 195, 203, 204, 205, 206, 207, 209, 210, 211, 214, 216, 217, 218, 219, 222, 226, 227, 228, 229, 231, 234, 236, 242, 248, 255, 258, 260, 267, 273, 281, 286, 307, 309, 311, 319, 320, 321, 322, 323, 331, 335, 338, 339, 342, 351, 353, 354, 355, 356, 357, 358, 359, 360, 361, 362, 363, 364, 365, 366, 368, 369, 370, 371, 372, 373, 374, 375, 376, 379, 380, 384, 385, 386, 388, 390, 392, 398]","{1: [<function expanding_mean at 0x000002C58F7A04A0>], 7: [<function rolling_mean_14 at 0x000002C5930FAA20>], 30: [<function expanding_mean at 0x000002C58F7A04A0>]}",lags_400_features_132,26.81154971883663,38.780287550045514,40.077720686922255,39.07958277308126,35.91355018632837,34.62932992009733,34.78968888994798,39.39313816444081,48.43363969321039,48.11346688009547,47.41866332266567
SGD_Lasso,"AutoSeasonalityAndDifferences(max_diffs=380, max_season_length=267, n_seasons=10) | LocalMinMaxScaler(stats_=[[  5.11211699 325.92896936]])","[1, 2, 3, 4, 5, 6, 7, 8, 9, 11, 12, 13, 14, 16, 18, 20, 25, 27, 28, 29, 36, 37, 38, 47, 53, 59, 74, 107, 109, 110, 130, 131, 138, 139, 144, 145, 146, 147, 152, 157, 159, 161, 165, 166, 168, 173, 176, 181, 184, 187, 189, 190, 192, 193, 194, 195, 203, 204, 205, 206, 207, 209, 210, 211, 214, 216, 217, 218, 219, 222, 226, 227, 228, 229, 231, 234, 236, 242, 248, 255, 258, 260, 267, 273, 281, 286, 307, 309, 311, 319, 320, 321, 322, 323, 331, 335, 338, 339, 342, 351, 353, 354, 355, 356, 357, 358, 359, 360, 361, 362, 363, 364, 365, 366, 368, 369, 370, 371, 372, 373, 374, 375, 376, 379, 380, 384, 385, 386, 388, 390, 392, 398]","{1: [<function expanding_mean at 0x000002C58F7A04A0>], 7: [<function rolling_mean_14 at 0x000002C5930FAA20>], 30: [<function expanding_mean at 0x000002C58F7A04A0>]}",lags_400_features_132,116.45645628314098,101.27111292114779,99.60428319246252,88.70498882873687,74.45736397099824,65.99150962070802,60.775335383170194,55.19188933274941,70.84684913232577,95.85060511149685,95.29974283977694
SGD_Ridge,"AutoSeasonalityAndDifferences(max_diffs=380, max_season_length=267, n_seasons=10) | LocalMinMaxScaler(stats_=[[  5.11211699 325.92896936]])","[1, 2, 3, 4, 5, 6, 7, 8, 9, 11, 12, 13, 14, 16, 18, 20, 25, 27, 28, 29, 36, 37, 38, 47, 53, 59, 74, 107, 109, 110, 130, 131, 138, 139, 144, 145, 146, 147, 152, 157, 159, 161, 165, 166, 168, 173, 176, 181, 184, 187, 189, 190, 192, 193, 194, 195, 203, 204, 205, 206, 207, 209, 210, 211, 214, 216, 217, 218, 219, 222, 226, 227, 228, 229, 231, 234, 236, 242, 248, 255, 258, 260, 267, 273, 281, 286, 307, 309, 311, 319, 320, 321, 322, 323, 331, 335, 338, 339, 342, 351, 353, 354, 355, 356, 357, 358, 359, 360, 361, 362, 363, 364, 365, 366, 368, 369, 370, 371, 372, 373, 374, 375, 376, 379, 380, 384, 385, 386, 388, 390, 392, 398]","{1: [<function expanding_mean at 0x000002C58F7A04A0>], 7: [<function rolling_mean_14 at 0x000002C5930FAA20>], 30: [<function expanding_mean at 0x000002C58F7A04A0>]}",lags_400_features_132,22.87747003086825,22.823944367191988,22.828332314775494,21.246054678240135,20.43680674752632,21.213913103976342,25.29147429503153,26.15897428163662,37.13308333553905,50.51734927703079,50.3148774539611
SGDRegressor,"AutoSeasonalityAndDifferences(max_diffs=380, max_season_length=267, n_seasons=10) | LocalMinMaxScaler(stats_=[[  5.11211699 325.92896936]])","[1, 2, 3, 4, 5, 6, 7, 8, 9, 11, 12, 13, 14, 16, 18, 20, 25, 27, 28, 29, 36, 37, 38, 47, 53, 59, 74, 107, 109, 110, 130, 131, 138, 139, 144, 145, 146, 147, 152, 157, 159, 161, 165, 166, 168, 173, 176, 181, 184, 187, 189, 190, 192, 193, 194, 195, 203, 204, 205, 206, 207, 209, 210, 211, 214, 216, 217, 218, 219, 222, 226, 227, 228, 229, 231, 234, 236, 242, 248, 255, 258, 260, 267, 273, 281, 286, 307, 309, 311, 319, 320, 321, 322, 323, 331, 335, 338, 339, 342, 351, 353, 354, 355, 356, 357, 358, 359, 360, 361, 362, 363, 364, 365, 366, 368, 369, 370, 371, 372, 373, 374, 375, 376, 379, 380, 384, 385, 386, 388, 390, 392, 398]","{1: [<function expanding_mean at 0x000002C58F7A04A0>], 7: [<function rolling_mean_14 at 0x000002C5930FAA20>], 30: [<function expanding_mean at 0x000002C58F7A04A0>]}",lags_400_features_132,38.84616966487051,53.75423838823771,56.69895299840366,54.68183214703054,49.327988767463275,45.938930113246556,43.745432512856645,47.833997337415695,55.89816517432013,61.75011268038699,61.361058016405615
XGBRegressor,"AutoSeasonalityAndDifferences(max_diffs=380, max_season_length=267, n_seasons=10) | LocalMinMaxScaler(stats_=[[  5.11211699 325.92896936]])","[1, 2, 3, 4, 5, 6, 7, 8, 9, 11, 12, 13, 14, 16, 18, 20, 25, 27, 28, 29, 36, 37, 38, 47, 53, 59, 74, 107, 109, 110, 130, 131, 138, 139, 144, 145, 146, 147, 152, 157, 159, 161, 165, 166, 168, 173, 176, 181, 184, 187, 189, 190, 192, 193, 194, 195, 203, 204, 205, 206, 207, 209, 210, 211, 214, 216, 217, 218, 219, 222, 226, 227, 228, 229, 231, 234, 236, 242, 248, 255, 258, 260, 267, 273, 281, 286, 307, 309, 311, 319, 320, 321, 322, 323, 331, 335, 338, 339, 342, 351, 353, 354, 355, 356, 357, 358, 359, 360, 361, 362, 363, 364, 365, 366, 368, 369, 370, 371, 372, 373, 374, 375, 376, 379, 380, 384, 385, 386, 388, 390, 392, 398]","{1: [<function expanding_mean at 0x000002C58F7A04A0>], 7: [<function rolling_mean_14 at 0x000002C5930FAA20>], 30: [<function expanding_mean at 0x000002C58F7A04A0>]}",lags_400_features_132,15.53962458345716,20.224892800096146,20.96690219426194,20.225717175779216,20.449273873185422,20.32977528745425,28.00352576974314,31.940791759209684,42.14549180183125,45.570317120879444,44.7910943841021
LGBMRegressor,"AutoSeasonalityAndDifferences(max_diffs=380, max_season_length=267, n_seasons=10) | LocalMinMaxScaler(stats_=[[  5.11211699 325.92896936]])","[1, 2, 3, 4, 5, 6, 7, 8, 9, 11, 12, 13, 14, 16, 18, 20, 25, 27, 28, 29, 36, 37, 38, 47, 53, 59, 74, 107, 109, 110, 130, 131, 138, 139, 144, 145, 146, 147, 152, 157, 159, 161, 165, 166, 168, 173, 176, 181, 184, 187, 189, 190, 192, 193, 194, 195, 203, 204, 205, 206, 207, 209, 210, 211, 214, 216, 217, 218, 219, 222, 226, 227, 228, 229, 231, 234, 236, 242, 248, 255, 258, 260, 267, 273, 281, 286, 307, 309, 311, 319, 320, 321, 322, 323, 331, 335, 338, 339, 342, 351, 353, 354, 355, 356, 357, 358, 359, 360, 361, 362, 363, 364, 365, 366, 368, 369, 370, 371, 372, 373, 374, 375, 376, 379, 380, 384, 385, 386, 388, 390, 392, 398]","{1: [<function expanding_mean at 0x000002C58F7A04A0>], 7: [<function rolling_mean_14 at 0x000002C5930FAA20>], 30: [<function expanding_mean at 0x000002C58F7A04A0>]}",lags_400_features_132,12.661064279102971,18.44065742186297,19.751082384419696,19.287304396057404,18.867320930154623,22.221514204511504,28.282693779747664,31.812167947355473,44.20469270498973,49.191587240806825,48.83115114038743
SGD_EarlyStopping,"AutoSeasonalityAndDifferences(max_diffs=380, max_season_length=267, n_seasons=10) | LocalMinMaxScaler(stats_=[[  5.11211699 325.92896936]])","[1, 2, 3, 4, 5, 6, 7, 8, 9, 11, 12, 13, 14, 16, 18, 20, 25, 27, 28, 29, 36, 37, 38, 47, 53, 59, 74, 107, 109, 110, 130, 131, 138, 139, 144, 145, 146, 147, 152, 157, 159, 161, 165, 166, 168, 173, 176, 181, 184, 187, 189, 190, 192, 193, 194, 195, 203, 204, 205, 206, 207, 209, 210, 211, 214, 216, 217, 218, 219, 222, 226, 227, 228, 229, 231, 234, 236, 242, 248, 255, 258, 260, 267, 273, 281, 286, 307, 309, 311, 319, 320, 321, 322, 323, 331, 335, 338, 339, 342, 351, 353, 354, 355, 356, 357, 358, 359, 360, 361, 362, 363, 364, 365, 366, 368, 369, 370, 371, 372, 373, 374, 375, 376, 379, 380, 384, 385, 386, 388, 390, 392, 398]","{1: [<function rolling_mean_14 at 0x000002C5930FAA20>], 7: [<function rolling_mean_30 at 0x000002C58DBF9260>], 30: [<function expanding_mean at 0x000002C58F7A04A0>]}",lags_400_features_132,12.072869284530269,17.71222582598468,19.263941219638685,19.530064419835693,21.090171263292024,28.790203448104585,35.25329081164753,41.57759613850068,53.38472255129453,53.05597833533946,54.05462285997037
SGD_ElasticNet,"AutoSeasonalityAndDifferences(max_diffs=380, max_season_length=267, n_seasons=10) | LocalMinMaxScaler(stats_=[[  5.11211699 325.92896936]])","[1, 2, 3, 4, 5, 6, 7, 8, 9, 11, 12, 13, 14, 16, 18, 20, 25, 27, 28, 29, 36, 37, 38, 47, 53, 59, 74, 107, 109, 110, 130, 131, 138, 139, 144, 145, 146, 147, 152, 157, 159, 161, 165, 166, 168, 173, 176, 181, 184, 187, 189, 190, 192, 193, 194, 195, 203, 204, 205, 206, 207, 209, 210, 211, 214, 216, 217, 218, 219, 222, 226, 227, 228, 229, 231, 234, 236, 242, 248, 255, 258, 260, 267, 273, 281, 286, 307, 309, 311, 319, 320, 321, 322, 323, 331, 335, 338, 339, 342, 351, 353, 354, 355, 356, 357, 358, 359, 360, 361, 362, 363, 364, 365, 366, 368, 369, 370, 371, 372, 373, 374, 375, 376, 379, 380, 384, 385, 386, 388, 390, 392, 398]","{1: [<function rolling_mean_14 at 0x000002C5930FAA20>], 7: [<function rolling_mean_30 at 0x000002C58DBF9260>], 30: [<function expanding_mean at 0x000002C58F7A04A0>]}",lags_400_features_132,26.92549021095909,38.99220033970468,40.32954083307885,39.347376065422225,36.18030794573184,34.820838581327195,34.91262703253328,39.48438051615992,48.52764795299801,48.278262035210446,47.5932621247048
SGD_Lasso,"AutoSeasonalityAndDifferences(max_diffs=380, max_season_length=267, n_seasons=10) | LocalMinMaxScaler(stats_=[[  5.11211699 325.92896936]])","[1, 2, 3, 4, 5, 6, 7, 8, 9, 11, 12, 13, 14, 16, 18, 20, 25, 27, 28, 29, 36, 37, 38, 47, 53, 59, 74, 107, 109, 110, 130, 131, 138, 139, 144, 145, 146, 147, 152, 157, 159, 161, 165, 166, 168, 173, 176, 181, 184, 187, 189, 190, 192, 193, 194, 195, 203, 204, 205, 206, 207, 209, 210, 211, 214, 216, 217, 218, 219, 222, 226, 227, 228, 229, 231, 234, 236, 242, 248, 255, 258, 260, 267, 273, 281, 286, 307, 309, 311, 319, 320, 321, 322, 323, 331, 335, 338, 339, 342, 351, 353, 354, 355, 356, 357, 358, 359, 360, 361, 362, 363, 364, 365, 366, 368, 369, 370, 371, 372, 373, 374, 375, 376, 379, 380, 384, 385, 386, 388, 390, 392, 398]","{1: [<function rolling_mean_14 at 0x000002C5930FAA20>], 7: [<function rolling_mean_30 at 0x000002C58DBF9260>], 30: [<function expanding_mean at 0x000002C58F7A04A0>]}",lags_400_features_132,116.45645628314098,101.27111292114779,99.60428319246252,88.70498882873687,74.45736397099824,65.99150962070802,60.775335383170194,55.19188933274941,70.84684913232577,95.85060511149685,95.29974283977694
SGD_Ridge,"AutoSeasonalityAndDifferences(max_diffs=380, max_season_length=267, n_seasons=10) | LocalMinMaxScaler(stats_=[[  5.11211699 325.92896936]])","[1, 2, 3, 4, 5, 6, 7, 8, 9, 11, 12, 13, 14, 16, 18, 20, 25, 27, 28, 29, 36, 37, 38, 47, 53, 59, 74, 107, 109, 110, 130, 131, 138, 139, 144, 145, 146, 147, 152, 157, 159, 161, 165, 166, 168, 173, 176, 181, 184, 187, 189, 190, 192, 193, 194, 195, 203, 204, 205, 206, 207, 209, 210, 211, 214, 216, 217, 218, 219, 222, 226, 227, 228, 229, 231, 234, 236, 242, 248, 255, 258, 260, 267, 273, 281, 286, 307, 309, 311, 319, 320, 321, 322, 323, 331, 335, 338, 339, 342, 351, 353, 354, 355, 356, 357, 358, 359, 360, 361, 362, 363, 364, 365, 366, 368, 369, 370, 371, 372, 373, 374, 375, 376, 379, 380, 384, 385, 386, 388, 390, 392, 398]","{1: [<function rolling_mean_14 at 0x000002C5930FAA20>], 7: [<function rolling_mean_30 at 0x000002C58DBF9260>], 30: [<function expanding_mean at 0x000002C58F7A04A0>]}",lags_400_features_132,22.653350699743466,22.70899725956821,22.72505362760225,21.161943127956754,20.374867915611926,21.156456396418083,25.251696547150527,26.1244157729581,37.07523900814091,50.40373716466166,50.200375696971236
SGDRegressor,"AutoSeasonalityAndDifferences(max_diffs=380, max_season_length=267, n_seasons=10) | LocalMinMaxScaler(stats_=[[  5.11211699 325.92896936]])","[1, 2, 3, 4, 5, 6, 7, 8, 9, 11, 12, 13, 14, 16, 18, 20, 25, 27, 28, 29, 36, 37, 38, 47, 53, 59, 74, 107, 109, 110, 130, 131, 138, 139, 144, 145, 146, 147, 152, 157, 159, 161, 165, 166, 168, 173, 176, 181, 184, 187, 189, 190, 192, 193, 194, 195, 203, 204, 205, 206, 207, 209, 210, 211, 214, 216, 217, 218, 219, 222, 226, 227, 228, 229, 231, 234, 236, 242, 248, 255, 258, 260, 267, 273, 281, 286, 307, 309, 311, 319, 320, 321, 322, 323, 331, 335, 338, 339, 342, 351, 353, 354, 355, 356, 357, 358, 359, 360, 361, 362, 363, 364, 365, 366, 368, 369, 370, 371, 372, 373, 374, 375, 376, 379, 380, 384, 385, 386, 388, 390, 392, 398]","{1: [<function rolling_mean_14 at 0x000002C5930FAA20>], 7: [<function rolling_mean_30 at 0x000002C58DBF9260>], 30: [<function expanding_mean at 0x000002C58F7A04A0>]}",lags_400_features_132,39.09084426309969,54.13584147740966,57.200500099954375,55.20214538441205,49.82442098483937,46.31556798017283,43.99898985512935,48.043329192136724,56.10990606319941,62.14550072719405,61.786591199573834
XGBRegressor,"AutoSeasonalityAndDifferences(max_diffs=380, max_season_length=267, n_seasons=10) | LocalMinMaxScaler(stats_=[[  5.11211699 325.92896936]])","[1, 2, 3, 4, 5, 6, 7, 8, 9, 11, 12, 13, 14, 16, 18, 20, 25, 27, 28, 29, 36, 37, 38, 47, 53, 59, 74, 107, 109, 110, 130, 131, 138, 139, 144, 145, 146, 147, 152, 157, 159, 161, 165, 166, 168, 173, 176, 181, 184, 187, 189, 190, 192, 193, 194, 195, 203, 204, 205, 206, 207, 209, 210, 211, 214, 216, 217, 218, 219, 222, 226, 227, 228, 229, 231, 234, 236, 242, 248, 255, 258, 260, 267, 273, 281, 286, 307, 309, 311, 319, 320, 321, 322, 323, 331, 335, 338, 339, 342, 351, 353, 354, 355, 356, 357, 358, 359, 360, 361, 362, 363, 364, 365, 366, 368, 369, 370, 371, 372, 373, 374, 375, 376, 379, 380, 384, 385, 386, 388, 390, 392, 398]","{1: [<function rolling_mean_14 at 0x000002C5930FAA20>], 7: [<function rolling_mean_30 at 0x000002C58DBF9260>], 30: [<function expanding_mean at 0x000002C58F7A04A0>]}",lags_400_features_132,11.786039053021934,17.462588475130907,19.424372631438818,19.17145804340707,18.710617413055658,19.75101993241713,26.726616284282706,31.22639141223555,40.390221935955346,46.825957234001194,46.643881818958164
LGBMRegressor,"AutoSeasonalityAndDifferences(max_diffs=380, max_season_length=267, n_seasons=10) | LocalMinMaxScaler(stats_=[[  5.11211699 325.92896936]])","[1, 2, 3, 4, 5, 6, 7, 8, 9, 11, 12, 13, 14, 16, 18, 20, 25, 27, 28, 29, 36, 37, 38, 47, 53, 59, 74, 107, 109, 110, 130, 131, 138, 139, 144, 145, 146, 147, 152, 157, 159, 161, 165, 166, 168, 173, 176, 181, 184, 187, 189, 190, 192, 193, 194, 195, 203, 204, 205, 206, 207, 209, 210, 211, 214, 216, 217, 218, 219, 222, 226, 227, 228, 229, 231, 234, 236, 242, 248, 255, 258, 260, 267, 273, 281, 286, 307, 309, 311, 319, 320, 321, 322, 323, 331, 335, 338, 339, 342, 351, 353, 354, 355, 356, 357, 358, 359, 360, 361, 362, 363, 364, 365, 366, 368, 369, 370, 371, 372, 373, 374, 375, 376, 379, 380, 384, 385, 386, 388, 390, 392, 398]","{1: [<function rolling_mean_14 at 0x000002C5930FAA20>], 7: [<function rolling_mean_30 at 0x000002C58DBF9260>], 30: [<function expanding_mean at 0x000002C58F7A04A0>]}",lags_400_features_132,10.968147465495372,17.318124673107306,19.39276026660797,18.873616947850845,18.73003216745048,20.400585328861474,24.98111111887009,28.969020640533994,39.70157398337161,43.96547139169609,43.77067527809864
SGD_EarlyStopping,"AutoSeasonalityAndDifferences(max_diffs=380, max_season_length=267, n_seasons=10) | LocalMinMaxScaler(stats_=[[  5.11211699 325.92896936]])","[1, 2, 3, 4, 5, 6, 7, 8, 9, 11, 12, 13, 14, 16, 18, 20, 25, 27, 28, 29, 36, 37, 38, 47, 53, 59, 74, 107, 109, 110, 130, 131, 138, 139, 144, 145, 146, 147, 152, 157, 159, 161, 165, 166, 168, 173, 176, 181, 184, 187, 189, 190, 192, 193, 194, 195, 203, 204, 205, 206, 207, 209, 210, 211, 214, 216, 217, 218, 219, 222, 226, 227, 228, 229, 231, 234, 236, 242, 248, 255, 258, 260, 267, 273, 281, 286, 307, 309, 311, 319, 320, 321, 322, 323, 331, 335, 338, 339, 342, 351, 353, 354, 355, 356, 357, 358, 359, 360, 361, 362, 363, 364, 365, 366, 368, 369, 370, 371, 372, 373, 374, 375, 376, 379, 380, 384, 385, 386, 388, 390, 392, 398]","{7: [RollingMean(window_size=7)], 30: [RollingMean(window_size=30)], 60: [RollingMean(window_size=60)]}",lags_400_features_132,12.072845267985501,17.674432462255517,19.21258746345793,19.52451700066803,21.110377387425746,28.829805690702926,35.274767084059064,41.59260572495334,53.393842770833764,53.18909890316641,54.20357498800071
SGD_ElasticNet,"AutoSeasonalityAndDifferences(max_diffs=380, max_season_length=267, n_seasons=10) | LocalMinMaxScaler(stats_=[[  5.11211699 325.92896936]])","[1, 2, 3, 4, 5, 6, 7, 8, 9, 11, 12, 13, 14, 16, 18, 20, 25, 27, 28, 29, 36, 37, 38, 47, 53, 59, 74, 107, 109, 110, 130, 131, 138, 139, 144, 145, 146, 147, 152, 157, 159, 161, 165, 166, 168, 173, 176, 181, 184, 187, 189, 190, 192, 193, 194, 195, 203, 204, 205, 206, 207, 209, 210, 211, 214, 216, 217, 218, 219, 222, 226, 227, 228, 229, 231, 234, 236, 242, 248, 255, 258, 260, 267, 273, 281, 286, 307, 309, 311, 319, 320, 321, 322, 323, 331, 335, 338, 339, 342, 351, 353, 354, 355, 356, 357, 358, 359, 360, 361, 362, 363, 364, 365, 366, 368, 369, 370, 371, 372, 373, 374, 375, 376, 379, 380, 384, 385, 386, 388, 390, 392, 398]","{7: [RollingMean(window_size=7)], 30: [RollingMean(window_size=30)], 60: [RollingMean(window_size=60)]}",lags_400_features_132,26.952049632061353,38.93615221251583,40.23949116677267,39.23144137828899,36.04975752986338,34.73520510683289,34.85221909331075,39.433077260761976,48.49194676961653,48.18129345415924,47.48840665331915
SGD_Lasso,"AutoSeasonalityAndDifferences(max_diffs=380, max_season_length=267, n_seasons=10) | LocalMinMaxScaler(stats_=[[  5.11211699 325.92896936]])","[1, 2, 3, 4, 5, 6, 7, 8, 9, 11, 12, 13, 14, 16, 18, 20, 25, 27, 28, 29, 36, 37, 38, 47, 53, 59, 74, 107, 109, 110, 130, 131, 138, 139, 144, 145, 146, 147, 152, 157, 159, 161, 165, 166, 168, 173, 176, 181, 184, 187, 189, 190, 192, 193, 194, 195, 203, 204, 205, 206, 207, 209, 210, 211, 214, 216, 217, 218, 219, 222, 226, 227, 228, 229, 231, 234, 236, 242, 248, 255, 258, 260, 267, 273, 281, 286, 307, 309, 311, 319, 320, 321, 322, 323, 331, 335, 338, 339, 342, 351, 353, 354, 355, 356, 357, 358, 359, 360, 361, 362, 363, 364, 365, 366, 368, 369, 370, 371, 372, 373, 374, 375, 376, 379, 380, 384, 385, 386, 388, 390, 392, 398]","{7: [RollingMean(window_size=7)], 30: [RollingMean(window_size=30)], 60: [RollingMean(window_size=60)]}",lags_400_features_132,116.45645628314098,101.27111292114779,99.60428319246252,88.70498882873687,74.45736397099824,65.99150962070802,60.775335383170194,55.19188933274941,70.84684913232577,95.85060511149685,95.29974283977694
SGD_Ridge,"AutoSeasonalityAndDifferences(max_diffs=380, max_season_length=267, n_seasons=10) | LocalMinMaxScaler(stats_=[[  5.11211699 325.92896936]])","[1, 2, 3, 4, 5, 6, 7, 8, 9, 11, 12, 13, 14, 16, 18, 20, 25, 27, 28, 29, 36, 37, 38, 47, 53, 59, 74, 107, 109, 110, 130, 131, 138, 139, 144, 145, 146, 147, 152, 157, 159, 161, 165, 166, 168, 173, 176, 181, 184, 187, 189, 190, 192, 193, 194, 195, 203, 204, 205, 206, 207, 209, 210, 211, 214, 216, 217, 218, 219, 222, 226, 227, 228, 229, 231, 234, 236, 242, 248, 255, 258, 260, 267, 273, 281, 286, 307, 309, 311, 319, 320, 321, 322, 323, 331, 335, 338, 339, 342, 351, 353, 354, 355, 356, 357, 358, 359, 360, 361, 362, 363, 364, 365, 366, 368, 369, 370, 371, 372, 373, 374, 375, 376, 379, 380, 384, 385, 386, 388, 390, 392, 398]","{7: [RollingMean(window_size=7)], 30: [RollingMean(window_size=30)], 60: [RollingMean(window_size=60)]}",lags_400_features_132,22.711631184234854,22.734370866269977,22.740557679557373,21.17364353960717,20.381239129929316,21.163612240271682,25.260620038781973,26.13090869479881,37.077757345142906,50.40878373215725,50.207693869396245
SGDRegressor,"AutoSeasonalityAndDifferences(max_diffs=380, max_season_length=267, n_seasons=10) | LocalMinMaxScaler(stats_=[[  5.11211699 325.92896936]])","[1, 2, 3, 4, 5, 6, 7, 8, 9, 11, 12, 13, 14, 16, 18, 20, 25, 27, 28, 29, 36, 37, 38, 47, 53, 59, 74, 107, 109, 110, 130, 131, 138, 139, 144, 145, 146, 147, 152, 157, 159, 161, 165, 166, 168, 173, 176, 181, 184, 187, 189, 190, 192, 193, 194, 195, 203, 204, 205, 206, 207, 209, 210, 211, 214, 216, 217, 218, 219, 222, 226, 227, 228, 229, 231, 234, 236, 242, 248, 255, 258, 260, 267, 273, 281, 286, 307, 309, 311, 319, 320, 321, 322, 323, 331, 335, 338, 339, 342, 351, 353, 354, 355, 356, 357, 358, 359, 360, 361, 362, 363, 364, 365, 366, 368, 369, 370, 371, 372, 373, 374, 375, 376, 379, 380, 384, 385, 386, 388, 390, 392, 398]","{7: [RollingMean(window_size=7)], 30: [RollingMean(window_size=30)], 60: [RollingMean(window_size=60)]}",lags_400_features_132,39.10347556718616,54.0320814706593,57.05416659534387,55.0531007512879,49.68384255022448,46.20885621942349,43.91285483615563,47.96646064492872,56.09695716753061,62.01906479528766,61.65298213539907
XGBRegressor,"AutoSeasonalityAndDifferences(max_diffs=380, max_season_length=267, n_seasons=10) | LocalMinMaxScaler(stats_=[[  5.11211699 325.92896936]])","[1, 2, 3, 4, 5, 6, 7, 8, 9, 11, 12, 13, 14, 16, 18, 20, 25, 27, 28, 29, 36, 37, 38, 47, 53, 59, 74, 107, 109, 110, 130, 131, 138, 139, 144, 145, 146, 147, 152, 157, 159, 161, 165, 166, 168, 173, 176, 181, 184, 187, 189, 190, 192, 193, 194, 195, 203, 204, 205, 206, 207, 209, 210, 211, 214, 216, 217, 218, 219, 222, 226, 227, 228, 229, 231, 234, 236, 242, 248, 255, 258, 260, 267, 273, 281, 286, 307, 309, 311, 319, 320, 321, 322, 323, 331, 335, 338, 339, 342, 351, 353, 354, 355, 356, 357, 358, 359, 360, 361, 362, 363, 364, 365, 366, 368, 369, 370, 371, 372, 373, 374, 375, 376, 379, 380, 384, 385, 386, 388, 390, 392, 398]","{7: [RollingMean(window_size=7)], 30: [RollingMean(window_size=30)], 60: [RollingMean(window_size=60)]}",lags_400_features_132,13.948959674901687,17.93484911009226,19.0347018303056,19.217247413609826,19.8754097191802,19.98676669114111,26.9560795634202,33.461514547424365,45.093309793590024,48.86428320767893,48.00222349480136
LGBMRegressor,"AutoSeasonalityAndDifferences(max_diffs=380, max_season_length=267, n_seasons=10) | LocalMinMaxScaler(stats_=[[  5.11211699 325.92896936]])","[1, 2, 3, 4, 5, 6, 7, 8, 9, 11, 12, 13, 14, 16, 18, 20, 25, 27, 28, 29, 36, 37, 38, 47, 53, 59, 74, 107, 109, 110, 130, 131, 138, 139, 144, 145, 146, 147, 152, 157, 159, 161, 165, 166, 168, 173, 176, 181, 184, 187, 189, 190, 192, 193, 194, 195, 203, 204, 205, 206, 207, 209, 210, 211, 214, 216, 217, 218, 219, 222, 226, 227, 228, 229, 231, 234, 236, 242, 248, 255, 258, 260, 267, 273, 281, 286, 307, 309, 311, 319, 320, 321, 322, 323, 331, 335, 338, 339, 342, 351, 353, 354, 355, 356, 357, 358, 359, 360, 361, 362, 363, 364, 365, 366, 368, 369, 370, 371, 372, 373, 374, 375, 376, 379, 380, 384, 385, 386, 388, 390, 392, 398]","{7: [RollingMean(window_size=7)], 30: [RollingMean(window_size=30)], 60: [RollingMean(window_size=60)]}",lags_400_features_132,13.373685549232764,18.746714206584517,19.93947999840503,18.985976559239255,18.55013902051402,21.54271374226837,27.981611467652417,31.041729639565553,44.37716095773991,48.24094407502783,47.9275166347761
SGD_EarlyStopping,"AutoSeasonalityAndDifferences(max_diffs=380, max_season_length=267, n_seasons=10) | LocalMinMaxScaler(stats_=[[  5.11211699 325.92896936]])","[1, 2, 3, 4, 5, 6, 7, 8, 9, 11, 12, 13, 14, 16, 18, 20, 25, 27, 28, 29, 36, 37, 38, 47, 53, 59, 74, 107, 109, 110, 130, 131, 138, 139, 144, 145, 146, 147, 152, 157, 159, 161, 165, 166, 168, 173, 176, 181, 184, 187, 189, 190, 192, 193, 194, 195, 203, 204, 205, 206, 207, 209, 210, 211, 214, 216, 217, 218, 219, 222, 226, 227, 228, 229, 231, 234, 236, 242, 248, 255, 258, 260, 267, 273, 281, 286, 307, 309, 311, 319, 320, 321, 322, 323, 331, 335, 338, 339, 342, 351, 353, 354, 355, 356, 357, 358, 359, 360, 361, 362, 363, 364, 365, 366, 368, 369, 370, 371, 372, 373, 374, 375, 376, 379, 380, 384, 385, 386, 388, 390, 392, 398]","{7: [RollingMean(window_size=7), RollingStd(window_size=7)], 30: [RollingMean(window_size=30)], 60: [ExpandingMean()], 14: [ExponentiallyWeightedMean(alpha=0.3)]}",lags_400_features_132,11.991594023468839,17.80062890644894,19.354480544460955,19.5566497620531,21.06785618933036,28.706232564687035,35.11537473350058,41.41887665719734,53.215745609962525,52.773581226037145,53.75062566701778
SGD_ElasticNet,"AutoSeasonalityAndDifferences(max_diffs=380, max_season_length=267, n_seasons=10) | LocalMinMaxScaler(stats_=[[  5.11211699 325.92896936]])","[1, 2, 3, 4, 5, 6, 7, 8, 9, 11, 12, 13, 14, 16, 18, 20, 25, 27, 28, 29, 36, 37, 38, 47, 53, 59, 74, 107, 109, 110, 130, 131, 138, 139, 144, 145, 146, 147, 152, 157, 159, 161, 165, 166, 168, 173, 176, 181, 184, 187, 189, 190, 192, 193, 194, 195, 203, 204, 205, 206, 207, 209, 210, 211, 214, 216, 217, 218, 219, 222, 226, 227, 228, 229, 231, 234, 236, 242, 248, 255, 258, 260, 267, 273, 281, 286, 307, 309, 311, 319, 320, 321, 322, 323, 331, 335, 338, 339, 342, 351, 353, 354, 355, 356, 357, 358, 359, 360, 361, 362, 363, 364, 365, 366, 368, 369, 370, 371, 372, 373, 374, 375, 376, 379, 380, 384, 385, 386, 388, 390, 392, 398]","{7: [RollingMean(window_size=7), RollingStd(window_size=7)], 30: [RollingMean(window_size=30)], 60: [ExpandingMean()], 14: [ExponentiallyWeightedMean(alpha=0.3)]}",lags_400_features_132,26.921170339124668,39.02546165363708,40.39002594933766,39.42218910040834,36.25421333107291,34.870778844321485,34.92415838288674,39.46391881135035,48.5562851906198,48.29027241438828,47.60870816584067
SGD_Lasso,"AutoSeasonalityAndDifferences(max_diffs=380, max_season_length=267, n_seasons=10) | LocalMinMaxScaler(stats_=[[  5.11211699 325.92896936]])","[1, 2, 3, 4, 5, 6, 7, 8, 9, 11, 12, 13, 14, 16, 18, 20, 25, 27, 28, 29, 36, 37, 38, 47, 53, 59, 74, 107, 109, 110, 130, 131, 138, 139, 144, 145, 146, 147, 152, 157, 159, 161, 165, 166, 168, 173, 176, 181, 184, 187, 189, 190, 192, 193, 194, 195, 203, 204, 205, 206, 207, 209, 210, 211, 214, 216, 217, 218, 219, 222, 226, 227, 228, 229, 231, 234, 236, 242, 248, 255, 258, 260, 267, 273, 281, 286, 307, 309, 311, 319, 320, 321, 322, 323, 331, 335, 338, 339, 342, 351, 353, 354, 355, 356, 357, 358, 359, 360, 361, 362, 363, 364, 365, 366, 368, 369, 370, 371, 372, 373, 374, 375, 376, 379, 380, 384, 385, 386, 388, 390, 392, 398]","{7: [RollingMean(window_size=7), RollingStd(window_size=7)], 30: [RollingMean(window_size=30)], 60: [ExpandingMean()], 14: [ExponentiallyWeightedMean(alpha=0.3)]}",lags_400_features_132,116.45645628314098,101.27111292114779,99.60428319246252,88.70498882873687,74.45736397099824,65.99150962070802,60.775335383170194,55.19188933274941,70.84684913232577,95.85060511149685,95.29974283977694
SGD_Ridge,"AutoSeasonalityAndDifferences(max_diffs=380, max_season_length=267, n_seasons=10) | LocalMinMaxScaler(stats_=[[  5.11211699 325.92896936]])","[1, 2, 3, 4, 5, 6, 7, 8, 9, 11, 12, 13, 14, 16, 18, 20, 25, 27, 28, 29, 36, 37, 38, 47, 53, 59, 74, 107, 109, 110, 130, 131, 138, 139, 144, 145, 146, 147, 152, 157, 159, 161, 165, 166, 168, 173, 176, 181, 184, 187, 189, 190, 192, 193, 194, 195, 203, 204, 205, 206, 207, 209, 210, 211, 214, 216, 217, 218, 219, 222, 226, 227, 228, 229, 231, 234, 236, 242, 248, 255, 258, 260, 267, 273, 281, 286, 307, 309, 311, 319, 320, 321, 322, 323, 331, 335, 338, 339, 342, 351, 353, 354, 355, 356, 357, 358, 359, 360, 361, 362, 363, 364, 365, 366, 368, 369, 370, 371, 372, 373, 374, 375, 376, 379, 380, 384, 385, 386, 388, 390, 392, 398]","{7: [RollingMean(window_size=7), RollingStd(window_size=7)], 30: [RollingMean(window_size=30)], 60: [ExpandingMean()], 14: [ExponentiallyWeightedMean(alpha=0.3)]}",lags_400_features_132,22.513231462919872,22.619327495853334,22.646909425921,21.1004602868404,20.322636881481166,21.10999698503559,25.223807881507128,26.097673909363735,37.023434010666804,50.33560652405896,50.135567381480485
SGDRegressor,"AutoSeasonalityAndDifferences(max_diffs=380, max_season_length=267, n_seasons=10) | LocalMinMaxScaler(stats_=[[  5.11211699 325.92896936]])","[1, 2, 3, 4, 5, 6, 7, 8, 9, 11, 12, 13, 14, 16, 18, 20, 25, 27, 28, 29, 36, 37, 38, 47, 53, 59, 74, 107, 109, 110, 130, 131, 138, 139, 144, 145, 146, 147, 152, 157, 159, 161, 165, 166, 168, 173, 176, 181, 184, 187, 189, 190, 192, 193, 194, 195, 203, 204, 205, 206, 207, 209, 210, 211, 214, 216, 217, 218, 219, 222, 226, 227, 228, 229, 231, 234, 236, 242, 248, 255, 258, 260, 267, 273, 281, 286, 307, 309, 311, 319, 320, 321, 322, 323, 331, 335, 338, 339, 342, 351, 353, 354, 355, 356, 357, 358, 359, 360, 361, 362, 363, 364, 365, 366, 368, 369, 370, 371, 372, 373, 374, 375, 376, 379, 380, 384, 385, 386, 388, 390, 392, 398]","{7: [RollingMean(window_size=7), RollingStd(window_size=7)], 30: [RollingMean(window_size=30)], 60: [ExpandingMean()], 14: [ExponentiallyWeightedMean(alpha=0.3)]}",lags_400_features_132,39.082900076661005,54.18916564763108,57.34547902765864,55.38436497725148,50.01143860353757,46.444815493009514,44.04441609345727,48.04478646495528,56.17578417852563,62.16871460737974,61.824523345529855
XGBRegressor,"AutoSeasonalityAndDifferences(max_diffs=380, max_season_length=267, n_seasons=10) | LocalMinMaxScaler(stats_=[[  5.11211699 325.92896936]])","[1, 2, 3, 4, 5, 6, 7, 8, 9, 11, 12, 13, 14, 16, 18, 20, 25, 27, 28, 29, 36, 37, 38, 47, 53, 59, 74, 107, 109, 110, 130, 131, 138, 139, 144, 145, 146, 147, 152, 157, 159, 161, 165, 166, 168, 173, 176, 181, 184, 187, 189, 190, 192, 193, 194, 195, 203, 204, 205, 206, 207, 209, 210, 211, 214, 216, 217, 218, 219, 222, 226, 227, 228, 229, 231, 234, 236, 242, 248, 255, 258, 260, 267, 273, 281, 286, 307, 309, 311, 319, 320, 321, 322, 323, 331, 335, 338, 339, 342, 351, 353, 354, 355, 356, 357, 358, 359, 360, 361, 362, 363, 364, 365, 366, 368, 369, 370, 371, 372, 373, 374, 375, 376, 379, 380, 384, 385, 386, 388, 390, 392, 398]","{7: [RollingMean(window_size=7), RollingStd(window_size=7)], 30: [RollingMean(window_size=30)], 60: [ExpandingMean()], 14: [ExponentiallyWeightedMean(alpha=0.3)]}",lags_400_features_132,13.932720356389982,17.55846354435726,18.782692370355672,18.915554796087104,19.114434560101003,22.268217050504397,30.502102286995044,34.95256709903124,45.37587336177463,53.549463654200245,53.03415769537453
LGBMRegressor,"AutoSeasonalityAndDifferences(max_diffs=380, max_season_length=267, n_seasons=10) | LocalMinMaxScaler(stats_=[[  5.11211699 325.92896936]])","[1, 2, 3, 4, 5, 6, 7, 8, 9, 11, 12, 13, 14, 16, 18, 20, 25, 27, 28, 29, 36, 37, 38, 47, 53, 59, 74, 107, 109, 110, 130, 131, 138, 139, 144, 145, 146, 147, 152, 157, 159, 161, 165, 166, 168, 173, 176, 181, 184, 187, 189, 190, 192, 193, 194, 195, 203, 204, 205, 206, 207, 209, 210, 211, 214, 216, 217, 218, 219, 222, 226, 227, 228, 229, 231, 234, 236, 242, 248, 255, 258, 260, 267, 273, 281, 286, 307, 309, 311, 319, 320, 321, 322, 323, 331, 335, 338, 339, 342, 351, 353, 354, 355, 356, 357, 358, 359, 360, 361, 362, 363, 364, 365, 366, 368, 369, 370, 371, 372, 373, 374, 375, 376, 379, 380, 384, 385, 386, 388, 390, 392, 398]","{7: [RollingMean(window_size=7), RollingStd(window_size=7)], 30: [RollingMean(window_size=30)], 60: [ExpandingMean()], 14: [ExponentiallyWeightedMean(alpha=0.3)]}",lags_400_features_132,11.498675315167878,17.84114581207221,19.60397535698683,18.951310793648563,18.847660553398647,21.710382925955514,27.58750905006046,31.356588935027286,43.314965975089734,49.47090837521986,49.00161744831772
XGBRegressor,"AutoSeasonalityAndDifferences(max_diffs=380, max_season_length=267, n_seasons=10) | LocalBoxCox(lower=0.0, method=loglik, season_length=None, stats_=[[4.10226185e-05 0.00000000e+00]], upper=2.0)","[1, 2, 3, 4, 5, 6, 7, 8, 9, 11, 12, 13, 14, 16, 18, 20, 25, 27, 28, 29, 36, 37, 38, 47, 53, 59, 74, 107, 109, 110, 130, 131, 138, 139, 144, 145, 146, 147, 152, 157, 159, 161, 165, 166, 168, 173, 176, 181, 184, 187, 189, 190, 192, 193, 194, 195, 203, 204, 205, 206, 207, 209, 210, 211, 214, 216, 217, 218, 219, 222, 226, 227, 228, 229, 231, 234, 236, 242, 248, 255, 258, 260, 267, 273, 281, 286, 307, 309, 311, 319, 320, 321, 322, 323, 331, 335, 338, 339, 342, 351, 353, 354, 355, 356, 357, 358, 359, 360, 361, 362, 363, 364, 365, 366, 368, 369, 370, 371, 372, 373, 374, 375, 376, 379, 380, 384, 385, 386, 388, 390, 392, 398]","{1: [<function expanding_mean at 0x000002C58F7A04A0>], 7: [<function rolling_mean_14 at 0x000002C5930FAA20>], 30: [<function expanding_mean at 0x000002C58F7A04A0>]}",lags_400_features_132,15.204409048206694,20.788589305403256,20.669388702803055,19.90618433019916,19.793626819994824,19.827711662825457,26.3983327326941,32.572061610983496,47.04041613029503,54.39044184987932,53.84423711785665
LGBMRegressor,"AutoSeasonalityAndDifferences(max_diffs=380, max_season_length=267, n_seasons=10) | LocalBoxCox(lower=0.0, method=loglik, season_length=None, stats_=[[4.10226185e-05 0.00000000e+00]], upper=2.0)","[1, 2, 3, 4, 5, 6, 7, 8, 9, 11, 12, 13, 14, 16, 18, 20, 25, 27, 28, 29, 36, 37, 38, 47, 53, 59, 74, 107, 109, 110, 130, 131, 138, 139, 144, 145, 146, 147, 152, 157, 159, 161, 165, 166, 168, 173, 176, 181, 184, 187, 189, 190, 192, 193, 194, 195, 203, 204, 205, 206, 207, 209, 210, 211, 214, 216, 217, 218, 219, 222, 226, 227, 228, 229, 231, 234, 236, 242, 248, 255, 258, 260, 267, 273, 281, 286, 307, 309, 311, 319, 320, 321, 322, 323, 331, 335, 338, 339, 342, 351, 353, 354, 355, 356, 357, 358, 359, 360, 361, 362, 363, 364, 365, 366, 368, 369, 370, 371, 372, 373, 374, 375, 376, 379, 380, 384, 385, 386, 388, 390, 392, 398]","{1: [<function expanding_mean at 0x000002C58F7A04A0>], 7: [<function rolling_mean_14 at 0x000002C5930FAA20>], 30: [<function expanding_mean at 0x000002C58F7A04A0>]}",lags_400_features_132,11.995852891472932,19.0720943768022,20.014114438564125,19.381006021370144,19.0823914224017,21.494276623089355,25.591399417765125,30.04487007379603,44.437845524061444,47.33477269137814,46.939256815647816
XGBRegressor,"AutoSeasonalityAndDifferences(max_diffs=380, max_season_length=267, n_seasons=10) | LocalBoxCox(lower=0.0, method=loglik, season_length=None, stats_=[[4.10226185e-05 0.00000000e+00]], upper=2.0)","[1, 2, 3, 4, 5, 6, 7, 8, 9, 11, 12, 13, 14, 16, 18, 20, 25, 27, 28, 29, 36, 37, 38, 47, 53, 59, 74, 107, 109, 110, 130, 131, 138, 139, 144, 145, 146, 147, 152, 157, 159, 161, 165, 166, 168, 173, 176, 181, 184, 187, 189, 190, 192, 193, 194, 195, 203, 204, 205, 206, 207, 209, 210, 211, 214, 216, 217, 218, 219, 222, 226, 227, 228, 229, 231, 234, 236, 242, 248, 255, 258, 260, 267, 273, 281, 286, 307, 309, 311, 319, 320, 321, 322, 323, 331, 335, 338, 339, 342, 351, 353, 354, 355, 356, 357, 358, 359, 360, 361, 362, 363, 364, 365, 366, 368, 369, 370, 371, 372, 373, 374, 375, 376, 379, 380, 384, 385, 386, 388, 390, 392, 398]","{1: [<function rolling_mean_14 at 0x000002C5930FAA20>], 7: [<function rolling_mean_30 at 0x000002C58DBF9260>], 30: [<function expanding_mean at 0x000002C58F7A04A0>]}",lags_400_features_132,15.52420775765728,21.41849656646838,21.800309586282136,20.92431717895792,20.53653553254086,20.538166503899998,28.311757699117635,31.981698801286985,45.217867024572165,47.95163926095815,47.81061483762351
LGBMRegressor,"AutoSeasonalityAndDifferences(max_diffs=380, max_season_length=267, n_seasons=10) | LocalBoxCox(lower=0.0, method=loglik, season_length=None, stats_=[[4.10226185e-05 0.00000000e+00]], upper=2.0)","[1, 2, 3, 4, 5, 6, 7, 8, 9, 11, 12, 13, 14, 16, 18, 20, 25, 27, 28, 29, 36, 37, 38, 47, 53, 59, 74, 107, 109, 110, 130, 131, 138, 139, 144, 145, 146, 147, 152, 157, 159, 161, 165, 166, 168, 173, 176, 181, 184, 187, 189, 190, 192, 193, 194, 195, 203, 204, 205, 206, 207, 209, 210, 211, 214, 216, 217, 218, 219, 222, 226, 227, 228, 229, 231, 234, 236, 242, 248, 255, 258, 260, 267, 273, 281, 286, 307, 309, 311, 319, 320, 321, 322, 323, 331, 335, 338, 339, 342, 351, 353, 354, 355, 356, 357, 358, 359, 360, 361, 362, 363, 364, 365, 366, 368, 369, 370, 371, 372, 373, 374, 375, 376, 379, 380, 384, 385, 386, 388, 390, 392, 398]","{1: [<function rolling_mean_14 at 0x000002C5930FAA20>], 7: [<function rolling_mean_30 at 0x000002C58DBF9260>], 30: [<function expanding_mean at 0x000002C58F7A04A0>]}",lags_400_features_132,11.443037673792448,19.26552411236159,20.226070753971946,19.53978677093838,19.42219391677388,21.94795116510946,27.30376922267825,31.61730361808716,44.49821067778974,51.102838764376024,50.53659709680669
XGBRegressor,"AutoSeasonalityAndDifferences(max_diffs=380, max_season_length=267, n_seasons=10) | LocalBoxCox(lower=0.0, method=loglik, season_length=None, stats_=[[4.10226185e-05 0.00000000e+00]], upper=2.0)","[1, 2, 3, 4, 5, 6, 7, 8, 9, 11, 12, 13, 14, 16, 18, 20, 25, 27, 28, 29, 36, 37, 38, 47, 53, 59, 74, 107, 109, 110, 130, 131, 138, 139, 144, 145, 146, 147, 152, 157, 159, 161, 165, 166, 168, 173, 176, 181, 184, 187, 189, 190, 192, 193, 194, 195, 203, 204, 205, 206, 207, 209, 210, 211, 214, 216, 217, 218, 219, 222, 226, 227, 228, 229, 231, 234, 236, 242, 248, 255, 258, 260, 267, 273, 281, 286, 307, 309, 311, 319, 320, 321, 322, 323, 331, 335, 338, 339, 342, 351, 353, 354, 355, 356, 357, 358, 359, 360, 361, 362, 363, 364, 365, 366, 368, 369, 370, 371, 372, 373, 374, 375, 376, 379, 380, 384, 385, 386, 388, 390, 392, 398]","{7: [RollingMean(window_size=7)], 30: [RollingMean(window_size=30)], 60: [RollingMean(window_size=60)]}",lags_400_features_132,12.97942676641776,19.83265780560031,19.34282506371622,19.052685584322873,19.58592294741256,19.878471872280027,24.59187735054811,31.742230957913247,45.98525210175569,47.55253923264478,46.89926383548237
LGBMRegressor,"AutoSeasonalityAndDifferences(max_diffs=380, max_season_length=267, n_seasons=10) | LocalBoxCox(lower=0.0, method=loglik, season_length=None, stats_=[[4.10226185e-05 0.00000000e+00]], upper=2.0)","[1, 2, 3, 4, 5, 6, 7, 8, 9, 11, 12, 13, 14, 16, 18, 20, 25, 27, 28, 29, 36, 37, 38, 47, 53, 59, 74, 107, 109, 110, 130, 131, 138, 139, 144, 145, 146, 147, 152, 157, 159, 161, 165, 166, 168, 173, 176, 181, 184, 187, 189, 190, 192, 193, 194, 195, 203, 204, 205, 206, 207, 209, 210, 211, 214, 216, 217, 218, 219, 222, 226, 227, 228, 229, 231, 234, 236, 242, 248, 255, 258, 260, 267, 273, 281, 286, 307, 309, 311, 319, 320, 321, 322, 323, 331, 335, 338, 339, 342, 351, 353, 354, 355, 356, 357, 358, 359, 360, 361, 362, 363, 364, 365, 366, 368, 369, 370, 371, 372, 373, 374, 375, 376, 379, 380, 384, 385, 386, 388, 390, 392, 398]","{7: [RollingMean(window_size=7)], 30: [RollingMean(window_size=30)], 60: [RollingMean(window_size=60)]}",lags_400_features_132,12.150160568094751,17.48772354651106,19.038722147696976,18.747339565545236,18.912398035405502,20.40229936760764,24.291438503605324,28.26786053437573,42.226262607648486,49.70514048606507,49.098404944802766
XGBRegressor,"AutoSeasonalityAndDifferences(max_diffs=380, max_season_length=267, n_seasons=10) | LocalBoxCox(lower=0.0, method=loglik, season_length=None, stats_=[[4.10226185e-05 0.00000000e+00]], upper=2.0)","[1, 2, 3, 4, 5, 6, 7, 8, 9, 11, 12, 13, 14, 16, 18, 20, 25, 27, 28, 29, 36, 37, 38, 47, 53, 59, 74, 107, 109, 110, 130, 131, 138, 139, 144, 145, 146, 147, 152, 157, 159, 161, 165, 166, 168, 173, 176, 181, 184, 187, 189, 190, 192, 193, 194, 195, 203, 204, 205, 206, 207, 209, 210, 211, 214, 216, 217, 218, 219, 222, 226, 227, 228, 229, 231, 234, 236, 242, 248, 255, 258, 260, 267, 273, 281, 286, 307, 309, 311, 319, 320, 321, 322, 323, 331, 335, 338, 339, 342, 351, 353, 354, 355, 356, 357, 358, 359, 360, 361, 362, 363, 364, 365, 366, 368, 369, 370, 371, 372, 373, 374, 375, 376, 379, 380, 384, 385, 386, 388, 390, 392, 398]","{7: [RollingMean(window_size=7), RollingStd(window_size=7)], 30: [RollingMean(window_size=30)], 60: [ExpandingMean()], 14: [ExponentiallyWeightedMean(alpha=0.3)]}",lags_400_features_132,12.574776898780998,19.001025815209623,18.899408487695474,19.087580229783367,22.5693631077033,23.1728169996923,26.441864583163984,32.5179193754613,47.80794845949413,48.93560128161619,48.06367526959057
LGBMRegressor,"AutoSeasonalityAndDifferences(max_diffs=380, max_season_length=267, n_seasons=10) | LocalBoxCox(lower=0.0, method=loglik, season_length=None, stats_=[[4.10226185e-05 0.00000000e+00]], upper=2.0)","[1, 2, 3, 4, 5, 6, 7, 8, 9, 11, 12, 13, 14, 16, 18, 20, 25, 27, 28, 29, 36, 37, 38, 47, 53, 59, 74, 107, 109, 110, 130, 131, 138, 139, 144, 145, 146, 147, 152, 157, 159, 161, 165, 166, 168, 173, 176, 181, 184, 187, 189, 190, 192, 193, 194, 195, 203, 204, 205, 206, 207, 209, 210, 211, 214, 216, 217, 218, 219, 222, 226, 227, 228, 229, 231, 234, 236, 242, 248, 255, 258, 260, 267, 273, 281, 286, 307, 309, 311, 319, 320, 321, 322, 323, 331, 335, 338, 339, 342, 351, 353, 354, 355, 356, 357, 358, 359, 360, 361, 362, 363, 364, 365, 366, 368, 369, 370, 371, 372, 373, 374, 375, 376, 379, 380, 384, 385, 386, 388, 390, 392, 398]","{7: [RollingMean(window_size=7), RollingStd(window_size=7)], 30: [RollingMean(window_size=30)], 60: [ExpandingMean()], 14: [ExponentiallyWeightedMean(alpha=0.3)]}",lags_400_features_132,14.088698334010912,19.428496580451878,20.933773566500278,20.371799745702777,20.291798912561905,21.361082262708123,24.526417273970228,28.160441114000196,41.52427391998562,49.37660698492422,48.88892749412516
XGBRegressor,,"[1, 2, 3, 4, 5, 6, 7, 8, 9, 10, 11, 12, 13, 14, 15, 16, 18, 19, 20, 21, 22, 23, 25, 26, 27, 28, 29, 30, 31, 32, 34, 36, 37, 38, 40, 42, 44, 45, 47, 48, 52, 53, 54, 59, 60, 61, 65, 67, 69, 70, 73, 74, 85, 91, 96, 98, 100, 102, 105, 106, 107, 109, 110, 111, 112, 113, 117, 118, 119, 120, 122, 124, 125, 127, 129, 130, 131, 134, 138, 139, 140, 141, 142, 144, 145, 146, 147, 149, 152, 153, 156, 157, 159, 161, 162, 163, 164, 165, 166, 168, 169, 170, 172, 173, 174, 175, 176, 177, 178, 179, 181, 183, 184, 186, 187, 188, 189, 190, 191, 192, 193, 194, 195, 196, 197, 199, 201, 202, 203, 204, 205, 206, 207, 208, 209, 210, 211, 213, 214, 215, 216, 217, 218, 219, 220, 221, 222, 226, 227, 228, 229, 230, 231, 232, 233, 234, 236, 238, 239, 240, 242, 245, 246, 248, 250, 251, 252, 254, 255, 258, 260, 263, 265, 266, 267, 268, 272, 273, 274, 277, 279, 281, 282, 283, 284, 286, 293, 296, 297, 300, 302, 304, 307, 309, 310, 311, 313, 316, 319, 320, 321, 322, 323, 326, 328, 329, 330, 331, 333, 335, 336, 337, 338, 339, 342, 347, 349, 350, 351, 352, 353, 354, 355, 356, 357, 358, 359, 360, 361, 362, 363, 364, 365, 366, 367, 368, 369, 370, 371, 372, 373, 374, 375, 376, 377, 379, 380, 381, 382, 383, 384, 385, 386, 387, 388, 389, 390, 392, 393, 395, 396, 398, 399, 400]","{1: [<function expanding_mean at 0x000002C58F7A04A0>], 7: [<function rolling_mean_14 at 0x000002C5930FAA20>], 30: [<function expanding_mean at 0x000002C58F7A04A0>]}",lags_400_features_264,12.959345877460954,18.55746139801176,20.732381800099972,20.001172075496118,19.647107401347526,20.852946267453664,29.81490969337775,36.67963594023978,48.62762912459016,57.393138927698374,56.85356089844416
LGBMRegressor,,"[1, 2, 3, 4, 5, 6, 7, 8, 9, 10, 11, 12, 13, 14, 15, 16, 18, 19, 20, 21, 22, 23, 25, 26, 27, 28, 29, 30, 31, 32, 34, 36, 37, 38, 40, 42, 44, 45, 47, 48, 52, 53, 54, 59, 60, 61, 65, 67, 69, 70, 73, 74, 85, 91, 96, 98, 100, 102, 105, 106, 107, 109, 110, 111, 112, 113, 117, 118, 119, 120, 122, 124, 125, 127, 129, 130, 131, 134, 138, 139, 140, 141, 142, 144, 145, 146, 147, 149, 152, 153, 156, 157, 159, 161, 162, 163, 164, 165, 166, 168, 169, 170, 172, 173, 174, 175, 176, 177, 178, 179, 181, 183, 184, 186, 187, 188, 189, 190, 191, 192, 193, 194, 195, 196, 197, 199, 201, 202, 203, 204, 205, 206, 207, 208, 209, 210, 211, 213, 214, 215, 216, 217, 218, 219, 220, 221, 222, 226, 227, 228, 229, 230, 231, 232, 233, 234, 236, 238, 239, 240, 242, 245, 246, 248, 250, 251, 252, 254, 255, 258, 260, 263, 265, 266, 267, 268, 272, 273, 274, 277, 279, 281, 282, 283, 284, 286, 293, 296, 297, 300, 302, 304, 307, 309, 310, 311, 313, 316, 319, 320, 321, 322, 323, 326, 328, 329, 330, 331, 333, 335, 336, 337, 338, 339, 342, 347, 349, 350, 351, 352, 353, 354, 355, 356, 357, 358, 359, 360, 361, 362, 363, 364, 365, 366, 367, 368, 369, 370, 371, 372, 373, 374, 375, 376, 377, 379, 380, 381, 382, 383, 384, 385, 386, 387, 388, 389, 390, 392, 393, 395, 396, 398, 399, 400]","{1: [<function expanding_mean at 0x000002C58F7A04A0>], 7: [<function rolling_mean_14 at 0x000002C5930FAA20>], 30: [<function expanding_mean at 0x000002C58F7A04A0>]}",lags_400_features_264,10.268802797946638,17.433804028486932,19.194612210787714,18.571613419035447,18.421588049810495,23.378433657015,30.42796943042666,34.33765775850983,44.43415755486156,49.179991742654096,48.60697761454407
XGBRegressor,,"[1, 2, 3, 4, 5, 6, 7, 8, 9, 10, 11, 12, 13, 14, 15, 16, 18, 19, 20, 21, 22, 23, 25, 26, 27, 28, 29, 30, 31, 32, 34, 36, 37, 38, 40, 42, 44, 45, 47, 48, 52, 53, 54, 59, 60, 61, 65, 67, 69, 70, 73, 74, 85, 91, 96, 98, 100, 102, 105, 106, 107, 109, 110, 111, 112, 113, 117, 118, 119, 120, 122, 124, 125, 127, 129, 130, 131, 134, 138, 139, 140, 141, 142, 144, 145, 146, 147, 149, 152, 153, 156, 157, 159, 161, 162, 163, 164, 165, 166, 168, 169, 170, 172, 173, 174, 175, 176, 177, 178, 179, 181, 183, 184, 186, 187, 188, 189, 190, 191, 192, 193, 194, 195, 196, 197, 199, 201, 202, 203, 204, 205, 206, 207, 208, 209, 210, 211, 213, 214, 215, 216, 217, 218, 219, 220, 221, 222, 226, 227, 228, 229, 230, 231, 232, 233, 234, 236, 238, 239, 240, 242, 245, 246, 248, 250, 251, 252, 254, 255, 258, 260, 263, 265, 266, 267, 268, 272, 273, 274, 277, 279, 281, 282, 283, 284, 286, 293, 296, 297, 300, 302, 304, 307, 309, 310, 311, 313, 316, 319, 320, 321, 322, 323, 326, 328, 329, 330, 331, 333, 335, 336, 337, 338, 339, 342, 347, 349, 350, 351, 352, 353, 354, 355, 356, 357, 358, 359, 360, 361, 362, 363, 364, 365, 366, 367, 368, 369, 370, 371, 372, 373, 374, 375, 376, 377, 379, 380, 381, 382, 383, 384, 385, 386, 387, 388, 389, 390, 392, 393, 395, 396, 398, 399, 400]","{1: [<function rolling_mean_14 at 0x000002C5930FAA20>], 7: [<function rolling_mean_30 at 0x000002C58DBF9260>], 30: [<function expanding_mean at 0x000002C58F7A04A0>]}",lags_400_features_264,11.020112955525125,17.844802139742523,19.82534115630177,19.32623212742266,20.147955296737823,19.152101860389703,25.17670943362481,33.31280203148408,45.90301296552849,51.173540989942836,50.50989380497379
LGBMRegressor,,"[1, 2, 3, 4, 5, 6, 7, 8, 9, 10, 11, 12, 13, 14, 15, 16, 18, 19, 20, 21, 22, 23, 25, 26, 27, 28, 29, 30, 31, 32, 34, 36, 37, 38, 40, 42, 44, 45, 47, 48, 52, 53, 54, 59, 60, 61, 65, 67, 69, 70, 73, 74, 85, 91, 96, 98, 100, 102, 105, 106, 107, 109, 110, 111, 112, 113, 117, 118, 119, 120, 122, 124, 125, 127, 129, 130, 131, 134, 138, 139, 140, 141, 142, 144, 145, 146, 147, 149, 152, 153, 156, 157, 159, 161, 162, 163, 164, 165, 166, 168, 169, 170, 172, 173, 174, 175, 176, 177, 178, 179, 181, 183, 184, 186, 187, 188, 189, 190, 191, 192, 193, 194, 195, 196, 197, 199, 201, 202, 203, 204, 205, 206, 207, 208, 209, 210, 211, 213, 214, 215, 216, 217, 218, 219, 220, 221, 222, 226, 227, 228, 229, 230, 231, 232, 233, 234, 236, 238, 239, 240, 242, 245, 246, 248, 250, 251, 252, 254, 255, 258, 260, 263, 265, 266, 267, 268, 272, 273, 274, 277, 279, 281, 282, 283, 284, 286, 293, 296, 297, 300, 302, 304, 307, 309, 310, 311, 313, 316, 319, 320, 321, 322, 323, 326, 328, 329, 330, 331, 333, 335, 336, 337, 338, 339, 342, 347, 349, 350, 351, 352, 353, 354, 355, 356, 357, 358, 359, 360, 361, 362, 363, 364, 365, 366, 367, 368, 369, 370, 371, 372, 373, 374, 375, 376, 377, 379, 380, 381, 382, 383, 384, 385, 386, 387, 388, 389, 390, 392, 393, 395, 396, 398, 399, 400]","{1: [<function rolling_mean_14 at 0x000002C5930FAA20>], 7: [<function rolling_mean_30 at 0x000002C58DBF9260>], 30: [<function expanding_mean at 0x000002C58F7A04A0>]}",lags_400_features_264,10.71655202685763,17.50366027567301,18.97628212534266,18.496061670315456,19.038058106176827,20.341910755235677,27.057629069923443,31.77664487655192,41.180526091915496,45.102932953526675,44.51538519001673
XGBRegressor,,"[1, 2, 3, 4, 5, 6, 7, 8, 9, 10, 11, 12, 13, 14, 15, 16, 18, 19, 20, 21, 22, 23, 25, 26, 27, 28, 29, 30, 31, 32, 34, 36, 37, 38, 40, 42, 44, 45, 47, 48, 52, 53, 54, 59, 60, 61, 65, 67, 69, 70, 73, 74, 85, 91, 96, 98, 100, 102, 105, 106, 107, 109, 110, 111, 112, 113, 117, 118, 119, 120, 122, 124, 125, 127, 129, 130, 131, 134, 138, 139, 140, 141, 142, 144, 145, 146, 147, 149, 152, 153, 156, 157, 159, 161, 162, 163, 164, 165, 166, 168, 169, 170, 172, 173, 174, 175, 176, 177, 178, 179, 181, 183, 184, 186, 187, 188, 189, 190, 191, 192, 193, 194, 195, 196, 197, 199, 201, 202, 203, 204, 205, 206, 207, 208, 209, 210, 211, 213, 214, 215, 216, 217, 218, 219, 220, 221, 222, 226, 227, 228, 229, 230, 231, 232, 233, 234, 236, 238, 239, 240, 242, 245, 246, 248, 250, 251, 252, 254, 255, 258, 260, 263, 265, 266, 267, 268, 272, 273, 274, 277, 279, 281, 282, 283, 284, 286, 293, 296, 297, 300, 302, 304, 307, 309, 310, 311, 313, 316, 319, 320, 321, 322, 323, 326, 328, 329, 330, 331, 333, 335, 336, 337, 338, 339, 342, 347, 349, 350, 351, 352, 353, 354, 355, 356, 357, 358, 359, 360, 361, 362, 363, 364, 365, 366, 367, 368, 369, 370, 371, 372, 373, 374, 375, 376, 377, 379, 380, 381, 382, 383, 384, 385, 386, 387, 388, 389, 390, 392, 393, 395, 396, 398, 399, 400]","{7: [RollingMean(window_size=7)], 30: [RollingMean(window_size=30)], 60: [RollingMean(window_size=60)]}",lags_400_features_264,12.391081290108728,17.021975077014787,19.05690226801179,18.63123286738061,19.303740432830896,21.136784138757474,29.52044783918749,35.34495148977522,46.652147596953,48.12335907544964,47.42669317431619
LGBMRegressor,,"[1, 2, 3, 4, 5, 6, 7, 8, 9, 10, 11, 12, 13, 14, 15, 16, 18, 19, 20, 21, 22, 23, 25, 26, 27, 28, 29, 30, 31, 32, 34, 36, 37, 38, 40, 42, 44, 45, 47, 48, 52, 53, 54, 59, 60, 61, 65, 67, 69, 70, 73, 74, 85, 91, 96, 98, 100, 102, 105, 106, 107, 109, 110, 111, 112, 113, 117, 118, 119, 120, 122, 124, 125, 127, 129, 130, 131, 134, 138, 139, 140, 141, 142, 144, 145, 146, 147, 149, 152, 153, 156, 157, 159, 161, 162, 163, 164, 165, 166, 168, 169, 170, 172, 173, 174, 175, 176, 177, 178, 179, 181, 183, 184, 186, 187, 188, 189, 190, 191, 192, 193, 194, 195, 196, 197, 199, 201, 202, 203, 204, 205, 206, 207, 208, 209, 210, 211, 213, 214, 215, 216, 217, 218, 219, 220, 221, 222, 226, 227, 228, 229, 230, 231, 232, 233, 234, 236, 238, 239, 240, 242, 245, 246, 248, 250, 251, 252, 254, 255, 258, 260, 263, 265, 266, 267, 268, 272, 273, 274, 277, 279, 281, 282, 283, 284, 286, 293, 296, 297, 300, 302, 304, 307, 309, 310, 311, 313, 316, 319, 320, 321, 322, 323, 326, 328, 329, 330, 331, 333, 335, 336, 337, 338, 339, 342, 347, 349, 350, 351, 352, 353, 354, 355, 356, 357, 358, 359, 360, 361, 362, 363, 364, 365, 366, 367, 368, 369, 370, 371, 372, 373, 374, 375, 376, 377, 379, 380, 381, 382, 383, 384, 385, 386, 387, 388, 389, 390, 392, 393, 395, 396, 398, 399, 400]","{7: [RollingMean(window_size=7)], 30: [RollingMean(window_size=30)], 60: [RollingMean(window_size=60)]}",lags_400_features_264,10.379183547966644,17.039933572108083,19.188975417570823,19.02420977960276,19.22319665787834,22.52445679167609,29.74108531691678,32.54498879496526,41.75802219278338,43.97788295006915,43.27461748990684
XGBRegressor,,"[1, 2, 3, 4, 5, 6, 7, 8, 9, 10, 11, 12, 13, 14, 15, 16, 18, 19, 20, 21, 22, 23, 25, 26, 27, 28, 29, 30, 31, 32, 34, 36, 37, 38, 40, 42, 44, 45, 47, 48, 52, 53, 54, 59, 60, 61, 65, 67, 69, 70, 73, 74, 85, 91, 96, 98, 100, 102, 105, 106, 107, 109, 110, 111, 112, 113, 117, 118, 119, 120, 122, 124, 125, 127, 129, 130, 131, 134, 138, 139, 140, 141, 142, 144, 145, 146, 147, 149, 152, 153, 156, 157, 159, 161, 162, 163, 164, 165, 166, 168, 169, 170, 172, 173, 174, 175, 176, 177, 178, 179, 181, 183, 184, 186, 187, 188, 189, 190, 191, 192, 193, 194, 195, 196, 197, 199, 201, 202, 203, 204, 205, 206, 207, 208, 209, 210, 211, 213, 214, 215, 216, 217, 218, 219, 220, 221, 222, 226, 227, 228, 229, 230, 231, 232, 233, 234, 236, 238, 239, 240, 242, 245, 246, 248, 250, 251, 252, 254, 255, 258, 260, 263, 265, 266, 267, 268, 272, 273, 274, 277, 279, 281, 282, 283, 284, 286, 293, 296, 297, 300, 302, 304, 307, 309, 310, 311, 313, 316, 319, 320, 321, 322, 323, 326, 328, 329, 330, 331, 333, 335, 336, 337, 338, 339, 342, 347, 349, 350, 351, 352, 353, 354, 355, 356, 357, 358, 359, 360, 361, 362, 363, 364, 365, 366, 367, 368, 369, 370, 371, 372, 373, 374, 375, 376, 377, 379, 380, 381, 382, 383, 384, 385, 386, 387, 388, 389, 390, 392, 393, 395, 396, 398, 399, 400]","{7: [RollingMean(window_size=7), RollingStd(window_size=7)], 30: [RollingMean(window_size=30)], 60: [ExpandingMean()], 14: [ExponentiallyWeightedMean(alpha=0.3)]}",lags_400_features_264,12.920541967311303,16.78971979209324,19.39962788895942,18.877734906751034,19.67544475684711,21.429587006392055,29.696500885787152,36.1380943414264,47.85349818604096,49.77178731632277,49.13055616002136
LGBMRegressor,,"[1, 2, 3, 4, 5, 6, 7, 8, 9, 10, 11, 12, 13, 14, 15, 16, 18, 19, 20, 21, 22, 23, 25, 26, 27, 28, 29, 30, 31, 32, 34, 36, 37, 38, 40, 42, 44, 45, 47, 48, 52, 53, 54, 59, 60, 61, 65, 67, 69, 70, 73, 74, 85, 91, 96, 98, 100, 102, 105, 106, 107, 109, 110, 111, 112, 113, 117, 118, 119, 120, 122, 124, 125, 127, 129, 130, 131, 134, 138, 139, 140, 141, 142, 144, 145, 146, 147, 149, 152, 153, 156, 157, 159, 161, 162, 163, 164, 165, 166, 168, 169, 170, 172, 173, 174, 175, 176, 177, 178, 179, 181, 183, 184, 186, 187, 188, 189, 190, 191, 192, 193, 194, 195, 196, 197, 199, 201, 202, 203, 204, 205, 206, 207, 208, 209, 210, 211, 213, 214, 215, 216, 217, 218, 219, 220, 221, 222, 226, 227, 228, 229, 230, 231, 232, 233, 234, 236, 238, 239, 240, 242, 245, 246, 248, 250, 251, 252, 254, 255, 258, 260, 263, 265, 266, 267, 268, 272, 273, 274, 277, 279, 281, 282, 283, 284, 286, 293, 296, 297, 300, 302, 304, 307, 309, 310, 311, 313, 316, 319, 320, 321, 322, 323, 326, 328, 329, 330, 331, 333, 335, 336, 337, 338, 339, 342, 347, 349, 350, 351, 352, 353, 354, 355, 356, 357, 358, 359, 360, 361, 362, 363, 364, 365, 366, 367, 368, 369, 370, 371, 372, 373, 374, 375, 376, 377, 379, 380, 381, 382, 383, 384, 385, 386, 387, 388, 389, 390, 392, 393, 395, 396, 398, 399, 400]","{7: [RollingMean(window_size=7), RollingStd(window_size=7)], 30: [RollingMean(window_size=30)], 60: [ExpandingMean()], 14: [ExponentiallyWeightedMean(alpha=0.3)]}",lags_400_features_264,10.37807867022523,16.53173448991404,18.418413461542873,18.16806209338221,18.228257993248263,22.80758037945054,29.896899181330134,33.537488335291776,44.46982362247785,47.89239757741744,47.15640885667483
XGBRegressor,AutoDifferences(max_diffs=380),"[1, 2, 3, 4, 5, 6, 7, 8, 9, 10, 11, 12, 13, 14, 15, 16, 18, 19, 20, 21, 22, 23, 25, 26, 27, 28, 29, 30, 31, 32, 34, 36, 37, 38, 40, 42, 44, 45, 47, 48, 52, 53, 54, 59, 60, 61, 65, 67, 69, 70, 73, 74, 85, 91, 96, 98, 100, 102, 105, 106, 107, 109, 110, 111, 112, 113, 117, 118, 119, 120, 122, 124, 125, 127, 129, 130, 131, 134, 138, 139, 140, 141, 142, 144, 145, 146, 147, 149, 152, 153, 156, 157, 159, 161, 162, 163, 164, 165, 166, 168, 169, 170, 172, 173, 174, 175, 176, 177, 178, 179, 181, 183, 184, 186, 187, 188, 189, 190, 191, 192, 193, 194, 195, 196, 197, 199, 201, 202, 203, 204, 205, 206, 207, 208, 209, 210, 211, 213, 214, 215, 216, 217, 218, 219, 220, 221, 222, 226, 227, 228, 229, 230, 231, 232, 233, 234, 236, 238, 239, 240, 242, 245, 246, 248, 250, 251, 252, 254, 255, 258, 260, 263, 265, 266, 267, 268, 272, 273, 274, 277, 279, 281, 282, 283, 284, 286, 293, 296, 297, 300, 302, 304, 307, 309, 310, 311, 313, 316, 319, 320, 321, 322, 323, 326, 328, 329, 330, 331, 333, 335, 336, 337, 338, 339, 342, 347, 349, 350, 351, 352, 353, 354, 355, 356, 357, 358, 359, 360, 361, 362, 363, 364, 365, 366, 367, 368, 369, 370, 371, 372, 373, 374, 375, 376, 377, 379, 380, 381, 382, 383, 384, 385, 386, 387, 388, 389, 390, 392, 393, 395, 396, 398, 399, 400]","{1: [<function expanding_mean at 0x000002C58F7A04A0>], 7: [<function rolling_mean_14 at 0x000002C5930FAA20>], 30: [<function expanding_mean at 0x000002C58F7A04A0>]}",lags_400_features_264,16.61061673105176,19.67701895927528,24.50884944595432,25.027789319073772,23.883237035622717,30.759654246495604,41.337134046014576,90.95958046290721,128.55705112441186,118.98996890800271,116.73059941895387
LGBMRegressor,AutoDifferences(max_diffs=380),"[1, 2, 3, 4, 5, 6, 7, 8, 9, 10, 11, 12, 13, 14, 15, 16, 18, 19, 20, 21, 22, 23, 25, 26, 27, 28, 29, 30, 31, 32, 34, 36, 37, 38, 40, 42, 44, 45, 47, 48, 52, 53, 54, 59, 60, 61, 65, 67, 69, 70, 73, 74, 85, 91, 96, 98, 100, 102, 105, 106, 107, 109, 110, 111, 112, 113, 117, 118, 119, 120, 122, 124, 125, 127, 129, 130, 131, 134, 138, 139, 140, 141, 142, 144, 145, 146, 147, 149, 152, 153, 156, 157, 159, 161, 162, 163, 164, 165, 166, 168, 169, 170, 172, 173, 174, 175, 176, 177, 178, 179, 181, 183, 184, 186, 187, 188, 189, 190, 191, 192, 193, 194, 195, 196, 197, 199, 201, 202, 203, 204, 205, 206, 207, 208, 209, 210, 211, 213, 214, 215, 216, 217, 218, 219, 220, 221, 222, 226, 227, 228, 229, 230, 231, 232, 233, 234, 236, 238, 239, 240, 242, 245, 246, 248, 250, 251, 252, 254, 255, 258, 260, 263, 265, 266, 267, 268, 272, 273, 274, 277, 279, 281, 282, 283, 284, 286, 293, 296, 297, 300, 302, 304, 307, 309, 310, 311, 313, 316, 319, 320, 321, 322, 323, 326, 328, 329, 330, 331, 333, 335, 336, 337, 338, 339, 342, 347, 349, 350, 351, 352, 353, 354, 355, 356, 357, 358, 359, 360, 361, 362, 363, 364, 365, 366, 367, 368, 369, 370, 371, 372, 373, 374, 375, 376, 377, 379, 380, 381, 382, 383, 384, 385, 386, 387, 388, 389, 390, 392, 393, 395, 396, 398, 399, 400]","{1: [<function expanding_mean at 0x000002C58F7A04A0>], 7: [<function rolling_mean_14 at 0x000002C5930FAA20>], 30: [<function expanding_mean at 0x000002C58F7A04A0>]}",lags_400_features_264,21.99044518185895,30.9126641743314,32.89162904657293,32.886053162203005,30.517228202260405,38.309235674340606,45.58739965424168,56.52334637856876,56.77961331171548,66.95167323901624,66.47269638964931
XGBRegressor,AutoDifferences(max_diffs=380),"[1, 2, 3, 4, 5, 6, 7, 8, 9, 10, 11, 12, 13, 14, 15, 16, 18, 19, 20, 21, 22, 23, 25, 26, 27, 28, 29, 30, 31, 32, 34, 36, 37, 38, 40, 42, 44, 45, 47, 48, 52, 53, 54, 59, 60, 61, 65, 67, 69, 70, 73, 74, 85, 91, 96, 98, 100, 102, 105, 106, 107, 109, 110, 111, 112, 113, 117, 118, 119, 120, 122, 124, 125, 127, 129, 130, 131, 134, 138, 139, 140, 141, 142, 144, 145, 146, 147, 149, 152, 153, 156, 157, 159, 161, 162, 163, 164, 165, 166, 168, 169, 170, 172, 173, 174, 175, 176, 177, 178, 179, 181, 183, 184, 186, 187, 188, 189, 190, 191, 192, 193, 194, 195, 196, 197, 199, 201, 202, 203, 204, 205, 206, 207, 208, 209, 210, 211, 213, 214, 215, 216, 217, 218, 219, 220, 221, 222, 226, 227, 228, 229, 230, 231, 232, 233, 234, 236, 238, 239, 240, 242, 245, 246, 248, 250, 251, 252, 254, 255, 258, 260, 263, 265, 266, 267, 268, 272, 273, 274, 277, 279, 281, 282, 283, 284, 286, 293, 296, 297, 300, 302, 304, 307, 309, 310, 311, 313, 316, 319, 320, 321, 322, 323, 326, 328, 329, 330, 331, 333, 335, 336, 337, 338, 339, 342, 347, 349, 350, 351, 352, 353, 354, 355, 356, 357, 358, 359, 360, 361, 362, 363, 364, 365, 366, 367, 368, 369, 370, 371, 372, 373, 374, 375, 376, 377, 379, 380, 381, 382, 383, 384, 385, 386, 387, 388, 389, 390, 392, 393, 395, 396, 398, 399, 400]","{1: [<function rolling_mean_14 at 0x000002C5930FAA20>], 7: [<function rolling_mean_30 at 0x000002C58DBF9260>], 30: [<function expanding_mean at 0x000002C58F7A04A0>]}",lags_400_features_264,13.277487877155595,18.844370490975823,21.731915044625183,21.64621440703491,21.41789141144948,39.67766390166246,63.919220107181594,116.91510488641907,245.88282291638404,426.2282337618512,432.54015585135267
LGBMRegressor,AutoDifferences(max_diffs=380),"[1, 2, 3, 4, 5, 6, 7, 8, 9, 10, 11, 12, 13, 14, 15, 16, 18, 19, 20, 21, 22, 23, 25, 26, 27, 28, 29, 30, 31, 32, 34, 36, 37, 38, 40, 42, 44, 45, 47, 48, 52, 53, 54, 59, 60, 61, 65, 67, 69, 70, 73, 74, 85, 91, 96, 98, 100, 102, 105, 106, 107, 109, 110, 111, 112, 113, 117, 118, 119, 120, 122, 124, 125, 127, 129, 130, 131, 134, 138, 139, 140, 141, 142, 144, 145, 146, 147, 149, 152, 153, 156, 157, 159, 161, 162, 163, 164, 165, 166, 168, 169, 170, 172, 173, 174, 175, 176, 177, 178, 179, 181, 183, 184, 186, 187, 188, 189, 190, 191, 192, 193, 194, 195, 196, 197, 199, 201, 202, 203, 204, 205, 206, 207, 208, 209, 210, 211, 213, 214, 215, 216, 217, 218, 219, 220, 221, 222, 226, 227, 228, 229, 230, 231, 232, 233, 234, 236, 238, 239, 240, 242, 245, 246, 248, 250, 251, 252, 254, 255, 258, 260, 263, 265, 266, 267, 268, 272, 273, 274, 277, 279, 281, 282, 283, 284, 286, 293, 296, 297, 300, 302, 304, 307, 309, 310, 311, 313, 316, 319, 320, 321, 322, 323, 326, 328, 329, 330, 331, 333, 335, 336, 337, 338, 339, 342, 347, 349, 350, 351, 352, 353, 354, 355, 356, 357, 358, 359, 360, 361, 362, 363, 364, 365, 366, 367, 368, 369, 370, 371, 372, 373, 374, 375, 376, 377, 379, 380, 381, 382, 383, 384, 385, 386, 387, 388, 389, 390, 392, 393, 395, 396, 398, 399, 400]","{1: [<function rolling_mean_14 at 0x000002C5930FAA20>], 7: [<function rolling_mean_30 at 0x000002C58DBF9260>], 30: [<function expanding_mean at 0x000002C58F7A04A0>]}",lags_400_features_264,17.192420303702434,23.059857107616015,23.119799308668696,22.778514847403272,25.49053212128203,41.75492936946472,51.18051521152081,87.82751045587132,126.50136197897379,172.13760035888575,173.61520476585548
XGBRegressor,AutoDifferences(max_diffs=380),"[1, 2, 3, 4, 5, 6, 7, 8, 9, 10, 11, 12, 13, 14, 15, 16, 18, 19, 20, 21, 22, 23, 25, 26, 27, 28, 29, 30, 31, 32, 34, 36, 37, 38, 40, 42, 44, 45, 47, 48, 52, 53, 54, 59, 60, 61, 65, 67, 69, 70, 73, 74, 85, 91, 96, 98, 100, 102, 105, 106, 107, 109, 110, 111, 112, 113, 117, 118, 119, 120, 122, 124, 125, 127, 129, 130, 131, 134, 138, 139, 140, 141, 142, 144, 145, 146, 147, 149, 152, 153, 156, 157, 159, 161, 162, 163, 164, 165, 166, 168, 169, 170, 172, 173, 174, 175, 176, 177, 178, 179, 181, 183, 184, 186, 187, 188, 189, 190, 191, 192, 193, 194, 195, 196, 197, 199, 201, 202, 203, 204, 205, 206, 207, 208, 209, 210, 211, 213, 214, 215, 216, 217, 218, 219, 220, 221, 222, 226, 227, 228, 229, 230, 231, 232, 233, 234, 236, 238, 239, 240, 242, 245, 246, 248, 250, 251, 252, 254, 255, 258, 260, 263, 265, 266, 267, 268, 272, 273, 274, 277, 279, 281, 282, 283, 284, 286, 293, 296, 297, 300, 302, 304, 307, 309, 310, 311, 313, 316, 319, 320, 321, 322, 323, 326, 328, 329, 330, 331, 333, 335, 336, 337, 338, 339, 342, 347, 349, 350, 351, 352, 353, 354, 355, 356, 357, 358, 359, 360, 361, 362, 363, 364, 365, 366, 367, 368, 369, 370, 371, 372, 373, 374, 375, 376, 377, 379, 380, 381, 382, 383, 384, 385, 386, 387, 388, 389, 390, 392, 393, 395, 396, 398, 399, 400]","{7: [RollingMean(window_size=7)], 30: [RollingMean(window_size=30)], 60: [RollingMean(window_size=60)]}",lags_400_features_264,18.529908798182067,41.39403384323271,42.028294335462455,49.71749547553127,47.334051248179584,58.33649225884403,69.89148770177029,77.81184679125556,121.29085866002605,208.06078843381698,211.21571792746835
LGBMRegressor,AutoDifferences(max_diffs=380),"[1, 2, 3, 4, 5, 6, 7, 8, 9, 10, 11, 12, 13, 14, 15, 16, 18, 19, 20, 21, 22, 23, 25, 26, 27, 28, 29, 30, 31, 32, 34, 36, 37, 38, 40, 42, 44, 45, 47, 48, 52, 53, 54, 59, 60, 61, 65, 67, 69, 70, 73, 74, 85, 91, 96, 98, 100, 102, 105, 106, 107, 109, 110, 111, 112, 113, 117, 118, 119, 120, 122, 124, 125, 127, 129, 130, 131, 134, 138, 139, 140, 141, 142, 144, 145, 146, 147, 149, 152, 153, 156, 157, 159, 161, 162, 163, 164, 165, 166, 168, 169, 170, 172, 173, 174, 175, 176, 177, 178, 179, 181, 183, 184, 186, 187, 188, 189, 190, 191, 192, 193, 194, 195, 196, 197, 199, 201, 202, 203, 204, 205, 206, 207, 208, 209, 210, 211, 213, 214, 215, 216, 217, 218, 219, 220, 221, 222, 226, 227, 228, 229, 230, 231, 232, 233, 234, 236, 238, 239, 240, 242, 245, 246, 248, 250, 251, 252, 254, 255, 258, 260, 263, 265, 266, 267, 268, 272, 273, 274, 277, 279, 281, 282, 283, 284, 286, 293, 296, 297, 300, 302, 304, 307, 309, 310, 311, 313, 316, 319, 320, 321, 322, 323, 326, 328, 329, 330, 331, 333, 335, 336, 337, 338, 339, 342, 347, 349, 350, 351, 352, 353, 354, 355, 356, 357, 358, 359, 360, 361, 362, 363, 364, 365, 366, 367, 368, 369, 370, 371, 372, 373, 374, 375, 376, 377, 379, 380, 381, 382, 383, 384, 385, 386, 387, 388, 389, 390, 392, 393, 395, 396, 398, 399, 400]","{7: [RollingMean(window_size=7)], 30: [RollingMean(window_size=30)], 60: [RollingMean(window_size=60)]}",lags_400_features_264,14.999464792499365,25.37738525154372,58.46866795338895,90.13949082244093,113.44663867861564,143.78597223685694,162.19039672738012,263.7227252628186,526.4353413086277,824.1593309147165,829.9450851925508
XGBRegressor,AutoDifferences(max_diffs=380),"[1, 2, 3, 4, 5, 6, 7, 8, 9, 10, 11, 12, 13, 14, 15, 16, 18, 19, 20, 21, 22, 23, 25, 26, 27, 28, 29, 30, 31, 32, 34, 36, 37, 38, 40, 42, 44, 45, 47, 48, 52, 53, 54, 59, 60, 61, 65, 67, 69, 70, 73, 74, 85, 91, 96, 98, 100, 102, 105, 106, 107, 109, 110, 111, 112, 113, 117, 118, 119, 120, 122, 124, 125, 127, 129, 130, 131, 134, 138, 139, 140, 141, 142, 144, 145, 146, 147, 149, 152, 153, 156, 157, 159, 161, 162, 163, 164, 165, 166, 168, 169, 170, 172, 173, 174, 175, 176, 177, 178, 179, 181, 183, 184, 186, 187, 188, 189, 190, 191, 192, 193, 194, 195, 196, 197, 199, 201, 202, 203, 204, 205, 206, 207, 208, 209, 210, 211, 213, 214, 215, 216, 217, 218, 219, 220, 221, 222, 226, 227, 228, 229, 230, 231, 232, 233, 234, 236, 238, 239, 240, 242, 245, 246, 248, 250, 251, 252, 254, 255, 258, 260, 263, 265, 266, 267, 268, 272, 273, 274, 277, 279, 281, 282, 283, 284, 286, 293, 296, 297, 300, 302, 304, 307, 309, 310, 311, 313, 316, 319, 320, 321, 322, 323, 326, 328, 329, 330, 331, 333, 335, 336, 337, 338, 339, 342, 347, 349, 350, 351, 352, 353, 354, 355, 356, 357, 358, 359, 360, 361, 362, 363, 364, 365, 366, 367, 368, 369, 370, 371, 372, 373, 374, 375, 376, 377, 379, 380, 381, 382, 383, 384, 385, 386, 387, 388, 389, 390, 392, 393, 395, 396, 398, 399, 400]","{7: [RollingMean(window_size=7), RollingStd(window_size=7)], 30: [RollingMean(window_size=30)], 60: [ExpandingMean()], 14: [ExponentiallyWeightedMean(alpha=0.3)]}",lags_400_features_264,17.99257892371279,25.969256338433826,32.481003936819164,35.66144132090063,33.69800963328783,50.80418144997496,61.75029124738444,75.31961523959826,69.59183246014699,66.82761012703888,66.91540333486972
LGBMRegressor,AutoDifferences(max_diffs=380),"[1, 2, 3, 4, 5, 6, 7, 8, 9, 10, 11, 12, 13, 14, 15, 16, 18, 19, 20, 21, 22, 23, 25, 26, 27, 28, 29, 30, 31, 32, 34, 36, 37, 38, 40, 42, 44, 45, 47, 48, 52, 53, 54, 59, 60, 61, 65, 67, 69, 70, 73, 74, 85, 91, 96, 98, 100, 102, 105, 106, 107, 109, 110, 111, 112, 113, 117, 118, 119, 120, 122, 124, 125, 127, 129, 130, 131, 134, 138, 139, 140, 141, 142, 144, 145, 146, 147, 149, 152, 153, 156, 157, 159, 161, 162, 163, 164, 165, 166, 168, 169, 170, 172, 173, 174, 175, 176, 177, 178, 179, 181, 183, 184, 186, 187, 188, 189, 190, 191, 192, 193, 194, 195, 196, 197, 199, 201, 202, 203, 204, 205, 206, 207, 208, 209, 210, 211, 213, 214, 215, 216, 217, 218, 219, 220, 221, 222, 226, 227, 228, 229, 230, 231, 232, 233, 234, 236, 238, 239, 240, 242, 245, 246, 248, 250, 251, 252, 254, 255, 258, 260, 263, 265, 266, 267, 268, 272, 273, 274, 277, 279, 281, 282, 283, 284, 286, 293, 296, 297, 300, 302, 304, 307, 309, 310, 311, 313, 316, 319, 320, 321, 322, 323, 326, 328, 329, 330, 331, 333, 335, 336, 337, 338, 339, 342, 347, 349, 350, 351, 352, 353, 354, 355, 356, 357, 358, 359, 360, 361, 362, 363, 364, 365, 366, 367, 368, 369, 370, 371, 372, 373, 374, 375, 376, 377, 379, 380, 381, 382, 383, 384, 385, 386, 387, 388, 389, 390, 392, 393, 395, 396, 398, 399, 400]","{7: [RollingMean(window_size=7), RollingStd(window_size=7)], 30: [RollingMean(window_size=30)], 60: [ExpandingMean()], 14: [ExponentiallyWeightedMean(alpha=0.3)]}",lags_400_features_264,24.95804555952591,44.242091419706746,84.00727521435341,128.00124659425433,167.28770444500714,225.68376673186745,297.0773621350877,569.4168617067374,1332.6300436640204,2610.591069819224,2668.2917445070493
XGBRegressor,"AutoSeasonalDifferences(max_diffs=380, n_seasons=10, season_length=267)","[1, 2, 3, 4, 5, 6, 7, 8, 9, 10, 11, 12, 13, 14, 15, 16, 18, 19, 20, 21, 22, 23, 25, 26, 27, 28, 29, 30, 31, 32, 34, 36, 37, 38, 40, 42, 44, 45, 47, 48, 52, 53, 54, 59, 60, 61, 65, 67, 69, 70, 73, 74, 85, 91, 96, 98, 100, 102, 105, 106, 107, 109, 110, 111, 112, 113, 117, 118, 119, 120, 122, 124, 125, 127, 129, 130, 131, 134, 138, 139, 140, 141, 142, 144, 145, 146, 147, 149, 152, 153, 156, 157, 159, 161, 162, 163, 164, 165, 166, 168, 169, 170, 172, 173, 174, 175, 176, 177, 178, 179, 181, 183, 184, 186, 187, 188, 189, 190, 191, 192, 193, 194, 195, 196, 197, 199, 201, 202, 203, 204, 205, 206, 207, 208, 209, 210, 211, 213, 214, 215, 216, 217, 218, 219, 220, 221, 222, 226, 227, 228, 229, 230, 231, 232, 233, 234, 236, 238, 239, 240, 242, 245, 246, 248, 250, 251, 252, 254, 255, 258, 260, 263, 265, 266, 267, 268, 272, 273, 274, 277, 279, 281, 282, 283, 284, 286, 293, 296, 297, 300, 302, 304, 307, 309, 310, 311, 313, 316, 319, 320, 321, 322, 323, 326, 328, 329, 330, 331, 333, 335, 336, 337, 338, 339, 342, 347, 349, 350, 351, 352, 353, 354, 355, 356, 357, 358, 359, 360, 361, 362, 363, 364, 365, 366, 367, 368, 369, 370, 371, 372, 373, 374, 375, 376, 377, 379, 380, 381, 382, 383, 384, 385, 386, 387, 388, 389, 390, 392, 393, 395, 396, 398, 399, 400]","{1: [<function expanding_mean at 0x000002C58F7A04A0>], 7: [<function rolling_mean_14 at 0x000002C5930FAA20>], 30: [<function expanding_mean at 0x000002C58F7A04A0>]}",lags_400_features_264,12.959345877460954,18.55746139801176,20.732381800099972,20.001172075496118,19.647107401347526,20.852946267453664,29.81490969337775,36.67963594023978,48.62762912459016,57.393138927698374,56.85356089844416
LGBMRegressor,"AutoSeasonalDifferences(max_diffs=380, n_seasons=10, season_length=267)","[1, 2, 3, 4, 5, 6, 7, 8, 9, 10, 11, 12, 13, 14, 15, 16, 18, 19, 20, 21, 22, 23, 25, 26, 27, 28, 29, 30, 31, 32, 34, 36, 37, 38, 40, 42, 44, 45, 47, 48, 52, 53, 54, 59, 60, 61, 65, 67, 69, 70, 73, 74, 85, 91, 96, 98, 100, 102, 105, 106, 107, 109, 110, 111, 112, 113, 117, 118, 119, 120, 122, 124, 125, 127, 129, 130, 131, 134, 138, 139, 140, 141, 142, 144, 145, 146, 147, 149, 152, 153, 156, 157, 159, 161, 162, 163, 164, 165, 166, 168, 169, 170, 172, 173, 174, 175, 176, 177, 178, 179, 181, 183, 184, 186, 187, 188, 189, 190, 191, 192, 193, 194, 195, 196, 197, 199, 201, 202, 203, 204, 205, 206, 207, 208, 209, 210, 211, 213, 214, 215, 216, 217, 218, 219, 220, 221, 222, 226, 227, 228, 229, 230, 231, 232, 233, 234, 236, 238, 239, 240, 242, 245, 246, 248, 250, 251, 252, 254, 255, 258, 260, 263, 265, 266, 267, 268, 272, 273, 274, 277, 279, 281, 282, 283, 284, 286, 293, 296, 297, 300, 302, 304, 307, 309, 310, 311, 313, 316, 319, 320, 321, 322, 323, 326, 328, 329, 330, 331, 333, 335, 336, 337, 338, 339, 342, 347, 349, 350, 351, 352, 353, 354, 355, 356, 357, 358, 359, 360, 361, 362, 363, 364, 365, 366, 367, 368, 369, 370, 371, 372, 373, 374, 375, 376, 377, 379, 380, 381, 382, 383, 384, 385, 386, 387, 388, 389, 390, 392, 393, 395, 396, 398, 399, 400]","{1: [<function expanding_mean at 0x000002C58F7A04A0>], 7: [<function rolling_mean_14 at 0x000002C5930FAA20>], 30: [<function expanding_mean at 0x000002C58F7A04A0>]}",lags_400_features_264,10.268802797946638,17.433804028486932,19.194612210787714,18.571613419035447,18.421588049810495,23.378433657015,30.42796943042666,34.33765775850983,44.43415755486156,49.179991742654096,48.60697761454407
XGBRegressor,"AutoSeasonalDifferences(max_diffs=380, n_seasons=10, season_length=267)","[1, 2, 3, 4, 5, 6, 7, 8, 9, 10, 11, 12, 13, 14, 15, 16, 18, 19, 20, 21, 22, 23, 25, 26, 27, 28, 29, 30, 31, 32, 34, 36, 37, 38, 40, 42, 44, 45, 47, 48, 52, 53, 54, 59, 60, 61, 65, 67, 69, 70, 73, 74, 85, 91, 96, 98, 100, 102, 105, 106, 107, 109, 110, 111, 112, 113, 117, 118, 119, 120, 122, 124, 125, 127, 129, 130, 131, 134, 138, 139, 140, 141, 142, 144, 145, 146, 147, 149, 152, 153, 156, 157, 159, 161, 162, 163, 164, 165, 166, 168, 169, 170, 172, 173, 174, 175, 176, 177, 178, 179, 181, 183, 184, 186, 187, 188, 189, 190, 191, 192, 193, 194, 195, 196, 197, 199, 201, 202, 203, 204, 205, 206, 207, 208, 209, 210, 211, 213, 214, 215, 216, 217, 218, 219, 220, 221, 222, 226, 227, 228, 229, 230, 231, 232, 233, 234, 236, 238, 239, 240, 242, 245, 246, 248, 250, 251, 252, 254, 255, 258, 260, 263, 265, 266, 267, 268, 272, 273, 274, 277, 279, 281, 282, 283, 284, 286, 293, 296, 297, 300, 302, 304, 307, 309, 310, 311, 313, 316, 319, 320, 321, 322, 323, 326, 328, 329, 330, 331, 333, 335, 336, 337, 338, 339, 342, 347, 349, 350, 351, 352, 353, 354, 355, 356, 357, 358, 359, 360, 361, 362, 363, 364, 365, 366, 367, 368, 369, 370, 371, 372, 373, 374, 375, 376, 377, 379, 380, 381, 382, 383, 384, 385, 386, 387, 388, 389, 390, 392, 393, 395, 396, 398, 399, 400]","{1: [<function rolling_mean_14 at 0x000002C5930FAA20>], 7: [<function rolling_mean_30 at 0x000002C58DBF9260>], 30: [<function expanding_mean at 0x000002C58F7A04A0>]}",lags_400_features_264,11.020112955525125,17.844802139742523,19.82534115630177,19.32623212742266,20.147955296737823,19.152101860389703,25.17670943362481,33.31280203148408,45.90301296552849,51.173540989942836,50.50989380497379
LGBMRegressor,"AutoSeasonalDifferences(max_diffs=380, n_seasons=10, season_length=267)","[1, 2, 3, 4, 5, 6, 7, 8, 9, 10, 11, 12, 13, 14, 15, 16, 18, 19, 20, 21, 22, 23, 25, 26, 27, 28, 29, 30, 31, 32, 34, 36, 37, 38, 40, 42, 44, 45, 47, 48, 52, 53, 54, 59, 60, 61, 65, 67, 69, 70, 73, 74, 85, 91, 96, 98, 100, 102, 105, 106, 107, 109, 110, 111, 112, 113, 117, 118, 119, 120, 122, 124, 125, 127, 129, 130, 131, 134, 138, 139, 140, 141, 142, 144, 145, 146, 147, 149, 152, 153, 156, 157, 159, 161, 162, 163, 164, 165, 166, 168, 169, 170, 172, 173, 174, 175, 176, 177, 178, 179, 181, 183, 184, 186, 187, 188, 189, 190, 191, 192, 193, 194, 195, 196, 197, 199, 201, 202, 203, 204, 205, 206, 207, 208, 209, 210, 211, 213, 214, 215, 216, 217, 218, 219, 220, 221, 222, 226, 227, 228, 229, 230, 231, 232, 233, 234, 236, 238, 239, 240, 242, 245, 246, 248, 250, 251, 252, 254, 255, 258, 260, 263, 265, 266, 267, 268, 272, 273, 274, 277, 279, 281, 282, 283, 284, 286, 293, 296, 297, 300, 302, 304, 307, 309, 310, 311, 313, 316, 319, 320, 321, 322, 323, 326, 328, 329, 330, 331, 333, 335, 336, 337, 338, 339, 342, 347, 349, 350, 351, 352, 353, 354, 355, 356, 357, 358, 359, 360, 361, 362, 363, 364, 365, 366, 367, 368, 369, 370, 371, 372, 373, 374, 375, 376, 377, 379, 380, 381, 382, 383, 384, 385, 386, 387, 388, 389, 390, 392, 393, 395, 396, 398, 399, 400]","{1: [<function rolling_mean_14 at 0x000002C5930FAA20>], 7: [<function rolling_mean_30 at 0x000002C58DBF9260>], 30: [<function expanding_mean at 0x000002C58F7A04A0>]}",lags_400_features_264,10.71655202685763,17.50366027567301,18.97628212534266,18.496061670315456,19.038058106176827,20.341910755235677,27.057629069923443,31.77664487655192,41.180526091915496,45.102932953526675,44.51538519001673
XGBRegressor,"AutoSeasonalDifferences(max_diffs=380, n_seasons=10, season_length=267)","[1, 2, 3, 4, 5, 6, 7, 8, 9, 10, 11, 12, 13, 14, 15, 16, 18, 19, 20, 21, 22, 23, 25, 26, 27, 28, 29, 30, 31, 32, 34, 36, 37, 38, 40, 42, 44, 45, 47, 48, 52, 53, 54, 59, 60, 61, 65, 67, 69, 70, 73, 74, 85, 91, 96, 98, 100, 102, 105, 106, 107, 109, 110, 111, 112, 113, 117, 118, 119, 120, 122, 124, 125, 127, 129, 130, 131, 134, 138, 139, 140, 141, 142, 144, 145, 146, 147, 149, 152, 153, 156, 157, 159, 161, 162, 163, 164, 165, 166, 168, 169, 170, 172, 173, 174, 175, 176, 177, 178, 179, 181, 183, 184, 186, 187, 188, 189, 190, 191, 192, 193, 194, 195, 196, 197, 199, 201, 202, 203, 204, 205, 206, 207, 208, 209, 210, 211, 213, 214, 215, 216, 217, 218, 219, 220, 221, 222, 226, 227, 228, 229, 230, 231, 232, 233, 234, 236, 238, 239, 240, 242, 245, 246, 248, 250, 251, 252, 254, 255, 258, 260, 263, 265, 266, 267, 268, 272, 273, 274, 277, 279, 281, 282, 283, 284, 286, 293, 296, 297, 300, 302, 304, 307, 309, 310, 311, 313, 316, 319, 320, 321, 322, 323, 326, 328, 329, 330, 331, 333, 335, 336, 337, 338, 339, 342, 347, 349, 350, 351, 352, 353, 354, 355, 356, 357, 358, 359, 360, 361, 362, 363, 364, 365, 366, 367, 368, 369, 370, 371, 372, 373, 374, 375, 376, 377, 379, 380, 381, 382, 383, 384, 385, 386, 387, 388, 389, 390, 392, 393, 395, 396, 398, 399, 400]","{7: [RollingMean(window_size=7)], 30: [RollingMean(window_size=30)], 60: [RollingMean(window_size=60)]}",lags_400_features_264,12.391081290108728,17.021975077014787,19.05690226801179,18.63123286738061,19.303740432830896,21.136784138757474,29.52044783918749,35.34495148977522,46.652147596953,48.12335907544964,47.42669317431619
LGBMRegressor,"AutoSeasonalDifferences(max_diffs=380, n_seasons=10, season_length=267)","[1, 2, 3, 4, 5, 6, 7, 8, 9, 10, 11, 12, 13, 14, 15, 16, 18, 19, 20, 21, 22, 23, 25, 26, 27, 28, 29, 30, 31, 32, 34, 36, 37, 38, 40, 42, 44, 45, 47, 48, 52, 53, 54, 59, 60, 61, 65, 67, 69, 70, 73, 74, 85, 91, 96, 98, 100, 102, 105, 106, 107, 109, 110, 111, 112, 113, 117, 118, 119, 120, 122, 124, 125, 127, 129, 130, 131, 134, 138, 139, 140, 141, 142, 144, 145, 146, 147, 149, 152, 153, 156, 157, 159, 161, 162, 163, 164, 165, 166, 168, 169, 170, 172, 173, 174, 175, 176, 177, 178, 179, 181, 183, 184, 186, 187, 188, 189, 190, 191, 192, 193, 194, 195, 196, 197, 199, 201, 202, 203, 204, 205, 206, 207, 208, 209, 210, 211, 213, 214, 215, 216, 217, 218, 219, 220, 221, 222, 226, 227, 228, 229, 230, 231, 232, 233, 234, 236, 238, 239, 240, 242, 245, 246, 248, 250, 251, 252, 254, 255, 258, 260, 263, 265, 266, 267, 268, 272, 273, 274, 277, 279, 281, 282, 283, 284, 286, 293, 296, 297, 300, 302, 304, 307, 309, 310, 311, 313, 316, 319, 320, 321, 322, 323, 326, 328, 329, 330, 331, 333, 335, 336, 337, 338, 339, 342, 347, 349, 350, 351, 352, 353, 354, 355, 356, 357, 358, 359, 360, 361, 362, 363, 364, 365, 366, 367, 368, 369, 370, 371, 372, 373, 374, 375, 376, 377, 379, 380, 381, 382, 383, 384, 385, 386, 387, 388, 389, 390, 392, 393, 395, 396, 398, 399, 400]","{7: [RollingMean(window_size=7)], 30: [RollingMean(window_size=30)], 60: [RollingMean(window_size=60)]}",lags_400_features_264,10.379183547966644,17.039933572108083,19.188975417570823,19.02420977960276,19.22319665787834,22.52445679167609,29.74108531691678,32.54498879496526,41.75802219278338,43.97788295006915,43.27461748990684
XGBRegressor,"AutoSeasonalDifferences(max_diffs=380, n_seasons=10, season_length=267)","[1, 2, 3, 4, 5, 6, 7, 8, 9, 10, 11, 12, 13, 14, 15, 16, 18, 19, 20, 21, 22, 23, 25, 26, 27, 28, 29, 30, 31, 32, 34, 36, 37, 38, 40, 42, 44, 45, 47, 48, 52, 53, 54, 59, 60, 61, 65, 67, 69, 70, 73, 74, 85, 91, 96, 98, 100, 102, 105, 106, 107, 109, 110, 111, 112, 113, 117, 118, 119, 120, 122, 124, 125, 127, 129, 130, 131, 134, 138, 139, 140, 141, 142, 144, 145, 146, 147, 149, 152, 153, 156, 157, 159, 161, 162, 163, 164, 165, 166, 168, 169, 170, 172, 173, 174, 175, 176, 177, 178, 179, 181, 183, 184, 186, 187, 188, 189, 190, 191, 192, 193, 194, 195, 196, 197, 199, 201, 202, 203, 204, 205, 206, 207, 208, 209, 210, 211, 213, 214, 215, 216, 217, 218, 219, 220, 221, 222, 226, 227, 228, 229, 230, 231, 232, 233, 234, 236, 238, 239, 240, 242, 245, 246, 248, 250, 251, 252, 254, 255, 258, 260, 263, 265, 266, 267, 268, 272, 273, 274, 277, 279, 281, 282, 283, 284, 286, 293, 296, 297, 300, 302, 304, 307, 309, 310, 311, 313, 316, 319, 320, 321, 322, 323, 326, 328, 329, 330, 331, 333, 335, 336, 337, 338, 339, 342, 347, 349, 350, 351, 352, 353, 354, 355, 356, 357, 358, 359, 360, 361, 362, 363, 364, 365, 366, 367, 368, 369, 370, 371, 372, 373, 374, 375, 376, 377, 379, 380, 381, 382, 383, 384, 385, 386, 387, 388, 389, 390, 392, 393, 395, 396, 398, 399, 400]","{7: [RollingMean(window_size=7), RollingStd(window_size=7)], 30: [RollingMean(window_size=30)], 60: [ExpandingMean()], 14: [ExponentiallyWeightedMean(alpha=0.3)]}",lags_400_features_264,12.920541967311303,16.78971979209324,19.39962788895942,18.877734906751034,19.67544475684711,21.429587006392055,29.696500885787152,36.1380943414264,47.85349818604096,49.77178731632277,49.13055616002136
LGBMRegressor,"AutoSeasonalDifferences(max_diffs=380, n_seasons=10, season_length=267)","[1, 2, 3, 4, 5, 6, 7, 8, 9, 10, 11, 12, 13, 14, 15, 16, 18, 19, 20, 21, 22, 23, 25, 26, 27, 28, 29, 30, 31, 32, 34, 36, 37, 38, 40, 42, 44, 45, 47, 48, 52, 53, 54, 59, 60, 61, 65, 67, 69, 70, 73, 74, 85, 91, 96, 98, 100, 102, 105, 106, 107, 109, 110, 111, 112, 113, 117, 118, 119, 120, 122, 124, 125, 127, 129, 130, 131, 134, 138, 139, 140, 141, 142, 144, 145, 146, 147, 149, 152, 153, 156, 157, 159, 161, 162, 163, 164, 165, 166, 168, 169, 170, 172, 173, 174, 175, 176, 177, 178, 179, 181, 183, 184, 186, 187, 188, 189, 190, 191, 192, 193, 194, 195, 196, 197, 199, 201, 202, 203, 204, 205, 206, 207, 208, 209, 210, 211, 213, 214, 215, 216, 217, 218, 219, 220, 221, 222, 226, 227, 228, 229, 230, 231, 232, 233, 234, 236, 238, 239, 240, 242, 245, 246, 248, 250, 251, 252, 254, 255, 258, 260, 263, 265, 266, 267, 268, 272, 273, 274, 277, 279, 281, 282, 283, 284, 286, 293, 296, 297, 300, 302, 304, 307, 309, 310, 311, 313, 316, 319, 320, 321, 322, 323, 326, 328, 329, 330, 331, 333, 335, 336, 337, 338, 339, 342, 347, 349, 350, 351, 352, 353, 354, 355, 356, 357, 358, 359, 360, 361, 362, 363, 364, 365, 366, 367, 368, 369, 370, 371, 372, 373, 374, 375, 376, 377, 379, 380, 381, 382, 383, 384, 385, 386, 387, 388, 389, 390, 392, 393, 395, 396, 398, 399, 400]","{7: [RollingMean(window_size=7), RollingStd(window_size=7)], 30: [RollingMean(window_size=30)], 60: [ExpandingMean()], 14: [ExponentiallyWeightedMean(alpha=0.3)]}",lags_400_features_264,10.37807867022523,16.53173448991404,18.418413461542873,18.16806209338221,18.228257993248263,22.80758037945054,29.896899181330134,33.537488335291776,44.46982362247785,47.89239757741744,47.15640885667483
XGBRegressor,"AutoSeasonalityAndDifferences(max_diffs=380, max_season_length=267, n_seasons=10)","[1, 2, 3, 4, 5, 6, 7, 8, 9, 10, 11, 12, 13, 14, 15, 16, 18, 19, 20, 21, 22, 23, 25, 26, 27, 28, 29, 30, 31, 32, 34, 36, 37, 38, 40, 42, 44, 45, 47, 48, 52, 53, 54, 59, 60, 61, 65, 67, 69, 70, 73, 74, 85, 91, 96, 98, 100, 102, 105, 106, 107, 109, 110, 111, 112, 113, 117, 118, 119, 120, 122, 124, 125, 127, 129, 130, 131, 134, 138, 139, 140, 141, 142, 144, 145, 146, 147, 149, 152, 153, 156, 157, 159, 161, 162, 163, 164, 165, 166, 168, 169, 170, 172, 173, 174, 175, 176, 177, 178, 179, 181, 183, 184, 186, 187, 188, 189, 190, 191, 192, 193, 194, 195, 196, 197, 199, 201, 202, 203, 204, 205, 206, 207, 208, 209, 210, 211, 213, 214, 215, 216, 217, 218, 219, 220, 221, 222, 226, 227, 228, 229, 230, 231, 232, 233, 234, 236, 238, 239, 240, 242, 245, 246, 248, 250, 251, 252, 254, 255, 258, 260, 263, 265, 266, 267, 268, 272, 273, 274, 277, 279, 281, 282, 283, 284, 286, 293, 296, 297, 300, 302, 304, 307, 309, 310, 311, 313, 316, 319, 320, 321, 322, 323, 326, 328, 329, 330, 331, 333, 335, 336, 337, 338, 339, 342, 347, 349, 350, 351, 352, 353, 354, 355, 356, 357, 358, 359, 360, 361, 362, 363, 364, 365, 366, 367, 368, 369, 370, 371, 372, 373, 374, 375, 376, 377, 379, 380, 381, 382, 383, 384, 385, 386, 387, 388, 389, 390, 392, 393, 395, 396, 398, 399, 400]","{1: [<function expanding_mean at 0x000002C58F7A04A0>], 7: [<function rolling_mean_14 at 0x000002C5930FAA20>], 30: [<function expanding_mean at 0x000002C58F7A04A0>]}",lags_400_features_264,12.959345877460954,18.55746139801176,20.732381800099972,20.001172075496118,19.647107401347526,20.852946267453664,29.81490969337775,36.67963594023978,48.62762912459016,57.393138927698374,56.85356089844416
LGBMRegressor,"AutoSeasonalityAndDifferences(max_diffs=380, max_season_length=267, n_seasons=10)","[1, 2, 3, 4, 5, 6, 7, 8, 9, 10, 11, 12, 13, 14, 15, 16, 18, 19, 20, 21, 22, 23, 25, 26, 27, 28, 29, 30, 31, 32, 34, 36, 37, 38, 40, 42, 44, 45, 47, 48, 52, 53, 54, 59, 60, 61, 65, 67, 69, 70, 73, 74, 85, 91, 96, 98, 100, 102, 105, 106, 107, 109, 110, 111, 112, 113, 117, 118, 119, 120, 122, 124, 125, 127, 129, 130, 131, 134, 138, 139, 140, 141, 142, 144, 145, 146, 147, 149, 152, 153, 156, 157, 159, 161, 162, 163, 164, 165, 166, 168, 169, 170, 172, 173, 174, 175, 176, 177, 178, 179, 181, 183, 184, 186, 187, 188, 189, 190, 191, 192, 193, 194, 195, 196, 197, 199, 201, 202, 203, 204, 205, 206, 207, 208, 209, 210, 211, 213, 214, 215, 216, 217, 218, 219, 220, 221, 222, 226, 227, 228, 229, 230, 231, 232, 233, 234, 236, 238, 239, 240, 242, 245, 246, 248, 250, 251, 252, 254, 255, 258, 260, 263, 265, 266, 267, 268, 272, 273, 274, 277, 279, 281, 282, 283, 284, 286, 293, 296, 297, 300, 302, 304, 307, 309, 310, 311, 313, 316, 319, 320, 321, 322, 323, 326, 328, 329, 330, 331, 333, 335, 336, 337, 338, 339, 342, 347, 349, 350, 351, 352, 353, 354, 355, 356, 357, 358, 359, 360, 361, 362, 363, 364, 365, 366, 367, 368, 369, 370, 371, 372, 373, 374, 375, 376, 377, 379, 380, 381, 382, 383, 384, 385, 386, 387, 388, 389, 390, 392, 393, 395, 396, 398, 399, 400]","{1: [<function expanding_mean at 0x000002C58F7A04A0>], 7: [<function rolling_mean_14 at 0x000002C5930FAA20>], 30: [<function expanding_mean at 0x000002C58F7A04A0>]}",lags_400_features_264,10.268802797946638,17.433804028486932,19.194612210787714,18.571613419035447,18.421588049810495,23.378433657015,30.42796943042666,34.33765775850983,44.43415755486156,49.179991742654096,48.60697761454407
XGBRegressor,"AutoSeasonalityAndDifferences(max_diffs=380, max_season_length=267, n_seasons=10)","[1, 2, 3, 4, 5, 6, 7, 8, 9, 10, 11, 12, 13, 14, 15, 16, 18, 19, 20, 21, 22, 23, 25, 26, 27, 28, 29, 30, 31, 32, 34, 36, 37, 38, 40, 42, 44, 45, 47, 48, 52, 53, 54, 59, 60, 61, 65, 67, 69, 70, 73, 74, 85, 91, 96, 98, 100, 102, 105, 106, 107, 109, 110, 111, 112, 113, 117, 118, 119, 120, 122, 124, 125, 127, 129, 130, 131, 134, 138, 139, 140, 141, 142, 144, 145, 146, 147, 149, 152, 153, 156, 157, 159, 161, 162, 163, 164, 165, 166, 168, 169, 170, 172, 173, 174, 175, 176, 177, 178, 179, 181, 183, 184, 186, 187, 188, 189, 190, 191, 192, 193, 194, 195, 196, 197, 199, 201, 202, 203, 204, 205, 206, 207, 208, 209, 210, 211, 213, 214, 215, 216, 217, 218, 219, 220, 221, 222, 226, 227, 228, 229, 230, 231, 232, 233, 234, 236, 238, 239, 240, 242, 245, 246, 248, 250, 251, 252, 254, 255, 258, 260, 263, 265, 266, 267, 268, 272, 273, 274, 277, 279, 281, 282, 283, 284, 286, 293, 296, 297, 300, 302, 304, 307, 309, 310, 311, 313, 316, 319, 320, 321, 322, 323, 326, 328, 329, 330, 331, 333, 335, 336, 337, 338, 339, 342, 347, 349, 350, 351, 352, 353, 354, 355, 356, 357, 358, 359, 360, 361, 362, 363, 364, 365, 366, 367, 368, 369, 370, 371, 372, 373, 374, 375, 376, 377, 379, 380, 381, 382, 383, 384, 385, 386, 387, 388, 389, 390, 392, 393, 395, 396, 398, 399, 400]","{1: [<function rolling_mean_14 at 0x000002C5930FAA20>], 7: [<function rolling_mean_30 at 0x000002C58DBF9260>], 30: [<function expanding_mean at 0x000002C58F7A04A0>]}",lags_400_features_264,11.020112955525125,17.844802139742523,19.82534115630177,19.32623212742266,20.147955296737823,19.152101860389703,25.17670943362481,33.31280203148408,45.90301296552849,51.173540989942836,50.50989380497379
LGBMRegressor,"AutoSeasonalityAndDifferences(max_diffs=380, max_season_length=267, n_seasons=10)","[1, 2, 3, 4, 5, 6, 7, 8, 9, 10, 11, 12, 13, 14, 15, 16, 18, 19, 20, 21, 22, 23, 25, 26, 27, 28, 29, 30, 31, 32, 34, 36, 37, 38, 40, 42, 44, 45, 47, 48, 52, 53, 54, 59, 60, 61, 65, 67, 69, 70, 73, 74, 85, 91, 96, 98, 100, 102, 105, 106, 107, 109, 110, 111, 112, 113, 117, 118, 119, 120, 122, 124, 125, 127, 129, 130, 131, 134, 138, 139, 140, 141, 142, 144, 145, 146, 147, 149, 152, 153, 156, 157, 159, 161, 162, 163, 164, 165, 166, 168, 169, 170, 172, 173, 174, 175, 176, 177, 178, 179, 181, 183, 184, 186, 187, 188, 189, 190, 191, 192, 193, 194, 195, 196, 197, 199, 201, 202, 203, 204, 205, 206, 207, 208, 209, 210, 211, 213, 214, 215, 216, 217, 218, 219, 220, 221, 222, 226, 227, 228, 229, 230, 231, 232, 233, 234, 236, 238, 239, 240, 242, 245, 246, 248, 250, 251, 252, 254, 255, 258, 260, 263, 265, 266, 267, 268, 272, 273, 274, 277, 279, 281, 282, 283, 284, 286, 293, 296, 297, 300, 302, 304, 307, 309, 310, 311, 313, 316, 319, 320, 321, 322, 323, 326, 328, 329, 330, 331, 333, 335, 336, 337, 338, 339, 342, 347, 349, 350, 351, 352, 353, 354, 355, 356, 357, 358, 359, 360, 361, 362, 363, 364, 365, 366, 367, 368, 369, 370, 371, 372, 373, 374, 375, 376, 377, 379, 380, 381, 382, 383, 384, 385, 386, 387, 388, 389, 390, 392, 393, 395, 396, 398, 399, 400]","{1: [<function rolling_mean_14 at 0x000002C5930FAA20>], 7: [<function rolling_mean_30 at 0x000002C58DBF9260>], 30: [<function expanding_mean at 0x000002C58F7A04A0>]}",lags_400_features_264,10.71655202685763,17.50366027567301,18.97628212534266,18.496061670315456,19.038058106176827,20.341910755235677,27.057629069923443,31.77664487655192,41.180526091915496,45.102932953526675,44.51538519001673
XGBRegressor,"AutoSeasonalityAndDifferences(max_diffs=380, max_season_length=267, n_seasons=10)","[1, 2, 3, 4, 5, 6, 7, 8, 9, 10, 11, 12, 13, 14, 15, 16, 18, 19, 20, 21, 22, 23, 25, 26, 27, 28, 29, 30, 31, 32, 34, 36, 37, 38, 40, 42, 44, 45, 47, 48, 52, 53, 54, 59, 60, 61, 65, 67, 69, 70, 73, 74, 85, 91, 96, 98, 100, 102, 105, 106, 107, 109, 110, 111, 112, 113, 117, 118, 119, 120, 122, 124, 125, 127, 129, 130, 131, 134, 138, 139, 140, 141, 142, 144, 145, 146, 147, 149, 152, 153, 156, 157, 159, 161, 162, 163, 164, 165, 166, 168, 169, 170, 172, 173, 174, 175, 176, 177, 178, 179, 181, 183, 184, 186, 187, 188, 189, 190, 191, 192, 193, 194, 195, 196, 197, 199, 201, 202, 203, 204, 205, 206, 207, 208, 209, 210, 211, 213, 214, 215, 216, 217, 218, 219, 220, 221, 222, 226, 227, 228, 229, 230, 231, 232, 233, 234, 236, 238, 239, 240, 242, 245, 246, 248, 250, 251, 252, 254, 255, 258, 260, 263, 265, 266, 267, 268, 272, 273, 274, 277, 279, 281, 282, 283, 284, 286, 293, 296, 297, 300, 302, 304, 307, 309, 310, 311, 313, 316, 319, 320, 321, 322, 323, 326, 328, 329, 330, 331, 333, 335, 336, 337, 338, 339, 342, 347, 349, 350, 351, 352, 353, 354, 355, 356, 357, 358, 359, 360, 361, 362, 363, 364, 365, 366, 367, 368, 369, 370, 371, 372, 373, 374, 375, 376, 377, 379, 380, 381, 382, 383, 384, 385, 386, 387, 388, 389, 390, 392, 393, 395, 396, 398, 399, 400]","{7: [RollingMean(window_size=7)], 30: [RollingMean(window_size=30)], 60: [RollingMean(window_size=60)]}",lags_400_features_264,12.391081290108728,17.021975077014787,19.05690226801179,18.63123286738061,19.303740432830896,21.136784138757474,29.52044783918749,35.34495148977522,46.652147596953,48.12335907544964,47.42669317431619
LGBMRegressor,"AutoSeasonalityAndDifferences(max_diffs=380, max_season_length=267, n_seasons=10)","[1, 2, 3, 4, 5, 6, 7, 8, 9, 10, 11, 12, 13, 14, 15, 16, 18, 19, 20, 21, 22, 23, 25, 26, 27, 28, 29, 30, 31, 32, 34, 36, 37, 38, 40, 42, 44, 45, 47, 48, 52, 53, 54, 59, 60, 61, 65, 67, 69, 70, 73, 74, 85, 91, 96, 98, 100, 102, 105, 106, 107, 109, 110, 111, 112, 113, 117, 118, 119, 120, 122, 124, 125, 127, 129, 130, 131, 134, 138, 139, 140, 141, 142, 144, 145, 146, 147, 149, 152, 153, 156, 157, 159, 161, 162, 163, 164, 165, 166, 168, 169, 170, 172, 173, 174, 175, 176, 177, 178, 179, 181, 183, 184, 186, 187, 188, 189, 190, 191, 192, 193, 194, 195, 196, 197, 199, 201, 202, 203, 204, 205, 206, 207, 208, 209, 210, 211, 213, 214, 215, 216, 217, 218, 219, 220, 221, 222, 226, 227, 228, 229, 230, 231, 232, 233, 234, 236, 238, 239, 240, 242, 245, 246, 248, 250, 251, 252, 254, 255, 258, 260, 263, 265, 266, 267, 268, 272, 273, 274, 277, 279, 281, 282, 283, 284, 286, 293, 296, 297, 300, 302, 304, 307, 309, 310, 311, 313, 316, 319, 320, 321, 322, 323, 326, 328, 329, 330, 331, 333, 335, 336, 337, 338, 339, 342, 347, 349, 350, 351, 352, 353, 354, 355, 356, 357, 358, 359, 360, 361, 362, 363, 364, 365, 366, 367, 368, 369, 370, 371, 372, 373, 374, 375, 376, 377, 379, 380, 381, 382, 383, 384, 385, 386, 387, 388, 389, 390, 392, 393, 395, 396, 398, 399, 400]","{7: [RollingMean(window_size=7)], 30: [RollingMean(window_size=30)], 60: [RollingMean(window_size=60)]}",lags_400_features_264,10.379183547966644,17.039933572108083,19.188975417570823,19.02420977960276,19.22319665787834,22.52445679167609,29.74108531691678,32.54498879496526,41.75802219278338,43.97788295006915,43.27461748990684
XGBRegressor,"AutoSeasonalityAndDifferences(max_diffs=380, max_season_length=267, n_seasons=10)","[1, 2, 3, 4, 5, 6, 7, 8, 9, 10, 11, 12, 13, 14, 15, 16, 18, 19, 20, 21, 22, 23, 25, 26, 27, 28, 29, 30, 31, 32, 34, 36, 37, 38, 40, 42, 44, 45, 47, 48, 52, 53, 54, 59, 60, 61, 65, 67, 69, 70, 73, 74, 85, 91, 96, 98, 100, 102, 105, 106, 107, 109, 110, 111, 112, 113, 117, 118, 119, 120, 122, 124, 125, 127, 129, 130, 131, 134, 138, 139, 140, 141, 142, 144, 145, 146, 147, 149, 152, 153, 156, 157, 159, 161, 162, 163, 164, 165, 166, 168, 169, 170, 172, 173, 174, 175, 176, 177, 178, 179, 181, 183, 184, 186, 187, 188, 189, 190, 191, 192, 193, 194, 195, 196, 197, 199, 201, 202, 203, 204, 205, 206, 207, 208, 209, 210, 211, 213, 214, 215, 216, 217, 218, 219, 220, 221, 222, 226, 227, 228, 229, 230, 231, 232, 233, 234, 236, 238, 239, 240, 242, 245, 246, 248, 250, 251, 252, 254, 255, 258, 260, 263, 265, 266, 267, 268, 272, 273, 274, 277, 279, 281, 282, 283, 284, 286, 293, 296, 297, 300, 302, 304, 307, 309, 310, 311, 313, 316, 319, 320, 321, 322, 323, 326, 328, 329, 330, 331, 333, 335, 336, 337, 338, 339, 342, 347, 349, 350, 351, 352, 353, 354, 355, 356, 357, 358, 359, 360, 361, 362, 363, 364, 365, 366, 367, 368, 369, 370, 371, 372, 373, 374, 375, 376, 377, 379, 380, 381, 382, 383, 384, 385, 386, 387, 388, 389, 390, 392, 393, 395, 396, 398, 399, 400]","{7: [RollingMean(window_size=7), RollingStd(window_size=7)], 30: [RollingMean(window_size=30)], 60: [ExpandingMean()], 14: [ExponentiallyWeightedMean(alpha=0.3)]}",lags_400_features_264,12.920541967311303,16.78971979209324,19.39962788895942,18.877734906751034,19.67544475684711,21.429587006392055,29.696500885787152,36.1380943414264,47.85349818604096,49.77178731632277,49.13055616002136
LGBMRegressor,"AutoSeasonalityAndDifferences(max_diffs=380, max_season_length=267, n_seasons=10)","[1, 2, 3, 4, 5, 6, 7, 8, 9, 10, 11, 12, 13, 14, 15, 16, 18, 19, 20, 21, 22, 23, 25, 26, 27, 28, 29, 30, 31, 32, 34, 36, 37, 38, 40, 42, 44, 45, 47, 48, 52, 53, 54, 59, 60, 61, 65, 67, 69, 70, 73, 74, 85, 91, 96, 98, 100, 102, 105, 106, 107, 109, 110, 111, 112, 113, 117, 118, 119, 120, 122, 124, 125, 127, 129, 130, 131, 134, 138, 139, 140, 141, 142, 144, 145, 146, 147, 149, 152, 153, 156, 157, 159, 161, 162, 163, 164, 165, 166, 168, 169, 170, 172, 173, 174, 175, 176, 177, 178, 179, 181, 183, 184, 186, 187, 188, 189, 190, 191, 192, 193, 194, 195, 196, 197, 199, 201, 202, 203, 204, 205, 206, 207, 208, 209, 210, 211, 213, 214, 215, 216, 217, 218, 219, 220, 221, 222, 226, 227, 228, 229, 230, 231, 232, 233, 234, 236, 238, 239, 240, 242, 245, 246, 248, 250, 251, 252, 254, 255, 258, 260, 263, 265, 266, 267, 268, 272, 273, 274, 277, 279, 281, 282, 283, 284, 286, 293, 296, 297, 300, 302, 304, 307, 309, 310, 311, 313, 316, 319, 320, 321, 322, 323, 326, 328, 329, 330, 331, 333, 335, 336, 337, 338, 339, 342, 347, 349, 350, 351, 352, 353, 354, 355, 356, 357, 358, 359, 360, 361, 362, 363, 364, 365, 366, 367, 368, 369, 370, 371, 372, 373, 374, 375, 376, 377, 379, 380, 381, 382, 383, 384, 385, 386, 387, 388, 389, 390, 392, 393, 395, 396, 398, 399, 400]","{7: [RollingMean(window_size=7), RollingStd(window_size=7)], 30: [RollingMean(window_size=30)], 60: [ExpandingMean()], 14: [ExponentiallyWeightedMean(alpha=0.3)]}",lags_400_features_264,10.37807867022523,16.53173448991404,18.418413461542873,18.16806209338221,18.228257993248263,22.80758037945054,29.896899181330134,33.537488335291776,44.46982362247785,47.89239757741744,47.15640885667483
SGD_EarlyStopping,LocalStandardScaler(stats_=[[47.42372721 38.3630083 ]]),"[1, 2, 3, 4, 5, 6, 7, 8, 9, 10, 11, 12, 13, 14, 15, 16, 18, 19, 20, 21, 22, 23, 25, 26, 27, 28, 29, 30, 31, 32, 34, 36, 37, 38, 40, 42, 44, 45, 47, 48, 52, 53, 54, 59, 60, 61, 65, 67, 69, 70, 73, 74, 85, 91, 96, 98, 100, 102, 105, 106, 107, 109, 110, 111, 112, 113, 117, 118, 119, 120, 122, 124, 125, 127, 129, 130, 131, 134, 138, 139, 140, 141, 142, 144, 145, 146, 147, 149, 152, 153, 156, 157, 159, 161, 162, 163, 164, 165, 166, 168, 169, 170, 172, 173, 174, 175, 176, 177, 178, 179, 181, 183, 184, 186, 187, 188, 189, 190, 191, 192, 193, 194, 195, 196, 197, 199, 201, 202, 203, 204, 205, 206, 207, 208, 209, 210, 211, 213, 214, 215, 216, 217, 218, 219, 220, 221, 222, 226, 227, 228, 229, 230, 231, 232, 233, 234, 236, 238, 239, 240, 242, 245, 246, 248, 250, 251, 252, 254, 255, 258, 260, 263, 265, 266, 267, 268, 272, 273, 274, 277, 279, 281, 282, 283, 284, 286, 293, 296, 297, 300, 302, 304, 307, 309, 310, 311, 313, 316, 319, 320, 321, 322, 323, 326, 328, 329, 330, 331, 333, 335, 336, 337, 338, 339, 342, 347, 349, 350, 351, 352, 353, 354, 355, 356, 357, 358, 359, 360, 361, 362, 363, 364, 365, 366, 367, 368, 369, 370, 371, 372, 373, 374, 375, 376, 377, 379, 380, 381, 382, 383, 384, 385, 386, 387, 388, 389, 390, 392, 393, 395, 396, 398, 399, 400]","{1: [<function expanding_mean at 0x000002C58F7A04A0>], 7: [<function rolling_mean_14 at 0x000002C5930FAA20>], 30: [<function expanding_mean at 0x000002C58F7A04A0>]}",lags_400_features_264,49.47846263254221,66.94143027293646,70.2505685842403,71.42891384170727,70.53921251137956,69.68252952497213,68.09653458806663,77.57031000788368,95.60469878305943,112.56966917457045,112.91089365200473
SGD_ElasticNet,LocalStandardScaler(stats_=[[47.42372721 38.3630083 ]]),"[1, 2, 3, 4, 5, 6, 7, 8, 9, 10, 11, 12, 13, 14, 15, 16, 18, 19, 20, 21, 22, 23, 25, 26, 27, 28, 29, 30, 31, 32, 34, 36, 37, 38, 40, 42, 44, 45, 47, 48, 52, 53, 54, 59, 60, 61, 65, 67, 69, 70, 73, 74, 85, 91, 96, 98, 100, 102, 105, 106, 107, 109, 110, 111, 112, 113, 117, 118, 119, 120, 122, 124, 125, 127, 129, 130, 131, 134, 138, 139, 140, 141, 142, 144, 145, 146, 147, 149, 152, 153, 156, 157, 159, 161, 162, 163, 164, 165, 166, 168, 169, 170, 172, 173, 174, 175, 176, 177, 178, 179, 181, 183, 184, 186, 187, 188, 189, 190, 191, 192, 193, 194, 195, 196, 197, 199, 201, 202, 203, 204, 205, 206, 207, 208, 209, 210, 211, 213, 214, 215, 216, 217, 218, 219, 220, 221, 222, 226, 227, 228, 229, 230, 231, 232, 233, 234, 236, 238, 239, 240, 242, 245, 246, 248, 250, 251, 252, 254, 255, 258, 260, 263, 265, 266, 267, 268, 272, 273, 274, 277, 279, 281, 282, 283, 284, 286, 293, 296, 297, 300, 302, 304, 307, 309, 310, 311, 313, 316, 319, 320, 321, 322, 323, 326, 328, 329, 330, 331, 333, 335, 336, 337, 338, 339, 342, 347, 349, 350, 351, 352, 353, 354, 355, 356, 357, 358, 359, 360, 361, 362, 363, 364, 365, 366, 367, 368, 369, 370, 371, 372, 373, 374, 375, 376, 377, 379, 380, 381, 382, 383, 384, 385, 386, 387, 388, 389, 390, 392, 393, 395, 396, 398, 399, 400]","{1: [<function expanding_mean at 0x000002C58F7A04A0>], 7: [<function rolling_mean_14 at 0x000002C5930FAA20>], 30: [<function expanding_mean at 0x000002C58F7A04A0>]}",lags_400_features_264,58.69710289848733,48.8130747778232,63.755170966393074,61.76843219919503,59.86067746842924,63.995147284564894,62.9442564946311,62.397496081037026,79.65741680246668,104.35886316453329,103.6351229718379
SGD_Lasso,LocalStandardScaler(stats_=[[47.42372721 38.3630083 ]]),"[1, 2, 3, 4, 5, 6, 7, 8, 9, 10, 11, 12, 13, 14, 15, 16, 18, 19, 20, 21, 22, 23, 25, 26, 27, 28, 29, 30, 31, 32, 34, 36, 37, 38, 40, 42, 44, 45, 47, 48, 52, 53, 54, 59, 60, 61, 65, 67, 69, 70, 73, 74, 85, 91, 96, 98, 100, 102, 105, 106, 107, 109, 110, 111, 112, 113, 117, 118, 119, 120, 122, 124, 125, 127, 129, 130, 131, 134, 138, 139, 140, 141, 142, 144, 145, 146, 147, 149, 152, 153, 156, 157, 159, 161, 162, 163, 164, 165, 166, 168, 169, 170, 172, 173, 174, 175, 176, 177, 178, 179, 181, 183, 184, 186, 187, 188, 189, 190, 191, 192, 193, 194, 195, 196, 197, 199, 201, 202, 203, 204, 205, 206, 207, 208, 209, 210, 211, 213, 214, 215, 216, 217, 218, 219, 220, 221, 222, 226, 227, 228, 229, 230, 231, 232, 233, 234, 236, 238, 239, 240, 242, 245, 246, 248, 250, 251, 252, 254, 255, 258, 260, 263, 265, 266, 267, 268, 272, 273, 274, 277, 279, 281, 282, 283, 284, 286, 293, 296, 297, 300, 302, 304, 307, 309, 310, 311, 313, 316, 319, 320, 321, 322, 323, 326, 328, 329, 330, 331, 333, 335, 336, 337, 338, 339, 342, 347, 349, 350, 351, 352, 353, 354, 355, 356, 357, 358, 359, 360, 361, 362, 363, 364, 365, 366, 367, 368, 369, 370, 371, 372, 373, 374, 375, 376, 377, 379, 380, 381, 382, 383, 384, 385, 386, 387, 388, 389, 390, 392, 393, 395, 396, 398, 399, 400]","{1: [<function expanding_mean at 0x000002C58F7A04A0>], 7: [<function rolling_mean_14 at 0x000002C5930FAA20>], 30: [<function expanding_mean at 0x000002C58F7A04A0>]}",lags_400_features_264,119.14548458554842,103.77149442233085,102.08395774688732,91.04926196560366,76.4857034666081,67.71698172970517,61.930075094803996,56.18075610191639,72.186709178849,97.69672620078694,97.15062446619048
SGD_Ridge,LocalStandardScaler(stats_=[[47.42372721 38.3630083 ]]),"[1, 2, 3, 4, 5, 6, 7, 8, 9, 10, 11, 12, 13, 14, 15, 16, 18, 19, 20, 21, 22, 23, 25, 26, 27, 28, 29, 30, 31, 32, 34, 36, 37, 38, 40, 42, 44, 45, 47, 48, 52, 53, 54, 59, 60, 61, 65, 67, 69, 70, 73, 74, 85, 91, 96, 98, 100, 102, 105, 106, 107, 109, 110, 111, 112, 113, 117, 118, 119, 120, 122, 124, 125, 127, 129, 130, 131, 134, 138, 139, 140, 141, 142, 144, 145, 146, 147, 149, 152, 153, 156, 157, 159, 161, 162, 163, 164, 165, 166, 168, 169, 170, 172, 173, 174, 175, 176, 177, 178, 179, 181, 183, 184, 186, 187, 188, 189, 190, 191, 192, 193, 194, 195, 196, 197, 199, 201, 202, 203, 204, 205, 206, 207, 208, 209, 210, 211, 213, 214, 215, 216, 217, 218, 219, 220, 221, 222, 226, 227, 228, 229, 230, 231, 232, 233, 234, 236, 238, 239, 240, 242, 245, 246, 248, 250, 251, 252, 254, 255, 258, 260, 263, 265, 266, 267, 268, 272, 273, 274, 277, 279, 281, 282, 283, 284, 286, 293, 296, 297, 300, 302, 304, 307, 309, 310, 311, 313, 316, 319, 320, 321, 322, 323, 326, 328, 329, 330, 331, 333, 335, 336, 337, 338, 339, 342, 347, 349, 350, 351, 352, 353, 354, 355, 356, 357, 358, 359, 360, 361, 362, 363, 364, 365, 366, 367, 368, 369, 370, 371, 372, 373, 374, 375, 376, 377, 379, 380, 381, 382, 383, 384, 385, 386, 387, 388, 389, 390, 392, 393, 395, 396, 398, 399, 400]","{1: [<function expanding_mean at 0x000002C58F7A04A0>], 7: [<function rolling_mean_14 at 0x000002C5930FAA20>], 30: [<function expanding_mean at 0x000002C58F7A04A0>]}",lags_400_features_264,29.285165317803465,38.996252046122486,39.47994905463207,41.782092429681654,39.860628269016885,41.73587483799693,44.9858242475522,52.41821307355862,60.42250146091534,62.74963918916712,62.64836492237132
SGDRegressor,LocalStandardScaler(stats_=[[47.42372721 38.3630083 ]]),"[1, 2, 3, 4, 5, 6, 7, 8, 9, 10, 11, 12, 13, 14, 15, 16, 18, 19, 20, 21, 22, 23, 25, 26, 27, 28, 29, 30, 31, 32, 34, 36, 37, 38, 40, 42, 44, 45, 47, 48, 52, 53, 54, 59, 60, 61, 65, 67, 69, 70, 73, 74, 85, 91, 96, 98, 100, 102, 105, 106, 107, 109, 110, 111, 112, 113, 117, 118, 119, 120, 122, 124, 125, 127, 129, 130, 131, 134, 138, 139, 140, 141, 142, 144, 145, 146, 147, 149, 152, 153, 156, 157, 159, 161, 162, 163, 164, 165, 166, 168, 169, 170, 172, 173, 174, 175, 176, 177, 178, 179, 181, 183, 184, 186, 187, 188, 189, 190, 191, 192, 193, 194, 195, 196, 197, 199, 201, 202, 203, 204, 205, 206, 207, 208, 209, 210, 211, 213, 214, 215, 216, 217, 218, 219, 220, 221, 222, 226, 227, 228, 229, 230, 231, 232, 233, 234, 236, 238, 239, 240, 242, 245, 246, 248, 250, 251, 252, 254, 255, 258, 260, 263, 265, 266, 267, 268, 272, 273, 274, 277, 279, 281, 282, 283, 284, 286, 293, 296, 297, 300, 302, 304, 307, 309, 310, 311, 313, 316, 319, 320, 321, 322, 323, 326, 328, 329, 330, 331, 333, 335, 336, 337, 338, 339, 342, 347, 349, 350, 351, 352, 353, 354, 355, 356, 357, 358, 359, 360, 361, 362, 363, 364, 365, 366, 367, 368, 369, 370, 371, 372, 373, 374, 375, 376, 377, 379, 380, 381, 382, 383, 384, 385, 386, 387, 388, 389, 390, 392, 393, 395, 396, 398, 399, 400]","{1: [<function expanding_mean at 0x000002C58F7A04A0>], 7: [<function rolling_mean_14 at 0x000002C5930FAA20>], 30: [<function expanding_mean at 0x000002C58F7A04A0>]}",lags_400_features_264,66.21773525584337,53.325731365775056,68.34638633386366,65.9478097170534,63.52881990852133,67.03382602000248,65.40572683425816,64.58217889663341,83.0066647988296,111.30815322966396,110.74410345210397
XGBRegressor,LocalStandardScaler(stats_=[[47.42372721 38.3630083 ]]),"[1, 2, 3, 4, 5, 6, 7, 8, 9, 10, 11, 12, 13, 14, 15, 16, 18, 19, 20, 21, 22, 23, 25, 26, 27, 28, 29, 30, 31, 32, 34, 36, 37, 38, 40, 42, 44, 45, 47, 48, 52, 53, 54, 59, 60, 61, 65, 67, 69, 70, 73, 74, 85, 91, 96, 98, 100, 102, 105, 106, 107, 109, 110, 111, 112, 113, 117, 118, 119, 120, 122, 124, 125, 127, 129, 130, 131, 134, 138, 139, 140, 141, 142, 144, 145, 146, 147, 149, 152, 153, 156, 157, 159, 161, 162, 163, 164, 165, 166, 168, 169, 170, 172, 173, 174, 175, 176, 177, 178, 179, 181, 183, 184, 186, 187, 188, 189, 190, 191, 192, 193, 194, 195, 196, 197, 199, 201, 202, 203, 204, 205, 206, 207, 208, 209, 210, 211, 213, 214, 215, 216, 217, 218, 219, 220, 221, 222, 226, 227, 228, 229, 230, 231, 232, 233, 234, 236, 238, 239, 240, 242, 245, 246, 248, 250, 251, 252, 254, 255, 258, 260, 263, 265, 266, 267, 268, 272, 273, 274, 277, 279, 281, 282, 283, 284, 286, 293, 296, 297, 300, 302, 304, 307, 309, 310, 311, 313, 316, 319, 320, 321, 322, 323, 326, 328, 329, 330, 331, 333, 335, 336, 337, 338, 339, 342, 347, 349, 350, 351, 352, 353, 354, 355, 356, 357, 358, 359, 360, 361, 362, 363, 364, 365, 366, 367, 368, 369, 370, 371, 372, 373, 374, 375, 376, 377, 379, 380, 381, 382, 383, 384, 385, 386, 387, 388, 389, 390, 392, 393, 395, 396, 398, 399, 400]","{1: [<function expanding_mean at 0x000002C58F7A04A0>], 7: [<function rolling_mean_14 at 0x000002C5930FAA20>], 30: [<function expanding_mean at 0x000002C58F7A04A0>]}",lags_400_features_264,12.624917302523079,18.25268217394519,20.363056470403123,19.66368641797058,19.35666818760051,20.77876206699024,29.993152227710112,36.575001172749516,48.09547900444207,57.3516242884362,56.85644059099302
LGBMRegressor,LocalStandardScaler(stats_=[[47.42372721 38.3630083 ]]),"[1, 2, 3, 4, 5, 6, 7, 8, 9, 10, 11, 12, 13, 14, 15, 16, 18, 19, 20, 21, 22, 23, 25, 26, 27, 28, 29, 30, 31, 32, 34, 36, 37, 38, 40, 42, 44, 45, 47, 48, 52, 53, 54, 59, 60, 61, 65, 67, 69, 70, 73, 74, 85, 91, 96, 98, 100, 102, 105, 106, 107, 109, 110, 111, 112, 113, 117, 118, 119, 120, 122, 124, 125, 127, 129, 130, 131, 134, 138, 139, 140, 141, 142, 144, 145, 146, 147, 149, 152, 153, 156, 157, 159, 161, 162, 163, 164, 165, 166, 168, 169, 170, 172, 173, 174, 175, 176, 177, 178, 179, 181, 183, 184, 186, 187, 188, 189, 190, 191, 192, 193, 194, 195, 196, 197, 199, 201, 202, 203, 204, 205, 206, 207, 208, 209, 210, 211, 213, 214, 215, 216, 217, 218, 219, 220, 221, 222, 226, 227, 228, 229, 230, 231, 232, 233, 234, 236, 238, 239, 240, 242, 245, 246, 248, 250, 251, 252, 254, 255, 258, 260, 263, 265, 266, 267, 268, 272, 273, 274, 277, 279, 281, 282, 283, 284, 286, 293, 296, 297, 300, 302, 304, 307, 309, 310, 311, 313, 316, 319, 320, 321, 322, 323, 326, 328, 329, 330, 331, 333, 335, 336, 337, 338, 339, 342, 347, 349, 350, 351, 352, 353, 354, 355, 356, 357, 358, 359, 360, 361, 362, 363, 364, 365, 366, 367, 368, 369, 370, 371, 372, 373, 374, 375, 376, 377, 379, 380, 381, 382, 383, 384, 385, 386, 387, 388, 389, 390, 392, 393, 395, 396, 398, 399, 400]","{1: [<function expanding_mean at 0x000002C58F7A04A0>], 7: [<function rolling_mean_14 at 0x000002C5930FAA20>], 30: [<function expanding_mean at 0x000002C58F7A04A0>]}",lags_400_features_264,11.6870834344765,18.700122665846468,19.816667478102108,19.17725938019093,18.78479868219358,22.46384330174759,29.631306540825943,33.49264609427665,44.417971910248184,46.88566515915034,46.458732155477975
SGD_EarlyStopping,LocalStandardScaler(stats_=[[47.42372721 38.3630083 ]]),"[1, 2, 3, 4, 5, 6, 7, 8, 9, 10, 11, 12, 13, 14, 15, 16, 18, 19, 20, 21, 22, 23, 25, 26, 27, 28, 29, 30, 31, 32, 34, 36, 37, 38, 40, 42, 44, 45, 47, 48, 52, 53, 54, 59, 60, 61, 65, 67, 69, 70, 73, 74, 85, 91, 96, 98, 100, 102, 105, 106, 107, 109, 110, 111, 112, 113, 117, 118, 119, 120, 122, 124, 125, 127, 129, 130, 131, 134, 138, 139, 140, 141, 142, 144, 145, 146, 147, 149, 152, 153, 156, 157, 159, 161, 162, 163, 164, 165, 166, 168, 169, 170, 172, 173, 174, 175, 176, 177, 178, 179, 181, 183, 184, 186, 187, 188, 189, 190, 191, 192, 193, 194, 195, 196, 197, 199, 201, 202, 203, 204, 205, 206, 207, 208, 209, 210, 211, 213, 214, 215, 216, 217, 218, 219, 220, 221, 222, 226, 227, 228, 229, 230, 231, 232, 233, 234, 236, 238, 239, 240, 242, 245, 246, 248, 250, 251, 252, 254, 255, 258, 260, 263, 265, 266, 267, 268, 272, 273, 274, 277, 279, 281, 282, 283, 284, 286, 293, 296, 297, 300, 302, 304, 307, 309, 310, 311, 313, 316, 319, 320, 321, 322, 323, 326, 328, 329, 330, 331, 333, 335, 336, 337, 338, 339, 342, 347, 349, 350, 351, 352, 353, 354, 355, 356, 357, 358, 359, 360, 361, 362, 363, 364, 365, 366, 367, 368, 369, 370, 371, 372, 373, 374, 375, 376, 377, 379, 380, 381, 382, 383, 384, 385, 386, 387, 388, 389, 390, 392, 393, 395, 396, 398, 399, 400]","{1: [<function rolling_mean_14 at 0x000002C5930FAA20>], 7: [<function rolling_mean_30 at 0x000002C58DBF9260>], 30: [<function expanding_mean at 0x000002C58F7A04A0>]}",lags_400_features_264,49.588842588398094,67.20473121506612,70.45711696090893,71.67465223198175,70.79552736145874,69.89305973784965,68.30425867015457,77.90707659063767,96.07428946721937,113.21136851574975,113.58629604155155
SGD_ElasticNet,LocalStandardScaler(stats_=[[47.42372721 38.3630083 ]]),"[1, 2, 3, 4, 5, 6, 7, 8, 9, 10, 11, 12, 13, 14, 15, 16, 18, 19, 20, 21, 22, 23, 25, 26, 27, 28, 29, 30, 31, 32, 34, 36, 37, 38, 40, 42, 44, 45, 47, 48, 52, 53, 54, 59, 60, 61, 65, 67, 69, 70, 73, 74, 85, 91, 96, 98, 100, 102, 105, 106, 107, 109, 110, 111, 112, 113, 117, 118, 119, 120, 122, 124, 125, 127, 129, 130, 131, 134, 138, 139, 140, 141, 142, 144, 145, 146, 147, 149, 152, 153, 156, 157, 159, 161, 162, 163, 164, 165, 166, 168, 169, 170, 172, 173, 174, 175, 176, 177, 178, 179, 181, 183, 184, 186, 187, 188, 189, 190, 191, 192, 193, 194, 195, 196, 197, 199, 201, 202, 203, 204, 205, 206, 207, 208, 209, 210, 211, 213, 214, 215, 216, 217, 218, 219, 220, 221, 222, 226, 227, 228, 229, 230, 231, 232, 233, 234, 236, 238, 239, 240, 242, 245, 246, 248, 250, 251, 252, 254, 255, 258, 260, 263, 265, 266, 267, 268, 272, 273, 274, 277, 279, 281, 282, 283, 284, 286, 293, 296, 297, 300, 302, 304, 307, 309, 310, 311, 313, 316, 319, 320, 321, 322, 323, 326, 328, 329, 330, 331, 333, 335, 336, 337, 338, 339, 342, 347, 349, 350, 351, 352, 353, 354, 355, 356, 357, 358, 359, 360, 361, 362, 363, 364, 365, 366, 367, 368, 369, 370, 371, 372, 373, 374, 375, 376, 377, 379, 380, 381, 382, 383, 384, 385, 386, 387, 388, 389, 390, 392, 393, 395, 396, 398, 399, 400]","{1: [<function rolling_mean_14 at 0x000002C5930FAA20>], 7: [<function rolling_mean_30 at 0x000002C58DBF9260>], 30: [<function expanding_mean at 0x000002C58F7A04A0>]}",lags_400_features_264,58.67848621460337,48.82249802425077,63.771835130570324,61.772535265698856,59.85762878751213,63.9997371348615,62.94903520239926,62.40034570071031,79.66115077891124,104.3364706626039,103.61419658256521
SGD_Lasso,LocalStandardScaler(stats_=[[47.42372721 38.3630083 ]]),"[1, 2, 3, 4, 5, 6, 7, 8, 9, 10, 11, 12, 13, 14, 15, 16, 18, 19, 20, 21, 22, 23, 25, 26, 27, 28, 29, 30, 31, 32, 34, 36, 37, 38, 40, 42, 44, 45, 47, 48, 52, 53, 54, 59, 60, 61, 65, 67, 69, 70, 73, 74, 85, 91, 96, 98, 100, 102, 105, 106, 107, 109, 110, 111, 112, 113, 117, 118, 119, 120, 122, 124, 125, 127, 129, 130, 131, 134, 138, 139, 140, 141, 142, 144, 145, 146, 147, 149, 152, 153, 156, 157, 159, 161, 162, 163, 164, 165, 166, 168, 169, 170, 172, 173, 174, 175, 176, 177, 178, 179, 181, 183, 184, 186, 187, 188, 189, 190, 191, 192, 193, 194, 195, 196, 197, 199, 201, 202, 203, 204, 205, 206, 207, 208, 209, 210, 211, 213, 214, 215, 216, 217, 218, 219, 220, 221, 222, 226, 227, 228, 229, 230, 231, 232, 233, 234, 236, 238, 239, 240, 242, 245, 246, 248, 250, 251, 252, 254, 255, 258, 260, 263, 265, 266, 267, 268, 272, 273, 274, 277, 279, 281, 282, 283, 284, 286, 293, 296, 297, 300, 302, 304, 307, 309, 310, 311, 313, 316, 319, 320, 321, 322, 323, 326, 328, 329, 330, 331, 333, 335, 336, 337, 338, 339, 342, 347, 349, 350, 351, 352, 353, 354, 355, 356, 357, 358, 359, 360, 361, 362, 363, 364, 365, 366, 367, 368, 369, 370, 371, 372, 373, 374, 375, 376, 377, 379, 380, 381, 382, 383, 384, 385, 386, 387, 388, 389, 390, 392, 393, 395, 396, 398, 399, 400]","{1: [<function rolling_mean_14 at 0x000002C5930FAA20>], 7: [<function rolling_mean_30 at 0x000002C58DBF9260>], 30: [<function expanding_mean at 0x000002C58F7A04A0>]}",lags_400_features_264,119.14548458554842,103.77149442233085,102.08395774688732,91.04926196560366,76.4857034666081,67.71698172970517,61.930075094803996,56.18075610191639,72.186709178849,97.69672620078694,97.15062446619048
SGD_Ridge,LocalStandardScaler(stats_=[[47.42372721 38.3630083 ]]),"[1, 2, 3, 4, 5, 6, 7, 8, 9, 10, 11, 12, 13, 14, 15, 16, 18, 19, 20, 21, 22, 23, 25, 26, 27, 28, 29, 30, 31, 32, 34, 36, 37, 38, 40, 42, 44, 45, 47, 48, 52, 53, 54, 59, 60, 61, 65, 67, 69, 70, 73, 74, 85, 91, 96, 98, 100, 102, 105, 106, 107, 109, 110, 111, 112, 113, 117, 118, 119, 120, 122, 124, 125, 127, 129, 130, 131, 134, 138, 139, 140, 141, 142, 144, 145, 146, 147, 149, 152, 153, 156, 157, 159, 161, 162, 163, 164, 165, 166, 168, 169, 170, 172, 173, 174, 175, 176, 177, 178, 179, 181, 183, 184, 186, 187, 188, 189, 190, 191, 192, 193, 194, 195, 196, 197, 199, 201, 202, 203, 204, 205, 206, 207, 208, 209, 210, 211, 213, 214, 215, 216, 217, 218, 219, 220, 221, 222, 226, 227, 228, 229, 230, 231, 232, 233, 234, 236, 238, 239, 240, 242, 245, 246, 248, 250, 251, 252, 254, 255, 258, 260, 263, 265, 266, 267, 268, 272, 273, 274, 277, 279, 281, 282, 283, 284, 286, 293, 296, 297, 300, 302, 304, 307, 309, 310, 311, 313, 316, 319, 320, 321, 322, 323, 326, 328, 329, 330, 331, 333, 335, 336, 337, 338, 339, 342, 347, 349, 350, 351, 352, 353, 354, 355, 356, 357, 358, 359, 360, 361, 362, 363, 364, 365, 366, 367, 368, 369, 370, 371, 372, 373, 374, 375, 376, 377, 379, 380, 381, 382, 383, 384, 385, 386, 387, 388, 389, 390, 392, 393, 395, 396, 398, 399, 400]","{1: [<function rolling_mean_14 at 0x000002C5930FAA20>], 7: [<function rolling_mean_30 at 0x000002C58DBF9260>], 30: [<function expanding_mean at 0x000002C58F7A04A0>]}",lags_400_features_264,29.43722508833923,39.178461245646986,39.67035729255851,41.990072358861504,40.05450478421821,41.89817120413133,45.136914532229625,52.60966822407694,60.6405824317566,63.187564638828775,63.104816596823575
SGDRegressor,LocalStandardScaler(stats_=[[47.42372721 38.3630083 ]]),"[1, 2, 3, 4, 5, 6, 7, 8, 9, 10, 11, 12, 13, 14, 15, 16, 18, 19, 20, 21, 22, 23, 25, 26, 27, 28, 29, 30, 31, 32, 34, 36, 37, 38, 40, 42, 44, 45, 47, 48, 52, 53, 54, 59, 60, 61, 65, 67, 69, 70, 73, 74, 85, 91, 96, 98, 100, 102, 105, 106, 107, 109, 110, 111, 112, 113, 117, 118, 119, 120, 122, 124, 125, 127, 129, 130, 131, 134, 138, 139, 140, 141, 142, 144, 145, 146, 147, 149, 152, 153, 156, 157, 159, 161, 162, 163, 164, 165, 166, 168, 169, 170, 172, 173, 174, 175, 176, 177, 178, 179, 181, 183, 184, 186, 187, 188, 189, 190, 191, 192, 193, 194, 195, 196, 197, 199, 201, 202, 203, 204, 205, 206, 207, 208, 209, 210, 211, 213, 214, 215, 216, 217, 218, 219, 220, 221, 222, 226, 227, 228, 229, 230, 231, 232, 233, 234, 236, 238, 239, 240, 242, 245, 246, 248, 250, 251, 252, 254, 255, 258, 260, 263, 265, 266, 267, 268, 272, 273, 274, 277, 279, 281, 282, 283, 284, 286, 293, 296, 297, 300, 302, 304, 307, 309, 310, 311, 313, 316, 319, 320, 321, 322, 323, 326, 328, 329, 330, 331, 333, 335, 336, 337, 338, 339, 342, 347, 349, 350, 351, 352, 353, 354, 355, 356, 357, 358, 359, 360, 361, 362, 363, 364, 365, 366, 367, 368, 369, 370, 371, 372, 373, 374, 375, 376, 377, 379, 380, 381, 382, 383, 384, 385, 386, 387, 388, 389, 390, 392, 393, 395, 396, 398, 399, 400]","{1: [<function rolling_mean_14 at 0x000002C5930FAA20>], 7: [<function rolling_mean_30 at 0x000002C58DBF9260>], 30: [<function expanding_mean at 0x000002C58F7A04A0>]}",lags_400_features_264,66.17711763889731,53.33691351353348,68.34724225890373,65.95015536263953,63.52205879360545,67.03626341450546,65.40994788015347,64.58716342659528,83.01140867714314,111.29810167960376,110.73914228823385
XGBRegressor,LocalStandardScaler(stats_=[[47.42372721 38.3630083 ]]),"[1, 2, 3, 4, 5, 6, 7, 8, 9, 10, 11, 12, 13, 14, 15, 16, 18, 19, 20, 21, 22, 23, 25, 26, 27, 28, 29, 30, 31, 32, 34, 36, 37, 38, 40, 42, 44, 45, 47, 48, 52, 53, 54, 59, 60, 61, 65, 67, 69, 70, 73, 74, 85, 91, 96, 98, 100, 102, 105, 106, 107, 109, 110, 111, 112, 113, 117, 118, 119, 120, 122, 124, 125, 127, 129, 130, 131, 134, 138, 139, 140, 141, 142, 144, 145, 146, 147, 149, 152, 153, 156, 157, 159, 161, 162, 163, 164, 165, 166, 168, 169, 170, 172, 173, 174, 175, 176, 177, 178, 179, 181, 183, 184, 186, 187, 188, 189, 190, 191, 192, 193, 194, 195, 196, 197, 199, 201, 202, 203, 204, 205, 206, 207, 208, 209, 210, 211, 213, 214, 215, 216, 217, 218, 219, 220, 221, 222, 226, 227, 228, 229, 230, 231, 232, 233, 234, 236, 238, 239, 240, 242, 245, 246, 248, 250, 251, 252, 254, 255, 258, 260, 263, 265, 266, 267, 268, 272, 273, 274, 277, 279, 281, 282, 283, 284, 286, 293, 296, 297, 300, 302, 304, 307, 309, 310, 311, 313, 316, 319, 320, 321, 322, 323, 326, 328, 329, 330, 331, 333, 335, 336, 337, 338, 339, 342, 347, 349, 350, 351, 352, 353, 354, 355, 356, 357, 358, 359, 360, 361, 362, 363, 364, 365, 366, 367, 368, 369, 370, 371, 372, 373, 374, 375, 376, 377, 379, 380, 381, 382, 383, 384, 385, 386, 387, 388, 389, 390, 392, 393, 395, 396, 398, 399, 400]","{1: [<function rolling_mean_14 at 0x000002C5930FAA20>], 7: [<function rolling_mean_30 at 0x000002C58DBF9260>], 30: [<function expanding_mean at 0x000002C58F7A04A0>]}",lags_400_features_264,10.859201814136897,17.641758937410717,19.47967730991452,19.048135733961775,19.88498742042617,18.942773554273668,22.786783723347316,31.454218620264395,44.341118107956504,50.00415094937119,49.35443403077478
LGBMRegressor,LocalStandardScaler(stats_=[[47.42372721 38.3630083 ]]),"[1, 2, 3, 4, 5, 6, 7, 8, 9, 10, 11, 12, 13, 14, 15, 16, 18, 19, 20, 21, 22, 23, 25, 26, 27, 28, 29, 30, 31, 32, 34, 36, 37, 38, 40, 42, 44, 45, 47, 48, 52, 53, 54, 59, 60, 61, 65, 67, 69, 70, 73, 74, 85, 91, 96, 98, 100, 102, 105, 106, 107, 109, 110, 111, 112, 113, 117, 118, 119, 120, 122, 124, 125, 127, 129, 130, 131, 134, 138, 139, 140, 141, 142, 144, 145, 146, 147, 149, 152, 153, 156, 157, 159, 161, 162, 163, 164, 165, 166, 168, 169, 170, 172, 173, 174, 175, 176, 177, 178, 179, 181, 183, 184, 186, 187, 188, 189, 190, 191, 192, 193, 194, 195, 196, 197, 199, 201, 202, 203, 204, 205, 206, 207, 208, 209, 210, 211, 213, 214, 215, 216, 217, 218, 219, 220, 221, 222, 226, 227, 228, 229, 230, 231, 232, 233, 234, 236, 238, 239, 240, 242, 245, 246, 248, 250, 251, 252, 254, 255, 258, 260, 263, 265, 266, 267, 268, 272, 273, 274, 277, 279, 281, 282, 283, 284, 286, 293, 296, 297, 300, 302, 304, 307, 309, 310, 311, 313, 316, 319, 320, 321, 322, 323, 326, 328, 329, 330, 331, 333, 335, 336, 337, 338, 339, 342, 347, 349, 350, 351, 352, 353, 354, 355, 356, 357, 358, 359, 360, 361, 362, 363, 364, 365, 366, 367, 368, 369, 370, 371, 372, 373, 374, 375, 376, 377, 379, 380, 381, 382, 383, 384, 385, 386, 387, 388, 389, 390, 392, 393, 395, 396, 398, 399, 400]","{1: [<function rolling_mean_14 at 0x000002C5930FAA20>], 7: [<function rolling_mean_30 at 0x000002C58DBF9260>], 30: [<function expanding_mean at 0x000002C58F7A04A0>]}",lags_400_features_264,10.841283599922871,17.85049810142924,19.554222844207533,19.601275227827326,19.757936867800613,21.83270012951429,30.01732072945007,33.830554125558834,43.11714020545629,43.8621944829858,43.16369425744066
SGD_EarlyStopping,LocalStandardScaler(stats_=[[47.42372721 38.3630083 ]]),"[1, 2, 3, 4, 5, 6, 7, 8, 9, 10, 11, 12, 13, 14, 15, 16, 18, 19, 20, 21, 22, 23, 25, 26, 27, 28, 29, 30, 31, 32, 34, 36, 37, 38, 40, 42, 44, 45, 47, 48, 52, 53, 54, 59, 60, 61, 65, 67, 69, 70, 73, 74, 85, 91, 96, 98, 100, 102, 105, 106, 107, 109, 110, 111, 112, 113, 117, 118, 119, 120, 122, 124, 125, 127, 129, 130, 131, 134, 138, 139, 140, 141, 142, 144, 145, 146, 147, 149, 152, 153, 156, 157, 159, 161, 162, 163, 164, 165, 166, 168, 169, 170, 172, 173, 174, 175, 176, 177, 178, 179, 181, 183, 184, 186, 187, 188, 189, 190, 191, 192, 193, 194, 195, 196, 197, 199, 201, 202, 203, 204, 205, 206, 207, 208, 209, 210, 211, 213, 214, 215, 216, 217, 218, 219, 220, 221, 222, 226, 227, 228, 229, 230, 231, 232, 233, 234, 236, 238, 239, 240, 242, 245, 246, 248, 250, 251, 252, 254, 255, 258, 260, 263, 265, 266, 267, 268, 272, 273, 274, 277, 279, 281, 282, 283, 284, 286, 293, 296, 297, 300, 302, 304, 307, 309, 310, 311, 313, 316, 319, 320, 321, 322, 323, 326, 328, 329, 330, 331, 333, 335, 336, 337, 338, 339, 342, 347, 349, 350, 351, 352, 353, 354, 355, 356, 357, 358, 359, 360, 361, 362, 363, 364, 365, 366, 367, 368, 369, 370, 371, 372, 373, 374, 375, 376, 377, 379, 380, 381, 382, 383, 384, 385, 386, 387, 388, 389, 390, 392, 393, 395, 396, 398, 399, 400]","{7: [RollingMean(window_size=7)], 30: [RollingMean(window_size=30)], 60: [RollingMean(window_size=60)]}",lags_400_features_264,49.328567226310035,66.6562354078511,69.96287281849828,71.0612208698747,70.18873753643335,69.41927053480424,67.9138967256643,77.425753218562,95.4812355707605,112.13802466082505,112.4489399036945
SGD_ElasticNet,LocalStandardScaler(stats_=[[47.42372721 38.3630083 ]]),"[1, 2, 3, 4, 5, 6, 7, 8, 9, 10, 11, 12, 13, 14, 15, 16, 18, 19, 20, 21, 22, 23, 25, 26, 27, 28, 29, 30, 31, 32, 34, 36, 37, 38, 40, 42, 44, 45, 47, 48, 52, 53, 54, 59, 60, 61, 65, 67, 69, 70, 73, 74, 85, 91, 96, 98, 100, 102, 105, 106, 107, 109, 110, 111, 112, 113, 117, 118, 119, 120, 122, 124, 125, 127, 129, 130, 131, 134, 138, 139, 140, 141, 142, 144, 145, 146, 147, 149, 152, 153, 156, 157, 159, 161, 162, 163, 164, 165, 166, 168, 169, 170, 172, 173, 174, 175, 176, 177, 178, 179, 181, 183, 184, 186, 187, 188, 189, 190, 191, 192, 193, 194, 195, 196, 197, 199, 201, 202, 203, 204, 205, 206, 207, 208, 209, 210, 211, 213, 214, 215, 216, 217, 218, 219, 220, 221, 222, 226, 227, 228, 229, 230, 231, 232, 233, 234, 236, 238, 239, 240, 242, 245, 246, 248, 250, 251, 252, 254, 255, 258, 260, 263, 265, 266, 267, 268, 272, 273, 274, 277, 279, 281, 282, 283, 284, 286, 293, 296, 297, 300, 302, 304, 307, 309, 310, 311, 313, 316, 319, 320, 321, 322, 323, 326, 328, 329, 330, 331, 333, 335, 336, 337, 338, 339, 342, 347, 349, 350, 351, 352, 353, 354, 355, 356, 357, 358, 359, 360, 361, 362, 363, 364, 365, 366, 367, 368, 369, 370, 371, 372, 373, 374, 375, 376, 377, 379, 380, 381, 382, 383, 384, 385, 386, 387, 388, 389, 390, 392, 393, 395, 396, 398, 399, 400]","{7: [RollingMean(window_size=7)], 30: [RollingMean(window_size=30)], 60: [RollingMean(window_size=60)]}",lags_400_features_264,58.932655590263586,48.83596401945932,63.96553151446418,61.84896024739075,59.871327920958336,64.06162301588765,63.02658864703407,62.5377613297734,79.94968623304281,104.77780774196657,104.04462717549549
SGD_Lasso,LocalStandardScaler(stats_=[[47.42372721 38.3630083 ]]),"[1, 2, 3, 4, 5, 6, 7, 8, 9, 10, 11, 12, 13, 14, 15, 16, 18, 19, 20, 21, 22, 23, 25, 26, 27, 28, 29, 30, 31, 32, 34, 36, 37, 38, 40, 42, 44, 45, 47, 48, 52, 53, 54, 59, 60, 61, 65, 67, 69, 70, 73, 74, 85, 91, 96, 98, 100, 102, 105, 106, 107, 109, 110, 111, 112, 113, 117, 118, 119, 120, 122, 124, 125, 127, 129, 130, 131, 134, 138, 139, 140, 141, 142, 144, 145, 146, 147, 149, 152, 153, 156, 157, 159, 161, 162, 163, 164, 165, 166, 168, 169, 170, 172, 173, 174, 175, 176, 177, 178, 179, 181, 183, 184, 186, 187, 188, 189, 190, 191, 192, 193, 194, 195, 196, 197, 199, 201, 202, 203, 204, 205, 206, 207, 208, 209, 210, 211, 213, 214, 215, 216, 217, 218, 219, 220, 221, 222, 226, 227, 228, 229, 230, 231, 232, 233, 234, 236, 238, 239, 240, 242, 245, 246, 248, 250, 251, 252, 254, 255, 258, 260, 263, 265, 266, 267, 268, 272, 273, 274, 277, 279, 281, 282, 283, 284, 286, 293, 296, 297, 300, 302, 304, 307, 309, 310, 311, 313, 316, 319, 320, 321, 322, 323, 326, 328, 329, 330, 331, 333, 335, 336, 337, 338, 339, 342, 347, 349, 350, 351, 352, 353, 354, 355, 356, 357, 358, 359, 360, 361, 362, 363, 364, 365, 366, 367, 368, 369, 370, 371, 372, 373, 374, 375, 376, 377, 379, 380, 381, 382, 383, 384, 385, 386, 387, 388, 389, 390, 392, 393, 395, 396, 398, 399, 400]","{7: [RollingMean(window_size=7)], 30: [RollingMean(window_size=30)], 60: [RollingMean(window_size=60)]}",lags_400_features_264,119.14548458554842,103.77149442233085,102.08395774688732,91.04926196560366,76.4857034666081,67.71698172970517,61.930075094803996,56.18075610191639,72.186709178849,97.69672620078694,97.15062446619048
SGD_Ridge,LocalStandardScaler(stats_=[[47.42372721 38.3630083 ]]),"[1, 2, 3, 4, 5, 6, 7, 8, 9, 10, 11, 12, 13, 14, 15, 16, 18, 19, 20, 21, 22, 23, 25, 26, 27, 28, 29, 30, 31, 32, 34, 36, 37, 38, 40, 42, 44, 45, 47, 48, 52, 53, 54, 59, 60, 61, 65, 67, 69, 70, 73, 74, 85, 91, 96, 98, 100, 102, 105, 106, 107, 109, 110, 111, 112, 113, 117, 118, 119, 120, 122, 124, 125, 127, 129, 130, 131, 134, 138, 139, 140, 141, 142, 144, 145, 146, 147, 149, 152, 153, 156, 157, 159, 161, 162, 163, 164, 165, 166, 168, 169, 170, 172, 173, 174, 175, 176, 177, 178, 179, 181, 183, 184, 186, 187, 188, 189, 190, 191, 192, 193, 194, 195, 196, 197, 199, 201, 202, 203, 204, 205, 206, 207, 208, 209, 210, 211, 213, 214, 215, 216, 217, 218, 219, 220, 221, 222, 226, 227, 228, 229, 230, 231, 232, 233, 234, 236, 238, 239, 240, 242, 245, 246, 248, 250, 251, 252, 254, 255, 258, 260, 263, 265, 266, 267, 268, 272, 273, 274, 277, 279, 281, 282, 283, 284, 286, 293, 296, 297, 300, 302, 304, 307, 309, 310, 311, 313, 316, 319, 320, 321, 322, 323, 326, 328, 329, 330, 331, 333, 335, 336, 337, 338, 339, 342, 347, 349, 350, 351, 352, 353, 354, 355, 356, 357, 358, 359, 360, 361, 362, 363, 364, 365, 366, 367, 368, 369, 370, 371, 372, 373, 374, 375, 376, 377, 379, 380, 381, 382, 383, 384, 385, 386, 387, 388, 389, 390, 392, 393, 395, 396, 398, 399, 400]","{7: [RollingMean(window_size=7)], 30: [RollingMean(window_size=30)], 60: [RollingMean(window_size=60)]}",lags_400_features_264,29.125906085280363,38.83604927117709,39.352798594721925,41.67227575009213,39.7713038682193,41.68225307148616,44.98375022532231,52.43466322674668,60.42831831766112,62.7088337685322,62.61188852092043
SGDRegressor,LocalStandardScaler(stats_=[[47.42372721 38.3630083 ]]),"[1, 2, 3, 4, 5, 6, 7, 8, 9, 10, 11, 12, 13, 14, 15, 16, 18, 19, 20, 21, 22, 23, 25, 26, 27, 28, 29, 30, 31, 32, 34, 36, 37, 38, 40, 42, 44, 45, 47, 48, 52, 53, 54, 59, 60, 61, 65, 67, 69, 70, 73, 74, 85, 91, 96, 98, 100, 102, 105, 106, 107, 109, 110, 111, 112, 113, 117, 118, 119, 120, 122, 124, 125, 127, 129, 130, 131, 134, 138, 139, 140, 141, 142, 144, 145, 146, 147, 149, 152, 153, 156, 157, 159, 161, 162, 163, 164, 165, 166, 168, 169, 170, 172, 173, 174, 175, 176, 177, 178, 179, 181, 183, 184, 186, 187, 188, 189, 190, 191, 192, 193, 194, 195, 196, 197, 199, 201, 202, 203, 204, 205, 206, 207, 208, 209, 210, 211, 213, 214, 215, 216, 217, 218, 219, 220, 221, 222, 226, 227, 228, 229, 230, 231, 232, 233, 234, 236, 238, 239, 240, 242, 245, 246, 248, 250, 251, 252, 254, 255, 258, 260, 263, 265, 266, 267, 268, 272, 273, 274, 277, 279, 281, 282, 283, 284, 286, 293, 296, 297, 300, 302, 304, 307, 309, 310, 311, 313, 316, 319, 320, 321, 322, 323, 326, 328, 329, 330, 331, 333, 335, 336, 337, 338, 339, 342, 347, 349, 350, 351, 352, 353, 354, 355, 356, 357, 358, 359, 360, 361, 362, 363, 364, 365, 366, 367, 368, 369, 370, 371, 372, 373, 374, 375, 376, 377, 379, 380, 381, 382, 383, 384, 385, 386, 387, 388, 389, 390, 392, 393, 395, 396, 398, 399, 400]","{7: [RollingMean(window_size=7)], 30: [RollingMean(window_size=30)], 60: [RollingMean(window_size=60)]}",lags_400_features_264,66.46296057349666,53.344553179023336,68.60449971562089,66.06432075169396,63.56194110549469,67.1198403867062,65.5072869866818,64.7241561626482,83.297866274389,111.7826790691351,111.21470144454955
XGBRegressor,LocalStandardScaler(stats_=[[47.42372721 38.3630083 ]]),"[1, 2, 3, 4, 5, 6, 7, 8, 9, 10, 11, 12, 13, 14, 15, 16, 18, 19, 20, 21, 22, 23, 25, 26, 27, 28, 29, 30, 31, 32, 34, 36, 37, 38, 40, 42, 44, 45, 47, 48, 52, 53, 54, 59, 60, 61, 65, 67, 69, 70, 73, 74, 85, 91, 96, 98, 100, 102, 105, 106, 107, 109, 110, 111, 112, 113, 117, 118, 119, 120, 122, 124, 125, 127, 129, 130, 131, 134, 138, 139, 140, 141, 142, 144, 145, 146, 147, 149, 152, 153, 156, 157, 159, 161, 162, 163, 164, 165, 166, 168, 169, 170, 172, 173, 174, 175, 176, 177, 178, 179, 181, 183, 184, 186, 187, 188, 189, 190, 191, 192, 193, 194, 195, 196, 197, 199, 201, 202, 203, 204, 205, 206, 207, 208, 209, 210, 211, 213, 214, 215, 216, 217, 218, 219, 220, 221, 222, 226, 227, 228, 229, 230, 231, 232, 233, 234, 236, 238, 239, 240, 242, 245, 246, 248, 250, 251, 252, 254, 255, 258, 260, 263, 265, 266, 267, 268, 272, 273, 274, 277, 279, 281, 282, 283, 284, 286, 293, 296, 297, 300, 302, 304, 307, 309, 310, 311, 313, 316, 319, 320, 321, 322, 323, 326, 328, 329, 330, 331, 333, 335, 336, 337, 338, 339, 342, 347, 349, 350, 351, 352, 353, 354, 355, 356, 357, 358, 359, 360, 361, 362, 363, 364, 365, 366, 367, 368, 369, 370, 371, 372, 373, 374, 375, 376, 377, 379, 380, 381, 382, 383, 384, 385, 386, 387, 388, 389, 390, 392, 393, 395, 396, 398, 399, 400]","{7: [RollingMean(window_size=7)], 30: [RollingMean(window_size=30)], 60: [RollingMean(window_size=60)]}",lags_400_features_264,11.940442603729652,17.081005869042382,19.01844860296955,18.551637137157254,19.24064728162083,21.02475592807752,29.074498194792053,35.07815272092986,46.46095018968972,48.07554360325611,47.39731233035193
LGBMRegressor,LocalStandardScaler(stats_=[[47.42372721 38.3630083 ]]),"[1, 2, 3, 4, 5, 6, 7, 8, 9, 10, 11, 12, 13, 14, 15, 16, 18, 19, 20, 21, 22, 23, 25, 26, 27, 28, 29, 30, 31, 32, 34, 36, 37, 38, 40, 42, 44, 45, 47, 48, 52, 53, 54, 59, 60, 61, 65, 67, 69, 70, 73, 74, 85, 91, 96, 98, 100, 102, 105, 106, 107, 109, 110, 111, 112, 113, 117, 118, 119, 120, 122, 124, 125, 127, 129, 130, 131, 134, 138, 139, 140, 141, 142, 144, 145, 146, 147, 149, 152, 153, 156, 157, 159, 161, 162, 163, 164, 165, 166, 168, 169, 170, 172, 173, 174, 175, 176, 177, 178, 179, 181, 183, 184, 186, 187, 188, 189, 190, 191, 192, 193, 194, 195, 196, 197, 199, 201, 202, 203, 204, 205, 206, 207, 208, 209, 210, 211, 213, 214, 215, 216, 217, 218, 219, 220, 221, 222, 226, 227, 228, 229, 230, 231, 232, 233, 234, 236, 238, 239, 240, 242, 245, 246, 248, 250, 251, 252, 254, 255, 258, 260, 263, 265, 266, 267, 268, 272, 273, 274, 277, 279, 281, 282, 283, 284, 286, 293, 296, 297, 300, 302, 304, 307, 309, 310, 311, 313, 316, 319, 320, 321, 322, 323, 326, 328, 329, 330, 331, 333, 335, 336, 337, 338, 339, 342, 347, 349, 350, 351, 352, 353, 354, 355, 356, 357, 358, 359, 360, 361, 362, 363, 364, 365, 366, 367, 368, 369, 370, 371, 372, 373, 374, 375, 376, 377, 379, 380, 381, 382, 383, 384, 385, 386, 387, 388, 389, 390, 392, 393, 395, 396, 398, 399, 400]","{7: [RollingMean(window_size=7)], 30: [RollingMean(window_size=30)], 60: [RollingMean(window_size=60)]}",lags_400_features_264,11.930992648344853,18.215010613934883,19.52858504689192,18.935410245084576,18.423046568938222,22.33954401212661,29.94597426600722,33.17425770383737,45.764859663561374,52.016386078021924,51.79581821646265
SGD_EarlyStopping,LocalStandardScaler(stats_=[[47.42372721 38.3630083 ]]),"[1, 2, 3, 4, 5, 6, 7, 8, 9, 10, 11, 12, 13, 14, 15, 16, 18, 19, 20, 21, 22, 23, 25, 26, 27, 28, 29, 30, 31, 32, 34, 36, 37, 38, 40, 42, 44, 45, 47, 48, 52, 53, 54, 59, 60, 61, 65, 67, 69, 70, 73, 74, 85, 91, 96, 98, 100, 102, 105, 106, 107, 109, 110, 111, 112, 113, 117, 118, 119, 120, 122, 124, 125, 127, 129, 130, 131, 134, 138, 139, 140, 141, 142, 144, 145, 146, 147, 149, 152, 153, 156, 157, 159, 161, 162, 163, 164, 165, 166, 168, 169, 170, 172, 173, 174, 175, 176, 177, 178, 179, 181, 183, 184, 186, 187, 188, 189, 190, 191, 192, 193, 194, 195, 196, 197, 199, 201, 202, 203, 204, 205, 206, 207, 208, 209, 210, 211, 213, 214, 215, 216, 217, 218, 219, 220, 221, 222, 226, 227, 228, 229, 230, 231, 232, 233, 234, 236, 238, 239, 240, 242, 245, 246, 248, 250, 251, 252, 254, 255, 258, 260, 263, 265, 266, 267, 268, 272, 273, 274, 277, 279, 281, 282, 283, 284, 286, 293, 296, 297, 300, 302, 304, 307, 309, 310, 311, 313, 316, 319, 320, 321, 322, 323, 326, 328, 329, 330, 331, 333, 335, 336, 337, 338, 339, 342, 347, 349, 350, 351, 352, 353, 354, 355, 356, 357, 358, 359, 360, 361, 362, 363, 364, 365, 366, 367, 368, 369, 370, 371, 372, 373, 374, 375, 376, 377, 379, 380, 381, 382, 383, 384, 385, 386, 387, 388, 389, 390, 392, 393, 395, 396, 398, 399, 400]","{7: [RollingMean(window_size=7), RollingStd(window_size=7)], 30: [RollingMean(window_size=30)], 60: [ExpandingMean()], 14: [ExponentiallyWeightedMean(alpha=0.3)]}",lags_400_features_264,49.35255328158675,66.97329498514192,70.29460206509943,71.52746783106159,70.67413153713495,69.78703210802796,68.21405718945938,77.89212878373488,96.23049398197175,113.26575202911371,113.64394233621586
SGD_ElasticNet,LocalStandardScaler(stats_=[[47.42372721 38.3630083 ]]),"[1, 2, 3, 4, 5, 6, 7, 8, 9, 10, 11, 12, 13, 14, 15, 16, 18, 19, 20, 21, 22, 23, 25, 26, 27, 28, 29, 30, 31, 32, 34, 36, 37, 38, 40, 42, 44, 45, 47, 48, 52, 53, 54, 59, 60, 61, 65, 67, 69, 70, 73, 74, 85, 91, 96, 98, 100, 102, 105, 106, 107, 109, 110, 111, 112, 113, 117, 118, 119, 120, 122, 124, 125, 127, 129, 130, 131, 134, 138, 139, 140, 141, 142, 144, 145, 146, 147, 149, 152, 153, 156, 157, 159, 161, 162, 163, 164, 165, 166, 168, 169, 170, 172, 173, 174, 175, 176, 177, 178, 179, 181, 183, 184, 186, 187, 188, 189, 190, 191, 192, 193, 194, 195, 196, 197, 199, 201, 202, 203, 204, 205, 206, 207, 208, 209, 210, 211, 213, 214, 215, 216, 217, 218, 219, 220, 221, 222, 226, 227, 228, 229, 230, 231, 232, 233, 234, 236, 238, 239, 240, 242, 245, 246, 248, 250, 251, 252, 254, 255, 258, 260, 263, 265, 266, 267, 268, 272, 273, 274, 277, 279, 281, 282, 283, 284, 286, 293, 296, 297, 300, 302, 304, 307, 309, 310, 311, 313, 316, 319, 320, 321, 322, 323, 326, 328, 329, 330, 331, 333, 335, 336, 337, 338, 339, 342, 347, 349, 350, 351, 352, 353, 354, 355, 356, 357, 358, 359, 360, 361, 362, 363, 364, 365, 366, 367, 368, 369, 370, 371, 372, 373, 374, 375, 376, 377, 379, 380, 381, 382, 383, 384, 385, 386, 387, 388, 389, 390, 392, 393, 395, 396, 398, 399, 400]","{7: [RollingMean(window_size=7), RollingStd(window_size=7)], 30: [RollingMean(window_size=30)], 60: [ExpandingMean()], 14: [ExponentiallyWeightedMean(alpha=0.3)]}",lags_400_features_264,58.640498175902735,48.81437650921106,63.74009116131657,61.74358895224692,59.8390399387157,63.978136677984786,62.92718504200352,62.37374256585618,79.63986525754001,104.2610111014578,103.5325778124401
SGD_Lasso,LocalStandardScaler(stats_=[[47.42372721 38.3630083 ]]),"[1, 2, 3, 4, 5, 6, 7, 8, 9, 10, 11, 12, 13, 14, 15, 16, 18, 19, 20, 21, 22, 23, 25, 26, 27, 28, 29, 30, 31, 32, 34, 36, 37, 38, 40, 42, 44, 45, 47, 48, 52, 53, 54, 59, 60, 61, 65, 67, 69, 70, 73, 74, 85, 91, 96, 98, 100, 102, 105, 106, 107, 109, 110, 111, 112, 113, 117, 118, 119, 120, 122, 124, 125, 127, 129, 130, 131, 134, 138, 139, 140, 141, 142, 144, 145, 146, 147, 149, 152, 153, 156, 157, 159, 161, 162, 163, 164, 165, 166, 168, 169, 170, 172, 173, 174, 175, 176, 177, 178, 179, 181, 183, 184, 186, 187, 188, 189, 190, 191, 192, 193, 194, 195, 196, 197, 199, 201, 202, 203, 204, 205, 206, 207, 208, 209, 210, 211, 213, 214, 215, 216, 217, 218, 219, 220, 221, 222, 226, 227, 228, 229, 230, 231, 232, 233, 234, 236, 238, 239, 240, 242, 245, 246, 248, 250, 251, 252, 254, 255, 258, 260, 263, 265, 266, 267, 268, 272, 273, 274, 277, 279, 281, 282, 283, 284, 286, 293, 296, 297, 300, 302, 304, 307, 309, 310, 311, 313, 316, 319, 320, 321, 322, 323, 326, 328, 329, 330, 331, 333, 335, 336, 337, 338, 339, 342, 347, 349, 350, 351, 352, 353, 354, 355, 356, 357, 358, 359, 360, 361, 362, 363, 364, 365, 366, 367, 368, 369, 370, 371, 372, 373, 374, 375, 376, 377, 379, 380, 381, 382, 383, 384, 385, 386, 387, 388, 389, 390, 392, 393, 395, 396, 398, 399, 400]","{7: [RollingMean(window_size=7), RollingStd(window_size=7)], 30: [RollingMean(window_size=30)], 60: [ExpandingMean()], 14: [ExponentiallyWeightedMean(alpha=0.3)]}",lags_400_features_264,119.14548458554842,103.77149442233085,102.08395774688732,91.04926196560366,76.4857034666081,67.71698172970517,61.930075094803996,56.18075610191639,72.186709178849,97.69672620078694,97.15062446619048
SGD_Ridge,LocalStandardScaler(stats_=[[47.42372721 38.3630083 ]]),"[1, 2, 3, 4, 5, 6, 7, 8, 9, 10, 11, 12, 13, 14, 15, 16, 18, 19, 20, 21, 22, 23, 25, 26, 27, 28, 29, 30, 31, 32, 34, 36, 37, 38, 40, 42, 44, 45, 47, 48, 52, 53, 54, 59, 60, 61, 65, 67, 69, 70, 73, 74, 85, 91, 96, 98, 100, 102, 105, 106, 107, 109, 110, 111, 112, 113, 117, 118, 119, 120, 122, 124, 125, 127, 129, 130, 131, 134, 138, 139, 140, 141, 142, 144, 145, 146, 147, 149, 152, 153, 156, 157, 159, 161, 162, 163, 164, 165, 166, 168, 169, 170, 172, 173, 174, 175, 176, 177, 178, 179, 181, 183, 184, 186, 187, 188, 189, 190, 191, 192, 193, 194, 195, 196, 197, 199, 201, 202, 203, 204, 205, 206, 207, 208, 209, 210, 211, 213, 214, 215, 216, 217, 218, 219, 220, 221, 222, 226, 227, 228, 229, 230, 231, 232, 233, 234, 236, 238, 239, 240, 242, 245, 246, 248, 250, 251, 252, 254, 255, 258, 260, 263, 265, 266, 267, 268, 272, 273, 274, 277, 279, 281, 282, 283, 284, 286, 293, 296, 297, 300, 302, 304, 307, 309, 310, 311, 313, 316, 319, 320, 321, 322, 323, 326, 328, 329, 330, 331, 333, 335, 336, 337, 338, 339, 342, 347, 349, 350, 351, 352, 353, 354, 355, 356, 357, 358, 359, 360, 361, 362, 363, 364, 365, 366, 367, 368, 369, 370, 371, 372, 373, 374, 375, 376, 377, 379, 380, 381, 382, 383, 384, 385, 386, 387, 388, 389, 390, 392, 393, 395, 396, 398, 399, 400]","{7: [RollingMean(window_size=7), RollingStd(window_size=7)], 30: [RollingMean(window_size=30)], 60: [ExpandingMean()], 14: [ExponentiallyWeightedMean(alpha=0.3)]}",lags_400_features_264,29.663741563711614,39.500029887242164,39.99877320224731,42.37703019591229,40.434075190663584,42.18738802292617,45.39137278986181,52.95513047236516,61.09408734956904,63.98850475281965,63.950320453926544
SGDRegressor,LocalStandardScaler(stats_=[[47.42372721 38.3630083 ]]),"[1, 2, 3, 4, 5, 6, 7, 8, 9, 10, 11, 12, 13, 14, 15, 16, 18, 19, 20, 21, 22, 23, 25, 26, 27, 28, 29, 30, 31, 32, 34, 36, 37, 38, 40, 42, 44, 45, 47, 48, 52, 53, 54, 59, 60, 61, 65, 67, 69, 70, 73, 74, 85, 91, 96, 98, 100, 102, 105, 106, 107, 109, 110, 111, 112, 113, 117, 118, 119, 120, 122, 124, 125, 127, 129, 130, 131, 134, 138, 139, 140, 141, 142, 144, 145, 146, 147, 149, 152, 153, 156, 157, 159, 161, 162, 163, 164, 165, 166, 168, 169, 170, 172, 173, 174, 175, 176, 177, 178, 179, 181, 183, 184, 186, 187, 188, 189, 190, 191, 192, 193, 194, 195, 196, 197, 199, 201, 202, 203, 204, 205, 206, 207, 208, 209, 210, 211, 213, 214, 215, 216, 217, 218, 219, 220, 221, 222, 226, 227, 228, 229, 230, 231, 232, 233, 234, 236, 238, 239, 240, 242, 245, 246, 248, 250, 251, 252, 254, 255, 258, 260, 263, 265, 266, 267, 268, 272, 273, 274, 277, 279, 281, 282, 283, 284, 286, 293, 296, 297, 300, 302, 304, 307, 309, 310, 311, 313, 316, 319, 320, 321, 322, 323, 326, 328, 329, 330, 331, 333, 335, 336, 337, 338, 339, 342, 347, 349, 350, 351, 352, 353, 354, 355, 356, 357, 358, 359, 360, 361, 362, 363, 364, 365, 366, 367, 368, 369, 370, 371, 372, 373, 374, 375, 376, 377, 379, 380, 381, 382, 383, 384, 385, 386, 387, 388, 389, 390, 392, 393, 395, 396, 398, 399, 400]","{7: [RollingMean(window_size=7), RollingStd(window_size=7)], 30: [RollingMean(window_size=30)], 60: [ExpandingMean()], 14: [ExponentiallyWeightedMean(alpha=0.3)]}",lags_400_features_264,66.11147104566267,53.33950533254188,68.31684929072871,65.90741097485005,63.49732206387571,67.01190628608569,65.38912155275686,64.57438417186047,83.00600394578346,111.09346511281689,110.5257039608713
XGBRegressor,LocalStandardScaler(stats_=[[47.42372721 38.3630083 ]]),"[1, 2, 3, 4, 5, 6, 7, 8, 9, 10, 11, 12, 13, 14, 15, 16, 18, 19, 20, 21, 22, 23, 25, 26, 27, 28, 29, 30, 31, 32, 34, 36, 37, 38, 40, 42, 44, 45, 47, 48, 52, 53, 54, 59, 60, 61, 65, 67, 69, 70, 73, 74, 85, 91, 96, 98, 100, 102, 105, 106, 107, 109, 110, 111, 112, 113, 117, 118, 119, 120, 122, 124, 125, 127, 129, 130, 131, 134, 138, 139, 140, 141, 142, 144, 145, 146, 147, 149, 152, 153, 156, 157, 159, 161, 162, 163, 164, 165, 166, 168, 169, 170, 172, 173, 174, 175, 176, 177, 178, 179, 181, 183, 184, 186, 187, 188, 189, 190, 191, 192, 193, 194, 195, 196, 197, 199, 201, 202, 203, 204, 205, 206, 207, 208, 209, 210, 211, 213, 214, 215, 216, 217, 218, 219, 220, 221, 222, 226, 227, 228, 229, 230, 231, 232, 233, 234, 236, 238, 239, 240, 242, 245, 246, 248, 250, 251, 252, 254, 255, 258, 260, 263, 265, 266, 267, 268, 272, 273, 274, 277, 279, 281, 282, 283, 284, 286, 293, 296, 297, 300, 302, 304, 307, 309, 310, 311, 313, 316, 319, 320, 321, 322, 323, 326, 328, 329, 330, 331, 333, 335, 336, 337, 338, 339, 342, 347, 349, 350, 351, 352, 353, 354, 355, 356, 357, 358, 359, 360, 361, 362, 363, 364, 365, 366, 367, 368, 369, 370, 371, 372, 373, 374, 375, 376, 377, 379, 380, 381, 382, 383, 384, 385, 386, 387, 388, 389, 390, 392, 393, 395, 396, 398, 399, 400]","{7: [RollingMean(window_size=7), RollingStd(window_size=7)], 30: [RollingMean(window_size=30)], 60: [ExpandingMean()], 14: [ExponentiallyWeightedMean(alpha=0.3)]}",lags_400_features_264,13.01874061721075,16.830940930162118,19.5114972530381,18.976871496311905,19.721189864436713,21.531235005271036,29.66783994092321,36.04903774108506,47.721785380295934,49.56502636628587,48.92465094607532
LGBMRegressor,LocalStandardScaler(stats_=[[47.42372721 38.3630083 ]]),"[1, 2, 3, 4, 5, 6, 7, 8, 9, 10, 11, 12, 13, 14, 15, 16, 18, 19, 20, 21, 22, 23, 25, 26, 27, 28, 29, 30, 31, 32, 34, 36, 37, 38, 40, 42, 44, 45, 47, 48, 52, 53, 54, 59, 60, 61, 65, 67, 69, 70, 73, 74, 85, 91, 96, 98, 100, 102, 105, 106, 107, 109, 110, 111, 112, 113, 117, 118, 119, 120, 122, 124, 125, 127, 129, 130, 131, 134, 138, 139, 140, 141, 142, 144, 145, 146, 147, 149, 152, 153, 156, 157, 159, 161, 162, 163, 164, 165, 166, 168, 169, 170, 172, 173, 174, 175, 176, 177, 178, 179, 181, 183, 184, 186, 187, 188, 189, 190, 191, 192, 193, 194, 195, 196, 197, 199, 201, 202, 203, 204, 205, 206, 207, 208, 209, 210, 211, 213, 214, 215, 216, 217, 218, 219, 220, 221, 222, 226, 227, 228, 229, 230, 231, 232, 233, 234, 236, 238, 239, 240, 242, 245, 246, 248, 250, 251, 252, 254, 255, 258, 260, 263, 265, 266, 267, 268, 272, 273, 274, 277, 279, 281, 282, 283, 284, 286, 293, 296, 297, 300, 302, 304, 307, 309, 310, 311, 313, 316, 319, 320, 321, 322, 323, 326, 328, 329, 330, 331, 333, 335, 336, 337, 338, 339, 342, 347, 349, 350, 351, 352, 353, 354, 355, 356, 357, 358, 359, 360, 361, 362, 363, 364, 365, 366, 367, 368, 369, 370, 371, 372, 373, 374, 375, 376, 377, 379, 380, 381, 382, 383, 384, 385, 386, 387, 388, 389, 390, 392, 393, 395, 396, 398, 399, 400]","{7: [RollingMean(window_size=7), RollingStd(window_size=7)], 30: [RollingMean(window_size=30)], 60: [ExpandingMean()], 14: [ExponentiallyWeightedMean(alpha=0.3)]}",lags_400_features_264,11.13819635329462,17.061229720341363,18.822146566854766,18.269968117201227,18.227670746793503,22.82977414153087,29.544459771938797,31.91473715018562,43.3811041564458,48.32032243493318,47.74079697318468
SGD_EarlyStopping,LocalMinMaxScaler(stats_=[[  5.11211699 325.92896936]]),"[1, 2, 3, 4, 5, 6, 7, 8, 9, 10, 11, 12, 13, 14, 15, 16, 18, 19, 20, 21, 22, 23, 25, 26, 27, 28, 29, 30, 31, 32, 34, 36, 37, 38, 40, 42, 44, 45, 47, 48, 52, 53, 54, 59, 60, 61, 65, 67, 69, 70, 73, 74, 85, 91, 96, 98, 100, 102, 105, 106, 107, 109, 110, 111, 112, 113, 117, 118, 119, 120, 122, 124, 125, 127, 129, 130, 131, 134, 138, 139, 140, 141, 142, 144, 145, 146, 147, 149, 152, 153, 156, 157, 159, 161, 162, 163, 164, 165, 166, 168, 169, 170, 172, 173, 174, 175, 176, 177, 178, 179, 181, 183, 184, 186, 187, 188, 189, 190, 191, 192, 193, 194, 195, 196, 197, 199, 201, 202, 203, 204, 205, 206, 207, 208, 209, 210, 211, 213, 214, 215, 216, 217, 218, 219, 220, 221, 222, 226, 227, 228, 229, 230, 231, 232, 233, 234, 236, 238, 239, 240, 242, 245, 246, 248, 250, 251, 252, 254, 255, 258, 260, 263, 265, 266, 267, 268, 272, 273, 274, 277, 279, 281, 282, 283, 284, 286, 293, 296, 297, 300, 302, 304, 307, 309, 310, 311, 313, 316, 319, 320, 321, 322, 323, 326, 328, 329, 330, 331, 333, 335, 336, 337, 338, 339, 342, 347, 349, 350, 351, 352, 353, 354, 355, 356, 357, 358, 359, 360, 361, 362, 363, 364, 365, 366, 367, 368, 369, 370, 371, 372, 373, 374, 375, 376, 377, 379, 380, 381, 382, 383, 384, 385, 386, 387, 388, 389, 390, 392, 393, 395, 396, 398, 399, 400]","{1: [<function expanding_mean at 0x000002C58F7A04A0>], 7: [<function rolling_mean_14 at 0x000002C5930FAA20>], 30: [<function expanding_mean at 0x000002C58F7A04A0>]}",lags_400_features_264,15.775362518746192,17.90229899262596,20.795044937058314,20.750812989557364,20.65586219518512,25.28377982766774,31.0003590646366,38.46988585725721,51.880257478528776,56.75878968703662,55.87913921440231
SGD_ElasticNet,LocalMinMaxScaler(stats_=[[  5.11211699 325.92896936]]),"[1, 2, 3, 4, 5, 6, 7, 8, 9, 10, 11, 12, 13, 14, 15, 16, 18, 19, 20, 21, 22, 23, 25, 26, 27, 28, 29, 30, 31, 32, 34, 36, 37, 38, 40, 42, 44, 45, 47, 48, 52, 53, 54, 59, 60, 61, 65, 67, 69, 70, 73, 74, 85, 91, 96, 98, 100, 102, 105, 106, 107, 109, 110, 111, 112, 113, 117, 118, 119, 120, 122, 124, 125, 127, 129, 130, 131, 134, 138, 139, 140, 141, 142, 144, 145, 146, 147, 149, 152, 153, 156, 157, 159, 161, 162, 163, 164, 165, 166, 168, 169, 170, 172, 173, 174, 175, 176, 177, 178, 179, 181, 183, 184, 186, 187, 188, 189, 190, 191, 192, 193, 194, 195, 196, 197, 199, 201, 202, 203, 204, 205, 206, 207, 208, 209, 210, 211, 213, 214, 215, 216, 217, 218, 219, 220, 221, 222, 226, 227, 228, 229, 230, 231, 232, 233, 234, 236, 238, 239, 240, 242, 245, 246, 248, 250, 251, 252, 254, 255, 258, 260, 263, 265, 266, 267, 268, 272, 273, 274, 277, 279, 281, 282, 283, 284, 286, 293, 296, 297, 300, 302, 304, 307, 309, 310, 311, 313, 316, 319, 320, 321, 322, 323, 326, 328, 329, 330, 331, 333, 335, 336, 337, 338, 339, 342, 347, 349, 350, 351, 352, 353, 354, 355, 356, 357, 358, 359, 360, 361, 362, 363, 364, 365, 366, 367, 368, 369, 370, 371, 372, 373, 374, 375, 376, 377, 379, 380, 381, 382, 383, 384, 385, 386, 387, 388, 389, 390, 392, 393, 395, 396, 398, 399, 400]","{1: [<function expanding_mean at 0x000002C58F7A04A0>], 7: [<function rolling_mean_14 at 0x000002C5930FAA20>], 30: [<function expanding_mean at 0x000002C58F7A04A0>]}",lags_400_features_264,9.608613683455228,17.41910264175721,19.151254797834564,18.518069567044655,18.401900126494734,23.482320406548812,28.362461412677494,35.52973306686429,49.41992956421497,51.07863695161756,51.21288098389648
SGD_Lasso,LocalMinMaxScaler(stats_=[[  5.11211699 325.92896936]]),"[1, 2, 3, 4, 5, 6, 7, 8, 9, 10, 11, 12, 13, 14, 15, 16, 18, 19, 20, 21, 22, 23, 25, 26, 27, 28, 29, 30, 31, 32, 34, 36, 37, 38, 40, 42, 44, 45, 47, 48, 52, 53, 54, 59, 60, 61, 65, 67, 69, 70, 73, 74, 85, 91, 96, 98, 100, 102, 105, 106, 107, 109, 110, 111, 112, 113, 117, 118, 119, 120, 122, 124, 125, 127, 129, 130, 131, 134, 138, 139, 140, 141, 142, 144, 145, 146, 147, 149, 152, 153, 156, 157, 159, 161, 162, 163, 164, 165, 166, 168, 169, 170, 172, 173, 174, 175, 176, 177, 178, 179, 181, 183, 184, 186, 187, 188, 189, 190, 191, 192, 193, 194, 195, 196, 197, 199, 201, 202, 203, 204, 205, 206, 207, 208, 209, 210, 211, 213, 214, 215, 216, 217, 218, 219, 220, 221, 222, 226, 227, 228, 229, 230, 231, 232, 233, 234, 236, 238, 239, 240, 242, 245, 246, 248, 250, 251, 252, 254, 255, 258, 260, 263, 265, 266, 267, 268, 272, 273, 274, 277, 279, 281, 282, 283, 284, 286, 293, 296, 297, 300, 302, 304, 307, 309, 310, 311, 313, 316, 319, 320, 321, 322, 323, 326, 328, 329, 330, 331, 333, 335, 336, 337, 338, 339, 342, 347, 349, 350, 351, 352, 353, 354, 355, 356, 357, 358, 359, 360, 361, 362, 363, 364, 365, 366, 367, 368, 369, 370, 371, 372, 373, 374, 375, 376, 377, 379, 380, 381, 382, 383, 384, 385, 386, 387, 388, 389, 390, 392, 393, 395, 396, 398, 399, 400]","{1: [<function expanding_mean at 0x000002C58F7A04A0>], 7: [<function rolling_mean_14 at 0x000002C5930FAA20>], 30: [<function expanding_mean at 0x000002C58F7A04A0>]}",lags_400_features_264,118.05932069664766,102.761529561556,101.08235692519607,90.10235306743208,75.66384464435117,67.01788560628155,61.462045658613974,55.78004717885552,71.64443914013108,96.95023202215106,96.40223009131486
SGD_Ridge,LocalMinMaxScaler(stats_=[[  5.11211699 325.92896936]]),"[1, 2, 3, 4, 5, 6, 7, 8, 9, 10, 11, 12, 13, 14, 15, 16, 18, 19, 20, 21, 22, 23, 25, 26, 27, 28, 29, 30, 31, 32, 34, 36, 37, 38, 40, 42, 44, 45, 47, 48, 52, 53, 54, 59, 60, 61, 65, 67, 69, 70, 73, 74, 85, 91, 96, 98, 100, 102, 105, 106, 107, 109, 110, 111, 112, 113, 117, 118, 119, 120, 122, 124, 125, 127, 129, 130, 131, 134, 138, 139, 140, 141, 142, 144, 145, 146, 147, 149, 152, 153, 156, 157, 159, 161, 162, 163, 164, 165, 166, 168, 169, 170, 172, 173, 174, 175, 176, 177, 178, 179, 181, 183, 184, 186, 187, 188, 189, 190, 191, 192, 193, 194, 195, 196, 197, 199, 201, 202, 203, 204, 205, 206, 207, 208, 209, 210, 211, 213, 214, 215, 216, 217, 218, 219, 220, 221, 222, 226, 227, 228, 229, 230, 231, 232, 233, 234, 236, 238, 239, 240, 242, 245, 246, 248, 250, 251, 252, 254, 255, 258, 260, 263, 265, 266, 267, 268, 272, 273, 274, 277, 279, 281, 282, 283, 284, 286, 293, 296, 297, 300, 302, 304, 307, 309, 310, 311, 313, 316, 319, 320, 321, 322, 323, 326, 328, 329, 330, 331, 333, 335, 336, 337, 338, 339, 342, 347, 349, 350, 351, 352, 353, 354, 355, 356, 357, 358, 359, 360, 361, 362, 363, 364, 365, 366, 367, 368, 369, 370, 371, 372, 373, 374, 375, 376, 377, 379, 380, 381, 382, 383, 384, 385, 386, 387, 388, 389, 390, 392, 393, 395, 396, 398, 399, 400]","{1: [<function expanding_mean at 0x000002C58F7A04A0>], 7: [<function rolling_mean_14 at 0x000002C5930FAA20>], 30: [<function expanding_mean at 0x000002C58F7A04A0>]}",lags_400_features_264,31.69809612808449,27.908667868170138,30.121812661346574,29.810583938057405,27.84139503344113,29.851777478010156,31.23322516397436,31.982714280438547,44.78974354771606,63.868417042020056,64.50749791439821
SGDRegressor,LocalMinMaxScaler(stats_=[[  5.11211699 325.92896936]]),"[1, 2, 3, 4, 5, 6, 7, 8, 9, 10, 11, 12, 13, 14, 15, 16, 18, 19, 20, 21, 22, 23, 25, 26, 27, 28, 29, 30, 31, 32, 34, 36, 37, 38, 40, 42, 44, 45, 47, 48, 52, 53, 54, 59, 60, 61, 65, 67, 69, 70, 73, 74, 85, 91, 96, 98, 100, 102, 105, 106, 107, 109, 110, 111, 112, 113, 117, 118, 119, 120, 122, 124, 125, 127, 129, 130, 131, 134, 138, 139, 140, 141, 142, 144, 145, 146, 147, 149, 152, 153, 156, 157, 159, 161, 162, 163, 164, 165, 166, 168, 169, 170, 172, 173, 174, 175, 176, 177, 178, 179, 181, 183, 184, 186, 187, 188, 189, 190, 191, 192, 193, 194, 195, 196, 197, 199, 201, 202, 203, 204, 205, 206, 207, 208, 209, 210, 211, 213, 214, 215, 216, 217, 218, 219, 220, 221, 222, 226, 227, 228, 229, 230, 231, 232, 233, 234, 236, 238, 239, 240, 242, 245, 246, 248, 250, 251, 252, 254, 255, 258, 260, 263, 265, 266, 267, 268, 272, 273, 274, 277, 279, 281, 282, 283, 284, 286, 293, 296, 297, 300, 302, 304, 307, 309, 310, 311, 313, 316, 319, 320, 321, 322, 323, 326, 328, 329, 330, 331, 333, 335, 336, 337, 338, 339, 342, 347, 349, 350, 351, 352, 353, 354, 355, 356, 357, 358, 359, 360, 361, 362, 363, 364, 365, 366, 367, 368, 369, 370, 371, 372, 373, 374, 375, 376, 377, 379, 380, 381, 382, 383, 384, 385, 386, 387, 388, 389, 390, 392, 393, 395, 396, 398, 399, 400]","{1: [<function expanding_mean at 0x000002C58F7A04A0>], 7: [<function rolling_mean_14 at 0x000002C5930FAA20>], 30: [<function expanding_mean at 0x000002C58F7A04A0>]}",lags_400_features_264,13.6024399305514,23.37464506907888,25.477942399679886,24.692451818312033,23.46816750953579,28.067256519898237,32.65166392020639,40.033068371572625,52.818041168055984,48.70414638095092,48.13471060980223
XGBRegressor,LocalMinMaxScaler(stats_=[[  5.11211699 325.92896936]]),"[1, 2, 3, 4, 5, 6, 7, 8, 9, 10, 11, 12, 13, 14, 15, 16, 18, 19, 20, 21, 22, 23, 25, 26, 27, 28, 29, 30, 31, 32, 34, 36, 37, 38, 40, 42, 44, 45, 47, 48, 52, 53, 54, 59, 60, 61, 65, 67, 69, 70, 73, 74, 85, 91, 96, 98, 100, 102, 105, 106, 107, 109, 110, 111, 112, 113, 117, 118, 119, 120, 122, 124, 125, 127, 129, 130, 131, 134, 138, 139, 140, 141, 142, 144, 145, 146, 147, 149, 152, 153, 156, 157, 159, 161, 162, 163, 164, 165, 166, 168, 169, 170, 172, 173, 174, 175, 176, 177, 178, 179, 181, 183, 184, 186, 187, 188, 189, 190, 191, 192, 193, 194, 195, 196, 197, 199, 201, 202, 203, 204, 205, 206, 207, 208, 209, 210, 211, 213, 214, 215, 216, 217, 218, 219, 220, 221, 222, 226, 227, 228, 229, 230, 231, 232, 233, 234, 236, 238, 239, 240, 242, 245, 246, 248, 250, 251, 252, 254, 255, 258, 260, 263, 265, 266, 267, 268, 272, 273, 274, 277, 279, 281, 282, 283, 284, 286, 293, 296, 297, 300, 302, 304, 307, 309, 310, 311, 313, 316, 319, 320, 321, 322, 323, 326, 328, 329, 330, 331, 333, 335, 336, 337, 338, 339, 342, 347, 349, 350, 351, 352, 353, 354, 355, 356, 357, 358, 359, 360, 361, 362, 363, 364, 365, 366, 367, 368, 369, 370, 371, 372, 373, 374, 375, 376, 377, 379, 380, 381, 382, 383, 384, 385, 386, 387, 388, 389, 390, 392, 393, 395, 396, 398, 399, 400]","{1: [<function expanding_mean at 0x000002C58F7A04A0>], 7: [<function rolling_mean_14 at 0x000002C5930FAA20>], 30: [<function expanding_mean at 0x000002C58F7A04A0>]}",lags_400_features_264,12.709592206263858,18.08143715275375,20.337857571136393,19.79242389867807,19.494866858817492,20.794548851705258,30.071779247103542,36.756743806779255,48.602254041283295,57.76856856393706,57.27806671047958
LGBMRegressor,LocalMinMaxScaler(stats_=[[  5.11211699 325.92896936]]),"[1, 2, 3, 4, 5, 6, 7, 8, 9, 10, 11, 12, 13, 14, 15, 16, 18, 19, 20, 21, 22, 23, 25, 26, 27, 28, 29, 30, 31, 32, 34, 36, 37, 38, 40, 42, 44, 45, 47, 48, 52, 53, 54, 59, 60, 61, 65, 67, 69, 70, 73, 74, 85, 91, 96, 98, 100, 102, 105, 106, 107, 109, 110, 111, 112, 113, 117, 118, 119, 120, 122, 124, 125, 127, 129, 130, 131, 134, 138, 139, 140, 141, 142, 144, 145, 146, 147, 149, 152, 153, 156, 157, 159, 161, 162, 163, 164, 165, 166, 168, 169, 170, 172, 173, 174, 175, 176, 177, 178, 179, 181, 183, 184, 186, 187, 188, 189, 190, 191, 192, 193, 194, 195, 196, 197, 199, 201, 202, 203, 204, 205, 206, 207, 208, 209, 210, 211, 213, 214, 215, 216, 217, 218, 219, 220, 221, 222, 226, 227, 228, 229, 230, 231, 232, 233, 234, 236, 238, 239, 240, 242, 245, 246, 248, 250, 251, 252, 254, 255, 258, 260, 263, 265, 266, 267, 268, 272, 273, 274, 277, 279, 281, 282, 283, 284, 286, 293, 296, 297, 300, 302, 304, 307, 309, 310, 311, 313, 316, 319, 320, 321, 322, 323, 326, 328, 329, 330, 331, 333, 335, 336, 337, 338, 339, 342, 347, 349, 350, 351, 352, 353, 354, 355, 356, 357, 358, 359, 360, 361, 362, 363, 364, 365, 366, 367, 368, 369, 370, 371, 372, 373, 374, 375, 376, 377, 379, 380, 381, 382, 383, 384, 385, 386, 387, 388, 389, 390, 392, 393, 395, 396, 398, 399, 400]","{1: [<function expanding_mean at 0x000002C58F7A04A0>], 7: [<function rolling_mean_14 at 0x000002C5930FAA20>], 30: [<function expanding_mean at 0x000002C58F7A04A0>]}",lags_400_features_264,10.268802979827498,17.433804074904025,19.194612289057307,18.571613541333402,18.421588160578306,23.378433892654236,30.427969666680887,34.33765790976251,44.434157424546235,49.1799912132142,48.60697709695128
SGD_EarlyStopping,LocalMinMaxScaler(stats_=[[  5.11211699 325.92896936]]),"[1, 2, 3, 4, 5, 6, 7, 8, 9, 10, 11, 12, 13, 14, 15, 16, 18, 19, 20, 21, 22, 23, 25, 26, 27, 28, 29, 30, 31, 32, 34, 36, 37, 38, 40, 42, 44, 45, 47, 48, 52, 53, 54, 59, 60, 61, 65, 67, 69, 70, 73, 74, 85, 91, 96, 98, 100, 102, 105, 106, 107, 109, 110, 111, 112, 113, 117, 118, 119, 120, 122, 124, 125, 127, 129, 130, 131, 134, 138, 139, 140, 141, 142, 144, 145, 146, 147, 149, 152, 153, 156, 157, 159, 161, 162, 163, 164, 165, 166, 168, 169, 170, 172, 173, 174, 175, 176, 177, 178, 179, 181, 183, 184, 186, 187, 188, 189, 190, 191, 192, 193, 194, 195, 196, 197, 199, 201, 202, 203, 204, 205, 206, 207, 208, 209, 210, 211, 213, 214, 215, 216, 217, 218, 219, 220, 221, 222, 226, 227, 228, 229, 230, 231, 232, 233, 234, 236, 238, 239, 240, 242, 245, 246, 248, 250, 251, 252, 254, 255, 258, 260, 263, 265, 266, 267, 268, 272, 273, 274, 277, 279, 281, 282, 283, 284, 286, 293, 296, 297, 300, 302, 304, 307, 309, 310, 311, 313, 316, 319, 320, 321, 322, 323, 326, 328, 329, 330, 331, 333, 335, 336, 337, 338, 339, 342, 347, 349, 350, 351, 352, 353, 354, 355, 356, 357, 358, 359, 360, 361, 362, 363, 364, 365, 366, 367, 368, 369, 370, 371, 372, 373, 374, 375, 376, 377, 379, 380, 381, 382, 383, 384, 385, 386, 387, 388, 389, 390, 392, 393, 395, 396, 398, 399, 400]","{1: [<function rolling_mean_14 at 0x000002C5930FAA20>], 7: [<function rolling_mean_30 at 0x000002C58DBF9260>], 30: [<function expanding_mean at 0x000002C58F7A04A0>]}",lags_400_features_264,15.77570030331488,17.90507235372959,20.799472574929766,20.75613083091757,20.659903779190284,25.282501193277668,31.000013340037786,38.468381848154415,51.893553161072745,56.76392834709788,55.88093117832468
SGD_ElasticNet,LocalMinMaxScaler(stats_=[[  5.11211699 325.92896936]]),"[1, 2, 3, 4, 5, 6, 7, 8, 9, 10, 11, 12, 13, 14, 15, 16, 18, 19, 20, 21, 22, 23, 25, 26, 27, 28, 29, 30, 31, 32, 34, 36, 37, 38, 40, 42, 44, 45, 47, 48, 52, 53, 54, 59, 60, 61, 65, 67, 69, 70, 73, 74, 85, 91, 96, 98, 100, 102, 105, 106, 107, 109, 110, 111, 112, 113, 117, 118, 119, 120, 122, 124, 125, 127, 129, 130, 131, 134, 138, 139, 140, 141, 142, 144, 145, 146, 147, 149, 152, 153, 156, 157, 159, 161, 162, 163, 164, 165, 166, 168, 169, 170, 172, 173, 174, 175, 176, 177, 178, 179, 181, 183, 184, 186, 187, 188, 189, 190, 191, 192, 193, 194, 195, 196, 197, 199, 201, 202, 203, 204, 205, 206, 207, 208, 209, 210, 211, 213, 214, 215, 216, 217, 218, 219, 220, 221, 222, 226, 227, 228, 229, 230, 231, 232, 233, 234, 236, 238, 239, 240, 242, 245, 246, 248, 250, 251, 252, 254, 255, 258, 260, 263, 265, 266, 267, 268, 272, 273, 274, 277, 279, 281, 282, 283, 284, 286, 293, 296, 297, 300, 302, 304, 307, 309, 310, 311, 313, 316, 319, 320, 321, 322, 323, 326, 328, 329, 330, 331, 333, 335, 336, 337, 338, 339, 342, 347, 349, 350, 351, 352, 353, 354, 355, 356, 357, 358, 359, 360, 361, 362, 363, 364, 365, 366, 367, 368, 369, 370, 371, 372, 373, 374, 375, 376, 377, 379, 380, 381, 382, 383, 384, 385, 386, 387, 388, 389, 390, 392, 393, 395, 396, 398, 399, 400]","{1: [<function rolling_mean_14 at 0x000002C5930FAA20>], 7: [<function rolling_mean_30 at 0x000002C58DBF9260>], 30: [<function expanding_mean at 0x000002C58F7A04A0>]}",lags_400_features_264,9.607238446316144,17.41643534542857,19.151709402986224,18.518355633589422,18.401502930121556,23.480963209873387,28.359677546208477,35.52367237110253,49.42934642522053,51.097019121164536,51.2306720888947
SGD_Lasso,LocalMinMaxScaler(stats_=[[  5.11211699 325.92896936]]),"[1, 2, 3, 4, 5, 6, 7, 8, 9, 10, 11, 12, 13, 14, 15, 16, 18, 19, 20, 21, 22, 23, 25, 26, 27, 28, 29, 30, 31, 32, 34, 36, 37, 38, 40, 42, 44, 45, 47, 48, 52, 53, 54, 59, 60, 61, 65, 67, 69, 70, 73, 74, 85, 91, 96, 98, 100, 102, 105, 106, 107, 109, 110, 111, 112, 113, 117, 118, 119, 120, 122, 124, 125, 127, 129, 130, 131, 134, 138, 139, 140, 141, 142, 144, 145, 146, 147, 149, 152, 153, 156, 157, 159, 161, 162, 163, 164, 165, 166, 168, 169, 170, 172, 173, 174, 175, 176, 177, 178, 179, 181, 183, 184, 186, 187, 188, 189, 190, 191, 192, 193, 194, 195, 196, 197, 199, 201, 202, 203, 204, 205, 206, 207, 208, 209, 210, 211, 213, 214, 215, 216, 217, 218, 219, 220, 221, 222, 226, 227, 228, 229, 230, 231, 232, 233, 234, 236, 238, 239, 240, 242, 245, 246, 248, 250, 251, 252, 254, 255, 258, 260, 263, 265, 266, 267, 268, 272, 273, 274, 277, 279, 281, 282, 283, 284, 286, 293, 296, 297, 300, 302, 304, 307, 309, 310, 311, 313, 316, 319, 320, 321, 322, 323, 326, 328, 329, 330, 331, 333, 335, 336, 337, 338, 339, 342, 347, 349, 350, 351, 352, 353, 354, 355, 356, 357, 358, 359, 360, 361, 362, 363, 364, 365, 366, 367, 368, 369, 370, 371, 372, 373, 374, 375, 376, 377, 379, 380, 381, 382, 383, 384, 385, 386, 387, 388, 389, 390, 392, 393, 395, 396, 398, 399, 400]","{1: [<function rolling_mean_14 at 0x000002C5930FAA20>], 7: [<function rolling_mean_30 at 0x000002C58DBF9260>], 30: [<function expanding_mean at 0x000002C58F7A04A0>]}",lags_400_features_264,118.05932069664766,102.761529561556,101.08235692519607,90.10235306743208,75.66384464435117,67.01788560628155,61.462045658613974,55.78004717885552,71.64443914013108,96.95023202215106,96.40223009131486
SGD_Ridge,LocalMinMaxScaler(stats_=[[  5.11211699 325.92896936]]),"[1, 2, 3, 4, 5, 6, 7, 8, 9, 10, 11, 12, 13, 14, 15, 16, 18, 19, 20, 21, 22, 23, 25, 26, 27, 28, 29, 30, 31, 32, 34, 36, 37, 38, 40, 42, 44, 45, 47, 48, 52, 53, 54, 59, 60, 61, 65, 67, 69, 70, 73, 74, 85, 91, 96, 98, 100, 102, 105, 106, 107, 109, 110, 111, 112, 113, 117, 118, 119, 120, 122, 124, 125, 127, 129, 130, 131, 134, 138, 139, 140, 141, 142, 144, 145, 146, 147, 149, 152, 153, 156, 157, 159, 161, 162, 163, 164, 165, 166, 168, 169, 170, 172, 173, 174, 175, 176, 177, 178, 179, 181, 183, 184, 186, 187, 188, 189, 190, 191, 192, 193, 194, 195, 196, 197, 199, 201, 202, 203, 204, 205, 206, 207, 208, 209, 210, 211, 213, 214, 215, 216, 217, 218, 219, 220, 221, 222, 226, 227, 228, 229, 230, 231, 232, 233, 234, 236, 238, 239, 240, 242, 245, 246, 248, 250, 251, 252, 254, 255, 258, 260, 263, 265, 266, 267, 268, 272, 273, 274, 277, 279, 281, 282, 283, 284, 286, 293, 296, 297, 300, 302, 304, 307, 309, 310, 311, 313, 316, 319, 320, 321, 322, 323, 326, 328, 329, 330, 331, 333, 335, 336, 337, 338, 339, 342, 347, 349, 350, 351, 352, 353, 354, 355, 356, 357, 358, 359, 360, 361, 362, 363, 364, 365, 366, 367, 368, 369, 370, 371, 372, 373, 374, 375, 376, 377, 379, 380, 381, 382, 383, 384, 385, 386, 387, 388, 389, 390, 392, 393, 395, 396, 398, 399, 400]","{1: [<function rolling_mean_14 at 0x000002C5930FAA20>], 7: [<function rolling_mean_30 at 0x000002C58DBF9260>], 30: [<function expanding_mean at 0x000002C58F7A04A0>]}",lags_400_features_264,31.604528186658047,27.842660968578777,30.067992819463207,29.770184041490367,27.8102091093723,29.82970389474448,31.21755925441048,31.96739168188019,44.76592665775777,63.83881201883457,64.48050937529992
SGDRegressor,LocalMinMaxScaler(stats_=[[  5.11211699 325.92896936]]),"[1, 2, 3, 4, 5, 6, 7, 8, 9, 10, 11, 12, 13, 14, 15, 16, 18, 19, 20, 21, 22, 23, 25, 26, 27, 28, 29, 30, 31, 32, 34, 36, 37, 38, 40, 42, 44, 45, 47, 48, 52, 53, 54, 59, 60, 61, 65, 67, 69, 70, 73, 74, 85, 91, 96, 98, 100, 102, 105, 106, 107, 109, 110, 111, 112, 113, 117, 118, 119, 120, 122, 124, 125, 127, 129, 130, 131, 134, 138, 139, 140, 141, 142, 144, 145, 146, 147, 149, 152, 153, 156, 157, 159, 161, 162, 163, 164, 165, 166, 168, 169, 170, 172, 173, 174, 175, 176, 177, 178, 179, 181, 183, 184, 186, 187, 188, 189, 190, 191, 192, 193, 194, 195, 196, 197, 199, 201, 202, 203, 204, 205, 206, 207, 208, 209, 210, 211, 213, 214, 215, 216, 217, 218, 219, 220, 221, 222, 226, 227, 228, 229, 230, 231, 232, 233, 234, 236, 238, 239, 240, 242, 245, 246, 248, 250, 251, 252, 254, 255, 258, 260, 263, 265, 266, 267, 268, 272, 273, 274, 277, 279, 281, 282, 283, 284, 286, 293, 296, 297, 300, 302, 304, 307, 309, 310, 311, 313, 316, 319, 320, 321, 322, 323, 326, 328, 329, 330, 331, 333, 335, 336, 337, 338, 339, 342, 347, 349, 350, 351, 352, 353, 354, 355, 356, 357, 358, 359, 360, 361, 362, 363, 364, 365, 366, 367, 368, 369, 370, 371, 372, 373, 374, 375, 376, 377, 379, 380, 381, 382, 383, 384, 385, 386, 387, 388, 389, 390, 392, 393, 395, 396, 398, 399, 400]","{1: [<function rolling_mean_14 at 0x000002C5930FAA20>], 7: [<function rolling_mean_30 at 0x000002C58DBF9260>], 30: [<function expanding_mean at 0x000002C58F7A04A0>]}",lags_400_features_264,13.626831194083794,23.410033229521204,25.524893902264225,24.74726825696774,23.510774545632245,28.09851415537292,32.67830106674175,40.055948998653314,52.853814729473115,48.744465554936475,48.16498902936465
XGBRegressor,LocalMinMaxScaler(stats_=[[  5.11211699 325.92896936]]),"[1, 2, 3, 4, 5, 6, 7, 8, 9, 10, 11, 12, 13, 14, 15, 16, 18, 19, 20, 21, 22, 23, 25, 26, 27, 28, 29, 30, 31, 32, 34, 36, 37, 38, 40, 42, 44, 45, 47, 48, 52, 53, 54, 59, 60, 61, 65, 67, 69, 70, 73, 74, 85, 91, 96, 98, 100, 102, 105, 106, 107, 109, 110, 111, 112, 113, 117, 118, 119, 120, 122, 124, 125, 127, 129, 130, 131, 134, 138, 139, 140, 141, 142, 144, 145, 146, 147, 149, 152, 153, 156, 157, 159, 161, 162, 163, 164, 165, 166, 168, 169, 170, 172, 173, 174, 175, 176, 177, 178, 179, 181, 183, 184, 186, 187, 188, 189, 190, 191, 192, 193, 194, 195, 196, 197, 199, 201, 202, 203, 204, 205, 206, 207, 208, 209, 210, 211, 213, 214, 215, 216, 217, 218, 219, 220, 221, 222, 226, 227, 228, 229, 230, 231, 232, 233, 234, 236, 238, 239, 240, 242, 245, 246, 248, 250, 251, 252, 254, 255, 258, 260, 263, 265, 266, 267, 268, 272, 273, 274, 277, 279, 281, 282, 283, 284, 286, 293, 296, 297, 300, 302, 304, 307, 309, 310, 311, 313, 316, 319, 320, 321, 322, 323, 326, 328, 329, 330, 331, 333, 335, 336, 337, 338, 339, 342, 347, 349, 350, 351, 352, 353, 354, 355, 356, 357, 358, 359, 360, 361, 362, 363, 364, 365, 366, 367, 368, 369, 370, 371, 372, 373, 374, 375, 376, 377, 379, 380, 381, 382, 383, 384, 385, 386, 387, 388, 389, 390, 392, 393, 395, 396, 398, 399, 400]","{1: [<function rolling_mean_14 at 0x000002C5930FAA20>], 7: [<function rolling_mean_30 at 0x000002C58DBF9260>], 30: [<function expanding_mean at 0x000002C58F7A04A0>]}",lags_400_features_264,10.835356028870274,17.858208713858346,19.981041912641142,19.44787449589468,20.188436796375257,19.295067240892934,23.41649407618086,31.77776597434833,42.82824116000729,48.78312809545344,48.201269263245564
LGBMRegressor,LocalMinMaxScaler(stats_=[[  5.11211699 325.92896936]]),"[1, 2, 3, 4, 5, 6, 7, 8, 9, 10, 11, 12, 13, 14, 15, 16, 18, 19, 20, 21, 22, 23, 25, 26, 27, 28, 29, 30, 31, 32, 34, 36, 37, 38, 40, 42, 44, 45, 47, 48, 52, 53, 54, 59, 60, 61, 65, 67, 69, 70, 73, 74, 85, 91, 96, 98, 100, 102, 105, 106, 107, 109, 110, 111, 112, 113, 117, 118, 119, 120, 122, 124, 125, 127, 129, 130, 131, 134, 138, 139, 140, 141, 142, 144, 145, 146, 147, 149, 152, 153, 156, 157, 159, 161, 162, 163, 164, 165, 166, 168, 169, 170, 172, 173, 174, 175, 176, 177, 178, 179, 181, 183, 184, 186, 187, 188, 189, 190, 191, 192, 193, 194, 195, 196, 197, 199, 201, 202, 203, 204, 205, 206, 207, 208, 209, 210, 211, 213, 214, 215, 216, 217, 218, 219, 220, 221, 222, 226, 227, 228, 229, 230, 231, 232, 233, 234, 236, 238, 239, 240, 242, 245, 246, 248, 250, 251, 252, 254, 255, 258, 260, 263, 265, 266, 267, 268, 272, 273, 274, 277, 279, 281, 282, 283, 284, 286, 293, 296, 297, 300, 302, 304, 307, 309, 310, 311, 313, 316, 319, 320, 321, 322, 323, 326, 328, 329, 330, 331, 333, 335, 336, 337, 338, 339, 342, 347, 349, 350, 351, 352, 353, 354, 355, 356, 357, 358, 359, 360, 361, 362, 363, 364, 365, 366, 367, 368, 369, 370, 371, 372, 373, 374, 375, 376, 377, 379, 380, 381, 382, 383, 384, 385, 386, 387, 388, 389, 390, 392, 393, 395, 396, 398, 399, 400]","{1: [<function rolling_mean_14 at 0x000002C5930FAA20>], 7: [<function rolling_mean_30 at 0x000002C58DBF9260>], 30: [<function expanding_mean at 0x000002C58F7A04A0>]}",lags_400_features_264,10.7165521138473,17.503660433060947,18.976282268386516,18.49606179631151,19.03805816525807,20.341910828315083,27.057629185466098,31.776644875524173,41.180526077308656,45.10293268382094,44.51538494005867
SGD_EarlyStopping,LocalMinMaxScaler(stats_=[[  5.11211699 325.92896936]]),"[1, 2, 3, 4, 5, 6, 7, 8, 9, 10, 11, 12, 13, 14, 15, 16, 18, 19, 20, 21, 22, 23, 25, 26, 27, 28, 29, 30, 31, 32, 34, 36, 37, 38, 40, 42, 44, 45, 47, 48, 52, 53, 54, 59, 60, 61, 65, 67, 69, 70, 73, 74, 85, 91, 96, 98, 100, 102, 105, 106, 107, 109, 110, 111, 112, 113, 117, 118, 119, 120, 122, 124, 125, 127, 129, 130, 131, 134, 138, 139, 140, 141, 142, 144, 145, 146, 147, 149, 152, 153, 156, 157, 159, 161, 162, 163, 164, 165, 166, 168, 169, 170, 172, 173, 174, 175, 176, 177, 178, 179, 181, 183, 184, 186, 187, 188, 189, 190, 191, 192, 193, 194, 195, 196, 197, 199, 201, 202, 203, 204, 205, 206, 207, 208, 209, 210, 211, 213, 214, 215, 216, 217, 218, 219, 220, 221, 222, 226, 227, 228, 229, 230, 231, 232, 233, 234, 236, 238, 239, 240, 242, 245, 246, 248, 250, 251, 252, 254, 255, 258, 260, 263, 265, 266, 267, 268, 272, 273, 274, 277, 279, 281, 282, 283, 284, 286, 293, 296, 297, 300, 302, 304, 307, 309, 310, 311, 313, 316, 319, 320, 321, 322, 323, 326, 328, 329, 330, 331, 333, 335, 336, 337, 338, 339, 342, 347, 349, 350, 351, 352, 353, 354, 355, 356, 357, 358, 359, 360, 361, 362, 363, 364, 365, 366, 367, 368, 369, 370, 371, 372, 373, 374, 375, 376, 377, 379, 380, 381, 382, 383, 384, 385, 386, 387, 388, 389, 390, 392, 393, 395, 396, 398, 399, 400]","{7: [RollingMean(window_size=7)], 30: [RollingMean(window_size=30)], 60: [RollingMean(window_size=60)]}",lags_400_features_264,15.786296838378824,17.912626384160372,20.806315362243588,20.76982266456077,20.67601384150034,25.30018321755169,31.011202793110716,38.469354801670356,51.885825961979684,56.735402810541636,55.85263386775118
SGD_ElasticNet,LocalMinMaxScaler(stats_=[[  5.11211699 325.92896936]]),"[1, 2, 3, 4, 5, 6, 7, 8, 9, 10, 11, 12, 13, 14, 15, 16, 18, 19, 20, 21, 22, 23, 25, 26, 27, 28, 29, 30, 31, 32, 34, 36, 37, 38, 40, 42, 44, 45, 47, 48, 52, 53, 54, 59, 60, 61, 65, 67, 69, 70, 73, 74, 85, 91, 96, 98, 100, 102, 105, 106, 107, 109, 110, 111, 112, 113, 117, 118, 119, 120, 122, 124, 125, 127, 129, 130, 131, 134, 138, 139, 140, 141, 142, 144, 145, 146, 147, 149, 152, 153, 156, 157, 159, 161, 162, 163, 164, 165, 166, 168, 169, 170, 172, 173, 174, 175, 176, 177, 178, 179, 181, 183, 184, 186, 187, 188, 189, 190, 191, 192, 193, 194, 195, 196, 197, 199, 201, 202, 203, 204, 205, 206, 207, 208, 209, 210, 211, 213, 214, 215, 216, 217, 218, 219, 220, 221, 222, 226, 227, 228, 229, 230, 231, 232, 233, 234, 236, 238, 239, 240, 242, 245, 246, 248, 250, 251, 252, 254, 255, 258, 260, 263, 265, 266, 267, 268, 272, 273, 274, 277, 279, 281, 282, 283, 284, 286, 293, 296, 297, 300, 302, 304, 307, 309, 310, 311, 313, 316, 319, 320, 321, 322, 323, 326, 328, 329, 330, 331, 333, 335, 336, 337, 338, 339, 342, 347, 349, 350, 351, 352, 353, 354, 355, 356, 357, 358, 359, 360, 361, 362, 363, 364, 365, 366, 367, 368, 369, 370, 371, 372, 373, 374, 375, 376, 377, 379, 380, 381, 382, 383, 384, 385, 386, 387, 388, 389, 390, 392, 393, 395, 396, 398, 399, 400]","{7: [RollingMean(window_size=7)], 30: [RollingMean(window_size=30)], 60: [RollingMean(window_size=60)]}",lags_400_features_264,9.601117441224668,17.422951673798124,19.15746219951746,18.52250623838198,18.4058239008326,23.4882415915365,28.36250439529958,35.52439151280621,49.42516917020959,51.08626268573104,51.22038124921387
SGD_Lasso,LocalMinMaxScaler(stats_=[[  5.11211699 325.92896936]]),"[1, 2, 3, 4, 5, 6, 7, 8, 9, 10, 11, 12, 13, 14, 15, 16, 18, 19, 20, 21, 22, 23, 25, 26, 27, 28, 29, 30, 31, 32, 34, 36, 37, 38, 40, 42, 44, 45, 47, 48, 52, 53, 54, 59, 60, 61, 65, 67, 69, 70, 73, 74, 85, 91, 96, 98, 100, 102, 105, 106, 107, 109, 110, 111, 112, 113, 117, 118, 119, 120, 122, 124, 125, 127, 129, 130, 131, 134, 138, 139, 140, 141, 142, 144, 145, 146, 147, 149, 152, 153, 156, 157, 159, 161, 162, 163, 164, 165, 166, 168, 169, 170, 172, 173, 174, 175, 176, 177, 178, 179, 181, 183, 184, 186, 187, 188, 189, 190, 191, 192, 193, 194, 195, 196, 197, 199, 201, 202, 203, 204, 205, 206, 207, 208, 209, 210, 211, 213, 214, 215, 216, 217, 218, 219, 220, 221, 222, 226, 227, 228, 229, 230, 231, 232, 233, 234, 236, 238, 239, 240, 242, 245, 246, 248, 250, 251, 252, 254, 255, 258, 260, 263, 265, 266, 267, 268, 272, 273, 274, 277, 279, 281, 282, 283, 284, 286, 293, 296, 297, 300, 302, 304, 307, 309, 310, 311, 313, 316, 319, 320, 321, 322, 323, 326, 328, 329, 330, 331, 333, 335, 336, 337, 338, 339, 342, 347, 349, 350, 351, 352, 353, 354, 355, 356, 357, 358, 359, 360, 361, 362, 363, 364, 365, 366, 367, 368, 369, 370, 371, 372, 373, 374, 375, 376, 377, 379, 380, 381, 382, 383, 384, 385, 386, 387, 388, 389, 390, 392, 393, 395, 396, 398, 399, 400]","{7: [RollingMean(window_size=7)], 30: [RollingMean(window_size=30)], 60: [RollingMean(window_size=60)]}",lags_400_features_264,118.05932069664766,102.761529561556,101.08235692519607,90.10235306743208,75.66384464435117,67.01788560628155,61.462045658613974,55.78004717885552,71.64443914013108,96.95023202215106,96.40223009131486
SGD_Ridge,LocalMinMaxScaler(stats_=[[  5.11211699 325.92896936]]),"[1, 2, 3, 4, 5, 6, 7, 8, 9, 10, 11, 12, 13, 14, 15, 16, 18, 19, 20, 21, 22, 23, 25, 26, 27, 28, 29, 30, 31, 32, 34, 36, 37, 38, 40, 42, 44, 45, 47, 48, 52, 53, 54, 59, 60, 61, 65, 67, 69, 70, 73, 74, 85, 91, 96, 98, 100, 102, 105, 106, 107, 109, 110, 111, 112, 113, 117, 118, 119, 120, 122, 124, 125, 127, 129, 130, 131, 134, 138, 139, 140, 141, 142, 144, 145, 146, 147, 149, 152, 153, 156, 157, 159, 161, 162, 163, 164, 165, 166, 168, 169, 170, 172, 173, 174, 175, 176, 177, 178, 179, 181, 183, 184, 186, 187, 188, 189, 190, 191, 192, 193, 194, 195, 196, 197, 199, 201, 202, 203, 204, 205, 206, 207, 208, 209, 210, 211, 213, 214, 215, 216, 217, 218, 219, 220, 221, 222, 226, 227, 228, 229, 230, 231, 232, 233, 234, 236, 238, 239, 240, 242, 245, 246, 248, 250, 251, 252, 254, 255, 258, 260, 263, 265, 266, 267, 268, 272, 273, 274, 277, 279, 281, 282, 283, 284, 286, 293, 296, 297, 300, 302, 304, 307, 309, 310, 311, 313, 316, 319, 320, 321, 322, 323, 326, 328, 329, 330, 331, 333, 335, 336, 337, 338, 339, 342, 347, 349, 350, 351, 352, 353, 354, 355, 356, 357, 358, 359, 360, 361, 362, 363, 364, 365, 366, 367, 368, 369, 370, 371, 372, 373, 374, 375, 376, 377, 379, 380, 381, 382, 383, 384, 385, 386, 387, 388, 389, 390, 392, 393, 395, 396, 398, 399, 400]","{7: [RollingMean(window_size=7)], 30: [RollingMean(window_size=30)], 60: [RollingMean(window_size=60)]}",lags_400_features_264,31.619537831058825,27.837389269701372,30.05577883638248,29.758282873580725,27.80123004684546,29.824633365306912,31.216681538117886,31.969398906635483,44.77255260666607,63.8361725826128,64.47812873546606
SGDRegressor,LocalMinMaxScaler(stats_=[[  5.11211699 325.92896936]]),"[1, 2, 3, 4, 5, 6, 7, 8, 9, 10, 11, 12, 13, 14, 15, 16, 18, 19, 20, 21, 22, 23, 25, 26, 27, 28, 29, 30, 31, 32, 34, 36, 37, 38, 40, 42, 44, 45, 47, 48, 52, 53, 54, 59, 60, 61, 65, 67, 69, 70, 73, 74, 85, 91, 96, 98, 100, 102, 105, 106, 107, 109, 110, 111, 112, 113, 117, 118, 119, 120, 122, 124, 125, 127, 129, 130, 131, 134, 138, 139, 140, 141, 142, 144, 145, 146, 147, 149, 152, 153, 156, 157, 159, 161, 162, 163, 164, 165, 166, 168, 169, 170, 172, 173, 174, 175, 176, 177, 178, 179, 181, 183, 184, 186, 187, 188, 189, 190, 191, 192, 193, 194, 195, 196, 197, 199, 201, 202, 203, 204, 205, 206, 207, 208, 209, 210, 211, 213, 214, 215, 216, 217, 218, 219, 220, 221, 222, 226, 227, 228, 229, 230, 231, 232, 233, 234, 236, 238, 239, 240, 242, 245, 246, 248, 250, 251, 252, 254, 255, 258, 260, 263, 265, 266, 267, 268, 272, 273, 274, 277, 279, 281, 282, 283, 284, 286, 293, 296, 297, 300, 302, 304, 307, 309, 310, 311, 313, 316, 319, 320, 321, 322, 323, 326, 328, 329, 330, 331, 333, 335, 336, 337, 338, 339, 342, 347, 349, 350, 351, 352, 353, 354, 355, 356, 357, 358, 359, 360, 361, 362, 363, 364, 365, 366, 367, 368, 369, 370, 371, 372, 373, 374, 375, 376, 377, 379, 380, 381, 382, 383, 384, 385, 386, 387, 388, 389, 390, 392, 393, 395, 396, 398, 399, 400]","{7: [RollingMean(window_size=7)], 30: [RollingMean(window_size=30)], 60: [RollingMean(window_size=60)]}",lags_400_features_264,13.60209287564392,23.370055729759446,25.478039205038648,24.696896531131944,23.47083366610196,28.06781929679007,32.64736376233181,40.017773710158174,52.80135766137841,48.695244805650525,48.123795548888225
XGBRegressor,LocalMinMaxScaler(stats_=[[  5.11211699 325.92896936]]),"[1, 2, 3, 4, 5, 6, 7, 8, 9, 10, 11, 12, 13, 14, 15, 16, 18, 19, 20, 21, 22, 23, 25, 26, 27, 28, 29, 30, 31, 32, 34, 36, 37, 38, 40, 42, 44, 45, 47, 48, 52, 53, 54, 59, 60, 61, 65, 67, 69, 70, 73, 74, 85, 91, 96, 98, 100, 102, 105, 106, 107, 109, 110, 111, 112, 113, 117, 118, 119, 120, 122, 124, 125, 127, 129, 130, 131, 134, 138, 139, 140, 141, 142, 144, 145, 146, 147, 149, 152, 153, 156, 157, 159, 161, 162, 163, 164, 165, 166, 168, 169, 170, 172, 173, 174, 175, 176, 177, 178, 179, 181, 183, 184, 186, 187, 188, 189, 190, 191, 192, 193, 194, 195, 196, 197, 199, 201, 202, 203, 204, 205, 206, 207, 208, 209, 210, 211, 213, 214, 215, 216, 217, 218, 219, 220, 221, 222, 226, 227, 228, 229, 230, 231, 232, 233, 234, 236, 238, 239, 240, 242, 245, 246, 248, 250, 251, 252, 254, 255, 258, 260, 263, 265, 266, 267, 268, 272, 273, 274, 277, 279, 281, 282, 283, 284, 286, 293, 296, 297, 300, 302, 304, 307, 309, 310, 311, 313, 316, 319, 320, 321, 322, 323, 326, 328, 329, 330, 331, 333, 335, 336, 337, 338, 339, 342, 347, 349, 350, 351, 352, 353, 354, 355, 356, 357, 358, 359, 360, 361, 362, 363, 364, 365, 366, 367, 368, 369, 370, 371, 372, 373, 374, 375, 376, 377, 379, 380, 381, 382, 383, 384, 385, 386, 387, 388, 389, 390, 392, 393, 395, 396, 398, 399, 400]","{7: [RollingMean(window_size=7)], 30: [RollingMean(window_size=30)], 60: [RollingMean(window_size=60)]}",lags_400_features_264,11.770341658248707,17.06682677462726,19.40277986110234,19.10677933866402,19.62114083445917,21.412766441014522,29.251485549777573,35.29502128962617,46.28431496895937,47.85886366013882,47.1498236736388
LGBMRegressor,LocalMinMaxScaler(stats_=[[  5.11211699 325.92896936]]),"[1, 2, 3, 4, 5, 6, 7, 8, 9, 10, 11, 12, 13, 14, 15, 16, 18, 19, 20, 21, 22, 23, 25, 26, 27, 28, 29, 30, 31, 32, 34, 36, 37, 38, 40, 42, 44, 45, 47, 48, 52, 53, 54, 59, 60, 61, 65, 67, 69, 70, 73, 74, 85, 91, 96, 98, 100, 102, 105, 106, 107, 109, 110, 111, 112, 113, 117, 118, 119, 120, 122, 124, 125, 127, 129, 130, 131, 134, 138, 139, 140, 141, 142, 144, 145, 146, 147, 149, 152, 153, 156, 157, 159, 161, 162, 163, 164, 165, 166, 168, 169, 170, 172, 173, 174, 175, 176, 177, 178, 179, 181, 183, 184, 186, 187, 188, 189, 190, 191, 192, 193, 194, 195, 196, 197, 199, 201, 202, 203, 204, 205, 206, 207, 208, 209, 210, 211, 213, 214, 215, 216, 217, 218, 219, 220, 221, 222, 226, 227, 228, 229, 230, 231, 232, 233, 234, 236, 238, 239, 240, 242, 245, 246, 248, 250, 251, 252, 254, 255, 258, 260, 263, 265, 266, 267, 268, 272, 273, 274, 277, 279, 281, 282, 283, 284, 286, 293, 296, 297, 300, 302, 304, 307, 309, 310, 311, 313, 316, 319, 320, 321, 322, 323, 326, 328, 329, 330, 331, 333, 335, 336, 337, 338, 339, 342, 347, 349, 350, 351, 352, 353, 354, 355, 356, 357, 358, 359, 360, 361, 362, 363, 364, 365, 366, 367, 368, 369, 370, 371, 372, 373, 374, 375, 376, 377, 379, 380, 381, 382, 383, 384, 385, 386, 387, 388, 389, 390, 392, 393, 395, 396, 398, 399, 400]","{7: [RollingMean(window_size=7)], 30: [RollingMean(window_size=30)], 60: [RollingMean(window_size=60)]}",lags_400_features_264,10.379183479448722,17.03993362440747,19.188975491673695,19.02420997224997,19.223196838443428,22.524457030469854,29.741085543850065,32.54498892520633,41.758022199603126,43.97788265390176,43.274617172052984
SGD_EarlyStopping,LocalMinMaxScaler(stats_=[[  5.11211699 325.92896936]]),"[1, 2, 3, 4, 5, 6, 7, 8, 9, 10, 11, 12, 13, 14, 15, 16, 18, 19, 20, 21, 22, 23, 25, 26, 27, 28, 29, 30, 31, 32, 34, 36, 37, 38, 40, 42, 44, 45, 47, 48, 52, 53, 54, 59, 60, 61, 65, 67, 69, 70, 73, 74, 85, 91, 96, 98, 100, 102, 105, 106, 107, 109, 110, 111, 112, 113, 117, 118, 119, 120, 122, 124, 125, 127, 129, 130, 131, 134, 138, 139, 140, 141, 142, 144, 145, 146, 147, 149, 152, 153, 156, 157, 159, 161, 162, 163, 164, 165, 166, 168, 169, 170, 172, 173, 174, 175, 176, 177, 178, 179, 181, 183, 184, 186, 187, 188, 189, 190, 191, 192, 193, 194, 195, 196, 197, 199, 201, 202, 203, 204, 205, 206, 207, 208, 209, 210, 211, 213, 214, 215, 216, 217, 218, 219, 220, 221, 222, 226, 227, 228, 229, 230, 231, 232, 233, 234, 236, 238, 239, 240, 242, 245, 246, 248, 250, 251, 252, 254, 255, 258, 260, 263, 265, 266, 267, 268, 272, 273, 274, 277, 279, 281, 282, 283, 284, 286, 293, 296, 297, 300, 302, 304, 307, 309, 310, 311, 313, 316, 319, 320, 321, 322, 323, 326, 328, 329, 330, 331, 333, 335, 336, 337, 338, 339, 342, 347, 349, 350, 351, 352, 353, 354, 355, 356, 357, 358, 359, 360, 361, 362, 363, 364, 365, 366, 367, 368, 369, 370, 371, 372, 373, 374, 375, 376, 377, 379, 380, 381, 382, 383, 384, 385, 386, 387, 388, 389, 390, 392, 393, 395, 396, 398, 399, 400]","{7: [RollingMean(window_size=7), RollingStd(window_size=7)], 30: [RollingMean(window_size=30)], 60: [ExpandingMean()], 14: [ExponentiallyWeightedMean(alpha=0.3)]}",lags_400_features_264,15.75884500885944,17.89907745702783,20.786759257280156,20.75934468117497,20.663883550905833,25.263240534387972,30.956203050032006,38.423910916188255,51.86531020061766,56.721522256163205,55.83801575839416
SGD_ElasticNet,LocalMinMaxScaler(stats_=[[  5.11211699 325.92896936]]),"[1, 2, 3, 4, 5, 6, 7, 8, 9, 10, 11, 12, 13, 14, 15, 16, 18, 19, 20, 21, 22, 23, 25, 26, 27, 28, 29, 30, 31, 32, 34, 36, 37, 38, 40, 42, 44, 45, 47, 48, 52, 53, 54, 59, 60, 61, 65, 67, 69, 70, 73, 74, 85, 91, 96, 98, 100, 102, 105, 106, 107, 109, 110, 111, 112, 113, 117, 118, 119, 120, 122, 124, 125, 127, 129, 130, 131, 134, 138, 139, 140, 141, 142, 144, 145, 146, 147, 149, 152, 153, 156, 157, 159, 161, 162, 163, 164, 165, 166, 168, 169, 170, 172, 173, 174, 175, 176, 177, 178, 179, 181, 183, 184, 186, 187, 188, 189, 190, 191, 192, 193, 194, 195, 196, 197, 199, 201, 202, 203, 204, 205, 206, 207, 208, 209, 210, 211, 213, 214, 215, 216, 217, 218, 219, 220, 221, 222, 226, 227, 228, 229, 230, 231, 232, 233, 234, 236, 238, 239, 240, 242, 245, 246, 248, 250, 251, 252, 254, 255, 258, 260, 263, 265, 266, 267, 268, 272, 273, 274, 277, 279, 281, 282, 283, 284, 286, 293, 296, 297, 300, 302, 304, 307, 309, 310, 311, 313, 316, 319, 320, 321, 322, 323, 326, 328, 329, 330, 331, 333, 335, 336, 337, 338, 339, 342, 347, 349, 350, 351, 352, 353, 354, 355, 356, 357, 358, 359, 360, 361, 362, 363, 364, 365, 366, 367, 368, 369, 370, 371, 372, 373, 374, 375, 376, 377, 379, 380, 381, 382, 383, 384, 385, 386, 387, 388, 389, 390, 392, 393, 395, 396, 398, 399, 400]","{7: [RollingMean(window_size=7), RollingStd(window_size=7)], 30: [RollingMean(window_size=30)], 60: [ExpandingMean()], 14: [ExponentiallyWeightedMean(alpha=0.3)]}",lags_400_features_264,9.623541019128828,17.409411851047977,19.138754239375718,18.509203911623697,18.394627432478988,23.480933513670127,28.352341293831817,35.50607918115634,49.43238991436418,51.156591478642454,51.29406707761074
SGD_Lasso,LocalMinMaxScaler(stats_=[[  5.11211699 325.92896936]]),"[1, 2, 3, 4, 5, 6, 7, 8, 9, 10, 11, 12, 13, 14, 15, 16, 18, 19, 20, 21, 22, 23, 25, 26, 27, 28, 29, 30, 31, 32, 34, 36, 37, 38, 40, 42, 44, 45, 47, 48, 52, 53, 54, 59, 60, 61, 65, 67, 69, 70, 73, 74, 85, 91, 96, 98, 100, 102, 105, 106, 107, 109, 110, 111, 112, 113, 117, 118, 119, 120, 122, 124, 125, 127, 129, 130, 131, 134, 138, 139, 140, 141, 142, 144, 145, 146, 147, 149, 152, 153, 156, 157, 159, 161, 162, 163, 164, 165, 166, 168, 169, 170, 172, 173, 174, 175, 176, 177, 178, 179, 181, 183, 184, 186, 187, 188, 189, 190, 191, 192, 193, 194, 195, 196, 197, 199, 201, 202, 203, 204, 205, 206, 207, 208, 209, 210, 211, 213, 214, 215, 216, 217, 218, 219, 220, 221, 222, 226, 227, 228, 229, 230, 231, 232, 233, 234, 236, 238, 239, 240, 242, 245, 246, 248, 250, 251, 252, 254, 255, 258, 260, 263, 265, 266, 267, 268, 272, 273, 274, 277, 279, 281, 282, 283, 284, 286, 293, 296, 297, 300, 302, 304, 307, 309, 310, 311, 313, 316, 319, 320, 321, 322, 323, 326, 328, 329, 330, 331, 333, 335, 336, 337, 338, 339, 342, 347, 349, 350, 351, 352, 353, 354, 355, 356, 357, 358, 359, 360, 361, 362, 363, 364, 365, 366, 367, 368, 369, 370, 371, 372, 373, 374, 375, 376, 377, 379, 380, 381, 382, 383, 384, 385, 386, 387, 388, 389, 390, 392, 393, 395, 396, 398, 399, 400]","{7: [RollingMean(window_size=7), RollingStd(window_size=7)], 30: [RollingMean(window_size=30)], 60: [ExpandingMean()], 14: [ExponentiallyWeightedMean(alpha=0.3)]}",lags_400_features_264,118.05932069664766,102.761529561556,101.08235692519607,90.10235306743208,75.66384464435117,67.01788560628155,61.462045658613974,55.78004717885552,71.64443914013108,96.95023202215106,96.40223009131486
SGD_Ridge,LocalMinMaxScaler(stats_=[[  5.11211699 325.92896936]]),"[1, 2, 3, 4, 5, 6, 7, 8, 9, 10, 11, 12, 13, 14, 15, 16, 18, 19, 20, 21, 22, 23, 25, 26, 27, 28, 29, 30, 31, 32, 34, 36, 37, 38, 40, 42, 44, 45, 47, 48, 52, 53, 54, 59, 60, 61, 65, 67, 69, 70, 73, 74, 85, 91, 96, 98, 100, 102, 105, 106, 107, 109, 110, 111, 112, 113, 117, 118, 119, 120, 122, 124, 125, 127, 129, 130, 131, 134, 138, 139, 140, 141, 142, 144, 145, 146, 147, 149, 152, 153, 156, 157, 159, 161, 162, 163, 164, 165, 166, 168, 169, 170, 172, 173, 174, 175, 176, 177, 178, 179, 181, 183, 184, 186, 187, 188, 189, 190, 191, 192, 193, 194, 195, 196, 197, 199, 201, 202, 203, 204, 205, 206, 207, 208, 209, 210, 211, 213, 214, 215, 216, 217, 218, 219, 220, 221, 222, 226, 227, 228, 229, 230, 231, 232, 233, 234, 236, 238, 239, 240, 242, 245, 246, 248, 250, 251, 252, 254, 255, 258, 260, 263, 265, 266, 267, 268, 272, 273, 274, 277, 279, 281, 282, 283, 284, 286, 293, 296, 297, 300, 302, 304, 307, 309, 310, 311, 313, 316, 319, 320, 321, 322, 323, 326, 328, 329, 330, 331, 333, 335, 336, 337, 338, 339, 342, 347, 349, 350, 351, 352, 353, 354, 355, 356, 357, 358, 359, 360, 361, 362, 363, 364, 365, 366, 367, 368, 369, 370, 371, 372, 373, 374, 375, 376, 377, 379, 380, 381, 382, 383, 384, 385, 386, 387, 388, 389, 390, 392, 393, 395, 396, 398, 399, 400]","{7: [RollingMean(window_size=7), RollingStd(window_size=7)], 30: [RollingMean(window_size=30)], 60: [ExpandingMean()], 14: [ExponentiallyWeightedMean(alpha=0.3)]}",lags_400_features_264,31.567413294936426,27.80600740190226,30.047259920393856,29.764374049159613,27.80808584189563,29.834372816073873,31.222659722352674,31.969973541234403,44.76741075599012,63.85040691981475,64.49543150962029
SGDRegressor,LocalMinMaxScaler(stats_=[[  5.11211699 325.92896936]]),"[1, 2, 3, 4, 5, 6, 7, 8, 9, 10, 11, 12, 13, 14, 15, 16, 18, 19, 20, 21, 22, 23, 25, 26, 27, 28, 29, 30, 31, 32, 34, 36, 37, 38, 40, 42, 44, 45, 47, 48, 52, 53, 54, 59, 60, 61, 65, 67, 69, 70, 73, 74, 85, 91, 96, 98, 100, 102, 105, 106, 107, 109, 110, 111, 112, 113, 117, 118, 119, 120, 122, 124, 125, 127, 129, 130, 131, 134, 138, 139, 140, 141, 142, 144, 145, 146, 147, 149, 152, 153, 156, 157, 159, 161, 162, 163, 164, 165, 166, 168, 169, 170, 172, 173, 174, 175, 176, 177, 178, 179, 181, 183, 184, 186, 187, 188, 189, 190, 191, 192, 193, 194, 195, 196, 197, 199, 201, 202, 203, 204, 205, 206, 207, 208, 209, 210, 211, 213, 214, 215, 216, 217, 218, 219, 220, 221, 222, 226, 227, 228, 229, 230, 231, 232, 233, 234, 236, 238, 239, 240, 242, 245, 246, 248, 250, 251, 252, 254, 255, 258, 260, 263, 265, 266, 267, 268, 272, 273, 274, 277, 279, 281, 282, 283, 284, 286, 293, 296, 297, 300, 302, 304, 307, 309, 310, 311, 313, 316, 319, 320, 321, 322, 323, 326, 328, 329, 330, 331, 333, 335, 336, 337, 338, 339, 342, 347, 349, 350, 351, 352, 353, 354, 355, 356, 357, 358, 359, 360, 361, 362, 363, 364, 365, 366, 367, 368, 369, 370, 371, 372, 373, 374, 375, 376, 377, 379, 380, 381, 382, 383, 384, 385, 386, 387, 388, 389, 390, 392, 393, 395, 396, 398, 399, 400]","{7: [RollingMean(window_size=7), RollingStd(window_size=7)], 30: [RollingMean(window_size=30)], 60: [ExpandingMean()], 14: [ExponentiallyWeightedMean(alpha=0.3)]}",lags_400_features_264,13.614335614315104,23.38568758762946,25.499047078970204,24.719666797429486,23.486402699100807,28.071470328959652,32.63910360352889,39.99601918902295,52.81022667301978,48.716743028027246,48.1407988861484
XGBRegressor,LocalMinMaxScaler(stats_=[[  5.11211699 325.92896936]]),"[1, 2, 3, 4, 5, 6, 7, 8, 9, 10, 11, 12, 13, 14, 15, 16, 18, 19, 20, 21, 22, 23, 25, 26, 27, 28, 29, 30, 31, 32, 34, 36, 37, 38, 40, 42, 44, 45, 47, 48, 52, 53, 54, 59, 60, 61, 65, 67, 69, 70, 73, 74, 85, 91, 96, 98, 100, 102, 105, 106, 107, 109, 110, 111, 112, 113, 117, 118, 119, 120, 122, 124, 125, 127, 129, 130, 131, 134, 138, 139, 140, 141, 142, 144, 145, 146, 147, 149, 152, 153, 156, 157, 159, 161, 162, 163, 164, 165, 166, 168, 169, 170, 172, 173, 174, 175, 176, 177, 178, 179, 181, 183, 184, 186, 187, 188, 189, 190, 191, 192, 193, 194, 195, 196, 197, 199, 201, 202, 203, 204, 205, 206, 207, 208, 209, 210, 211, 213, 214, 215, 216, 217, 218, 219, 220, 221, 222, 226, 227, 228, 229, 230, 231, 232, 233, 234, 236, 238, 239, 240, 242, 245, 246, 248, 250, 251, 252, 254, 255, 258, 260, 263, 265, 266, 267, 268, 272, 273, 274, 277, 279, 281, 282, 283, 284, 286, 293, 296, 297, 300, 302, 304, 307, 309, 310, 311, 313, 316, 319, 320, 321, 322, 323, 326, 328, 329, 330, 331, 333, 335, 336, 337, 338, 339, 342, 347, 349, 350, 351, 352, 353, 354, 355, 356, 357, 358, 359, 360, 361, 362, 363, 364, 365, 366, 367, 368, 369, 370, 371, 372, 373, 374, 375, 376, 377, 379, 380, 381, 382, 383, 384, 385, 386, 387, 388, 389, 390, 392, 393, 395, 396, 398, 399, 400]","{7: [RollingMean(window_size=7), RollingStd(window_size=7)], 30: [RollingMean(window_size=30)], 60: [ExpandingMean()], 14: [ExponentiallyWeightedMean(alpha=0.3)]}",lags_400_features_264,13.17219626109742,17.142644353362428,19.361872018230102,18.787907289147867,19.42150933167005,21.170532202935398,29.37674992641059,35.717519812080354,47.07628566308378,49.96831618440109,49.47653246350843
LGBMRegressor,LocalMinMaxScaler(stats_=[[  5.11211699 325.92896936]]),"[1, 2, 3, 4, 5, 6, 7, 8, 9, 10, 11, 12, 13, 14, 15, 16, 18, 19, 20, 21, 22, 23, 25, 26, 27, 28, 29, 30, 31, 32, 34, 36, 37, 38, 40, 42, 44, 45, 47, 48, 52, 53, 54, 59, 60, 61, 65, 67, 69, 70, 73, 74, 85, 91, 96, 98, 100, 102, 105, 106, 107, 109, 110, 111, 112, 113, 117, 118, 119, 120, 122, 124, 125, 127, 129, 130, 131, 134, 138, 139, 140, 141, 142, 144, 145, 146, 147, 149, 152, 153, 156, 157, 159, 161, 162, 163, 164, 165, 166, 168, 169, 170, 172, 173, 174, 175, 176, 177, 178, 179, 181, 183, 184, 186, 187, 188, 189, 190, 191, 192, 193, 194, 195, 196, 197, 199, 201, 202, 203, 204, 205, 206, 207, 208, 209, 210, 211, 213, 214, 215, 216, 217, 218, 219, 220, 221, 222, 226, 227, 228, 229, 230, 231, 232, 233, 234, 236, 238, 239, 240, 242, 245, 246, 248, 250, 251, 252, 254, 255, 258, 260, 263, 265, 266, 267, 268, 272, 273, 274, 277, 279, 281, 282, 283, 284, 286, 293, 296, 297, 300, 302, 304, 307, 309, 310, 311, 313, 316, 319, 320, 321, 322, 323, 326, 328, 329, 330, 331, 333, 335, 336, 337, 338, 339, 342, 347, 349, 350, 351, 352, 353, 354, 355, 356, 357, 358, 359, 360, 361, 362, 363, 364, 365, 366, 367, 368, 369, 370, 371, 372, 373, 374, 375, 376, 377, 379, 380, 381, 382, 383, 384, 385, 386, 387, 388, 389, 390, 392, 393, 395, 396, 398, 399, 400]","{7: [RollingMean(window_size=7), RollingStd(window_size=7)], 30: [RollingMean(window_size=30)], 60: [ExpandingMean()], 14: [ExponentiallyWeightedMean(alpha=0.3)]}",lags_400_features_264,10.378078609784284,16.531734485247362,18.418413512190686,18.168062215763285,18.228258123326533,22.80758050637681,29.8968993022313,33.53748826125107,44.4698233402105,47.89239702068727,47.156408298998116
XGBRegressor,"LocalBoxCox(lower=0.0, method=loglik, season_length=None, stats_=[[4.10226185e-05 0.00000000e+00]], upper=2.0)","[1, 2, 3, 4, 5, 6, 7, 8, 9, 10, 11, 12, 13, 14, 15, 16, 18, 19, 20, 21, 22, 23, 25, 26, 27, 28, 29, 30, 31, 32, 34, 36, 37, 38, 40, 42, 44, 45, 47, 48, 52, 53, 54, 59, 60, 61, 65, 67, 69, 70, 73, 74, 85, 91, 96, 98, 100, 102, 105, 106, 107, 109, 110, 111, 112, 113, 117, 118, 119, 120, 122, 124, 125, 127, 129, 130, 131, 134, 138, 139, 140, 141, 142, 144, 145, 146, 147, 149, 152, 153, 156, 157, 159, 161, 162, 163, 164, 165, 166, 168, 169, 170, 172, 173, 174, 175, 176, 177, 178, 179, 181, 183, 184, 186, 187, 188, 189, 190, 191, 192, 193, 194, 195, 196, 197, 199, 201, 202, 203, 204, 205, 206, 207, 208, 209, 210, 211, 213, 214, 215, 216, 217, 218, 219, 220, 221, 222, 226, 227, 228, 229, 230, 231, 232, 233, 234, 236, 238, 239, 240, 242, 245, 246, 248, 250, 251, 252, 254, 255, 258, 260, 263, 265, 266, 267, 268, 272, 273, 274, 277, 279, 281, 282, 283, 284, 286, 293, 296, 297, 300, 302, 304, 307, 309, 310, 311, 313, 316, 319, 320, 321, 322, 323, 326, 328, 329, 330, 331, 333, 335, 336, 337, 338, 339, 342, 347, 349, 350, 351, 352, 353, 354, 355, 356, 357, 358, 359, 360, 361, 362, 363, 364, 365, 366, 367, 368, 369, 370, 371, 372, 373, 374, 375, 376, 377, 379, 380, 381, 382, 383, 384, 385, 386, 387, 388, 389, 390, 392, 393, 395, 396, 398, 399, 400]","{1: [<function expanding_mean at 0x000002C58F7A04A0>], 7: [<function rolling_mean_14 at 0x000002C5930FAA20>], 30: [<function expanding_mean at 0x000002C58F7A04A0>]}",lags_400_features_264,13.512961024630071,16.781083164229184,19.143881910767256,18.88555028573579,20.82428681366208,21.811167394444407,27.143533805552643,31.424455940800154,45.3174130982154,53.88900712277883,53.240596620633355
LGBMRegressor,"LocalBoxCox(lower=0.0, method=loglik, season_length=None, stats_=[[4.10226185e-05 0.00000000e+00]], upper=2.0)","[1, 2, 3, 4, 5, 6, 7, 8, 9, 10, 11, 12, 13, 14, 15, 16, 18, 19, 20, 21, 22, 23, 25, 26, 27, 28, 29, 30, 31, 32, 34, 36, 37, 38, 40, 42, 44, 45, 47, 48, 52, 53, 54, 59, 60, 61, 65, 67, 69, 70, 73, 74, 85, 91, 96, 98, 100, 102, 105, 106, 107, 109, 110, 111, 112, 113, 117, 118, 119, 120, 122, 124, 125, 127, 129, 130, 131, 134, 138, 139, 140, 141, 142, 144, 145, 146, 147, 149, 152, 153, 156, 157, 159, 161, 162, 163, 164, 165, 166, 168, 169, 170, 172, 173, 174, 175, 176, 177, 178, 179, 181, 183, 184, 186, 187, 188, 189, 190, 191, 192, 193, 194, 195, 196, 197, 199, 201, 202, 203, 204, 205, 206, 207, 208, 209, 210, 211, 213, 214, 215, 216, 217, 218, 219, 220, 221, 222, 226, 227, 228, 229, 230, 231, 232, 233, 234, 236, 238, 239, 240, 242, 245, 246, 248, 250, 251, 252, 254, 255, 258, 260, 263, 265, 266, 267, 268, 272, 273, 274, 277, 279, 281, 282, 283, 284, 286, 293, 296, 297, 300, 302, 304, 307, 309, 310, 311, 313, 316, 319, 320, 321, 322, 323, 326, 328, 329, 330, 331, 333, 335, 336, 337, 338, 339, 342, 347, 349, 350, 351, 352, 353, 354, 355, 356, 357, 358, 359, 360, 361, 362, 363, 364, 365, 366, 367, 368, 369, 370, 371, 372, 373, 374, 375, 376, 377, 379, 380, 381, 382, 383, 384, 385, 386, 387, 388, 389, 390, 392, 393, 395, 396, 398, 399, 400]","{1: [<function expanding_mean at 0x000002C58F7A04A0>], 7: [<function rolling_mean_14 at 0x000002C5930FAA20>], 30: [<function expanding_mean at 0x000002C58F7A04A0>]}",lags_400_features_264,9.024665025531853,16.01410113630421,17.99212531350942,17.59570764873554,17.709490251828232,19.26411186519788,23.315705468385726,27.257744993738363,45.86141977494434,58.398833809509554,57.56776157447335
XGBRegressor,"LocalBoxCox(lower=0.0, method=loglik, season_length=None, stats_=[[4.10226185e-05 0.00000000e+00]], upper=2.0)","[1, 2, 3, 4, 5, 6, 7, 8, 9, 10, 11, 12, 13, 14, 15, 16, 18, 19, 20, 21, 22, 23, 25, 26, 27, 28, 29, 30, 31, 32, 34, 36, 37, 38, 40, 42, 44, 45, 47, 48, 52, 53, 54, 59, 60, 61, 65, 67, 69, 70, 73, 74, 85, 91, 96, 98, 100, 102, 105, 106, 107, 109, 110, 111, 112, 113, 117, 118, 119, 120, 122, 124, 125, 127, 129, 130, 131, 134, 138, 139, 140, 141, 142, 144, 145, 146, 147, 149, 152, 153, 156, 157, 159, 161, 162, 163, 164, 165, 166, 168, 169, 170, 172, 173, 174, 175, 176, 177, 178, 179, 181, 183, 184, 186, 187, 188, 189, 190, 191, 192, 193, 194, 195, 196, 197, 199, 201, 202, 203, 204, 205, 206, 207, 208, 209, 210, 211, 213, 214, 215, 216, 217, 218, 219, 220, 221, 222, 226, 227, 228, 229, 230, 231, 232, 233, 234, 236, 238, 239, 240, 242, 245, 246, 248, 250, 251, 252, 254, 255, 258, 260, 263, 265, 266, 267, 268, 272, 273, 274, 277, 279, 281, 282, 283, 284, 286, 293, 296, 297, 300, 302, 304, 307, 309, 310, 311, 313, 316, 319, 320, 321, 322, 323, 326, 328, 329, 330, 331, 333, 335, 336, 337, 338, 339, 342, 347, 349, 350, 351, 352, 353, 354, 355, 356, 357, 358, 359, 360, 361, 362, 363, 364, 365, 366, 367, 368, 369, 370, 371, 372, 373, 374, 375, 376, 377, 379, 380, 381, 382, 383, 384, 385, 386, 387, 388, 389, 390, 392, 393, 395, 396, 398, 399, 400]","{1: [<function rolling_mean_14 at 0x000002C5930FAA20>], 7: [<function rolling_mean_30 at 0x000002C58DBF9260>], 30: [<function expanding_mean at 0x000002C58F7A04A0>]}",lags_400_features_264,11.241659547835733,18.94912683315592,20.26968219741264,19.66520909817543,19.745748781109462,20.392577834035563,28.5902394390871,33.74816323671935,42.49004318732594,49.83740975784163,49.49552457467051
LGBMRegressor,"LocalBoxCox(lower=0.0, method=loglik, season_length=None, stats_=[[4.10226185e-05 0.00000000e+00]], upper=2.0)","[1, 2, 3, 4, 5, 6, 7, 8, 9, 10, 11, 12, 13, 14, 15, 16, 18, 19, 20, 21, 22, 23, 25, 26, 27, 28, 29, 30, 31, 32, 34, 36, 37, 38, 40, 42, 44, 45, 47, 48, 52, 53, 54, 59, 60, 61, 65, 67, 69, 70, 73, 74, 85, 91, 96, 98, 100, 102, 105, 106, 107, 109, 110, 111, 112, 113, 117, 118, 119, 120, 122, 124, 125, 127, 129, 130, 131, 134, 138, 139, 140, 141, 142, 144, 145, 146, 147, 149, 152, 153, 156, 157, 159, 161, 162, 163, 164, 165, 166, 168, 169, 170, 172, 173, 174, 175, 176, 177, 178, 179, 181, 183, 184, 186, 187, 188, 189, 190, 191, 192, 193, 194, 195, 196, 197, 199, 201, 202, 203, 204, 205, 206, 207, 208, 209, 210, 211, 213, 214, 215, 216, 217, 218, 219, 220, 221, 222, 226, 227, 228, 229, 230, 231, 232, 233, 234, 236, 238, 239, 240, 242, 245, 246, 248, 250, 251, 252, 254, 255, 258, 260, 263, 265, 266, 267, 268, 272, 273, 274, 277, 279, 281, 282, 283, 284, 286, 293, 296, 297, 300, 302, 304, 307, 309, 310, 311, 313, 316, 319, 320, 321, 322, 323, 326, 328, 329, 330, 331, 333, 335, 336, 337, 338, 339, 342, 347, 349, 350, 351, 352, 353, 354, 355, 356, 357, 358, 359, 360, 361, 362, 363, 364, 365, 366, 367, 368, 369, 370, 371, 372, 373, 374, 375, 376, 377, 379, 380, 381, 382, 383, 384, 385, 386, 387, 388, 389, 390, 392, 393, 395, 396, 398, 399, 400]","{1: [<function rolling_mean_14 at 0x000002C5930FAA20>], 7: [<function rolling_mean_30 at 0x000002C58DBF9260>], 30: [<function expanding_mean at 0x000002C58F7A04A0>]}",lags_400_features_264,11.015067509126778,17.114534024879376,18.592876081427164,18.54373265998653,18.437933856625886,19.749786548963353,23.17602897741389,27.406193700984044,41.436734610447324,51.48811378750282,51.00213732342617
XGBRegressor,"LocalBoxCox(lower=0.0, method=loglik, season_length=None, stats_=[[4.10226185e-05 0.00000000e+00]], upper=2.0)","[1, 2, 3, 4, 5, 6, 7, 8, 9, 10, 11, 12, 13, 14, 15, 16, 18, 19, 20, 21, 22, 23, 25, 26, 27, 28, 29, 30, 31, 32, 34, 36, 37, 38, 40, 42, 44, 45, 47, 48, 52, 53, 54, 59, 60, 61, 65, 67, 69, 70, 73, 74, 85, 91, 96, 98, 100, 102, 105, 106, 107, 109, 110, 111, 112, 113, 117, 118, 119, 120, 122, 124, 125, 127, 129, 130, 131, 134, 138, 139, 140, 141, 142, 144, 145, 146, 147, 149, 152, 153, 156, 157, 159, 161, 162, 163, 164, 165, 166, 168, 169, 170, 172, 173, 174, 175, 176, 177, 178, 179, 181, 183, 184, 186, 187, 188, 189, 190, 191, 192, 193, 194, 195, 196, 197, 199, 201, 202, 203, 204, 205, 206, 207, 208, 209, 210, 211, 213, 214, 215, 216, 217, 218, 219, 220, 221, 222, 226, 227, 228, 229, 230, 231, 232, 233, 234, 236, 238, 239, 240, 242, 245, 246, 248, 250, 251, 252, 254, 255, 258, 260, 263, 265, 266, 267, 268, 272, 273, 274, 277, 279, 281, 282, 283, 284, 286, 293, 296, 297, 300, 302, 304, 307, 309, 310, 311, 313, 316, 319, 320, 321, 322, 323, 326, 328, 329, 330, 331, 333, 335, 336, 337, 338, 339, 342, 347, 349, 350, 351, 352, 353, 354, 355, 356, 357, 358, 359, 360, 361, 362, 363, 364, 365, 366, 367, 368, 369, 370, 371, 372, 373, 374, 375, 376, 377, 379, 380, 381, 382, 383, 384, 385, 386, 387, 388, 389, 390, 392, 393, 395, 396, 398, 399, 400]","{7: [RollingMean(window_size=7)], 30: [RollingMean(window_size=30)], 60: [RollingMean(window_size=60)]}",lags_400_features_264,12.646660480851732,20.075268276603467,21.218251408165152,21.05226060793818,24.243920443815938,24.84298995486406,27.873544389657763,35.09059265239221,50.885871923416474,51.796097041827316,50.86276063817876
LGBMRegressor,"LocalBoxCox(lower=0.0, method=loglik, season_length=None, stats_=[[4.10226185e-05 0.00000000e+00]], upper=2.0)","[1, 2, 3, 4, 5, 6, 7, 8, 9, 10, 11, 12, 13, 14, 15, 16, 18, 19, 20, 21, 22, 23, 25, 26, 27, 28, 29, 30, 31, 32, 34, 36, 37, 38, 40, 42, 44, 45, 47, 48, 52, 53, 54, 59, 60, 61, 65, 67, 69, 70, 73, 74, 85, 91, 96, 98, 100, 102, 105, 106, 107, 109, 110, 111, 112, 113, 117, 118, 119, 120, 122, 124, 125, 127, 129, 130, 131, 134, 138, 139, 140, 141, 142, 144, 145, 146, 147, 149, 152, 153, 156, 157, 159, 161, 162, 163, 164, 165, 166, 168, 169, 170, 172, 173, 174, 175, 176, 177, 178, 179, 181, 183, 184, 186, 187, 188, 189, 190, 191, 192, 193, 194, 195, 196, 197, 199, 201, 202, 203, 204, 205, 206, 207, 208, 209, 210, 211, 213, 214, 215, 216, 217, 218, 219, 220, 221, 222, 226, 227, 228, 229, 230, 231, 232, 233, 234, 236, 238, 239, 240, 242, 245, 246, 248, 250, 251, 252, 254, 255, 258, 260, 263, 265, 266, 267, 268, 272, 273, 274, 277, 279, 281, 282, 283, 284, 286, 293, 296, 297, 300, 302, 304, 307, 309, 310, 311, 313, 316, 319, 320, 321, 322, 323, 326, 328, 329, 330, 331, 333, 335, 336, 337, 338, 339, 342, 347, 349, 350, 351, 352, 353, 354, 355, 356, 357, 358, 359, 360, 361, 362, 363, 364, 365, 366, 367, 368, 369, 370, 371, 372, 373, 374, 375, 376, 377, 379, 380, 381, 382, 383, 384, 385, 386, 387, 388, 389, 390, 392, 393, 395, 396, 398, 399, 400]","{7: [RollingMean(window_size=7)], 30: [RollingMean(window_size=30)], 60: [RollingMean(window_size=60)]}",lags_400_features_264,10.1895252994011,17.4428510207223,18.56502640810097,18.244575686308824,18.242366879677625,19.336692914251557,22.909744957386344,27.744941410460605,40.748473108396574,48.22913909765856,47.94820680612711
XGBRegressor,"LocalBoxCox(lower=0.0, method=loglik, season_length=None, stats_=[[4.10226185e-05 0.00000000e+00]], upper=2.0)","[1, 2, 3, 4, 5, 6, 7, 8, 9, 10, 11, 12, 13, 14, 15, 16, 18, 19, 20, 21, 22, 23, 25, 26, 27, 28, 29, 30, 31, 32, 34, 36, 37, 38, 40, 42, 44, 45, 47, 48, 52, 53, 54, 59, 60, 61, 65, 67, 69, 70, 73, 74, 85, 91, 96, 98, 100, 102, 105, 106, 107, 109, 110, 111, 112, 113, 117, 118, 119, 120, 122, 124, 125, 127, 129, 130, 131, 134, 138, 139, 140, 141, 142, 144, 145, 146, 147, 149, 152, 153, 156, 157, 159, 161, 162, 163, 164, 165, 166, 168, 169, 170, 172, 173, 174, 175, 176, 177, 178, 179, 181, 183, 184, 186, 187, 188, 189, 190, 191, 192, 193, 194, 195, 196, 197, 199, 201, 202, 203, 204, 205, 206, 207, 208, 209, 210, 211, 213, 214, 215, 216, 217, 218, 219, 220, 221, 222, 226, 227, 228, 229, 230, 231, 232, 233, 234, 236, 238, 239, 240, 242, 245, 246, 248, 250, 251, 252, 254, 255, 258, 260, 263, 265, 266, 267, 268, 272, 273, 274, 277, 279, 281, 282, 283, 284, 286, 293, 296, 297, 300, 302, 304, 307, 309, 310, 311, 313, 316, 319, 320, 321, 322, 323, 326, 328, 329, 330, 331, 333, 335, 336, 337, 338, 339, 342, 347, 349, 350, 351, 352, 353, 354, 355, 356, 357, 358, 359, 360, 361, 362, 363, 364, 365, 366, 367, 368, 369, 370, 371, 372, 373, 374, 375, 376, 377, 379, 380, 381, 382, 383, 384, 385, 386, 387, 388, 389, 390, 392, 393, 395, 396, 398, 399, 400]","{7: [RollingMean(window_size=7), RollingStd(window_size=7)], 30: [RollingMean(window_size=30)], 60: [ExpandingMean()], 14: [ExponentiallyWeightedMean(alpha=0.3)]}",lags_400_features_264,13.188553108004822,20.48588090749153,21.417816387879007,21.243283049286728,24.277746544839488,24.835473433684456,27.72121246401127,35.32671857546298,51.03740915423155,51.40234082317118,50.48135752055898
LGBMRegressor,"LocalBoxCox(lower=0.0, method=loglik, season_length=None, stats_=[[4.10226185e-05 0.00000000e+00]], upper=2.0)","[1, 2, 3, 4, 5, 6, 7, 8, 9, 10, 11, 12, 13, 14, 15, 16, 18, 19, 20, 21, 22, 23, 25, 26, 27, 28, 29, 30, 31, 32, 34, 36, 37, 38, 40, 42, 44, 45, 47, 48, 52, 53, 54, 59, 60, 61, 65, 67, 69, 70, 73, 74, 85, 91, 96, 98, 100, 102, 105, 106, 107, 109, 110, 111, 112, 113, 117, 118, 119, 120, 122, 124, 125, 127, 129, 130, 131, 134, 138, 139, 140, 141, 142, 144, 145, 146, 147, 149, 152, 153, 156, 157, 159, 161, 162, 163, 164, 165, 166, 168, 169, 170, 172, 173, 174, 175, 176, 177, 178, 179, 181, 183, 184, 186, 187, 188, 189, 190, 191, 192, 193, 194, 195, 196, 197, 199, 201, 202, 203, 204, 205, 206, 207, 208, 209, 210, 211, 213, 214, 215, 216, 217, 218, 219, 220, 221, 222, 226, 227, 228, 229, 230, 231, 232, 233, 234, 236, 238, 239, 240, 242, 245, 246, 248, 250, 251, 252, 254, 255, 258, 260, 263, 265, 266, 267, 268, 272, 273, 274, 277, 279, 281, 282, 283, 284, 286, 293, 296, 297, 300, 302, 304, 307, 309, 310, 311, 313, 316, 319, 320, 321, 322, 323, 326, 328, 329, 330, 331, 333, 335, 336, 337, 338, 339, 342, 347, 349, 350, 351, 352, 353, 354, 355, 356, 357, 358, 359, 360, 361, 362, 363, 364, 365, 366, 367, 368, 369, 370, 371, 372, 373, 374, 375, 376, 377, 379, 380, 381, 382, 383, 384, 385, 386, 387, 388, 389, 390, 392, 393, 395, 396, 398, 399, 400]","{7: [RollingMean(window_size=7), RollingStd(window_size=7)], 30: [RollingMean(window_size=30)], 60: [ExpandingMean()], 14: [ExponentiallyWeightedMean(alpha=0.3)]}",lags_400_features_264,11.17610663321801,17.94755699348474,18.93688389313215,18.592261037386844,18.38691726726795,20.559354301356,26.068037460329418,31.472974902638406,44.25673914665509,51.61274063489968,51.16906541360212
SGD_EarlyStopping,AutoDifferences(max_diffs=380) | LocalStandardScaler(stats_=[[-2.09155811e-02  2.20585897e+01]]),"[1, 2, 3, 4, 5, 6, 7, 8, 9, 10, 11, 12, 13, 14, 15, 16, 18, 19, 20, 21, 22, 23, 25, 26, 27, 28, 29, 30, 31, 32, 34, 36, 37, 38, 40, 42, 44, 45, 47, 48, 52, 53, 54, 59, 60, 61, 65, 67, 69, 70, 73, 74, 85, 91, 96, 98, 100, 102, 105, 106, 107, 109, 110, 111, 112, 113, 117, 118, 119, 120, 122, 124, 125, 127, 129, 130, 131, 134, 138, 139, 140, 141, 142, 144, 145, 146, 147, 149, 152, 153, 156, 157, 159, 161, 162, 163, 164, 165, 166, 168, 169, 170, 172, 173, 174, 175, 176, 177, 178, 179, 181, 183, 184, 186, 187, 188, 189, 190, 191, 192, 193, 194, 195, 196, 197, 199, 201, 202, 203, 204, 205, 206, 207, 208, 209, 210, 211, 213, 214, 215, 216, 217, 218, 219, 220, 221, 222, 226, 227, 228, 229, 230, 231, 232, 233, 234, 236, 238, 239, 240, 242, 245, 246, 248, 250, 251, 252, 254, 255, 258, 260, 263, 265, 266, 267, 268, 272, 273, 274, 277, 279, 281, 282, 283, 284, 286, 293, 296, 297, 300, 302, 304, 307, 309, 310, 311, 313, 316, 319, 320, 321, 322, 323, 326, 328, 329, 330, 331, 333, 335, 336, 337, 338, 339, 342, 347, 349, 350, 351, 352, 353, 354, 355, 356, 357, 358, 359, 360, 361, 362, 363, 364, 365, 366, 367, 368, 369, 370, 371, 372, 373, 374, 375, 376, 377, 379, 380, 381, 382, 383, 384, 385, 386, 387, 388, 389, 390, 392, 393, 395, 396, 398, 399, 400]","{1: [<function expanding_mean at 0x000002C58F7A04A0>], 7: [<function rolling_mean_14 at 0x000002C5930FAA20>], 30: [<function expanding_mean at 0x000002C58F7A04A0>]}",lags_400_features_264,164.86246815204717,243.34685723648565,356.1617529626766,458.6526455538613,530.3320707748122,623.1484271110495,680.9824179016626,851.7733171500597,1393.604927531348,2440.226395384096,2517.166203390589
SGD_ElasticNet,AutoDifferences(max_diffs=380) | LocalStandardScaler(stats_=[[-2.09155811e-02  2.20585897e+01]]),"[1, 2, 3, 4, 5, 6, 7, 8, 9, 10, 11, 12, 13, 14, 15, 16, 18, 19, 20, 21, 22, 23, 25, 26, 27, 28, 29, 30, 31, 32, 34, 36, 37, 38, 40, 42, 44, 45, 47, 48, 52, 53, 54, 59, 60, 61, 65, 67, 69, 70, 73, 74, 85, 91, 96, 98, 100, 102, 105, 106, 107, 109, 110, 111, 112, 113, 117, 118, 119, 120, 122, 124, 125, 127, 129, 130, 131, 134, 138, 139, 140, 141, 142, 144, 145, 146, 147, 149, 152, 153, 156, 157, 159, 161, 162, 163, 164, 165, 166, 168, 169, 170, 172, 173, 174, 175, 176, 177, 178, 179, 181, 183, 184, 186, 187, 188, 189, 190, 191, 192, 193, 194, 195, 196, 197, 199, 201, 202, 203, 204, 205, 206, 207, 208, 209, 210, 211, 213, 214, 215, 216, 217, 218, 219, 220, 221, 222, 226, 227, 228, 229, 230, 231, 232, 233, 234, 236, 238, 239, 240, 242, 245, 246, 248, 250, 251, 252, 254, 255, 258, 260, 263, 265, 266, 267, 268, 272, 273, 274, 277, 279, 281, 282, 283, 284, 286, 293, 296, 297, 300, 302, 304, 307, 309, 310, 311, 313, 316, 319, 320, 321, 322, 323, 326, 328, 329, 330, 331, 333, 335, 336, 337, 338, 339, 342, 347, 349, 350, 351, 352, 353, 354, 355, 356, 357, 358, 359, 360, 361, 362, 363, 364, 365, 366, 367, 368, 369, 370, 371, 372, 373, 374, 375, 376, 377, 379, 380, 381, 382, 383, 384, 385, 386, 387, 388, 389, 390, 392, 393, 395, 396, 398, 399, 400]","{1: [<function expanding_mean at 0x000002C58F7A04A0>], 7: [<function rolling_mean_14 at 0x000002C5930FAA20>], 30: [<function expanding_mean at 0x000002C58F7A04A0>]}",lags_400_features_264,97.43262369068523,139.25756325082182,217.1212615917625,273.72751919529543,297.6354658803195,308.23455720704777,316.6428095410741,402.9680097410172,679.1656448791016,1295.5662681984243,1329.746252588183
SGD_Lasso,AutoDifferences(max_diffs=380) | LocalStandardScaler(stats_=[[-2.09155811e-02  2.20585897e+01]]),"[1, 2, 3, 4, 5, 6, 7, 8, 9, 10, 11, 12, 13, 14, 15, 16, 18, 19, 20, 21, 22, 23, 25, 26, 27, 28, 29, 30, 31, 32, 34, 36, 37, 38, 40, 42, 44, 45, 47, 48, 52, 53, 54, 59, 60, 61, 65, 67, 69, 70, 73, 74, 85, 91, 96, 98, 100, 102, 105, 106, 107, 109, 110, 111, 112, 113, 117, 118, 119, 120, 122, 124, 125, 127, 129, 130, 131, 134, 138, 139, 140, 141, 142, 144, 145, 146, 147, 149, 152, 153, 156, 157, 159, 161, 162, 163, 164, 165, 166, 168, 169, 170, 172, 173, 174, 175, 176, 177, 178, 179, 181, 183, 184, 186, 187, 188, 189, 190, 191, 192, 193, 194, 195, 196, 197, 199, 201, 202, 203, 204, 205, 206, 207, 208, 209, 210, 211, 213, 214, 215, 216, 217, 218, 219, 220, 221, 222, 226, 227, 228, 229, 230, 231, 232, 233, 234, 236, 238, 239, 240, 242, 245, 246, 248, 250, 251, 252, 254, 255, 258, 260, 263, 265, 266, 267, 268, 272, 273, 274, 277, 279, 281, 282, 283, 284, 286, 293, 296, 297, 300, 302, 304, 307, 309, 310, 311, 313, 316, 319, 320, 321, 322, 323, 326, 328, 329, 330, 331, 333, 335, 336, 337, 338, 339, 342, 347, 349, 350, 351, 352, 353, 354, 355, 356, 357, 358, 359, 360, 361, 362, 363, 364, 365, 366, 367, 368, 369, 370, 371, 372, 373, 374, 375, 376, 377, 379, 380, 381, 382, 383, 384, 385, 386, 387, 388, 389, 390, 392, 393, 395, 396, 398, 399, 400]","{1: [<function expanding_mean at 0x000002C58F7A04A0>], 7: [<function rolling_mean_14 at 0x000002C5930FAA20>], 30: [<function expanding_mean at 0x000002C58F7A04A0>]}",lags_400_features_264,11.167807511952894,15.24711695001578,17.81199204157027,18.396458294103624,21.910948588905352,24.986505281103135,34.54022296707959,35.5219982072488,42.935950648303084,58.38580170407146,57.98941222704257
SGD_Ridge,AutoDifferences(max_diffs=380) | LocalStandardScaler(stats_=[[-2.09155811e-02  2.20585897e+01]]),"[1, 2, 3, 4, 5, 6, 7, 8, 9, 10, 11, 12, 13, 14, 15, 16, 18, 19, 20, 21, 22, 23, 25, 26, 27, 28, 29, 30, 31, 32, 34, 36, 37, 38, 40, 42, 44, 45, 47, 48, 52, 53, 54, 59, 60, 61, 65, 67, 69, 70, 73, 74, 85, 91, 96, 98, 100, 102, 105, 106, 107, 109, 110, 111, 112, 113, 117, 118, 119, 120, 122, 124, 125, 127, 129, 130, 131, 134, 138, 139, 140, 141, 142, 144, 145, 146, 147, 149, 152, 153, 156, 157, 159, 161, 162, 163, 164, 165, 166, 168, 169, 170, 172, 173, 174, 175, 176, 177, 178, 179, 181, 183, 184, 186, 187, 188, 189, 190, 191, 192, 193, 194, 195, 196, 197, 199, 201, 202, 203, 204, 205, 206, 207, 208, 209, 210, 211, 213, 214, 215, 216, 217, 218, 219, 220, 221, 222, 226, 227, 228, 229, 230, 231, 232, 233, 234, 236, 238, 239, 240, 242, 245, 246, 248, 250, 251, 252, 254, 255, 258, 260, 263, 265, 266, 267, 268, 272, 273, 274, 277, 279, 281, 282, 283, 284, 286, 293, 296, 297, 300, 302, 304, 307, 309, 310, 311, 313, 316, 319, 320, 321, 322, 323, 326, 328, 329, 330, 331, 333, 335, 336, 337, 338, 339, 342, 347, 349, 350, 351, 352, 353, 354, 355, 356, 357, 358, 359, 360, 361, 362, 363, 364, 365, 366, 367, 368, 369, 370, 371, 372, 373, 374, 375, 376, 377, 379, 380, 381, 382, 383, 384, 385, 386, 387, 388, 389, 390, 392, 393, 395, 396, 398, 399, 400]","{1: [<function expanding_mean at 0x000002C58F7A04A0>], 7: [<function rolling_mean_14 at 0x000002C5930FAA20>], 30: [<function expanding_mean at 0x000002C58F7A04A0>]}",lags_400_features_264,108.53937341537234,219.17296173989632,350.1777822241793,449.3019710230791,505.8274008141395,557.7357260839462,590.7578257506574,731.0381552928745,1196.41971915988,2123.798591134389,2177.2769858384527
SGDRegressor,AutoDifferences(max_diffs=380) | LocalStandardScaler(stats_=[[-2.09155811e-02  2.20585897e+01]]),"[1, 2, 3, 4, 5, 6, 7, 8, 9, 10, 11, 12, 13, 14, 15, 16, 18, 19, 20, 21, 22, 23, 25, 26, 27, 28, 29, 30, 31, 32, 34, 36, 37, 38, 40, 42, 44, 45, 47, 48, 52, 53, 54, 59, 60, 61, 65, 67, 69, 70, 73, 74, 85, 91, 96, 98, 100, 102, 105, 106, 107, 109, 110, 111, 112, 113, 117, 118, 119, 120, 122, 124, 125, 127, 129, 130, 131, 134, 138, 139, 140, 141, 142, 144, 145, 146, 147, 149, 152, 153, 156, 157, 159, 161, 162, 163, 164, 165, 166, 168, 169, 170, 172, 173, 174, 175, 176, 177, 178, 179, 181, 183, 184, 186, 187, 188, 189, 190, 191, 192, 193, 194, 195, 196, 197, 199, 201, 202, 203, 204, 205, 206, 207, 208, 209, 210, 211, 213, 214, 215, 216, 217, 218, 219, 220, 221, 222, 226, 227, 228, 229, 230, 231, 232, 233, 234, 236, 238, 239, 240, 242, 245, 246, 248, 250, 251, 252, 254, 255, 258, 260, 263, 265, 266, 267, 268, 272, 273, 274, 277, 279, 281, 282, 283, 284, 286, 293, 296, 297, 300, 302, 304, 307, 309, 310, 311, 313, 316, 319, 320, 321, 322, 323, 326, 328, 329, 330, 331, 333, 335, 336, 337, 338, 339, 342, 347, 349, 350, 351, 352, 353, 354, 355, 356, 357, 358, 359, 360, 361, 362, 363, 364, 365, 366, 367, 368, 369, 370, 371, 372, 373, 374, 375, 376, 377, 379, 380, 381, 382, 383, 384, 385, 386, 387, 388, 389, 390, 392, 393, 395, 396, 398, 399, 400]","{1: [<function expanding_mean at 0x000002C58F7A04A0>], 7: [<function rolling_mean_14 at 0x000002C5930FAA20>], 30: [<function expanding_mean at 0x000002C58F7A04A0>]}",lags_400_features_264,95.6424636716012,115.10975171991265,175.84585916072282,221.78979047583888,240.9850637204264,248.24164024096896,257.7163190318494,329.85174601133906,545.5523261781768,1023.405137110594,1049.032410846385
XGBRegressor,AutoDifferences(max_diffs=380) | LocalStandardScaler(stats_=[[-2.09155811e-02  2.20585897e+01]]),"[1, 2, 3, 4, 5, 6, 7, 8, 9, 10, 11, 12, 13, 14, 15, 16, 18, 19, 20, 21, 22, 23, 25, 26, 27, 28, 29, 30, 31, 32, 34, 36, 37, 38, 40, 42, 44, 45, 47, 48, 52, 53, 54, 59, 60, 61, 65, 67, 69, 70, 73, 74, 85, 91, 96, 98, 100, 102, 105, 106, 107, 109, 110, 111, 112, 113, 117, 118, 119, 120, 122, 124, 125, 127, 129, 130, 131, 134, 138, 139, 140, 141, 142, 144, 145, 146, 147, 149, 152, 153, 156, 157, 159, 161, 162, 163, 164, 165, 166, 168, 169, 170, 172, 173, 174, 175, 176, 177, 178, 179, 181, 183, 184, 186, 187, 188, 189, 190, 191, 192, 193, 194, 195, 196, 197, 199, 201, 202, 203, 204, 205, 206, 207, 208, 209, 210, 211, 213, 214, 215, 216, 217, 218, 219, 220, 221, 222, 226, 227, 228, 229, 230, 231, 232, 233, 234, 236, 238, 239, 240, 242, 245, 246, 248, 250, 251, 252, 254, 255, 258, 260, 263, 265, 266, 267, 268, 272, 273, 274, 277, 279, 281, 282, 283, 284, 286, 293, 296, 297, 300, 302, 304, 307, 309, 310, 311, 313, 316, 319, 320, 321, 322, 323, 326, 328, 329, 330, 331, 333, 335, 336, 337, 338, 339, 342, 347, 349, 350, 351, 352, 353, 354, 355, 356, 357, 358, 359, 360, 361, 362, 363, 364, 365, 366, 367, 368, 369, 370, 371, 372, 373, 374, 375, 376, 377, 379, 380, 381, 382, 383, 384, 385, 386, 387, 388, 389, 390, 392, 393, 395, 396, 398, 399, 400]","{1: [<function expanding_mean at 0x000002C58F7A04A0>], 7: [<function rolling_mean_14 at 0x000002C5930FAA20>], 30: [<function expanding_mean at 0x000002C58F7A04A0>]}",lags_400_features_264,15.17328260625868,24.190824418886336,29.258027471792246,28.86543881120095,27.090522675496338,36.15146556767265,44.977906467112305,89.8468864999499,122.97926474607985,124.18143705053424,123.08801201981628
LGBMRegressor,AutoDifferences(max_diffs=380) | LocalStandardScaler(stats_=[[-2.09155811e-02  2.20585897e+01]]),"[1, 2, 3, 4, 5, 6, 7, 8, 9, 10, 11, 12, 13, 14, 15, 16, 18, 19, 20, 21, 22, 23, 25, 26, 27, 28, 29, 30, 31, 32, 34, 36, 37, 38, 40, 42, 44, 45, 47, 48, 52, 53, 54, 59, 60, 61, 65, 67, 69, 70, 73, 74, 85, 91, 96, 98, 100, 102, 105, 106, 107, 109, 110, 111, 112, 113, 117, 118, 119, 120, 122, 124, 125, 127, 129, 130, 131, 134, 138, 139, 140, 141, 142, 144, 145, 146, 147, 149, 152, 153, 156, 157, 159, 161, 162, 163, 164, 165, 166, 168, 169, 170, 172, 173, 174, 175, 176, 177, 178, 179, 181, 183, 184, 186, 187, 188, 189, 190, 191, 192, 193, 194, 195, 196, 197, 199, 201, 202, 203, 204, 205, 206, 207, 208, 209, 210, 211, 213, 214, 215, 216, 217, 218, 219, 220, 221, 222, 226, 227, 228, 229, 230, 231, 232, 233, 234, 236, 238, 239, 240, 242, 245, 246, 248, 250, 251, 252, 254, 255, 258, 260, 263, 265, 266, 267, 268, 272, 273, 274, 277, 279, 281, 282, 283, 284, 286, 293, 296, 297, 300, 302, 304, 307, 309, 310, 311, 313, 316, 319, 320, 321, 322, 323, 326, 328, 329, 330, 331, 333, 335, 336, 337, 338, 339, 342, 347, 349, 350, 351, 352, 353, 354, 355, 356, 357, 358, 359, 360, 361, 362, 363, 364, 365, 366, 367, 368, 369, 370, 371, 372, 373, 374, 375, 376, 377, 379, 380, 381, 382, 383, 384, 385, 386, 387, 388, 389, 390, 392, 393, 395, 396, 398, 399, 400]","{1: [<function expanding_mean at 0x000002C58F7A04A0>], 7: [<function rolling_mean_14 at 0x000002C5930FAA20>], 30: [<function expanding_mean at 0x000002C58F7A04A0>]}",lags_400_features_264,17.623727931843337,18.5241168729338,20.10555302988949,19.53945235516316,20.074584685794346,27.09507498776364,35.98143243575437,49.8970802162921,52.89247932822177,55.227047617291866,54.597282686907064
SGD_EarlyStopping,AutoDifferences(max_diffs=380) | LocalStandardScaler(stats_=[[-2.09155811e-02  2.20585897e+01]]),"[1, 2, 3, 4, 5, 6, 7, 8, 9, 10, 11, 12, 13, 14, 15, 16, 18, 19, 20, 21, 22, 23, 25, 26, 27, 28, 29, 30, 31, 32, 34, 36, 37, 38, 40, 42, 44, 45, 47, 48, 52, 53, 54, 59, 60, 61, 65, 67, 69, 70, 73, 74, 85, 91, 96, 98, 100, 102, 105, 106, 107, 109, 110, 111, 112, 113, 117, 118, 119, 120, 122, 124, 125, 127, 129, 130, 131, 134, 138, 139, 140, 141, 142, 144, 145, 146, 147, 149, 152, 153, 156, 157, 159, 161, 162, 163, 164, 165, 166, 168, 169, 170, 172, 173, 174, 175, 176, 177, 178, 179, 181, 183, 184, 186, 187, 188, 189, 190, 191, 192, 193, 194, 195, 196, 197, 199, 201, 202, 203, 204, 205, 206, 207, 208, 209, 210, 211, 213, 214, 215, 216, 217, 218, 219, 220, 221, 222, 226, 227, 228, 229, 230, 231, 232, 233, 234, 236, 238, 239, 240, 242, 245, 246, 248, 250, 251, 252, 254, 255, 258, 260, 263, 265, 266, 267, 268, 272, 273, 274, 277, 279, 281, 282, 283, 284, 286, 293, 296, 297, 300, 302, 304, 307, 309, 310, 311, 313, 316, 319, 320, 321, 322, 323, 326, 328, 329, 330, 331, 333, 335, 336, 337, 338, 339, 342, 347, 349, 350, 351, 352, 353, 354, 355, 356, 357, 358, 359, 360, 361, 362, 363, 364, 365, 366, 367, 368, 369, 370, 371, 372, 373, 374, 375, 376, 377, 379, 380, 381, 382, 383, 384, 385, 386, 387, 388, 389, 390, 392, 393, 395, 396, 398, 399, 400]","{1: [<function rolling_mean_14 at 0x000002C5930FAA20>], 7: [<function rolling_mean_30 at 0x000002C58DBF9260>], 30: [<function expanding_mean at 0x000002C58F7A04A0>]}",lags_400_features_264,161.72173097652842,236.04295578162535,343.982448971543,441.8787065017123,510.2074897882991,598.9008863899327,653.0108969959431,813.5739848863768,1327.310856730615,2319.2602249751017,2391.915955200852
SGD_ElasticNet,AutoDifferences(max_diffs=380) | LocalStandardScaler(stats_=[[-2.09155811e-02  2.20585897e+01]]),"[1, 2, 3, 4, 5, 6, 7, 8, 9, 10, 11, 12, 13, 14, 15, 16, 18, 19, 20, 21, 22, 23, 25, 26, 27, 28, 29, 30, 31, 32, 34, 36, 37, 38, 40, 42, 44, 45, 47, 48, 52, 53, 54, 59, 60, 61, 65, 67, 69, 70, 73, 74, 85, 91, 96, 98, 100, 102, 105, 106, 107, 109, 110, 111, 112, 113, 117, 118, 119, 120, 122, 124, 125, 127, 129, 130, 131, 134, 138, 139, 140, 141, 142, 144, 145, 146, 147, 149, 152, 153, 156, 157, 159, 161, 162, 163, 164, 165, 166, 168, 169, 170, 172, 173, 174, 175, 176, 177, 178, 179, 181, 183, 184, 186, 187, 188, 189, 190, 191, 192, 193, 194, 195, 196, 197, 199, 201, 202, 203, 204, 205, 206, 207, 208, 209, 210, 211, 213, 214, 215, 216, 217, 218, 219, 220, 221, 222, 226, 227, 228, 229, 230, 231, 232, 233, 234, 236, 238, 239, 240, 242, 245, 246, 248, 250, 251, 252, 254, 255, 258, 260, 263, 265, 266, 267, 268, 272, 273, 274, 277, 279, 281, 282, 283, 284, 286, 293, 296, 297, 300, 302, 304, 307, 309, 310, 311, 313, 316, 319, 320, 321, 322, 323, 326, 328, 329, 330, 331, 333, 335, 336, 337, 338, 339, 342, 347, 349, 350, 351, 352, 353, 354, 355, 356, 357, 358, 359, 360, 361, 362, 363, 364, 365, 366, 367, 368, 369, 370, 371, 372, 373, 374, 375, 376, 377, 379, 380, 381, 382, 383, 384, 385, 386, 387, 388, 389, 390, 392, 393, 395, 396, 398, 399, 400]","{1: [<function rolling_mean_14 at 0x000002C5930FAA20>], 7: [<function rolling_mean_30 at 0x000002C58DBF9260>], 30: [<function expanding_mean at 0x000002C58F7A04A0>]}",lags_400_features_264,129.262639339075,166.83960820133842,225.46568982862527,272.5529113508973,305.0305472657926,351.8102815517501,366.0675641489185,435.5193233035103,706.9196262968751,1287.2009302645506,1329.280651374061
SGD_Lasso,AutoDifferences(max_diffs=380) | LocalStandardScaler(stats_=[[-2.09155811e-02  2.20585897e+01]]),"[1, 2, 3, 4, 5, 6, 7, 8, 9, 10, 11, 12, 13, 14, 15, 16, 18, 19, 20, 21, 22, 23, 25, 26, 27, 28, 29, 30, 31, 32, 34, 36, 37, 38, 40, 42, 44, 45, 47, 48, 52, 53, 54, 59, 60, 61, 65, 67, 69, 70, 73, 74, 85, 91, 96, 98, 100, 102, 105, 106, 107, 109, 110, 111, 112, 113, 117, 118, 119, 120, 122, 124, 125, 127, 129, 130, 131, 134, 138, 139, 140, 141, 142, 144, 145, 146, 147, 149, 152, 153, 156, 157, 159, 161, 162, 163, 164, 165, 166, 168, 169, 170, 172, 173, 174, 175, 176, 177, 178, 179, 181, 183, 184, 186, 187, 188, 189, 190, 191, 192, 193, 194, 195, 196, 197, 199, 201, 202, 203, 204, 205, 206, 207, 208, 209, 210, 211, 213, 214, 215, 216, 217, 218, 219, 220, 221, 222, 226, 227, 228, 229, 230, 231, 232, 233, 234, 236, 238, 239, 240, 242, 245, 246, 248, 250, 251, 252, 254, 255, 258, 260, 263, 265, 266, 267, 268, 272, 273, 274, 277, 279, 281, 282, 283, 284, 286, 293, 296, 297, 300, 302, 304, 307, 309, 310, 311, 313, 316, 319, 320, 321, 322, 323, 326, 328, 329, 330, 331, 333, 335, 336, 337, 338, 339, 342, 347, 349, 350, 351, 352, 353, 354, 355, 356, 357, 358, 359, 360, 361, 362, 363, 364, 365, 366, 367, 368, 369, 370, 371, 372, 373, 374, 375, 376, 377, 379, 380, 381, 382, 383, 384, 385, 386, 387, 388, 389, 390, 392, 393, 395, 396, 398, 399, 400]","{1: [<function rolling_mean_14 at 0x000002C5930FAA20>], 7: [<function rolling_mean_30 at 0x000002C58DBF9260>], 30: [<function expanding_mean at 0x000002C58F7A04A0>]}",lags_400_features_264,11.167801702071488,15.247117257519033,17.811994504801824,18.3964663847152,21.91096174458913,24.98652167445282,34.540241482055286,35.52202027469708,42.9359414773642,58.38573443024152,57.98934191785447
SGD_Ridge,AutoDifferences(max_diffs=380) | LocalStandardScaler(stats_=[[-2.09155811e-02  2.20585897e+01]]),"[1, 2, 3, 4, 5, 6, 7, 8, 9, 10, 11, 12, 13, 14, 15, 16, 18, 19, 20, 21, 22, 23, 25, 26, 27, 28, 29, 30, 31, 32, 34, 36, 37, 38, 40, 42, 44, 45, 47, 48, 52, 53, 54, 59, 60, 61, 65, 67, 69, 70, 73, 74, 85, 91, 96, 98, 100, 102, 105, 106, 107, 109, 110, 111, 112, 113, 117, 118, 119, 120, 122, 124, 125, 127, 129, 130, 131, 134, 138, 139, 140, 141, 142, 144, 145, 146, 147, 149, 152, 153, 156, 157, 159, 161, 162, 163, 164, 165, 166, 168, 169, 170, 172, 173, 174, 175, 176, 177, 178, 179, 181, 183, 184, 186, 187, 188, 189, 190, 191, 192, 193, 194, 195, 196, 197, 199, 201, 202, 203, 204, 205, 206, 207, 208, 209, 210, 211, 213, 214, 215, 216, 217, 218, 219, 220, 221, 222, 226, 227, 228, 229, 230, 231, 232, 233, 234, 236, 238, 239, 240, 242, 245, 246, 248, 250, 251, 252, 254, 255, 258, 260, 263, 265, 266, 267, 268, 272, 273, 274, 277, 279, 281, 282, 283, 284, 286, 293, 296, 297, 300, 302, 304, 307, 309, 310, 311, 313, 316, 319, 320, 321, 322, 323, 326, 328, 329, 330, 331, 333, 335, 336, 337, 338, 339, 342, 347, 349, 350, 351, 352, 353, 354, 355, 356, 357, 358, 359, 360, 361, 362, 363, 364, 365, 366, 367, 368, 369, 370, 371, 372, 373, 374, 375, 376, 377, 379, 380, 381, 382, 383, 384, 385, 386, 387, 388, 389, 390, 392, 393, 395, 396, 398, 399, 400]","{1: [<function rolling_mean_14 at 0x000002C5930FAA20>], 7: [<function rolling_mean_30 at 0x000002C58DBF9260>], 30: [<function expanding_mean at 0x000002C58F7A04A0>]}",lags_400_features_264,107.18167876530194,215.9024722434217,344.23229950241546,441.1074776386501,496.25333038331166,546.8622654659305,578.9745544850376,715.955035057186,1171.1595509487759,2077.746661842256,2129.9037410415913
SGDRegressor,AutoDifferences(max_diffs=380) | LocalStandardScaler(stats_=[[-2.09155811e-02  2.20585897e+01]]),"[1, 2, 3, 4, 5, 6, 7, 8, 9, 10, 11, 12, 13, 14, 15, 16, 18, 19, 20, 21, 22, 23, 25, 26, 27, 28, 29, 30, 31, 32, 34, 36, 37, 38, 40, 42, 44, 45, 47, 48, 52, 53, 54, 59, 60, 61, 65, 67, 69, 70, 73, 74, 85, 91, 96, 98, 100, 102, 105, 106, 107, 109, 110, 111, 112, 113, 117, 118, 119, 120, 122, 124, 125, 127, 129, 130, 131, 134, 138, 139, 140, 141, 142, 144, 145, 146, 147, 149, 152, 153, 156, 157, 159, 161, 162, 163, 164, 165, 166, 168, 169, 170, 172, 173, 174, 175, 176, 177, 178, 179, 181, 183, 184, 186, 187, 188, 189, 190, 191, 192, 193, 194, 195, 196, 197, 199, 201, 202, 203, 204, 205, 206, 207, 208, 209, 210, 211, 213, 214, 215, 216, 217, 218, 219, 220, 221, 222, 226, 227, 228, 229, 230, 231, 232, 233, 234, 236, 238, 239, 240, 242, 245, 246, 248, 250, 251, 252, 254, 255, 258, 260, 263, 265, 266, 267, 268, 272, 273, 274, 277, 279, 281, 282, 283, 284, 286, 293, 296, 297, 300, 302, 304, 307, 309, 310, 311, 313, 316, 319, 320, 321, 322, 323, 326, 328, 329, 330, 331, 333, 335, 336, 337, 338, 339, 342, 347, 349, 350, 351, 352, 353, 354, 355, 356, 357, 358, 359, 360, 361, 362, 363, 364, 365, 366, 367, 368, 369, 370, 371, 372, 373, 374, 375, 376, 377, 379, 380, 381, 382, 383, 384, 385, 386, 387, 388, 389, 390, 392, 393, 395, 396, 398, 399, 400]","{1: [<function rolling_mean_14 at 0x000002C5930FAA20>], 7: [<function rolling_mean_30 at 0x000002C58DBF9260>], 30: [<function expanding_mean at 0x000002C58F7A04A0>]}",lags_400_features_264,95.42694467054189,113.82108440823507,172.66761484380774,216.93036018112787,235.2244257663524,241.90405389723443,250.88521746124295,320.72180512852833,529.9338875282511,992.967514807067,1017.6535561276025
XGBRegressor,AutoDifferences(max_diffs=380) | LocalStandardScaler(stats_=[[-2.09155811e-02  2.20585897e+01]]),"[1, 2, 3, 4, 5, 6, 7, 8, 9, 10, 11, 12, 13, 14, 15, 16, 18, 19, 20, 21, 22, 23, 25, 26, 27, 28, 29, 30, 31, 32, 34, 36, 37, 38, 40, 42, 44, 45, 47, 48, 52, 53, 54, 59, 60, 61, 65, 67, 69, 70, 73, 74, 85, 91, 96, 98, 100, 102, 105, 106, 107, 109, 110, 111, 112, 113, 117, 118, 119, 120, 122, 124, 125, 127, 129, 130, 131, 134, 138, 139, 140, 141, 142, 144, 145, 146, 147, 149, 152, 153, 156, 157, 159, 161, 162, 163, 164, 165, 166, 168, 169, 170, 172, 173, 174, 175, 176, 177, 178, 179, 181, 183, 184, 186, 187, 188, 189, 190, 191, 192, 193, 194, 195, 196, 197, 199, 201, 202, 203, 204, 205, 206, 207, 208, 209, 210, 211, 213, 214, 215, 216, 217, 218, 219, 220, 221, 222, 226, 227, 228, 229, 230, 231, 232, 233, 234, 236, 238, 239, 240, 242, 245, 246, 248, 250, 251, 252, 254, 255, 258, 260, 263, 265, 266, 267, 268, 272, 273, 274, 277, 279, 281, 282, 283, 284, 286, 293, 296, 297, 300, 302, 304, 307, 309, 310, 311, 313, 316, 319, 320, 321, 322, 323, 326, 328, 329, 330, 331, 333, 335, 336, 337, 338, 339, 342, 347, 349, 350, 351, 352, 353, 354, 355, 356, 357, 358, 359, 360, 361, 362, 363, 364, 365, 366, 367, 368, 369, 370, 371, 372, 373, 374, 375, 376, 377, 379, 380, 381, 382, 383, 384, 385, 386, 387, 388, 389, 390, 392, 393, 395, 396, 398, 399, 400]","{1: [<function rolling_mean_14 at 0x000002C5930FAA20>], 7: [<function rolling_mean_30 at 0x000002C58DBF9260>], 30: [<function expanding_mean at 0x000002C58F7A04A0>]}",lags_400_features_264,13.019427201867739,17.951566942158134,21.785293526534907,21.697716450161906,21.79321046801704,40.64125221520244,64.06947226605327,114.42250615861964,238.39755888944612,412.75061736417166,419.0609273579082
LGBMRegressor,AutoDifferences(max_diffs=380) | LocalStandardScaler(stats_=[[-2.09155811e-02  2.20585897e+01]]),"[1, 2, 3, 4, 5, 6, 7, 8, 9, 10, 11, 12, 13, 14, 15, 16, 18, 19, 20, 21, 22, 23, 25, 26, 27, 28, 29, 30, 31, 32, 34, 36, 37, 38, 40, 42, 44, 45, 47, 48, 52, 53, 54, 59, 60, 61, 65, 67, 69, 70, 73, 74, 85, 91, 96, 98, 100, 102, 105, 106, 107, 109, 110, 111, 112, 113, 117, 118, 119, 120, 122, 124, 125, 127, 129, 130, 131, 134, 138, 139, 140, 141, 142, 144, 145, 146, 147, 149, 152, 153, 156, 157, 159, 161, 162, 163, 164, 165, 166, 168, 169, 170, 172, 173, 174, 175, 176, 177, 178, 179, 181, 183, 184, 186, 187, 188, 189, 190, 191, 192, 193, 194, 195, 196, 197, 199, 201, 202, 203, 204, 205, 206, 207, 208, 209, 210, 211, 213, 214, 215, 216, 217, 218, 219, 220, 221, 222, 226, 227, 228, 229, 230, 231, 232, 233, 234, 236, 238, 239, 240, 242, 245, 246, 248, 250, 251, 252, 254, 255, 258, 260, 263, 265, 266, 267, 268, 272, 273, 274, 277, 279, 281, 282, 283, 284, 286, 293, 296, 297, 300, 302, 304, 307, 309, 310, 311, 313, 316, 319, 320, 321, 322, 323, 326, 328, 329, 330, 331, 333, 335, 336, 337, 338, 339, 342, 347, 349, 350, 351, 352, 353, 354, 355, 356, 357, 358, 359, 360, 361, 362, 363, 364, 365, 366, 367, 368, 369, 370, 371, 372, 373, 374, 375, 376, 377, 379, 380, 381, 382, 383, 384, 385, 386, 387, 388, 389, 390, 392, 393, 395, 396, 398, 399, 400]","{1: [<function rolling_mean_14 at 0x000002C5930FAA20>], 7: [<function rolling_mean_30 at 0x000002C58DBF9260>], 30: [<function expanding_mean at 0x000002C58F7A04A0>]}",lags_400_features_264,14.915727020092278,20.803669720283064,23.1074576694356,24.33257522832997,28.659701839384986,46.94295070558053,60.12552009934684,111.22477403512721,185.82649354180452,219.88260175093686,221.46979472577777
SGD_EarlyStopping,AutoDifferences(max_diffs=380) | LocalStandardScaler(stats_=[[-2.09155811e-02  2.20585897e+01]]),"[1, 2, 3, 4, 5, 6, 7, 8, 9, 10, 11, 12, 13, 14, 15, 16, 18, 19, 20, 21, 22, 23, 25, 26, 27, 28, 29, 30, 31, 32, 34, 36, 37, 38, 40, 42, 44, 45, 47, 48, 52, 53, 54, 59, 60, 61, 65, 67, 69, 70, 73, 74, 85, 91, 96, 98, 100, 102, 105, 106, 107, 109, 110, 111, 112, 113, 117, 118, 119, 120, 122, 124, 125, 127, 129, 130, 131, 134, 138, 139, 140, 141, 142, 144, 145, 146, 147, 149, 152, 153, 156, 157, 159, 161, 162, 163, 164, 165, 166, 168, 169, 170, 172, 173, 174, 175, 176, 177, 178, 179, 181, 183, 184, 186, 187, 188, 189, 190, 191, 192, 193, 194, 195, 196, 197, 199, 201, 202, 203, 204, 205, 206, 207, 208, 209, 210, 211, 213, 214, 215, 216, 217, 218, 219, 220, 221, 222, 226, 227, 228, 229, 230, 231, 232, 233, 234, 236, 238, 239, 240, 242, 245, 246, 248, 250, 251, 252, 254, 255, 258, 260, 263, 265, 266, 267, 268, 272, 273, 274, 277, 279, 281, 282, 283, 284, 286, 293, 296, 297, 300, 302, 304, 307, 309, 310, 311, 313, 316, 319, 320, 321, 322, 323, 326, 328, 329, 330, 331, 333, 335, 336, 337, 338, 339, 342, 347, 349, 350, 351, 352, 353, 354, 355, 356, 357, 358, 359, 360, 361, 362, 363, 364, 365, 366, 367, 368, 369, 370, 371, 372, 373, 374, 375, 376, 377, 379, 380, 381, 382, 383, 384, 385, 386, 387, 388, 389, 390, 392, 393, 395, 396, 398, 399, 400]","{7: [RollingMean(window_size=7)], 30: [RollingMean(window_size=30)], 60: [RollingMean(window_size=60)]}",lags_400_features_264,163.5347894878828,240.13237673791562,351.2448772587572,452.191137559859,522.872016400196,614.4222564867994,671.4490799430956,839.8821749586025,1374.5030307572115,2405.1876744973465,2480.746075588719
SGD_ElasticNet,AutoDifferences(max_diffs=380) | LocalStandardScaler(stats_=[[-2.09155811e-02  2.20585897e+01]]),"[1, 2, 3, 4, 5, 6, 7, 8, 9, 10, 11, 12, 13, 14, 15, 16, 18, 19, 20, 21, 22, 23, 25, 26, 27, 28, 29, 30, 31, 32, 34, 36, 37, 38, 40, 42, 44, 45, 47, 48, 52, 53, 54, 59, 60, 61, 65, 67, 69, 70, 73, 74, 85, 91, 96, 98, 100, 102, 105, 106, 107, 109, 110, 111, 112, 113, 117, 118, 119, 120, 122, 124, 125, 127, 129, 130, 131, 134, 138, 139, 140, 141, 142, 144, 145, 146, 147, 149, 152, 153, 156, 157, 159, 161, 162, 163, 164, 165, 166, 168, 169, 170, 172, 173, 174, 175, 176, 177, 178, 179, 181, 183, 184, 186, 187, 188, 189, 190, 191, 192, 193, 194, 195, 196, 197, 199, 201, 202, 203, 204, 205, 206, 207, 208, 209, 210, 211, 213, 214, 215, 216, 217, 218, 219, 220, 221, 222, 226, 227, 228, 229, 230, 231, 232, 233, 234, 236, 238, 239, 240, 242, 245, 246, 248, 250, 251, 252, 254, 255, 258, 260, 263, 265, 266, 267, 268, 272, 273, 274, 277, 279, 281, 282, 283, 284, 286, 293, 296, 297, 300, 302, 304, 307, 309, 310, 311, 313, 316, 319, 320, 321, 322, 323, 326, 328, 329, 330, 331, 333, 335, 336, 337, 338, 339, 342, 347, 349, 350, 351, 352, 353, 354, 355, 356, 357, 358, 359, 360, 361, 362, 363, 364, 365, 366, 367, 368, 369, 370, 371, 372, 373, 374, 375, 376, 377, 379, 380, 381, 382, 383, 384, 385, 386, 387, 388, 389, 390, 392, 393, 395, 396, 398, 399, 400]","{7: [RollingMean(window_size=7)], 30: [RollingMean(window_size=30)], 60: [RollingMean(window_size=60)]}",lags_400_features_264,129.46650679088398,167.6655281144126,226.92986169015498,274.5340145563212,307.41296841223567,354.69605227393816,369.2691246166787,439.7757261371927,714.3051706832936,1301.653104147692,1344.3092296612363
SGD_Lasso,AutoDifferences(max_diffs=380) | LocalStandardScaler(stats_=[[-2.09155811e-02  2.20585897e+01]]),"[1, 2, 3, 4, 5, 6, 7, 8, 9, 10, 11, 12, 13, 14, 15, 16, 18, 19, 20, 21, 22, 23, 25, 26, 27, 28, 29, 30, 31, 32, 34, 36, 37, 38, 40, 42, 44, 45, 47, 48, 52, 53, 54, 59, 60, 61, 65, 67, 69, 70, 73, 74, 85, 91, 96, 98, 100, 102, 105, 106, 107, 109, 110, 111, 112, 113, 117, 118, 119, 120, 122, 124, 125, 127, 129, 130, 131, 134, 138, 139, 140, 141, 142, 144, 145, 146, 147, 149, 152, 153, 156, 157, 159, 161, 162, 163, 164, 165, 166, 168, 169, 170, 172, 173, 174, 175, 176, 177, 178, 179, 181, 183, 184, 186, 187, 188, 189, 190, 191, 192, 193, 194, 195, 196, 197, 199, 201, 202, 203, 204, 205, 206, 207, 208, 209, 210, 211, 213, 214, 215, 216, 217, 218, 219, 220, 221, 222, 226, 227, 228, 229, 230, 231, 232, 233, 234, 236, 238, 239, 240, 242, 245, 246, 248, 250, 251, 252, 254, 255, 258, 260, 263, 265, 266, 267, 268, 272, 273, 274, 277, 279, 281, 282, 283, 284, 286, 293, 296, 297, 300, 302, 304, 307, 309, 310, 311, 313, 316, 319, 320, 321, 322, 323, 326, 328, 329, 330, 331, 333, 335, 336, 337, 338, 339, 342, 347, 349, 350, 351, 352, 353, 354, 355, 356, 357, 358, 359, 360, 361, 362, 363, 364, 365, 366, 367, 368, 369, 370, 371, 372, 373, 374, 375, 376, 377, 379, 380, 381, 382, 383, 384, 385, 386, 387, 388, 389, 390, 392, 393, 395, 396, 398, 399, 400]","{7: [RollingMean(window_size=7)], 30: [RollingMean(window_size=30)], 60: [RollingMean(window_size=60)]}",lags_400_features_264,11.167817846426095,15.247116403036594,17.811987660034973,18.396443902724062,21.910925187900748,24.98647612101859,34.54019003309922,35.521958954218164,42.93596696134194,58.385921369093865,57.989537291284854
SGD_Ridge,AutoDifferences(max_diffs=380) | LocalStandardScaler(stats_=[[-2.09155811e-02  2.20585897e+01]]),"[1, 2, 3, 4, 5, 6, 7, 8, 9, 10, 11, 12, 13, 14, 15, 16, 18, 19, 20, 21, 22, 23, 25, 26, 27, 28, 29, 30, 31, 32, 34, 36, 37, 38, 40, 42, 44, 45, 47, 48, 52, 53, 54, 59, 60, 61, 65, 67, 69, 70, 73, 74, 85, 91, 96, 98, 100, 102, 105, 106, 107, 109, 110, 111, 112, 113, 117, 118, 119, 120, 122, 124, 125, 127, 129, 130, 131, 134, 138, 139, 140, 141, 142, 144, 145, 146, 147, 149, 152, 153, 156, 157, 159, 161, 162, 163, 164, 165, 166, 168, 169, 170, 172, 173, 174, 175, 176, 177, 178, 179, 181, 183, 184, 186, 187, 188, 189, 190, 191, 192, 193, 194, 195, 196, 197, 199, 201, 202, 203, 204, 205, 206, 207, 208, 209, 210, 211, 213, 214, 215, 216, 217, 218, 219, 220, 221, 222, 226, 227, 228, 229, 230, 231, 232, 233, 234, 236, 238, 239, 240, 242, 245, 246, 248, 250, 251, 252, 254, 255, 258, 260, 263, 265, 266, 267, 268, 272, 273, 274, 277, 279, 281, 282, 283, 284, 286, 293, 296, 297, 300, 302, 304, 307, 309, 310, 311, 313, 316, 319, 320, 321, 322, 323, 326, 328, 329, 330, 331, 333, 335, 336, 337, 338, 339, 342, 347, 349, 350, 351, 352, 353, 354, 355, 356, 357, 358, 359, 360, 361, 362, 363, 364, 365, 366, 367, 368, 369, 370, 371, 372, 373, 374, 375, 376, 377, 379, 380, 381, 382, 383, 384, 385, 386, 387, 388, 389, 390, 392, 393, 395, 396, 398, 399, 400]","{7: [RollingMean(window_size=7)], 30: [RollingMean(window_size=30)], 60: [RollingMean(window_size=60)]}",lags_400_features_264,108.04360944561276,217.90263287422476,347.8078988985765,446.0040708425071,501.96817277479875,553.3712585513754,586.0464417772828,724.9801215434159,1186.1851056969383,2105.0011775613484,2157.943523944709
SGDRegressor,AutoDifferences(max_diffs=380) | LocalStandardScaler(stats_=[[-2.09155811e-02  2.20585897e+01]]),"[1, 2, 3, 4, 5, 6, 7, 8, 9, 10, 11, 12, 13, 14, 15, 16, 18, 19, 20, 21, 22, 23, 25, 26, 27, 28, 29, 30, 31, 32, 34, 36, 37, 38, 40, 42, 44, 45, 47, 48, 52, 53, 54, 59, 60, 61, 65, 67, 69, 70, 73, 74, 85, 91, 96, 98, 100, 102, 105, 106, 107, 109, 110, 111, 112, 113, 117, 118, 119, 120, 122, 124, 125, 127, 129, 130, 131, 134, 138, 139, 140, 141, 142, 144, 145, 146, 147, 149, 152, 153, 156, 157, 159, 161, 162, 163, 164, 165, 166, 168, 169, 170, 172, 173, 174, 175, 176, 177, 178, 179, 181, 183, 184, 186, 187, 188, 189, 190, 191, 192, 193, 194, 195, 196, 197, 199, 201, 202, 203, 204, 205, 206, 207, 208, 209, 210, 211, 213, 214, 215, 216, 217, 218, 219, 220, 221, 222, 226, 227, 228, 229, 230, 231, 232, 233, 234, 236, 238, 239, 240, 242, 245, 246, 248, 250, 251, 252, 254, 255, 258, 260, 263, 265, 266, 267, 268, 272, 273, 274, 277, 279, 281, 282, 283, 284, 286, 293, 296, 297, 300, 302, 304, 307, 309, 310, 311, 313, 316, 319, 320, 321, 322, 323, 326, 328, 329, 330, 331, 333, 335, 336, 337, 338, 339, 342, 347, 349, 350, 351, 352, 353, 354, 355, 356, 357, 358, 359, 360, 361, 362, 363, 364, 365, 366, 367, 368, 369, 370, 371, 372, 373, 374, 375, 376, 377, 379, 380, 381, 382, 383, 384, 385, 386, 387, 388, 389, 390, 392, 393, 395, 396, 398, 399, 400]","{7: [RollingMean(window_size=7)], 30: [RollingMean(window_size=30)], 60: [RollingMean(window_size=60)]}",lags_400_features_264,95.60575251846363,115.22396971469048,175.6791357044914,221.231102785574,240.18947629909852,247.39251902008172,256.7588945106439,328.3282078618557,542.7596578699274,1017.6335899249674,1043.075417467117
XGBRegressor,AutoDifferences(max_diffs=380) | LocalStandardScaler(stats_=[[-2.09155811e-02  2.20585897e+01]]),"[1, 2, 3, 4, 5, 6, 7, 8, 9, 10, 11, 12, 13, 14, 15, 16, 18, 19, 20, 21, 22, 23, 25, 26, 27, 28, 29, 30, 31, 32, 34, 36, 37, 38, 40, 42, 44, 45, 47, 48, 52, 53, 54, 59, 60, 61, 65, 67, 69, 70, 73, 74, 85, 91, 96, 98, 100, 102, 105, 106, 107, 109, 110, 111, 112, 113, 117, 118, 119, 120, 122, 124, 125, 127, 129, 130, 131, 134, 138, 139, 140, 141, 142, 144, 145, 146, 147, 149, 152, 153, 156, 157, 159, 161, 162, 163, 164, 165, 166, 168, 169, 170, 172, 173, 174, 175, 176, 177, 178, 179, 181, 183, 184, 186, 187, 188, 189, 190, 191, 192, 193, 194, 195, 196, 197, 199, 201, 202, 203, 204, 205, 206, 207, 208, 209, 210, 211, 213, 214, 215, 216, 217, 218, 219, 220, 221, 222, 226, 227, 228, 229, 230, 231, 232, 233, 234, 236, 238, 239, 240, 242, 245, 246, 248, 250, 251, 252, 254, 255, 258, 260, 263, 265, 266, 267, 268, 272, 273, 274, 277, 279, 281, 282, 283, 284, 286, 293, 296, 297, 300, 302, 304, 307, 309, 310, 311, 313, 316, 319, 320, 321, 322, 323, 326, 328, 329, 330, 331, 333, 335, 336, 337, 338, 339, 342, 347, 349, 350, 351, 352, 353, 354, 355, 356, 357, 358, 359, 360, 361, 362, 363, 364, 365, 366, 367, 368, 369, 370, 371, 372, 373, 374, 375, 376, 377, 379, 380, 381, 382, 383, 384, 385, 386, 387, 388, 389, 390, 392, 393, 395, 396, 398, 399, 400]","{7: [RollingMean(window_size=7)], 30: [RollingMean(window_size=30)], 60: [RollingMean(window_size=60)]}",lags_400_features_264,16.205849543792876,36.346547163539036,37.09308318120389,46.39186269020909,45.053561495879364,55.072190389617816,67.18706976181429,73.73906400030152,112.68930424020836,191.9871006952164,195.2302246535828
LGBMRegressor,AutoDifferences(max_diffs=380) | LocalStandardScaler(stats_=[[-2.09155811e-02  2.20585897e+01]]),"[1, 2, 3, 4, 5, 6, 7, 8, 9, 10, 11, 12, 13, 14, 15, 16, 18, 19, 20, 21, 22, 23, 25, 26, 27, 28, 29, 30, 31, 32, 34, 36, 37, 38, 40, 42, 44, 45, 47, 48, 52, 53, 54, 59, 60, 61, 65, 67, 69, 70, 73, 74, 85, 91, 96, 98, 100, 102, 105, 106, 107, 109, 110, 111, 112, 113, 117, 118, 119, 120, 122, 124, 125, 127, 129, 130, 131, 134, 138, 139, 140, 141, 142, 144, 145, 146, 147, 149, 152, 153, 156, 157, 159, 161, 162, 163, 164, 165, 166, 168, 169, 170, 172, 173, 174, 175, 176, 177, 178, 179, 181, 183, 184, 186, 187, 188, 189, 190, 191, 192, 193, 194, 195, 196, 197, 199, 201, 202, 203, 204, 205, 206, 207, 208, 209, 210, 211, 213, 214, 215, 216, 217, 218, 219, 220, 221, 222, 226, 227, 228, 229, 230, 231, 232, 233, 234, 236, 238, 239, 240, 242, 245, 246, 248, 250, 251, 252, 254, 255, 258, 260, 263, 265, 266, 267, 268, 272, 273, 274, 277, 279, 281, 282, 283, 284, 286, 293, 296, 297, 300, 302, 304, 307, 309, 310, 311, 313, 316, 319, 320, 321, 322, 323, 326, 328, 329, 330, 331, 333, 335, 336, 337, 338, 339, 342, 347, 349, 350, 351, 352, 353, 354, 355, 356, 357, 358, 359, 360, 361, 362, 363, 364, 365, 366, 367, 368, 369, 370, 371, 372, 373, 374, 375, 376, 377, 379, 380, 381, 382, 383, 384, 385, 386, 387, 388, 389, 390, 392, 393, 395, 396, 398, 399, 400]","{7: [RollingMean(window_size=7)], 30: [RollingMean(window_size=30)], 60: [RollingMean(window_size=60)]}",lags_400_features_264,14.999465304398457,25.377383676312036,58.46866415542199,90.1394854713013,113.44663372337106,143.78596898397217,162.19039716252524,263.72272924451227,526.4353522949673,824.1593496631579,829.9451040359719
SGD_EarlyStopping,AutoDifferences(max_diffs=380) | LocalStandardScaler(stats_=[[-2.09155811e-02  2.20585897e+01]]),"[1, 2, 3, 4, 5, 6, 7, 8, 9, 10, 11, 12, 13, 14, 15, 16, 18, 19, 20, 21, 22, 23, 25, 26, 27, 28, 29, 30, 31, 32, 34, 36, 37, 38, 40, 42, 44, 45, 47, 48, 52, 53, 54, 59, 60, 61, 65, 67, 69, 70, 73, 74, 85, 91, 96, 98, 100, 102, 105, 106, 107, 109, 110, 111, 112, 113, 117, 118, 119, 120, 122, 124, 125, 127, 129, 130, 131, 134, 138, 139, 140, 141, 142, 144, 145, 146, 147, 149, 152, 153, 156, 157, 159, 161, 162, 163, 164, 165, 166, 168, 169, 170, 172, 173, 174, 175, 176, 177, 178, 179, 181, 183, 184, 186, 187, 188, 189, 190, 191, 192, 193, 194, 195, 196, 197, 199, 201, 202, 203, 204, 205, 206, 207, 208, 209, 210, 211, 213, 214, 215, 216, 217, 218, 219, 220, 221, 222, 226, 227, 228, 229, 230, 231, 232, 233, 234, 236, 238, 239, 240, 242, 245, 246, 248, 250, 251, 252, 254, 255, 258, 260, 263, 265, 266, 267, 268, 272, 273, 274, 277, 279, 281, 282, 283, 284, 286, 293, 296, 297, 300, 302, 304, 307, 309, 310, 311, 313, 316, 319, 320, 321, 322, 323, 326, 328, 329, 330, 331, 333, 335, 336, 337, 338, 339, 342, 347, 349, 350, 351, 352, 353, 354, 355, 356, 357, 358, 359, 360, 361, 362, 363, 364, 365, 366, 367, 368, 369, 370, 371, 372, 373, 374, 375, 376, 377, 379, 380, 381, 382, 383, 384, 385, 386, 387, 388, 389, 390, 392, 393, 395, 396, 398, 399, 400]","{7: [RollingMean(window_size=7), RollingStd(window_size=7)], 30: [RollingMean(window_size=30)], 60: [ExpandingMean()], 14: [ExponentiallyWeightedMean(alpha=0.3)]}",lags_400_features_264,171.04738682819965,275.5176210298794,413.4037170095473,548.200886331439,644.7001902213073,765.9455953627152,856.4114019387546,1137.0766236365548,2069.142649243683,4321.125903782527,4504.358630777234
SGD_ElasticNet,AutoDifferences(max_diffs=380) | LocalStandardScaler(stats_=[[-2.09155811e-02  2.20585897e+01]]),"[1, 2, 3, 4, 5, 6, 7, 8, 9, 10, 11, 12, 13, 14, 15, 16, 18, 19, 20, 21, 22, 23, 25, 26, 27, 28, 29, 30, 31, 32, 34, 36, 37, 38, 40, 42, 44, 45, 47, 48, 52, 53, 54, 59, 60, 61, 65, 67, 69, 70, 73, 74, 85, 91, 96, 98, 100, 102, 105, 106, 107, 109, 110, 111, 112, 113, 117, 118, 119, 120, 122, 124, 125, 127, 129, 130, 131, 134, 138, 139, 140, 141, 142, 144, 145, 146, 147, 149, 152, 153, 156, 157, 159, 161, 162, 163, 164, 165, 166, 168, 169, 170, 172, 173, 174, 175, 176, 177, 178, 179, 181, 183, 184, 186, 187, 188, 189, 190, 191, 192, 193, 194, 195, 196, 197, 199, 201, 202, 203, 204, 205, 206, 207, 208, 209, 210, 211, 213, 214, 215, 216, 217, 218, 219, 220, 221, 222, 226, 227, 228, 229, 230, 231, 232, 233, 234, 236, 238, 239, 240, 242, 245, 246, 248, 250, 251, 252, 254, 255, 258, 260, 263, 265, 266, 267, 268, 272, 273, 274, 277, 279, 281, 282, 283, 284, 286, 293, 296, 297, 300, 302, 304, 307, 309, 310, 311, 313, 316, 319, 320, 321, 322, 323, 326, 328, 329, 330, 331, 333, 335, 336, 337, 338, 339, 342, 347, 349, 350, 351, 352, 353, 354, 355, 356, 357, 358, 359, 360, 361, 362, 363, 364, 365, 366, 367, 368, 369, 370, 371, 372, 373, 374, 375, 376, 377, 379, 380, 381, 382, 383, 384, 385, 386, 387, 388, 389, 390, 392, 393, 395, 396, 398, 399, 400]","{7: [RollingMean(window_size=7), RollingStd(window_size=7)], 30: [RollingMean(window_size=30)], 60: [ExpandingMean()], 14: [ExponentiallyWeightedMean(alpha=0.3)]}",lags_400_features_264,89.16098535331946,75.02393015537714,101.52826638007623,118.92755447707965,120.36531805662382,115.74960281362034,106.3662060340503,96.76202165331613,113.8334176580723,244.82331430429176,267.08426013824436
SGD_Lasso,AutoDifferences(max_diffs=380) | LocalStandardScaler(stats_=[[-2.09155811e-02  2.20585897e+01]]),"[1, 2, 3, 4, 5, 6, 7, 8, 9, 10, 11, 12, 13, 14, 15, 16, 18, 19, 20, 21, 22, 23, 25, 26, 27, 28, 29, 30, 31, 32, 34, 36, 37, 38, 40, 42, 44, 45, 47, 48, 52, 53, 54, 59, 60, 61, 65, 67, 69, 70, 73, 74, 85, 91, 96, 98, 100, 102, 105, 106, 107, 109, 110, 111, 112, 113, 117, 118, 119, 120, 122, 124, 125, 127, 129, 130, 131, 134, 138, 139, 140, 141, 142, 144, 145, 146, 147, 149, 152, 153, 156, 157, 159, 161, 162, 163, 164, 165, 166, 168, 169, 170, 172, 173, 174, 175, 176, 177, 178, 179, 181, 183, 184, 186, 187, 188, 189, 190, 191, 192, 193, 194, 195, 196, 197, 199, 201, 202, 203, 204, 205, 206, 207, 208, 209, 210, 211, 213, 214, 215, 216, 217, 218, 219, 220, 221, 222, 226, 227, 228, 229, 230, 231, 232, 233, 234, 236, 238, 239, 240, 242, 245, 246, 248, 250, 251, 252, 254, 255, 258, 260, 263, 265, 266, 267, 268, 272, 273, 274, 277, 279, 281, 282, 283, 284, 286, 293, 296, 297, 300, 302, 304, 307, 309, 310, 311, 313, 316, 319, 320, 321, 322, 323, 326, 328, 329, 330, 331, 333, 335, 336, 337, 338, 339, 342, 347, 349, 350, 351, 352, 353, 354, 355, 356, 357, 358, 359, 360, 361, 362, 363, 364, 365, 366, 367, 368, 369, 370, 371, 372, 373, 374, 375, 376, 377, 379, 380, 381, 382, 383, 384, 385, 386, 387, 388, 389, 390, 392, 393, 395, 396, 398, 399, 400]","{7: [RollingMean(window_size=7), RollingStd(window_size=7)], 30: [RollingMean(window_size=30)], 60: [ExpandingMean()], 14: [ExponentiallyWeightedMean(alpha=0.3)]}",lags_400_features_264,11.163232287066256,15.24735910582781,17.813931812369464,18.40282957173116,21.92130856144816,24.999414883935604,34.5548033296805,35.539376107316805,42.92872862363594,58.33282422049967,57.934044428601
SGD_Ridge,AutoDifferences(max_diffs=380) | LocalStandardScaler(stats_=[[-2.09155811e-02  2.20585897e+01]]),"[1, 2, 3, 4, 5, 6, 7, 8, 9, 10, 11, 12, 13, 14, 15, 16, 18, 19, 20, 21, 22, 23, 25, 26, 27, 28, 29, 30, 31, 32, 34, 36, 37, 38, 40, 42, 44, 45, 47, 48, 52, 53, 54, 59, 60, 61, 65, 67, 69, 70, 73, 74, 85, 91, 96, 98, 100, 102, 105, 106, 107, 109, 110, 111, 112, 113, 117, 118, 119, 120, 122, 124, 125, 127, 129, 130, 131, 134, 138, 139, 140, 141, 142, 144, 145, 146, 147, 149, 152, 153, 156, 157, 159, 161, 162, 163, 164, 165, 166, 168, 169, 170, 172, 173, 174, 175, 176, 177, 178, 179, 181, 183, 184, 186, 187, 188, 189, 190, 191, 192, 193, 194, 195, 196, 197, 199, 201, 202, 203, 204, 205, 206, 207, 208, 209, 210, 211, 213, 214, 215, 216, 217, 218, 219, 220, 221, 222, 226, 227, 228, 229, 230, 231, 232, 233, 234, 236, 238, 239, 240, 242, 245, 246, 248, 250, 251, 252, 254, 255, 258, 260, 263, 265, 266, 267, 268, 272, 273, 274, 277, 279, 281, 282, 283, 284, 286, 293, 296, 297, 300, 302, 304, 307, 309, 310, 311, 313, 316, 319, 320, 321, 322, 323, 326, 328, 329, 330, 331, 333, 335, 336, 337, 338, 339, 342, 347, 349, 350, 351, 352, 353, 354, 355, 356, 357, 358, 359, 360, 361, 362, 363, 364, 365, 366, 367, 368, 369, 370, 371, 372, 373, 374, 375, 376, 377, 379, 380, 381, 382, 383, 384, 385, 386, 387, 388, 389, 390, 392, 393, 395, 396, 398, 399, 400]","{7: [RollingMean(window_size=7), RollingStd(window_size=7)], 30: [RollingMean(window_size=30)], 60: [ExpandingMean()], 14: [ExponentiallyWeightedMean(alpha=0.3)]}",lags_400_features_264,113.41774967549574,228.2722184216076,365.7638850002859,470.24405339518245,530.0093086244337,584.9341083885412,618.2831136123013,757.8959770837879,1225.8168012252597,2166.55396331504,2221.325972767206
SGDRegressor,AutoDifferences(max_diffs=380) | LocalStandardScaler(stats_=[[-2.09155811e-02  2.20585897e+01]]),"[1, 2, 3, 4, 5, 6, 7, 8, 9, 10, 11, 12, 13, 14, 15, 16, 18, 19, 20, 21, 22, 23, 25, 26, 27, 28, 29, 30, 31, 32, 34, 36, 37, 38, 40, 42, 44, 45, 47, 48, 52, 53, 54, 59, 60, 61, 65, 67, 69, 70, 73, 74, 85, 91, 96, 98, 100, 102, 105, 106, 107, 109, 110, 111, 112, 113, 117, 118, 119, 120, 122, 124, 125, 127, 129, 130, 131, 134, 138, 139, 140, 141, 142, 144, 145, 146, 147, 149, 152, 153, 156, 157, 159, 161, 162, 163, 164, 165, 166, 168, 169, 170, 172, 173, 174, 175, 176, 177, 178, 179, 181, 183, 184, 186, 187, 188, 189, 190, 191, 192, 193, 194, 195, 196, 197, 199, 201, 202, 203, 204, 205, 206, 207, 208, 209, 210, 211, 213, 214, 215, 216, 217, 218, 219, 220, 221, 222, 226, 227, 228, 229, 230, 231, 232, 233, 234, 236, 238, 239, 240, 242, 245, 246, 248, 250, 251, 252, 254, 255, 258, 260, 263, 265, 266, 267, 268, 272, 273, 274, 277, 279, 281, 282, 283, 284, 286, 293, 296, 297, 300, 302, 304, 307, 309, 310, 311, 313, 316, 319, 320, 321, 322, 323, 326, 328, 329, 330, 331, 333, 335, 336, 337, 338, 339, 342, 347, 349, 350, 351, 352, 353, 354, 355, 356, 357, 358, 359, 360, 361, 362, 363, 364, 365, 366, 367, 368, 369, 370, 371, 372, 373, 374, 375, 376, 377, 379, 380, 381, 382, 383, 384, 385, 386, 387, 388, 389, 390, 392, 393, 395, 396, 398, 399, 400]","{7: [RollingMean(window_size=7), RollingStd(window_size=7)], 30: [RollingMean(window_size=30)], 60: [ExpandingMean()], 14: [ExponentiallyWeightedMean(alpha=0.3)]}",lags_400_features_264,95.74403072579803,94.78421817231848,138.33189846808074,168.7307854393176,176.18809568048786,171.34311395752124,160.82913424285067,167.23853461157972,207.1440458055493,271.90152632648784,277.5813463679617
XGBRegressor,AutoDifferences(max_diffs=380) | LocalStandardScaler(stats_=[[-2.09155811e-02  2.20585897e+01]]),"[1, 2, 3, 4, 5, 6, 7, 8, 9, 10, 11, 12, 13, 14, 15, 16, 18, 19, 20, 21, 22, 23, 25, 26, 27, 28, 29, 30, 31, 32, 34, 36, 37, 38, 40, 42, 44, 45, 47, 48, 52, 53, 54, 59, 60, 61, 65, 67, 69, 70, 73, 74, 85, 91, 96, 98, 100, 102, 105, 106, 107, 109, 110, 111, 112, 113, 117, 118, 119, 120, 122, 124, 125, 127, 129, 130, 131, 134, 138, 139, 140, 141, 142, 144, 145, 146, 147, 149, 152, 153, 156, 157, 159, 161, 162, 163, 164, 165, 166, 168, 169, 170, 172, 173, 174, 175, 176, 177, 178, 179, 181, 183, 184, 186, 187, 188, 189, 190, 191, 192, 193, 194, 195, 196, 197, 199, 201, 202, 203, 204, 205, 206, 207, 208, 209, 210, 211, 213, 214, 215, 216, 217, 218, 219, 220, 221, 222, 226, 227, 228, 229, 230, 231, 232, 233, 234, 236, 238, 239, 240, 242, 245, 246, 248, 250, 251, 252, 254, 255, 258, 260, 263, 265, 266, 267, 268, 272, 273, 274, 277, 279, 281, 282, 283, 284, 286, 293, 296, 297, 300, 302, 304, 307, 309, 310, 311, 313, 316, 319, 320, 321, 322, 323, 326, 328, 329, 330, 331, 333, 335, 336, 337, 338, 339, 342, 347, 349, 350, 351, 352, 353, 354, 355, 356, 357, 358, 359, 360, 361, 362, 363, 364, 365, 366, 367, 368, 369, 370, 371, 372, 373, 374, 375, 376, 377, 379, 380, 381, 382, 383, 384, 385, 386, 387, 388, 389, 390, 392, 393, 395, 396, 398, 399, 400]","{7: [RollingMean(window_size=7), RollingStd(window_size=7)], 30: [RollingMean(window_size=30)], 60: [ExpandingMean()], 14: [ExponentiallyWeightedMean(alpha=0.3)]}",lags_400_features_264,18.040869104306793,24.462292187296423,31.076684590572967,34.02466200340199,32.158028841902606,50.74158513361754,63.53800816605738,72.05874099274024,76.28742704890065,68.77357718881146,67.68675920202266
LGBMRegressor,AutoDifferences(max_diffs=380) | LocalStandardScaler(stats_=[[-2.09155811e-02  2.20585897e+01]]),"[1, 2, 3, 4, 5, 6, 7, 8, 9, 10, 11, 12, 13, 14, 15, 16, 18, 19, 20, 21, 22, 23, 25, 26, 27, 28, 29, 30, 31, 32, 34, 36, 37, 38, 40, 42, 44, 45, 47, 48, 52, 53, 54, 59, 60, 61, 65, 67, 69, 70, 73, 74, 85, 91, 96, 98, 100, 102, 105, 106, 107, 109, 110, 111, 112, 113, 117, 118, 119, 120, 122, 124, 125, 127, 129, 130, 131, 134, 138, 139, 140, 141, 142, 144, 145, 146, 147, 149, 152, 153, 156, 157, 159, 161, 162, 163, 164, 165, 166, 168, 169, 170, 172, 173, 174, 175, 176, 177, 178, 179, 181, 183, 184, 186, 187, 188, 189, 190, 191, 192, 193, 194, 195, 196, 197, 199, 201, 202, 203, 204, 205, 206, 207, 208, 209, 210, 211, 213, 214, 215, 216, 217, 218, 219, 220, 221, 222, 226, 227, 228, 229, 230, 231, 232, 233, 234, 236, 238, 239, 240, 242, 245, 246, 248, 250, 251, 252, 254, 255, 258, 260, 263, 265, 266, 267, 268, 272, 273, 274, 277, 279, 281, 282, 283, 284, 286, 293, 296, 297, 300, 302, 304, 307, 309, 310, 311, 313, 316, 319, 320, 321, 322, 323, 326, 328, 329, 330, 331, 333, 335, 336, 337, 338, 339, 342, 347, 349, 350, 351, 352, 353, 354, 355, 356, 357, 358, 359, 360, 361, 362, 363, 364, 365, 366, 367, 368, 369, 370, 371, 372, 373, 374, 375, 376, 377, 379, 380, 381, 382, 383, 384, 385, 386, 387, 388, 389, 390, 392, 393, 395, 396, 398, 399, 400]","{7: [RollingMean(window_size=7), RollingStd(window_size=7)], 30: [RollingMean(window_size=30)], 60: [ExpandingMean()], 14: [ExponentiallyWeightedMean(alpha=0.3)]}",lags_400_features_264,24.958044301974827,44.24208961527079,84.00727286481148,128.0012438837018,167.28770187645765,225.6837651270624,297.0773634326443,569.4168668141172,1332.630055863389,2610.5910907644957,2668.291765670201
SGD_EarlyStopping,AutoDifferences(max_diffs=380) | LocalMinMaxScaler(stats_=[[-214.51499032  437.2315826 ]]),"[1, 2, 3, 4, 5, 6, 7, 8, 9, 10, 11, 12, 13, 14, 15, 16, 18, 19, 20, 21, 22, 23, 25, 26, 27, 28, 29, 30, 31, 32, 34, 36, 37, 38, 40, 42, 44, 45, 47, 48, 52, 53, 54, 59, 60, 61, 65, 67, 69, 70, 73, 74, 85, 91, 96, 98, 100, 102, 105, 106, 107, 109, 110, 111, 112, 113, 117, 118, 119, 120, 122, 124, 125, 127, 129, 130, 131, 134, 138, 139, 140, 141, 142, 144, 145, 146, 147, 149, 152, 153, 156, 157, 159, 161, 162, 163, 164, 165, 166, 168, 169, 170, 172, 173, 174, 175, 176, 177, 178, 179, 181, 183, 184, 186, 187, 188, 189, 190, 191, 192, 193, 194, 195, 196, 197, 199, 201, 202, 203, 204, 205, 206, 207, 208, 209, 210, 211, 213, 214, 215, 216, 217, 218, 219, 220, 221, 222, 226, 227, 228, 229, 230, 231, 232, 233, 234, 236, 238, 239, 240, 242, 245, 246, 248, 250, 251, 252, 254, 255, 258, 260, 263, 265, 266, 267, 268, 272, 273, 274, 277, 279, 281, 282, 283, 284, 286, 293, 296, 297, 300, 302, 304, 307, 309, 310, 311, 313, 316, 319, 320, 321, 322, 323, 326, 328, 329, 330, 331, 333, 335, 336, 337, 338, 339, 342, 347, 349, 350, 351, 352, 353, 354, 355, 356, 357, 358, 359, 360, 361, 362, 363, 364, 365, 366, 367, 368, 369, 370, 371, 372, 373, 374, 375, 376, 377, 379, 380, 381, 382, 383, 384, 385, 386, 387, 388, 389, 390, 392, 393, 395, 396, 398, 399, 400]","{1: [<function expanding_mean at 0x000002C58F7A04A0>], 7: [<function rolling_mean_14 at 0x000002C5930FAA20>], 30: [<function expanding_mean at 0x000002C58F7A04A0>]}",lags_400_features_264,228.2519997170203,424.97136895039534,650.2226451929351,813.1888548562977,901.2253809789523,986.2192182631084,1030.4899096940098,1359.1757862397842,2579.3078330809467,5208.851545938437,5371.804985950746
SGD_ElasticNet,AutoDifferences(max_diffs=380) | LocalMinMaxScaler(stats_=[[-214.51499032  437.2315826 ]]),"[1, 2, 3, 4, 5, 6, 7, 8, 9, 10, 11, 12, 13, 14, 15, 16, 18, 19, 20, 21, 22, 23, 25, 26, 27, 28, 29, 30, 31, 32, 34, 36, 37, 38, 40, 42, 44, 45, 47, 48, 52, 53, 54, 59, 60, 61, 65, 67, 69, 70, 73, 74, 85, 91, 96, 98, 100, 102, 105, 106, 107, 109, 110, 111, 112, 113, 117, 118, 119, 120, 122, 124, 125, 127, 129, 130, 131, 134, 138, 139, 140, 141, 142, 144, 145, 146, 147, 149, 152, 153, 156, 157, 159, 161, 162, 163, 164, 165, 166, 168, 169, 170, 172, 173, 174, 175, 176, 177, 178, 179, 181, 183, 184, 186, 187, 188, 189, 190, 191, 192, 193, 194, 195, 196, 197, 199, 201, 202, 203, 204, 205, 206, 207, 208, 209, 210, 211, 213, 214, 215, 216, 217, 218, 219, 220, 221, 222, 226, 227, 228, 229, 230, 231, 232, 233, 234, 236, 238, 239, 240, 242, 245, 246, 248, 250, 251, 252, 254, 255, 258, 260, 263, 265, 266, 267, 268, 272, 273, 274, 277, 279, 281, 282, 283, 284, 286, 293, 296, 297, 300, 302, 304, 307, 309, 310, 311, 313, 316, 319, 320, 321, 322, 323, 326, 328, 329, 330, 331, 333, 335, 336, 337, 338, 339, 342, 347, 349, 350, 351, 352, 353, 354, 355, 356, 357, 358, 359, 360, 361, 362, 363, 364, 365, 366, 367, 368, 369, 370, 371, 372, 373, 374, 375, 376, 377, 379, 380, 381, 382, 383, 384, 385, 386, 387, 388, 389, 390, 392, 393, 395, 396, 398, 399, 400]","{1: [<function expanding_mean at 0x000002C58F7A04A0>], 7: [<function rolling_mean_14 at 0x000002C5930FAA20>], 30: [<function expanding_mean at 0x000002C58F7A04A0>]}",lags_400_features_264,89.60825134688105,161.30730478886002,232.2780678069603,278.17922192071524,298.16093278509607,311.9493550384367,309.5743702933955,413.06281500258206,826.0019212356206,1731.0667338549013,1785.7735017094487
SGD_Lasso,AutoDifferences(max_diffs=380) | LocalMinMaxScaler(stats_=[[-214.51499032  437.2315826 ]]),"[1, 2, 3, 4, 5, 6, 7, 8, 9, 10, 11, 12, 13, 14, 15, 16, 18, 19, 20, 21, 22, 23, 25, 26, 27, 28, 29, 30, 31, 32, 34, 36, 37, 38, 40, 42, 44, 45, 47, 48, 52, 53, 54, 59, 60, 61, 65, 67, 69, 70, 73, 74, 85, 91, 96, 98, 100, 102, 105, 106, 107, 109, 110, 111, 112, 113, 117, 118, 119, 120, 122, 124, 125, 127, 129, 130, 131, 134, 138, 139, 140, 141, 142, 144, 145, 146, 147, 149, 152, 153, 156, 157, 159, 161, 162, 163, 164, 165, 166, 168, 169, 170, 172, 173, 174, 175, 176, 177, 178, 179, 181, 183, 184, 186, 187, 188, 189, 190, 191, 192, 193, 194, 195, 196, 197, 199, 201, 202, 203, 204, 205, 206, 207, 208, 209, 210, 211, 213, 214, 215, 216, 217, 218, 219, 220, 221, 222, 226, 227, 228, 229, 230, 231, 232, 233, 234, 236, 238, 239, 240, 242, 245, 246, 248, 250, 251, 252, 254, 255, 258, 260, 263, 265, 266, 267, 268, 272, 273, 274, 277, 279, 281, 282, 283, 284, 286, 293, 296, 297, 300, 302, 304, 307, 309, 310, 311, 313, 316, 319, 320, 321, 322, 323, 326, 328, 329, 330, 331, 333, 335, 336, 337, 338, 339, 342, 347, 349, 350, 351, 352, 353, 354, 355, 356, 357, 358, 359, 360, 361, 362, 363, 364, 365, 366, 367, 368, 369, 370, 371, 372, 373, 374, 375, 376, 377, 379, 380, 381, 382, 383, 384, 385, 386, 387, 388, 389, 390, 392, 393, 395, 396, 398, 399, 400]","{1: [<function expanding_mean at 0x000002C58F7A04A0>], 7: [<function rolling_mean_14 at 0x000002C5930FAA20>], 30: [<function expanding_mean at 0x000002C58F7A04A0>]}",lags_400_features_264,50.7808773650817,98.8989895781705,146.15039711494,182.16096302229266,203.76966606095408,223.05698210232617,236.28431001368634,287.6699103035541,460.01705891837037,790.3513659301158,807.6335026418152
SGD_Ridge,AutoDifferences(max_diffs=380) | LocalMinMaxScaler(stats_=[[-214.51499032  437.2315826 ]]),"[1, 2, 3, 4, 5, 6, 7, 8, 9, 10, 11, 12, 13, 14, 15, 16, 18, 19, 20, 21, 22, 23, 25, 26, 27, 28, 29, 30, 31, 32, 34, 36, 37, 38, 40, 42, 44, 45, 47, 48, 52, 53, 54, 59, 60, 61, 65, 67, 69, 70, 73, 74, 85, 91, 96, 98, 100, 102, 105, 106, 107, 109, 110, 111, 112, 113, 117, 118, 119, 120, 122, 124, 125, 127, 129, 130, 131, 134, 138, 139, 140, 141, 142, 144, 145, 146, 147, 149, 152, 153, 156, 157, 159, 161, 162, 163, 164, 165, 166, 168, 169, 170, 172, 173, 174, 175, 176, 177, 178, 179, 181, 183, 184, 186, 187, 188, 189, 190, 191, 192, 193, 194, 195, 196, 197, 199, 201, 202, 203, 204, 205, 206, 207, 208, 209, 210, 211, 213, 214, 215, 216, 217, 218, 219, 220, 221, 222, 226, 227, 228, 229, 230, 231, 232, 233, 234, 236, 238, 239, 240, 242, 245, 246, 248, 250, 251, 252, 254, 255, 258, 260, 263, 265, 266, 267, 268, 272, 273, 274, 277, 279, 281, 282, 283, 284, 286, 293, 296, 297, 300, 302, 304, 307, 309, 310, 311, 313, 316, 319, 320, 321, 322, 323, 326, 328, 329, 330, 331, 333, 335, 336, 337, 338, 339, 342, 347, 349, 350, 351, 352, 353, 354, 355, 356, 357, 358, 359, 360, 361, 362, 363, 364, 365, 366, 367, 368, 369, 370, 371, 372, 373, 374, 375, 376, 377, 379, 380, 381, 382, 383, 384, 385, 386, 387, 388, 389, 390, 392, 393, 395, 396, 398, 399, 400]","{1: [<function expanding_mean at 0x000002C58F7A04A0>], 7: [<function rolling_mean_14 at 0x000002C5930FAA20>], 30: [<function expanding_mean at 0x000002C58F7A04A0>]}",lags_400_features_264,261.30861147495415,416.7005195427955,526.4985661916994,533.5137286179537,476.10981981105107,411.2183705756806,369.38441795960364,459.3637756166746,1182.938687341901,2844.2395008388007,2930.834970026897
SGDRegressor,AutoDifferences(max_diffs=380) | LocalMinMaxScaler(stats_=[[-214.51499032  437.2315826 ]]),"[1, 2, 3, 4, 5, 6, 7, 8, 9, 10, 11, 12, 13, 14, 15, 16, 18, 19, 20, 21, 22, 23, 25, 26, 27, 28, 29, 30, 31, 32, 34, 36, 37, 38, 40, 42, 44, 45, 47, 48, 52, 53, 54, 59, 60, 61, 65, 67, 69, 70, 73, 74, 85, 91, 96, 98, 100, 102, 105, 106, 107, 109, 110, 111, 112, 113, 117, 118, 119, 120, 122, 124, 125, 127, 129, 130, 131, 134, 138, 139, 140, 141, 142, 144, 145, 146, 147, 149, 152, 153, 156, 157, 159, 161, 162, 163, 164, 165, 166, 168, 169, 170, 172, 173, 174, 175, 176, 177, 178, 179, 181, 183, 184, 186, 187, 188, 189, 190, 191, 192, 193, 194, 195, 196, 197, 199, 201, 202, 203, 204, 205, 206, 207, 208, 209, 210, 211, 213, 214, 215, 216, 217, 218, 219, 220, 221, 222, 226, 227, 228, 229, 230, 231, 232, 233, 234, 236, 238, 239, 240, 242, 245, 246, 248, 250, 251, 252, 254, 255, 258, 260, 263, 265, 266, 267, 268, 272, 273, 274, 277, 279, 281, 282, 283, 284, 286, 293, 296, 297, 300, 302, 304, 307, 309, 310, 311, 313, 316, 319, 320, 321, 322, 323, 326, 328, 329, 330, 331, 333, 335, 336, 337, 338, 339, 342, 347, 349, 350, 351, 352, 353, 354, 355, 356, 357, 358, 359, 360, 361, 362, 363, 364, 365, 366, 367, 368, 369, 370, 371, 372, 373, 374, 375, 376, 377, 379, 380, 381, 382, 383, 384, 385, 386, 387, 388, 389, 390, 392, 393, 395, 396, 398, 399, 400]","{1: [<function expanding_mean at 0x000002C58F7A04A0>], 7: [<function rolling_mean_14 at 0x000002C5930FAA20>], 30: [<function expanding_mean at 0x000002C58F7A04A0>]}",lags_400_features_264,60.85348126338608,109.19636349605268,154.72547496217854,184.66935069827173,198.0460895910617,205.92273878051017,204.06909340044285,273.41821936063366,550.2479606751971,1161.3851927937415,1198.4100251101302
XGBRegressor,AutoDifferences(max_diffs=380) | LocalMinMaxScaler(stats_=[[-214.51499032  437.2315826 ]]),"[1, 2, 3, 4, 5, 6, 7, 8, 9, 10, 11, 12, 13, 14, 15, 16, 18, 19, 20, 21, 22, 23, 25, 26, 27, 28, 29, 30, 31, 32, 34, 36, 37, 38, 40, 42, 44, 45, 47, 48, 52, 53, 54, 59, 60, 61, 65, 67, 69, 70, 73, 74, 85, 91, 96, 98, 100, 102, 105, 106, 107, 109, 110, 111, 112, 113, 117, 118, 119, 120, 122, 124, 125, 127, 129, 130, 131, 134, 138, 139, 140, 141, 142, 144, 145, 146, 147, 149, 152, 153, 156, 157, 159, 161, 162, 163, 164, 165, 166, 168, 169, 170, 172, 173, 174, 175, 176, 177, 178, 179, 181, 183, 184, 186, 187, 188, 189, 190, 191, 192, 193, 194, 195, 196, 197, 199, 201, 202, 203, 204, 205, 206, 207, 208, 209, 210, 211, 213, 214, 215, 216, 217, 218, 219, 220, 221, 222, 226, 227, 228, 229, 230, 231, 232, 233, 234, 236, 238, 239, 240, 242, 245, 246, 248, 250, 251, 252, 254, 255, 258, 260, 263, 265, 266, 267, 268, 272, 273, 274, 277, 279, 281, 282, 283, 284, 286, 293, 296, 297, 300, 302, 304, 307, 309, 310, 311, 313, 316, 319, 320, 321, 322, 323, 326, 328, 329, 330, 331, 333, 335, 336, 337, 338, 339, 342, 347, 349, 350, 351, 352, 353, 354, 355, 356, 357, 358, 359, 360, 361, 362, 363, 364, 365, 366, 367, 368, 369, 370, 371, 372, 373, 374, 375, 376, 377, 379, 380, 381, 382, 383, 384, 385, 386, 387, 388, 389, 390, 392, 393, 395, 396, 398, 399, 400]","{1: [<function expanding_mean at 0x000002C58F7A04A0>], 7: [<function rolling_mean_14 at 0x000002C5930FAA20>], 30: [<function expanding_mean at 0x000002C58F7A04A0>]}",lags_400_features_264,43.69934709943497,52.141998329692385,54.282619950687035,56.97476632460366,56.52915242500596,52.75363746820341,53.07035673207751,62.81795246974959,98.56625249919243,104.22742833209225,102.35017546534482
LGBMRegressor,AutoDifferences(max_diffs=380) | LocalMinMaxScaler(stats_=[[-214.51499032  437.2315826 ]]),"[1, 2, 3, 4, 5, 6, 7, 8, 9, 10, 11, 12, 13, 14, 15, 16, 18, 19, 20, 21, 22, 23, 25, 26, 27, 28, 29, 30, 31, 32, 34, 36, 37, 38, 40, 42, 44, 45, 47, 48, 52, 53, 54, 59, 60, 61, 65, 67, 69, 70, 73, 74, 85, 91, 96, 98, 100, 102, 105, 106, 107, 109, 110, 111, 112, 113, 117, 118, 119, 120, 122, 124, 125, 127, 129, 130, 131, 134, 138, 139, 140, 141, 142, 144, 145, 146, 147, 149, 152, 153, 156, 157, 159, 161, 162, 163, 164, 165, 166, 168, 169, 170, 172, 173, 174, 175, 176, 177, 178, 179, 181, 183, 184, 186, 187, 188, 189, 190, 191, 192, 193, 194, 195, 196, 197, 199, 201, 202, 203, 204, 205, 206, 207, 208, 209, 210, 211, 213, 214, 215, 216, 217, 218, 219, 220, 221, 222, 226, 227, 228, 229, 230, 231, 232, 233, 234, 236, 238, 239, 240, 242, 245, 246, 248, 250, 251, 252, 254, 255, 258, 260, 263, 265, 266, 267, 268, 272, 273, 274, 277, 279, 281, 282, 283, 284, 286, 293, 296, 297, 300, 302, 304, 307, 309, 310, 311, 313, 316, 319, 320, 321, 322, 323, 326, 328, 329, 330, 331, 333, 335, 336, 337, 338, 339, 342, 347, 349, 350, 351, 352, 353, 354, 355, 356, 357, 358, 359, 360, 361, 362, 363, 364, 365, 366, 367, 368, 369, 370, 371, 372, 373, 374, 375, 376, 377, 379, 380, 381, 382, 383, 384, 385, 386, 387, 388, 389, 390, 392, 393, 395, 396, 398, 399, 400]","{1: [<function expanding_mean at 0x000002C58F7A04A0>], 7: [<function rolling_mean_14 at 0x000002C5930FAA20>], 30: [<function expanding_mean at 0x000002C58F7A04A0>]}",lags_400_features_264,21.546767254146797,22.530263260318378,23.125425833919103,23.168969474343733,22.592376425653597,28.971072456692674,35.503328401838026,49.4980813142398,54.40693342538285,63.64705723818719,63.312331034862204
SGD_EarlyStopping,AutoDifferences(max_diffs=380) | LocalMinMaxScaler(stats_=[[-214.51499032  437.2315826 ]]),"[1, 2, 3, 4, 5, 6, 7, 8, 9, 10, 11, 12, 13, 14, 15, 16, 18, 19, 20, 21, 22, 23, 25, 26, 27, 28, 29, 30, 31, 32, 34, 36, 37, 38, 40, 42, 44, 45, 47, 48, 52, 53, 54, 59, 60, 61, 65, 67, 69, 70, 73, 74, 85, 91, 96, 98, 100, 102, 105, 106, 107, 109, 110, 111, 112, 113, 117, 118, 119, 120, 122, 124, 125, 127, 129, 130, 131, 134, 138, 139, 140, 141, 142, 144, 145, 146, 147, 149, 152, 153, 156, 157, 159, 161, 162, 163, 164, 165, 166, 168, 169, 170, 172, 173, 174, 175, 176, 177, 178, 179, 181, 183, 184, 186, 187, 188, 189, 190, 191, 192, 193, 194, 195, 196, 197, 199, 201, 202, 203, 204, 205, 206, 207, 208, 209, 210, 211, 213, 214, 215, 216, 217, 218, 219, 220, 221, 222, 226, 227, 228, 229, 230, 231, 232, 233, 234, 236, 238, 239, 240, 242, 245, 246, 248, 250, 251, 252, 254, 255, 258, 260, 263, 265, 266, 267, 268, 272, 273, 274, 277, 279, 281, 282, 283, 284, 286, 293, 296, 297, 300, 302, 304, 307, 309, 310, 311, 313, 316, 319, 320, 321, 322, 323, 326, 328, 329, 330, 331, 333, 335, 336, 337, 338, 339, 342, 347, 349, 350, 351, 352, 353, 354, 355, 356, 357, 358, 359, 360, 361, 362, 363, 364, 365, 366, 367, 368, 369, 370, 371, 372, 373, 374, 375, 376, 377, 379, 380, 381, 382, 383, 384, 385, 386, 387, 388, 389, 390, 392, 393, 395, 396, 398, 399, 400]","{1: [<function rolling_mean_14 at 0x000002C5930FAA20>], 7: [<function rolling_mean_30 at 0x000002C58DBF9260>], 30: [<function expanding_mean at 0x000002C58F7A04A0>]}",lags_400_features_264,228.5348970957283,425.68084014792146,651.5451678664303,815.0171025319901,903.3662175808059,988.6743692235582,1033.1905590790757,1363.0611906912818,2587.593199723958,5227.519525425743,5391.208500649728
SGD_ElasticNet,AutoDifferences(max_diffs=380) | LocalMinMaxScaler(stats_=[[-214.51499032  437.2315826 ]]),"[1, 2, 3, 4, 5, 6, 7, 8, 9, 10, 11, 12, 13, 14, 15, 16, 18, 19, 20, 21, 22, 23, 25, 26, 27, 28, 29, 30, 31, 32, 34, 36, 37, 38, 40, 42, 44, 45, 47, 48, 52, 53, 54, 59, 60, 61, 65, 67, 69, 70, 73, 74, 85, 91, 96, 98, 100, 102, 105, 106, 107, 109, 110, 111, 112, 113, 117, 118, 119, 120, 122, 124, 125, 127, 129, 130, 131, 134, 138, 139, 140, 141, 142, 144, 145, 146, 147, 149, 152, 153, 156, 157, 159, 161, 162, 163, 164, 165, 166, 168, 169, 170, 172, 173, 174, 175, 176, 177, 178, 179, 181, 183, 184, 186, 187, 188, 189, 190, 191, 192, 193, 194, 195, 196, 197, 199, 201, 202, 203, 204, 205, 206, 207, 208, 209, 210, 211, 213, 214, 215, 216, 217, 218, 219, 220, 221, 222, 226, 227, 228, 229, 230, 231, 232, 233, 234, 236, 238, 239, 240, 242, 245, 246, 248, 250, 251, 252, 254, 255, 258, 260, 263, 265, 266, 267, 268, 272, 273, 274, 277, 279, 281, 282, 283, 284, 286, 293, 296, 297, 300, 302, 304, 307, 309, 310, 311, 313, 316, 319, 320, 321, 322, 323, 326, 328, 329, 330, 331, 333, 335, 336, 337, 338, 339, 342, 347, 349, 350, 351, 352, 353, 354, 355, 356, 357, 358, 359, 360, 361, 362, 363, 364, 365, 366, 367, 368, 369, 370, 371, 372, 373, 374, 375, 376, 377, 379, 380, 381, 382, 383, 384, 385, 386, 387, 388, 389, 390, 392, 393, 395, 396, 398, 399, 400]","{1: [<function rolling_mean_14 at 0x000002C5930FAA20>], 7: [<function rolling_mean_30 at 0x000002C58DBF9260>], 30: [<function expanding_mean at 0x000002C58F7A04A0>]}",lags_400_features_264,89.86089896624684,161.84254013664633,233.1968356189609,279.40627852769734,299.5747440433174,313.5519502523116,311.29935966328463,415.3757830189474,830.5886202925276,1740.8669852446496,1795.9303459219846
SGD_Lasso,AutoDifferences(max_diffs=380) | LocalMinMaxScaler(stats_=[[-214.51499032  437.2315826 ]]),"[1, 2, 3, 4, 5, 6, 7, 8, 9, 10, 11, 12, 13, 14, 15, 16, 18, 19, 20, 21, 22, 23, 25, 26, 27, 28, 29, 30, 31, 32, 34, 36, 37, 38, 40, 42, 44, 45, 47, 48, 52, 53, 54, 59, 60, 61, 65, 67, 69, 70, 73, 74, 85, 91, 96, 98, 100, 102, 105, 106, 107, 109, 110, 111, 112, 113, 117, 118, 119, 120, 122, 124, 125, 127, 129, 130, 131, 134, 138, 139, 140, 141, 142, 144, 145, 146, 147, 149, 152, 153, 156, 157, 159, 161, 162, 163, 164, 165, 166, 168, 169, 170, 172, 173, 174, 175, 176, 177, 178, 179, 181, 183, 184, 186, 187, 188, 189, 190, 191, 192, 193, 194, 195, 196, 197, 199, 201, 202, 203, 204, 205, 206, 207, 208, 209, 210, 211, 213, 214, 215, 216, 217, 218, 219, 220, 221, 222, 226, 227, 228, 229, 230, 231, 232, 233, 234, 236, 238, 239, 240, 242, 245, 246, 248, 250, 251, 252, 254, 255, 258, 260, 263, 265, 266, 267, 268, 272, 273, 274, 277, 279, 281, 282, 283, 284, 286, 293, 296, 297, 300, 302, 304, 307, 309, 310, 311, 313, 316, 319, 320, 321, 322, 323, 326, 328, 329, 330, 331, 333, 335, 336, 337, 338, 339, 342, 347, 349, 350, 351, 352, 353, 354, 355, 356, 357, 358, 359, 360, 361, 362, 363, 364, 365, 366, 367, 368, 369, 370, 371, 372, 373, 374, 375, 376, 377, 379, 380, 381, 382, 383, 384, 385, 386, 387, 388, 389, 390, 392, 393, 395, 396, 398, 399, 400]","{1: [<function rolling_mean_14 at 0x000002C5930FAA20>], 7: [<function rolling_mean_30 at 0x000002C58DBF9260>], 30: [<function expanding_mean at 0x000002C58F7A04A0>]}",lags_400_features_264,50.7808773650817,98.8989895781705,146.15039711494,182.16096302229266,203.76966606095408,223.05698210232617,236.28431001368634,287.6699103035541,460.01705891837037,790.3513659301158,807.6335026418152
SGD_Ridge,AutoDifferences(max_diffs=380) | LocalMinMaxScaler(stats_=[[-214.51499032  437.2315826 ]]),"[1, 2, 3, 4, 5, 6, 7, 8, 9, 10, 11, 12, 13, 14, 15, 16, 18, 19, 20, 21, 22, 23, 25, 26, 27, 28, 29, 30, 31, 32, 34, 36, 37, 38, 40, 42, 44, 45, 47, 48, 52, 53, 54, 59, 60, 61, 65, 67, 69, 70, 73, 74, 85, 91, 96, 98, 100, 102, 105, 106, 107, 109, 110, 111, 112, 113, 117, 118, 119, 120, 122, 124, 125, 127, 129, 130, 131, 134, 138, 139, 140, 141, 142, 144, 145, 146, 147, 149, 152, 153, 156, 157, 159, 161, 162, 163, 164, 165, 166, 168, 169, 170, 172, 173, 174, 175, 176, 177, 178, 179, 181, 183, 184, 186, 187, 188, 189, 190, 191, 192, 193, 194, 195, 196, 197, 199, 201, 202, 203, 204, 205, 206, 207, 208, 209, 210, 211, 213, 214, 215, 216, 217, 218, 219, 220, 221, 222, 226, 227, 228, 229, 230, 231, 232, 233, 234, 236, 238, 239, 240, 242, 245, 246, 248, 250, 251, 252, 254, 255, 258, 260, 263, 265, 266, 267, 268, 272, 273, 274, 277, 279, 281, 282, 283, 284, 286, 293, 296, 297, 300, 302, 304, 307, 309, 310, 311, 313, 316, 319, 320, 321, 322, 323, 326, 328, 329, 330, 331, 333, 335, 336, 337, 338, 339, 342, 347, 349, 350, 351, 352, 353, 354, 355, 356, 357, 358, 359, 360, 361, 362, 363, 364, 365, 366, 367, 368, 369, 370, 371, 372, 373, 374, 375, 376, 377, 379, 380, 381, 382, 383, 384, 385, 386, 387, 388, 389, 390, 392, 393, 395, 396, 398, 399, 400]","{1: [<function rolling_mean_14 at 0x000002C5930FAA20>], 7: [<function rolling_mean_30 at 0x000002C58DBF9260>], 30: [<function expanding_mean at 0x000002C58F7A04A0>]}",lags_400_features_264,261.67927794736414,417.52676217329173,527.7997156331716,535.0142734555822,477.58044877273403,412.44545452007264,370.3569117012191,460.5237683739977,1186.3310316677225,2853.355552607187,2940.321019983393
SGDRegressor,AutoDifferences(max_diffs=380) | LocalMinMaxScaler(stats_=[[-214.51499032  437.2315826 ]]),"[1, 2, 3, 4, 5, 6, 7, 8, 9, 10, 11, 12, 13, 14, 15, 16, 18, 19, 20, 21, 22, 23, 25, 26, 27, 28, 29, 30, 31, 32, 34, 36, 37, 38, 40, 42, 44, 45, 47, 48, 52, 53, 54, 59, 60, 61, 65, 67, 69, 70, 73, 74, 85, 91, 96, 98, 100, 102, 105, 106, 107, 109, 110, 111, 112, 113, 117, 118, 119, 120, 122, 124, 125, 127, 129, 130, 131, 134, 138, 139, 140, 141, 142, 144, 145, 146, 147, 149, 152, 153, 156, 157, 159, 161, 162, 163, 164, 165, 166, 168, 169, 170, 172, 173, 174, 175, 176, 177, 178, 179, 181, 183, 184, 186, 187, 188, 189, 190, 191, 192, 193, 194, 195, 196, 197, 199, 201, 202, 203, 204, 205, 206, 207, 208, 209, 210, 211, 213, 214, 215, 216, 217, 218, 219, 220, 221, 222, 226, 227, 228, 229, 230, 231, 232, 233, 234, 236, 238, 239, 240, 242, 245, 246, 248, 250, 251, 252, 254, 255, 258, 260, 263, 265, 266, 267, 268, 272, 273, 274, 277, 279, 281, 282, 283, 284, 286, 293, 296, 297, 300, 302, 304, 307, 309, 310, 311, 313, 316, 319, 320, 321, 322, 323, 326, 328, 329, 330, 331, 333, 335, 336, 337, 338, 339, 342, 347, 349, 350, 351, 352, 353, 354, 355, 356, 357, 358, 359, 360, 361, 362, 363, 364, 365, 366, 367, 368, 369, 370, 371, 372, 373, 374, 375, 376, 377, 379, 380, 381, 382, 383, 384, 385, 386, 387, 388, 389, 390, 392, 393, 395, 396, 398, 399, 400]","{1: [<function rolling_mean_14 at 0x000002C5930FAA20>], 7: [<function rolling_mean_30 at 0x000002C58DBF9260>], 30: [<function expanding_mean at 0x000002C58F7A04A0>]}",lags_400_features_264,60.97832151344396,109.46695142541152,155.19442082356792,185.29888342443053,198.77259339622955,206.74503856523745,204.94648987803666,274.5966736360429,552.6602447646238,1166.6990944131194,1203.9270356254294
XGBRegressor,AutoDifferences(max_diffs=380) | LocalMinMaxScaler(stats_=[[-214.51499032  437.2315826 ]]),"[1, 2, 3, 4, 5, 6, 7, 8, 9, 10, 11, 12, 13, 14, 15, 16, 18, 19, 20, 21, 22, 23, 25, 26, 27, 28, 29, 30, 31, 32, 34, 36, 37, 38, 40, 42, 44, 45, 47, 48, 52, 53, 54, 59, 60, 61, 65, 67, 69, 70, 73, 74, 85, 91, 96, 98, 100, 102, 105, 106, 107, 109, 110, 111, 112, 113, 117, 118, 119, 120, 122, 124, 125, 127, 129, 130, 131, 134, 138, 139, 140, 141, 142, 144, 145, 146, 147, 149, 152, 153, 156, 157, 159, 161, 162, 163, 164, 165, 166, 168, 169, 170, 172, 173, 174, 175, 176, 177, 178, 179, 181, 183, 184, 186, 187, 188, 189, 190, 191, 192, 193, 194, 195, 196, 197, 199, 201, 202, 203, 204, 205, 206, 207, 208, 209, 210, 211, 213, 214, 215, 216, 217, 218, 219, 220, 221, 222, 226, 227, 228, 229, 230, 231, 232, 233, 234, 236, 238, 239, 240, 242, 245, 246, 248, 250, 251, 252, 254, 255, 258, 260, 263, 265, 266, 267, 268, 272, 273, 274, 277, 279, 281, 282, 283, 284, 286, 293, 296, 297, 300, 302, 304, 307, 309, 310, 311, 313, 316, 319, 320, 321, 322, 323, 326, 328, 329, 330, 331, 333, 335, 336, 337, 338, 339, 342, 347, 349, 350, 351, 352, 353, 354, 355, 356, 357, 358, 359, 360, 361, 362, 363, 364, 365, 366, 367, 368, 369, 370, 371, 372, 373, 374, 375, 376, 377, 379, 380, 381, 382, 383, 384, 385, 386, 387, 388, 389, 390, 392, 393, 395, 396, 398, 399, 400]","{1: [<function rolling_mean_14 at 0x000002C5930FAA20>], 7: [<function rolling_mean_30 at 0x000002C58DBF9260>], 30: [<function expanding_mean at 0x000002C58F7A04A0>]}",lags_400_features_264,15.385592152073993,20.074348388867428,20.949853833159317,20.50046406487724,19.46859391404158,34.26151677002378,56.624200582283756,97.20253034439281,204.22534979200807,354.07340599017743,359.50817127628983
LGBMRegressor,AutoDifferences(max_diffs=380) | LocalMinMaxScaler(stats_=[[-214.51499032  437.2315826 ]]),"[1, 2, 3, 4, 5, 6, 7, 8, 9, 10, 11, 12, 13, 14, 15, 16, 18, 19, 20, 21, 22, 23, 25, 26, 27, 28, 29, 30, 31, 32, 34, 36, 37, 38, 40, 42, 44, 45, 47, 48, 52, 53, 54, 59, 60, 61, 65, 67, 69, 70, 73, 74, 85, 91, 96, 98, 100, 102, 105, 106, 107, 109, 110, 111, 112, 113, 117, 118, 119, 120, 122, 124, 125, 127, 129, 130, 131, 134, 138, 139, 140, 141, 142, 144, 145, 146, 147, 149, 152, 153, 156, 157, 159, 161, 162, 163, 164, 165, 166, 168, 169, 170, 172, 173, 174, 175, 176, 177, 178, 179, 181, 183, 184, 186, 187, 188, 189, 190, 191, 192, 193, 194, 195, 196, 197, 199, 201, 202, 203, 204, 205, 206, 207, 208, 209, 210, 211, 213, 214, 215, 216, 217, 218, 219, 220, 221, 222, 226, 227, 228, 229, 230, 231, 232, 233, 234, 236, 238, 239, 240, 242, 245, 246, 248, 250, 251, 252, 254, 255, 258, 260, 263, 265, 266, 267, 268, 272, 273, 274, 277, 279, 281, 282, 283, 284, 286, 293, 296, 297, 300, 302, 304, 307, 309, 310, 311, 313, 316, 319, 320, 321, 322, 323, 326, 328, 329, 330, 331, 333, 335, 336, 337, 338, 339, 342, 347, 349, 350, 351, 352, 353, 354, 355, 356, 357, 358, 359, 360, 361, 362, 363, 364, 365, 366, 367, 368, 369, 370, 371, 372, 373, 374, 375, 376, 377, 379, 380, 381, 382, 383, 384, 385, 386, 387, 388, 389, 390, 392, 393, 395, 396, 398, 399, 400]","{1: [<function rolling_mean_14 at 0x000002C5930FAA20>], 7: [<function rolling_mean_30 at 0x000002C58DBF9260>], 30: [<function expanding_mean at 0x000002C58F7A04A0>]}",lags_400_features_264,27.308999065040517,36.09239394960868,57.070887881762204,68.66972311924532,85.74425826646939,110.87146954564217,117.41511325798616,148.54204207588091,179.48899233892627,184.35472121422737,183.71775835150333
SGD_EarlyStopping,AutoDifferences(max_diffs=380) | LocalMinMaxScaler(stats_=[[-214.51499032  437.2315826 ]]),"[1, 2, 3, 4, 5, 6, 7, 8, 9, 10, 11, 12, 13, 14, 15, 16, 18, 19, 20, 21, 22, 23, 25, 26, 27, 28, 29, 30, 31, 32, 34, 36, 37, 38, 40, 42, 44, 45, 47, 48, 52, 53, 54, 59, 60, 61, 65, 67, 69, 70, 73, 74, 85, 91, 96, 98, 100, 102, 105, 106, 107, 109, 110, 111, 112, 113, 117, 118, 119, 120, 122, 124, 125, 127, 129, 130, 131, 134, 138, 139, 140, 141, 142, 144, 145, 146, 147, 149, 152, 153, 156, 157, 159, 161, 162, 163, 164, 165, 166, 168, 169, 170, 172, 173, 174, 175, 176, 177, 178, 179, 181, 183, 184, 186, 187, 188, 189, 190, 191, 192, 193, 194, 195, 196, 197, 199, 201, 202, 203, 204, 205, 206, 207, 208, 209, 210, 211, 213, 214, 215, 216, 217, 218, 219, 220, 221, 222, 226, 227, 228, 229, 230, 231, 232, 233, 234, 236, 238, 239, 240, 242, 245, 246, 248, 250, 251, 252, 254, 255, 258, 260, 263, 265, 266, 267, 268, 272, 273, 274, 277, 279, 281, 282, 283, 284, 286, 293, 296, 297, 300, 302, 304, 307, 309, 310, 311, 313, 316, 319, 320, 321, 322, 323, 326, 328, 329, 330, 331, 333, 335, 336, 337, 338, 339, 342, 347, 349, 350, 351, 352, 353, 354, 355, 356, 357, 358, 359, 360, 361, 362, 363, 364, 365, 366, 367, 368, 369, 370, 371, 372, 373, 374, 375, 376, 377, 379, 380, 381, 382, 383, 384, 385, 386, 387, 388, 389, 390, 392, 393, 395, 396, 398, 399, 400]","{7: [RollingMean(window_size=7)], 30: [RollingMean(window_size=30)], 60: [RollingMean(window_size=60)]}",lags_400_features_264,228.60896445147833,425.5981201505092,651.4075847881664,815.013712651307,903.5778597695986,989.1456597877092,1034.0077656093156,1364.8366854266078,2592.746507859902,5241.176244388403,5405.498207409163
SGD_ElasticNet,AutoDifferences(max_diffs=380) | LocalMinMaxScaler(stats_=[[-214.51499032  437.2315826 ]]),"[1, 2, 3, 4, 5, 6, 7, 8, 9, 10, 11, 12, 13, 14, 15, 16, 18, 19, 20, 21, 22, 23, 25, 26, 27, 28, 29, 30, 31, 32, 34, 36, 37, 38, 40, 42, 44, 45, 47, 48, 52, 53, 54, 59, 60, 61, 65, 67, 69, 70, 73, 74, 85, 91, 96, 98, 100, 102, 105, 106, 107, 109, 110, 111, 112, 113, 117, 118, 119, 120, 122, 124, 125, 127, 129, 130, 131, 134, 138, 139, 140, 141, 142, 144, 145, 146, 147, 149, 152, 153, 156, 157, 159, 161, 162, 163, 164, 165, 166, 168, 169, 170, 172, 173, 174, 175, 176, 177, 178, 179, 181, 183, 184, 186, 187, 188, 189, 190, 191, 192, 193, 194, 195, 196, 197, 199, 201, 202, 203, 204, 205, 206, 207, 208, 209, 210, 211, 213, 214, 215, 216, 217, 218, 219, 220, 221, 222, 226, 227, 228, 229, 230, 231, 232, 233, 234, 236, 238, 239, 240, 242, 245, 246, 248, 250, 251, 252, 254, 255, 258, 260, 263, 265, 266, 267, 268, 272, 273, 274, 277, 279, 281, 282, 283, 284, 286, 293, 296, 297, 300, 302, 304, 307, 309, 310, 311, 313, 316, 319, 320, 321, 322, 323, 326, 328, 329, 330, 331, 333, 335, 336, 337, 338, 339, 342, 347, 349, 350, 351, 352, 353, 354, 355, 356, 357, 358, 359, 360, 361, 362, 363, 364, 365, 366, 367, 368, 369, 370, 371, 372, 373, 374, 375, 376, 377, 379, 380, 381, 382, 383, 384, 385, 386, 387, 388, 389, 390, 392, 393, 395, 396, 398, 399, 400]","{7: [RollingMean(window_size=7)], 30: [RollingMean(window_size=30)], 60: [RollingMean(window_size=60)]}",lags_400_features_264,89.59992868850254,161.27624460623701,232.28668220046754,278.2822960152333,298.36125679112206,312.249018335409,309.9547737896321,413.5582541900879,827.4053792257923,1735.831033953183,1790.8235448406813
SGD_Lasso,AutoDifferences(max_diffs=380) | LocalMinMaxScaler(stats_=[[-214.51499032  437.2315826 ]]),"[1, 2, 3, 4, 5, 6, 7, 8, 9, 10, 11, 12, 13, 14, 15, 16, 18, 19, 20, 21, 22, 23, 25, 26, 27, 28, 29, 30, 31, 32, 34, 36, 37, 38, 40, 42, 44, 45, 47, 48, 52, 53, 54, 59, 60, 61, 65, 67, 69, 70, 73, 74, 85, 91, 96, 98, 100, 102, 105, 106, 107, 109, 110, 111, 112, 113, 117, 118, 119, 120, 122, 124, 125, 127, 129, 130, 131, 134, 138, 139, 140, 141, 142, 144, 145, 146, 147, 149, 152, 153, 156, 157, 159, 161, 162, 163, 164, 165, 166, 168, 169, 170, 172, 173, 174, 175, 176, 177, 178, 179, 181, 183, 184, 186, 187, 188, 189, 190, 191, 192, 193, 194, 195, 196, 197, 199, 201, 202, 203, 204, 205, 206, 207, 208, 209, 210, 211, 213, 214, 215, 216, 217, 218, 219, 220, 221, 222, 226, 227, 228, 229, 230, 231, 232, 233, 234, 236, 238, 239, 240, 242, 245, 246, 248, 250, 251, 252, 254, 255, 258, 260, 263, 265, 266, 267, 268, 272, 273, 274, 277, 279, 281, 282, 283, 284, 286, 293, 296, 297, 300, 302, 304, 307, 309, 310, 311, 313, 316, 319, 320, 321, 322, 323, 326, 328, 329, 330, 331, 333, 335, 336, 337, 338, 339, 342, 347, 349, 350, 351, 352, 353, 354, 355, 356, 357, 358, 359, 360, 361, 362, 363, 364, 365, 366, 367, 368, 369, 370, 371, 372, 373, 374, 375, 376, 377, 379, 380, 381, 382, 383, 384, 385, 386, 387, 388, 389, 390, 392, 393, 395, 396, 398, 399, 400]","{7: [RollingMean(window_size=7)], 30: [RollingMean(window_size=30)], 60: [RollingMean(window_size=60)]}",lags_400_features_264,50.7808773650817,98.8989895781705,146.15039711494,182.16096302229266,203.76966606095408,223.05698210232617,236.28431001368634,287.6699103035541,460.01705891837037,790.3513659301158,807.6335026418152
SGD_Ridge,AutoDifferences(max_diffs=380) | LocalMinMaxScaler(stats_=[[-214.51499032  437.2315826 ]]),"[1, 2, 3, 4, 5, 6, 7, 8, 9, 10, 11, 12, 13, 14, 15, 16, 18, 19, 20, 21, 22, 23, 25, 26, 27, 28, 29, 30, 31, 32, 34, 36, 37, 38, 40, 42, 44, 45, 47, 48, 52, 53, 54, 59, 60, 61, 65, 67, 69, 70, 73, 74, 85, 91, 96, 98, 100, 102, 105, 106, 107, 109, 110, 111, 112, 113, 117, 118, 119, 120, 122, 124, 125, 127, 129, 130, 131, 134, 138, 139, 140, 141, 142, 144, 145, 146, 147, 149, 152, 153, 156, 157, 159, 161, 162, 163, 164, 165, 166, 168, 169, 170, 172, 173, 174, 175, 176, 177, 178, 179, 181, 183, 184, 186, 187, 188, 189, 190, 191, 192, 193, 194, 195, 196, 197, 199, 201, 202, 203, 204, 205, 206, 207, 208, 209, 210, 211, 213, 214, 215, 216, 217, 218, 219, 220, 221, 222, 226, 227, 228, 229, 230, 231, 232, 233, 234, 236, 238, 239, 240, 242, 245, 246, 248, 250, 251, 252, 254, 255, 258, 260, 263, 265, 266, 267, 268, 272, 273, 274, 277, 279, 281, 282, 283, 284, 286, 293, 296, 297, 300, 302, 304, 307, 309, 310, 311, 313, 316, 319, 320, 321, 322, 323, 326, 328, 329, 330, 331, 333, 335, 336, 337, 338, 339, 342, 347, 349, 350, 351, 352, 353, 354, 355, 356, 357, 358, 359, 360, 361, 362, 363, 364, 365, 366, 367, 368, 369, 370, 371, 372, 373, 374, 375, 376, 377, 379, 380, 381, 382, 383, 384, 385, 386, 387, 388, 389, 390, 392, 393, 395, 396, 398, 399, 400]","{7: [RollingMean(window_size=7)], 30: [RollingMean(window_size=30)], 60: [RollingMean(window_size=60)]}",lags_400_features_264,261.3184606090877,416.7256577811007,526.760949397766,534.0552440047924,476.8122942217401,411.7964668916639,369.9111733516395,459.03235238856723,1182.7906446646107,2849.9263537319157,2937.048981773095
SGDRegressor,AutoDifferences(max_diffs=380) | LocalMinMaxScaler(stats_=[[-214.51499032  437.2315826 ]]),"[1, 2, 3, 4, 5, 6, 7, 8, 9, 10, 11, 12, 13, 14, 15, 16, 18, 19, 20, 21, 22, 23, 25, 26, 27, 28, 29, 30, 31, 32, 34, 36, 37, 38, 40, 42, 44, 45, 47, 48, 52, 53, 54, 59, 60, 61, 65, 67, 69, 70, 73, 74, 85, 91, 96, 98, 100, 102, 105, 106, 107, 109, 110, 111, 112, 113, 117, 118, 119, 120, 122, 124, 125, 127, 129, 130, 131, 134, 138, 139, 140, 141, 142, 144, 145, 146, 147, 149, 152, 153, 156, 157, 159, 161, 162, 163, 164, 165, 166, 168, 169, 170, 172, 173, 174, 175, 176, 177, 178, 179, 181, 183, 184, 186, 187, 188, 189, 190, 191, 192, 193, 194, 195, 196, 197, 199, 201, 202, 203, 204, 205, 206, 207, 208, 209, 210, 211, 213, 214, 215, 216, 217, 218, 219, 220, 221, 222, 226, 227, 228, 229, 230, 231, 232, 233, 234, 236, 238, 239, 240, 242, 245, 246, 248, 250, 251, 252, 254, 255, 258, 260, 263, 265, 266, 267, 268, 272, 273, 274, 277, 279, 281, 282, 283, 284, 286, 293, 296, 297, 300, 302, 304, 307, 309, 310, 311, 313, 316, 319, 320, 321, 322, 323, 326, 328, 329, 330, 331, 333, 335, 336, 337, 338, 339, 342, 347, 349, 350, 351, 352, 353, 354, 355, 356, 357, 358, 359, 360, 361, 362, 363, 364, 365, 366, 367, 368, 369, 370, 371, 372, 373, 374, 375, 376, 377, 379, 380, 381, 382, 383, 384, 385, 386, 387, 388, 389, 390, 392, 393, 395, 396, 398, 399, 400]","{7: [RollingMean(window_size=7)], 30: [RollingMean(window_size=30)], 60: [RollingMean(window_size=60)]}",lags_400_features_264,60.78287133233542,109.0488446390953,154.5167327969375,184.4519433476705,197.85002081643893,205.7493001610903,203.91320178430087,273.11112467868946,549.8146322364897,1161.7726536718515,1198.9036200369703
XGBRegressor,AutoDifferences(max_diffs=380) | LocalMinMaxScaler(stats_=[[-214.51499032  437.2315826 ]]),"[1, 2, 3, 4, 5, 6, 7, 8, 9, 10, 11, 12, 13, 14, 15, 16, 18, 19, 20, 21, 22, 23, 25, 26, 27, 28, 29, 30, 31, 32, 34, 36, 37, 38, 40, 42, 44, 45, 47, 48, 52, 53, 54, 59, 60, 61, 65, 67, 69, 70, 73, 74, 85, 91, 96, 98, 100, 102, 105, 106, 107, 109, 110, 111, 112, 113, 117, 118, 119, 120, 122, 124, 125, 127, 129, 130, 131, 134, 138, 139, 140, 141, 142, 144, 145, 146, 147, 149, 152, 153, 156, 157, 159, 161, 162, 163, 164, 165, 166, 168, 169, 170, 172, 173, 174, 175, 176, 177, 178, 179, 181, 183, 184, 186, 187, 188, 189, 190, 191, 192, 193, 194, 195, 196, 197, 199, 201, 202, 203, 204, 205, 206, 207, 208, 209, 210, 211, 213, 214, 215, 216, 217, 218, 219, 220, 221, 222, 226, 227, 228, 229, 230, 231, 232, 233, 234, 236, 238, 239, 240, 242, 245, 246, 248, 250, 251, 252, 254, 255, 258, 260, 263, 265, 266, 267, 268, 272, 273, 274, 277, 279, 281, 282, 283, 284, 286, 293, 296, 297, 300, 302, 304, 307, 309, 310, 311, 313, 316, 319, 320, 321, 322, 323, 326, 328, 329, 330, 331, 333, 335, 336, 337, 338, 339, 342, 347, 349, 350, 351, 352, 353, 354, 355, 356, 357, 358, 359, 360, 361, 362, 363, 364, 365, 366, 367, 368, 369, 370, 371, 372, 373, 374, 375, 376, 377, 379, 380, 381, 382, 383, 384, 385, 386, 387, 388, 389, 390, 392, 393, 395, 396, 398, 399, 400]","{7: [RollingMean(window_size=7)], 30: [RollingMean(window_size=30)], 60: [RollingMean(window_size=60)]}",lags_400_features_264,19.397778934515742,26.168563744550383,26.798095004853394,24.64226347378195,24.945962236661597,58.36027680224959,87.9572457755842,107.17491046584928,210.50734043798508,421.4048706127705,431.42582200405803
LGBMRegressor,AutoDifferences(max_diffs=380) | LocalMinMaxScaler(stats_=[[-214.51499032  437.2315826 ]]),"[1, 2, 3, 4, 5, 6, 7, 8, 9, 10, 11, 12, 13, 14, 15, 16, 18, 19, 20, 21, 22, 23, 25, 26, 27, 28, 29, 30, 31, 32, 34, 36, 37, 38, 40, 42, 44, 45, 47, 48, 52, 53, 54, 59, 60, 61, 65, 67, 69, 70, 73, 74, 85, 91, 96, 98, 100, 102, 105, 106, 107, 109, 110, 111, 112, 113, 117, 118, 119, 120, 122, 124, 125, 127, 129, 130, 131, 134, 138, 139, 140, 141, 142, 144, 145, 146, 147, 149, 152, 153, 156, 157, 159, 161, 162, 163, 164, 165, 166, 168, 169, 170, 172, 173, 174, 175, 176, 177, 178, 179, 181, 183, 184, 186, 187, 188, 189, 190, 191, 192, 193, 194, 195, 196, 197, 199, 201, 202, 203, 204, 205, 206, 207, 208, 209, 210, 211, 213, 214, 215, 216, 217, 218, 219, 220, 221, 222, 226, 227, 228, 229, 230, 231, 232, 233, 234, 236, 238, 239, 240, 242, 245, 246, 248, 250, 251, 252, 254, 255, 258, 260, 263, 265, 266, 267, 268, 272, 273, 274, 277, 279, 281, 282, 283, 284, 286, 293, 296, 297, 300, 302, 304, 307, 309, 310, 311, 313, 316, 319, 320, 321, 322, 323, 326, 328, 329, 330, 331, 333, 335, 336, 337, 338, 339, 342, 347, 349, 350, 351, 352, 353, 354, 355, 356, 357, 358, 359, 360, 361, 362, 363, 364, 365, 366, 367, 368, 369, 370, 371, 372, 373, 374, 375, 376, 377, 379, 380, 381, 382, 383, 384, 385, 386, 387, 388, 389, 390, 392, 393, 395, 396, 398, 399, 400]","{7: [RollingMean(window_size=7)], 30: [RollingMean(window_size=30)], 60: [RollingMean(window_size=60)]}",lags_400_features_264,21.255297052075672,24.488011452213012,29.84119535401223,48.55359709798094,75.54587208390065,123.2334896316923,166.10393604586224,307.8043131919596,648.0346743957626,1093.5142465235592,1108.4557671678956
SGD_EarlyStopping,AutoDifferences(max_diffs=380) | LocalMinMaxScaler(stats_=[[-214.51499032  437.2315826 ]]),"[1, 2, 3, 4, 5, 6, 7, 8, 9, 10, 11, 12, 13, 14, 15, 16, 18, 19, 20, 21, 22, 23, 25, 26, 27, 28, 29, 30, 31, 32, 34, 36, 37, 38, 40, 42, 44, 45, 47, 48, 52, 53, 54, 59, 60, 61, 65, 67, 69, 70, 73, 74, 85, 91, 96, 98, 100, 102, 105, 106, 107, 109, 110, 111, 112, 113, 117, 118, 119, 120, 122, 124, 125, 127, 129, 130, 131, 134, 138, 139, 140, 141, 142, 144, 145, 146, 147, 149, 152, 153, 156, 157, 159, 161, 162, 163, 164, 165, 166, 168, 169, 170, 172, 173, 174, 175, 176, 177, 178, 179, 181, 183, 184, 186, 187, 188, 189, 190, 191, 192, 193, 194, 195, 196, 197, 199, 201, 202, 203, 204, 205, 206, 207, 208, 209, 210, 211, 213, 214, 215, 216, 217, 218, 219, 220, 221, 222, 226, 227, 228, 229, 230, 231, 232, 233, 234, 236, 238, 239, 240, 242, 245, 246, 248, 250, 251, 252, 254, 255, 258, 260, 263, 265, 266, 267, 268, 272, 273, 274, 277, 279, 281, 282, 283, 284, 286, 293, 296, 297, 300, 302, 304, 307, 309, 310, 311, 313, 316, 319, 320, 321, 322, 323, 326, 328, 329, 330, 331, 333, 335, 336, 337, 338, 339, 342, 347, 349, 350, 351, 352, 353, 354, 355, 356, 357, 358, 359, 360, 361, 362, 363, 364, 365, 366, 367, 368, 369, 370, 371, 372, 373, 374, 375, 376, 377, 379, 380, 381, 382, 383, 384, 385, 386, 387, 388, 389, 390, 392, 393, 395, 396, 398, 399, 400]","{7: [RollingMean(window_size=7), RollingStd(window_size=7)], 30: [RollingMean(window_size=30)], 60: [ExpandingMean()], 14: [ExponentiallyWeightedMean(alpha=0.3)]}",lags_400_features_264,230.45823694653055,429.6868570368674,658.1263685127635,823.4962867912018,912.8532661458015,999.1232306058334,1044.084527586498,1377.821208336087,2616.980444082746,5288.556579092493,5454.203862000057
SGD_ElasticNet,AutoDifferences(max_diffs=380) | LocalMinMaxScaler(stats_=[[-214.51499032  437.2315826 ]]),"[1, 2, 3, 4, 5, 6, 7, 8, 9, 10, 11, 12, 13, 14, 15, 16, 18, 19, 20, 21, 22, 23, 25, 26, 27, 28, 29, 30, 31, 32, 34, 36, 37, 38, 40, 42, 44, 45, 47, 48, 52, 53, 54, 59, 60, 61, 65, 67, 69, 70, 73, 74, 85, 91, 96, 98, 100, 102, 105, 106, 107, 109, 110, 111, 112, 113, 117, 118, 119, 120, 122, 124, 125, 127, 129, 130, 131, 134, 138, 139, 140, 141, 142, 144, 145, 146, 147, 149, 152, 153, 156, 157, 159, 161, 162, 163, 164, 165, 166, 168, 169, 170, 172, 173, 174, 175, 176, 177, 178, 179, 181, 183, 184, 186, 187, 188, 189, 190, 191, 192, 193, 194, 195, 196, 197, 199, 201, 202, 203, 204, 205, 206, 207, 208, 209, 210, 211, 213, 214, 215, 216, 217, 218, 219, 220, 221, 222, 226, 227, 228, 229, 230, 231, 232, 233, 234, 236, 238, 239, 240, 242, 245, 246, 248, 250, 251, 252, 254, 255, 258, 260, 263, 265, 266, 267, 268, 272, 273, 274, 277, 279, 281, 282, 283, 284, 286, 293, 296, 297, 300, 302, 304, 307, 309, 310, 311, 313, 316, 319, 320, 321, 322, 323, 326, 328, 329, 330, 331, 333, 335, 336, 337, 338, 339, 342, 347, 349, 350, 351, 352, 353, 354, 355, 356, 357, 358, 359, 360, 361, 362, 363, 364, 365, 366, 367, 368, 369, 370, 371, 372, 373, 374, 375, 376, 377, 379, 380, 381, 382, 383, 384, 385, 386, 387, 388, 389, 390, 392, 393, 395, 396, 398, 399, 400]","{7: [RollingMean(window_size=7), RollingStd(window_size=7)], 30: [RollingMean(window_size=30)], 60: [ExpandingMean()], 14: [ExponentiallyWeightedMean(alpha=0.3)]}",lags_400_features_264,89.81700995316793,161.8414587154791,233.24548975178908,279.4703572712785,299.6163533114641,313.5412381297431,311.1705598614298,415.17114336502357,830.6700260082177,1741.9137032689775,1797.032387432129
SGD_Lasso,AutoDifferences(max_diffs=380) | LocalMinMaxScaler(stats_=[[-214.51499032  437.2315826 ]]),"[1, 2, 3, 4, 5, 6, 7, 8, 9, 10, 11, 12, 13, 14, 15, 16, 18, 19, 20, 21, 22, 23, 25, 26, 27, 28, 29, 30, 31, 32, 34, 36, 37, 38, 40, 42, 44, 45, 47, 48, 52, 53, 54, 59, 60, 61, 65, 67, 69, 70, 73, 74, 85, 91, 96, 98, 100, 102, 105, 106, 107, 109, 110, 111, 112, 113, 117, 118, 119, 120, 122, 124, 125, 127, 129, 130, 131, 134, 138, 139, 140, 141, 142, 144, 145, 146, 147, 149, 152, 153, 156, 157, 159, 161, 162, 163, 164, 165, 166, 168, 169, 170, 172, 173, 174, 175, 176, 177, 178, 179, 181, 183, 184, 186, 187, 188, 189, 190, 191, 192, 193, 194, 195, 196, 197, 199, 201, 202, 203, 204, 205, 206, 207, 208, 209, 210, 211, 213, 214, 215, 216, 217, 218, 219, 220, 221, 222, 226, 227, 228, 229, 230, 231, 232, 233, 234, 236, 238, 239, 240, 242, 245, 246, 248, 250, 251, 252, 254, 255, 258, 260, 263, 265, 266, 267, 268, 272, 273, 274, 277, 279, 281, 282, 283, 284, 286, 293, 296, 297, 300, 302, 304, 307, 309, 310, 311, 313, 316, 319, 320, 321, 322, 323, 326, 328, 329, 330, 331, 333, 335, 336, 337, 338, 339, 342, 347, 349, 350, 351, 352, 353, 354, 355, 356, 357, 358, 359, 360, 361, 362, 363, 364, 365, 366, 367, 368, 369, 370, 371, 372, 373, 374, 375, 376, 377, 379, 380, 381, 382, 383, 384, 385, 386, 387, 388, 389, 390, 392, 393, 395, 396, 398, 399, 400]","{7: [RollingMean(window_size=7), RollingStd(window_size=7)], 30: [RollingMean(window_size=30)], 60: [ExpandingMean()], 14: [ExponentiallyWeightedMean(alpha=0.3)]}",lags_400_features_264,50.7808773650817,98.8989895781705,146.15039711494,182.16096302229266,203.76966606095408,223.05698210232617,236.28431001368634,287.6699103035541,460.01705891837037,790.3513659301158,807.6335026418152
SGD_Ridge,AutoDifferences(max_diffs=380) | LocalMinMaxScaler(stats_=[[-214.51499032  437.2315826 ]]),"[1, 2, 3, 4, 5, 6, 7, 8, 9, 10, 11, 12, 13, 14, 15, 16, 18, 19, 20, 21, 22, 23, 25, 26, 27, 28, 29, 30, 31, 32, 34, 36, 37, 38, 40, 42, 44, 45, 47, 48, 52, 53, 54, 59, 60, 61, 65, 67, 69, 70, 73, 74, 85, 91, 96, 98, 100, 102, 105, 106, 107, 109, 110, 111, 112, 113, 117, 118, 119, 120, 122, 124, 125, 127, 129, 130, 131, 134, 138, 139, 140, 141, 142, 144, 145, 146, 147, 149, 152, 153, 156, 157, 159, 161, 162, 163, 164, 165, 166, 168, 169, 170, 172, 173, 174, 175, 176, 177, 178, 179, 181, 183, 184, 186, 187, 188, 189, 190, 191, 192, 193, 194, 195, 196, 197, 199, 201, 202, 203, 204, 205, 206, 207, 208, 209, 210, 211, 213, 214, 215, 216, 217, 218, 219, 220, 221, 222, 226, 227, 228, 229, 230, 231, 232, 233, 234, 236, 238, 239, 240, 242, 245, 246, 248, 250, 251, 252, 254, 255, 258, 260, 263, 265, 266, 267, 268, 272, 273, 274, 277, 279, 281, 282, 283, 284, 286, 293, 296, 297, 300, 302, 304, 307, 309, 310, 311, 313, 316, 319, 320, 321, 322, 323, 326, 328, 329, 330, 331, 333, 335, 336, 337, 338, 339, 342, 347, 349, 350, 351, 352, 353, 354, 355, 356, 357, 358, 359, 360, 361, 362, 363, 364, 365, 366, 367, 368, 369, 370, 371, 372, 373, 374, 375, 376, 377, 379, 380, 381, 382, 383, 384, 385, 386, 387, 388, 389, 390, 392, 393, 395, 396, 398, 399, 400]","{7: [RollingMean(window_size=7), RollingStd(window_size=7)], 30: [RollingMean(window_size=30)], 60: [ExpandingMean()], 14: [ExponentiallyWeightedMean(alpha=0.3)]}",lags_400_features_264,261.17237000042405,417.0024892957332,527.4738195813616,534.939060885837,477.6719368579252,412.49697105932046,370.3783640720461,460.07018437094496,1185.82055182441,2854.0868797135663,2941.1595234949314
SGDRegressor,AutoDifferences(max_diffs=380) | LocalMinMaxScaler(stats_=[[-214.51499032  437.2315826 ]]),"[1, 2, 3, 4, 5, 6, 7, 8, 9, 10, 11, 12, 13, 14, 15, 16, 18, 19, 20, 21, 22, 23, 25, 26, 27, 28, 29, 30, 31, 32, 34, 36, 37, 38, 40, 42, 44, 45, 47, 48, 52, 53, 54, 59, 60, 61, 65, 67, 69, 70, 73, 74, 85, 91, 96, 98, 100, 102, 105, 106, 107, 109, 110, 111, 112, 113, 117, 118, 119, 120, 122, 124, 125, 127, 129, 130, 131, 134, 138, 139, 140, 141, 142, 144, 145, 146, 147, 149, 152, 153, 156, 157, 159, 161, 162, 163, 164, 165, 166, 168, 169, 170, 172, 173, 174, 175, 176, 177, 178, 179, 181, 183, 184, 186, 187, 188, 189, 190, 191, 192, 193, 194, 195, 196, 197, 199, 201, 202, 203, 204, 205, 206, 207, 208, 209, 210, 211, 213, 214, 215, 216, 217, 218, 219, 220, 221, 222, 226, 227, 228, 229, 230, 231, 232, 233, 234, 236, 238, 239, 240, 242, 245, 246, 248, 250, 251, 252, 254, 255, 258, 260, 263, 265, 266, 267, 268, 272, 273, 274, 277, 279, 281, 282, 283, 284, 286, 293, 296, 297, 300, 302, 304, 307, 309, 310, 311, 313, 316, 319, 320, 321, 322, 323, 326, 328, 329, 330, 331, 333, 335, 336, 337, 338, 339, 342, 347, 349, 350, 351, 352, 353, 354, 355, 356, 357, 358, 359, 360, 361, 362, 363, 364, 365, 366, 367, 368, 369, 370, 371, 372, 373, 374, 375, 376, 377, 379, 380, 381, 382, 383, 384, 385, 386, 387, 388, 389, 390, 392, 393, 395, 396, 398, 399, 400]","{7: [RollingMean(window_size=7), RollingStd(window_size=7)], 30: [RollingMean(window_size=30)], 60: [ExpandingMean()], 14: [ExponentiallyWeightedMean(alpha=0.3)]}",lags_400_features_264,61.437367875533944,110.44273314966276,156.65160541321836,186.9579787704039,200.40672918279284,208.27816247369566,206.152333231261,276.23237038758026,556.9672377066821,1177.3562406215256,1214.9604564093763
XGBRegressor,AutoDifferences(max_diffs=380) | LocalMinMaxScaler(stats_=[[-214.51499032  437.2315826 ]]),"[1, 2, 3, 4, 5, 6, 7, 8, 9, 10, 11, 12, 13, 14, 15, 16, 18, 19, 20, 21, 22, 23, 25, 26, 27, 28, 29, 30, 31, 32, 34, 36, 37, 38, 40, 42, 44, 45, 47, 48, 52, 53, 54, 59, 60, 61, 65, 67, 69, 70, 73, 74, 85, 91, 96, 98, 100, 102, 105, 106, 107, 109, 110, 111, 112, 113, 117, 118, 119, 120, 122, 124, 125, 127, 129, 130, 131, 134, 138, 139, 140, 141, 142, 144, 145, 146, 147, 149, 152, 153, 156, 157, 159, 161, 162, 163, 164, 165, 166, 168, 169, 170, 172, 173, 174, 175, 176, 177, 178, 179, 181, 183, 184, 186, 187, 188, 189, 190, 191, 192, 193, 194, 195, 196, 197, 199, 201, 202, 203, 204, 205, 206, 207, 208, 209, 210, 211, 213, 214, 215, 216, 217, 218, 219, 220, 221, 222, 226, 227, 228, 229, 230, 231, 232, 233, 234, 236, 238, 239, 240, 242, 245, 246, 248, 250, 251, 252, 254, 255, 258, 260, 263, 265, 266, 267, 268, 272, 273, 274, 277, 279, 281, 282, 283, 284, 286, 293, 296, 297, 300, 302, 304, 307, 309, 310, 311, 313, 316, 319, 320, 321, 322, 323, 326, 328, 329, 330, 331, 333, 335, 336, 337, 338, 339, 342, 347, 349, 350, 351, 352, 353, 354, 355, 356, 357, 358, 359, 360, 361, 362, 363, 364, 365, 366, 367, 368, 369, 370, 371, 372, 373, 374, 375, 376, 377, 379, 380, 381, 382, 383, 384, 385, 386, 387, 388, 389, 390, 392, 393, 395, 396, 398, 399, 400]","{7: [RollingMean(window_size=7), RollingStd(window_size=7)], 30: [RollingMean(window_size=30)], 60: [ExpandingMean()], 14: [ExponentiallyWeightedMean(alpha=0.3)]}",lags_400_features_264,24.82465724357986,36.02358366609553,34.45435024244098,32.258213477532394,31.66270172106377,67.73365332921648,112.30669831218847,167.70326906754883,354.0452822077751,678.8000689663219,693.4054889448672
LGBMRegressor,AutoDifferences(max_diffs=380) | LocalMinMaxScaler(stats_=[[-214.51499032  437.2315826 ]]),"[1, 2, 3, 4, 5, 6, 7, 8, 9, 10, 11, 12, 13, 14, 15, 16, 18, 19, 20, 21, 22, 23, 25, 26, 27, 28, 29, 30, 31, 32, 34, 36, 37, 38, 40, 42, 44, 45, 47, 48, 52, 53, 54, 59, 60, 61, 65, 67, 69, 70, 73, 74, 85, 91, 96, 98, 100, 102, 105, 106, 107, 109, 110, 111, 112, 113, 117, 118, 119, 120, 122, 124, 125, 127, 129, 130, 131, 134, 138, 139, 140, 141, 142, 144, 145, 146, 147, 149, 152, 153, 156, 157, 159, 161, 162, 163, 164, 165, 166, 168, 169, 170, 172, 173, 174, 175, 176, 177, 178, 179, 181, 183, 184, 186, 187, 188, 189, 190, 191, 192, 193, 194, 195, 196, 197, 199, 201, 202, 203, 204, 205, 206, 207, 208, 209, 210, 211, 213, 214, 215, 216, 217, 218, 219, 220, 221, 222, 226, 227, 228, 229, 230, 231, 232, 233, 234, 236, 238, 239, 240, 242, 245, 246, 248, 250, 251, 252, 254, 255, 258, 260, 263, 265, 266, 267, 268, 272, 273, 274, 277, 279, 281, 282, 283, 284, 286, 293, 296, 297, 300, 302, 304, 307, 309, 310, 311, 313, 316, 319, 320, 321, 322, 323, 326, 328, 329, 330, 331, 333, 335, 336, 337, 338, 339, 342, 347, 349, 350, 351, 352, 353, 354, 355, 356, 357, 358, 359, 360, 361, 362, 363, 364, 365, 366, 367, 368, 369, 370, 371, 372, 373, 374, 375, 376, 377, 379, 380, 381, 382, 383, 384, 385, 386, 387, 388, 389, 390, 392, 393, 395, 396, 398, 399, 400]","{7: [RollingMean(window_size=7), RollingStd(window_size=7)], 30: [RollingMean(window_size=30)], 60: [ExpandingMean()], 14: [ExponentiallyWeightedMean(alpha=0.3)]}",lags_400_features_264,17.090975562332446,19.959339813982794,22.55530085460916,25.316571660645494,36.08973322458049,68.23810134683819,113.2256059286313,284.55275317909866,763.8393649225327,1550.4709594006918,1585.5652316055014
SGD_EarlyStopping,"AutoSeasonalDifferences(max_diffs=380, n_seasons=10, season_length=267) | LocalStandardScaler(stats_=[[47.42372721 38.3630083 ]])","[1, 2, 3, 4, 5, 6, 7, 8, 9, 10, 11, 12, 13, 14, 15, 16, 18, 19, 20, 21, 22, 23, 25, 26, 27, 28, 29, 30, 31, 32, 34, 36, 37, 38, 40, 42, 44, 45, 47, 48, 52, 53, 54, 59, 60, 61, 65, 67, 69, 70, 73, 74, 85, 91, 96, 98, 100, 102, 105, 106, 107, 109, 110, 111, 112, 113, 117, 118, 119, 120, 122, 124, 125, 127, 129, 130, 131, 134, 138, 139, 140, 141, 142, 144, 145, 146, 147, 149, 152, 153, 156, 157, 159, 161, 162, 163, 164, 165, 166, 168, 169, 170, 172, 173, 174, 175, 176, 177, 178, 179, 181, 183, 184, 186, 187, 188, 189, 190, 191, 192, 193, 194, 195, 196, 197, 199, 201, 202, 203, 204, 205, 206, 207, 208, 209, 210, 211, 213, 214, 215, 216, 217, 218, 219, 220, 221, 222, 226, 227, 228, 229, 230, 231, 232, 233, 234, 236, 238, 239, 240, 242, 245, 246, 248, 250, 251, 252, 254, 255, 258, 260, 263, 265, 266, 267, 268, 272, 273, 274, 277, 279, 281, 282, 283, 284, 286, 293, 296, 297, 300, 302, 304, 307, 309, 310, 311, 313, 316, 319, 320, 321, 322, 323, 326, 328, 329, 330, 331, 333, 335, 336, 337, 338, 339, 342, 347, 349, 350, 351, 352, 353, 354, 355, 356, 357, 358, 359, 360, 361, 362, 363, 364, 365, 366, 367, 368, 369, 370, 371, 372, 373, 374, 375, 376, 377, 379, 380, 381, 382, 383, 384, 385, 386, 387, 388, 389, 390, 392, 393, 395, 396, 398, 399, 400]","{1: [<function expanding_mean at 0x000002C58F7A04A0>], 7: [<function rolling_mean_14 at 0x000002C5930FAA20>], 30: [<function expanding_mean at 0x000002C58F7A04A0>]}",lags_400_features_264,49.47846263254221,66.94143027293646,70.2505685842403,71.42891384170727,70.53921251137956,69.68252952497213,68.09653458806663,77.57031000788368,95.60469878305943,112.56966917457045,112.91089365200473
SGD_ElasticNet,"AutoSeasonalDifferences(max_diffs=380, n_seasons=10, season_length=267) | LocalStandardScaler(stats_=[[47.42372721 38.3630083 ]])","[1, 2, 3, 4, 5, 6, 7, 8, 9, 10, 11, 12, 13, 14, 15, 16, 18, 19, 20, 21, 22, 23, 25, 26, 27, 28, 29, 30, 31, 32, 34, 36, 37, 38, 40, 42, 44, 45, 47, 48, 52, 53, 54, 59, 60, 61, 65, 67, 69, 70, 73, 74, 85, 91, 96, 98, 100, 102, 105, 106, 107, 109, 110, 111, 112, 113, 117, 118, 119, 120, 122, 124, 125, 127, 129, 130, 131, 134, 138, 139, 140, 141, 142, 144, 145, 146, 147, 149, 152, 153, 156, 157, 159, 161, 162, 163, 164, 165, 166, 168, 169, 170, 172, 173, 174, 175, 176, 177, 178, 179, 181, 183, 184, 186, 187, 188, 189, 190, 191, 192, 193, 194, 195, 196, 197, 199, 201, 202, 203, 204, 205, 206, 207, 208, 209, 210, 211, 213, 214, 215, 216, 217, 218, 219, 220, 221, 222, 226, 227, 228, 229, 230, 231, 232, 233, 234, 236, 238, 239, 240, 242, 245, 246, 248, 250, 251, 252, 254, 255, 258, 260, 263, 265, 266, 267, 268, 272, 273, 274, 277, 279, 281, 282, 283, 284, 286, 293, 296, 297, 300, 302, 304, 307, 309, 310, 311, 313, 316, 319, 320, 321, 322, 323, 326, 328, 329, 330, 331, 333, 335, 336, 337, 338, 339, 342, 347, 349, 350, 351, 352, 353, 354, 355, 356, 357, 358, 359, 360, 361, 362, 363, 364, 365, 366, 367, 368, 369, 370, 371, 372, 373, 374, 375, 376, 377, 379, 380, 381, 382, 383, 384, 385, 386, 387, 388, 389, 390, 392, 393, 395, 396, 398, 399, 400]","{1: [<function expanding_mean at 0x000002C58F7A04A0>], 7: [<function rolling_mean_14 at 0x000002C5930FAA20>], 30: [<function expanding_mean at 0x000002C58F7A04A0>]}",lags_400_features_264,58.69710289848733,48.8130747778232,63.755170966393074,61.76843219919503,59.86067746842924,63.995147284564894,62.9442564946311,62.397496081037026,79.65741680246668,104.35886316453329,103.6351229718379
SGD_Lasso,"AutoSeasonalDifferences(max_diffs=380, n_seasons=10, season_length=267) | LocalStandardScaler(stats_=[[47.42372721 38.3630083 ]])","[1, 2, 3, 4, 5, 6, 7, 8, 9, 10, 11, 12, 13, 14, 15, 16, 18, 19, 20, 21, 22, 23, 25, 26, 27, 28, 29, 30, 31, 32, 34, 36, 37, 38, 40, 42, 44, 45, 47, 48, 52, 53, 54, 59, 60, 61, 65, 67, 69, 70, 73, 74, 85, 91, 96, 98, 100, 102, 105, 106, 107, 109, 110, 111, 112, 113, 117, 118, 119, 120, 122, 124, 125, 127, 129, 130, 131, 134, 138, 139, 140, 141, 142, 144, 145, 146, 147, 149, 152, 153, 156, 157, 159, 161, 162, 163, 164, 165, 166, 168, 169, 170, 172, 173, 174, 175, 176, 177, 178, 179, 181, 183, 184, 186, 187, 188, 189, 190, 191, 192, 193, 194, 195, 196, 197, 199, 201, 202, 203, 204, 205, 206, 207, 208, 209, 210, 211, 213, 214, 215, 216, 217, 218, 219, 220, 221, 222, 226, 227, 228, 229, 230, 231, 232, 233, 234, 236, 238, 239, 240, 242, 245, 246, 248, 250, 251, 252, 254, 255, 258, 260, 263, 265, 266, 267, 268, 272, 273, 274, 277, 279, 281, 282, 283, 284, 286, 293, 296, 297, 300, 302, 304, 307, 309, 310, 311, 313, 316, 319, 320, 321, 322, 323, 326, 328, 329, 330, 331, 333, 335, 336, 337, 338, 339, 342, 347, 349, 350, 351, 352, 353, 354, 355, 356, 357, 358, 359, 360, 361, 362, 363, 364, 365, 366, 367, 368, 369, 370, 371, 372, 373, 374, 375, 376, 377, 379, 380, 381, 382, 383, 384, 385, 386, 387, 388, 389, 390, 392, 393, 395, 396, 398, 399, 400]","{1: [<function expanding_mean at 0x000002C58F7A04A0>], 7: [<function rolling_mean_14 at 0x000002C5930FAA20>], 30: [<function expanding_mean at 0x000002C58F7A04A0>]}",lags_400_features_264,119.14548458554842,103.77149442233085,102.08395774688732,91.04926196560366,76.4857034666081,67.71698172970517,61.930075094803996,56.18075610191639,72.186709178849,97.69672620078694,97.15062446619048
SGD_Ridge,"AutoSeasonalDifferences(max_diffs=380, n_seasons=10, season_length=267) | LocalStandardScaler(stats_=[[47.42372721 38.3630083 ]])","[1, 2, 3, 4, 5, 6, 7, 8, 9, 10, 11, 12, 13, 14, 15, 16, 18, 19, 20, 21, 22, 23, 25, 26, 27, 28, 29, 30, 31, 32, 34, 36, 37, 38, 40, 42, 44, 45, 47, 48, 52, 53, 54, 59, 60, 61, 65, 67, 69, 70, 73, 74, 85, 91, 96, 98, 100, 102, 105, 106, 107, 109, 110, 111, 112, 113, 117, 118, 119, 120, 122, 124, 125, 127, 129, 130, 131, 134, 138, 139, 140, 141, 142, 144, 145, 146, 147, 149, 152, 153, 156, 157, 159, 161, 162, 163, 164, 165, 166, 168, 169, 170, 172, 173, 174, 175, 176, 177, 178, 179, 181, 183, 184, 186, 187, 188, 189, 190, 191, 192, 193, 194, 195, 196, 197, 199, 201, 202, 203, 204, 205, 206, 207, 208, 209, 210, 211, 213, 214, 215, 216, 217, 218, 219, 220, 221, 222, 226, 227, 228, 229, 230, 231, 232, 233, 234, 236, 238, 239, 240, 242, 245, 246, 248, 250, 251, 252, 254, 255, 258, 260, 263, 265, 266, 267, 268, 272, 273, 274, 277, 279, 281, 282, 283, 284, 286, 293, 296, 297, 300, 302, 304, 307, 309, 310, 311, 313, 316, 319, 320, 321, 322, 323, 326, 328, 329, 330, 331, 333, 335, 336, 337, 338, 339, 342, 347, 349, 350, 351, 352, 353, 354, 355, 356, 357, 358, 359, 360, 361, 362, 363, 364, 365, 366, 367, 368, 369, 370, 371, 372, 373, 374, 375, 376, 377, 379, 380, 381, 382, 383, 384, 385, 386, 387, 388, 389, 390, 392, 393, 395, 396, 398, 399, 400]","{1: [<function expanding_mean at 0x000002C58F7A04A0>], 7: [<function rolling_mean_14 at 0x000002C5930FAA20>], 30: [<function expanding_mean at 0x000002C58F7A04A0>]}",lags_400_features_264,29.285165317803465,38.996252046122486,39.47994905463207,41.782092429681654,39.860628269016885,41.73587483799693,44.9858242475522,52.41821307355862,60.42250146091534,62.74963918916712,62.64836492237132
SGDRegressor,"AutoSeasonalDifferences(max_diffs=380, n_seasons=10, season_length=267) | LocalStandardScaler(stats_=[[47.42372721 38.3630083 ]])","[1, 2, 3, 4, 5, 6, 7, 8, 9, 10, 11, 12, 13, 14, 15, 16, 18, 19, 20, 21, 22, 23, 25, 26, 27, 28, 29, 30, 31, 32, 34, 36, 37, 38, 40, 42, 44, 45, 47, 48, 52, 53, 54, 59, 60, 61, 65, 67, 69, 70, 73, 74, 85, 91, 96, 98, 100, 102, 105, 106, 107, 109, 110, 111, 112, 113, 117, 118, 119, 120, 122, 124, 125, 127, 129, 130, 131, 134, 138, 139, 140, 141, 142, 144, 145, 146, 147, 149, 152, 153, 156, 157, 159, 161, 162, 163, 164, 165, 166, 168, 169, 170, 172, 173, 174, 175, 176, 177, 178, 179, 181, 183, 184, 186, 187, 188, 189, 190, 191, 192, 193, 194, 195, 196, 197, 199, 201, 202, 203, 204, 205, 206, 207, 208, 209, 210, 211, 213, 214, 215, 216, 217, 218, 219, 220, 221, 222, 226, 227, 228, 229, 230, 231, 232, 233, 234, 236, 238, 239, 240, 242, 245, 246, 248, 250, 251, 252, 254, 255, 258, 260, 263, 265, 266, 267, 268, 272, 273, 274, 277, 279, 281, 282, 283, 284, 286, 293, 296, 297, 300, 302, 304, 307, 309, 310, 311, 313, 316, 319, 320, 321, 322, 323, 326, 328, 329, 330, 331, 333, 335, 336, 337, 338, 339, 342, 347, 349, 350, 351, 352, 353, 354, 355, 356, 357, 358, 359, 360, 361, 362, 363, 364, 365, 366, 367, 368, 369, 370, 371, 372, 373, 374, 375, 376, 377, 379, 380, 381, 382, 383, 384, 385, 386, 387, 388, 389, 390, 392, 393, 395, 396, 398, 399, 400]","{1: [<function expanding_mean at 0x000002C58F7A04A0>], 7: [<function rolling_mean_14 at 0x000002C5930FAA20>], 30: [<function expanding_mean at 0x000002C58F7A04A0>]}",lags_400_features_264,66.21773525584337,53.325731365775056,68.34638633386366,65.9478097170534,63.52881990852133,67.03382602000248,65.40572683425816,64.58217889663341,83.0066647988296,111.30815322966396,110.74410345210397
XGBRegressor,"AutoSeasonalDifferences(max_diffs=380, n_seasons=10, season_length=267) | LocalStandardScaler(stats_=[[47.42372721 38.3630083 ]])","[1, 2, 3, 4, 5, 6, 7, 8, 9, 10, 11, 12, 13, 14, 15, 16, 18, 19, 20, 21, 22, 23, 25, 26, 27, 28, 29, 30, 31, 32, 34, 36, 37, 38, 40, 42, 44, 45, 47, 48, 52, 53, 54, 59, 60, 61, 65, 67, 69, 70, 73, 74, 85, 91, 96, 98, 100, 102, 105, 106, 107, 109, 110, 111, 112, 113, 117, 118, 119, 120, 122, 124, 125, 127, 129, 130, 131, 134, 138, 139, 140, 141, 142, 144, 145, 146, 147, 149, 152, 153, 156, 157, 159, 161, 162, 163, 164, 165, 166, 168, 169, 170, 172, 173, 174, 175, 176, 177, 178, 179, 181, 183, 184, 186, 187, 188, 189, 190, 191, 192, 193, 194, 195, 196, 197, 199, 201, 202, 203, 204, 205, 206, 207, 208, 209, 210, 211, 213, 214, 215, 216, 217, 218, 219, 220, 221, 222, 226, 227, 228, 229, 230, 231, 232, 233, 234, 236, 238, 239, 240, 242, 245, 246, 248, 250, 251, 252, 254, 255, 258, 260, 263, 265, 266, 267, 268, 272, 273, 274, 277, 279, 281, 282, 283, 284, 286, 293, 296, 297, 300, 302, 304, 307, 309, 310, 311, 313, 316, 319, 320, 321, 322, 323, 326, 328, 329, 330, 331, 333, 335, 336, 337, 338, 339, 342, 347, 349, 350, 351, 352, 353, 354, 355, 356, 357, 358, 359, 360, 361, 362, 363, 364, 365, 366, 367, 368, 369, 370, 371, 372, 373, 374, 375, 376, 377, 379, 380, 381, 382, 383, 384, 385, 386, 387, 388, 389, 390, 392, 393, 395, 396, 398, 399, 400]","{1: [<function expanding_mean at 0x000002C58F7A04A0>], 7: [<function rolling_mean_14 at 0x000002C5930FAA20>], 30: [<function expanding_mean at 0x000002C58F7A04A0>]}",lags_400_features_264,12.624917302523079,18.25268217394519,20.363056470403123,19.66368641797058,19.35666818760051,20.77876206699024,29.993152227710112,36.575001172749516,48.09547900444207,57.3516242884362,56.85644059099302
LGBMRegressor,"AutoSeasonalDifferences(max_diffs=380, n_seasons=10, season_length=267) | LocalStandardScaler(stats_=[[47.42372721 38.3630083 ]])","[1, 2, 3, 4, 5, 6, 7, 8, 9, 10, 11, 12, 13, 14, 15, 16, 18, 19, 20, 21, 22, 23, 25, 26, 27, 28, 29, 30, 31, 32, 34, 36, 37, 38, 40, 42, 44, 45, 47, 48, 52, 53, 54, 59, 60, 61, 65, 67, 69, 70, 73, 74, 85, 91, 96, 98, 100, 102, 105, 106, 107, 109, 110, 111, 112, 113, 117, 118, 119, 120, 122, 124, 125, 127, 129, 130, 131, 134, 138, 139, 140, 141, 142, 144, 145, 146, 147, 149, 152, 153, 156, 157, 159, 161, 162, 163, 164, 165, 166, 168, 169, 170, 172, 173, 174, 175, 176, 177, 178, 179, 181, 183, 184, 186, 187, 188, 189, 190, 191, 192, 193, 194, 195, 196, 197, 199, 201, 202, 203, 204, 205, 206, 207, 208, 209, 210, 211, 213, 214, 215, 216, 217, 218, 219, 220, 221, 222, 226, 227, 228, 229, 230, 231, 232, 233, 234, 236, 238, 239, 240, 242, 245, 246, 248, 250, 251, 252, 254, 255, 258, 260, 263, 265, 266, 267, 268, 272, 273, 274, 277, 279, 281, 282, 283, 284, 286, 293, 296, 297, 300, 302, 304, 307, 309, 310, 311, 313, 316, 319, 320, 321, 322, 323, 326, 328, 329, 330, 331, 333, 335, 336, 337, 338, 339, 342, 347, 349, 350, 351, 352, 353, 354, 355, 356, 357, 358, 359, 360, 361, 362, 363, 364, 365, 366, 367, 368, 369, 370, 371, 372, 373, 374, 375, 376, 377, 379, 380, 381, 382, 383, 384, 385, 386, 387, 388, 389, 390, 392, 393, 395, 396, 398, 399, 400]","{1: [<function expanding_mean at 0x000002C58F7A04A0>], 7: [<function rolling_mean_14 at 0x000002C5930FAA20>], 30: [<function expanding_mean at 0x000002C58F7A04A0>]}",lags_400_features_264,11.6870834344765,18.700122665846468,19.816667478102108,19.17725938019093,18.78479868219358,22.46384330174759,29.631306540825943,33.49264609427665,44.417971910248184,46.88566515915034,46.458732155477975
SGD_EarlyStopping,"AutoSeasonalDifferences(max_diffs=380, n_seasons=10, season_length=267) | LocalStandardScaler(stats_=[[47.42372721 38.3630083 ]])","[1, 2, 3, 4, 5, 6, 7, 8, 9, 10, 11, 12, 13, 14, 15, 16, 18, 19, 20, 21, 22, 23, 25, 26, 27, 28, 29, 30, 31, 32, 34, 36, 37, 38, 40, 42, 44, 45, 47, 48, 52, 53, 54, 59, 60, 61, 65, 67, 69, 70, 73, 74, 85, 91, 96, 98, 100, 102, 105, 106, 107, 109, 110, 111, 112, 113, 117, 118, 119, 120, 122, 124, 125, 127, 129, 130, 131, 134, 138, 139, 140, 141, 142, 144, 145, 146, 147, 149, 152, 153, 156, 157, 159, 161, 162, 163, 164, 165, 166, 168, 169, 170, 172, 173, 174, 175, 176, 177, 178, 179, 181, 183, 184, 186, 187, 188, 189, 190, 191, 192, 193, 194, 195, 196, 197, 199, 201, 202, 203, 204, 205, 206, 207, 208, 209, 210, 211, 213, 214, 215, 216, 217, 218, 219, 220, 221, 222, 226, 227, 228, 229, 230, 231, 232, 233, 234, 236, 238, 239, 240, 242, 245, 246, 248, 250, 251, 252, 254, 255, 258, 260, 263, 265, 266, 267, 268, 272, 273, 274, 277, 279, 281, 282, 283, 284, 286, 293, 296, 297, 300, 302, 304, 307, 309, 310, 311, 313, 316, 319, 320, 321, 322, 323, 326, 328, 329, 330, 331, 333, 335, 336, 337, 338, 339, 342, 347, 349, 350, 351, 352, 353, 354, 355, 356, 357, 358, 359, 360, 361, 362, 363, 364, 365, 366, 367, 368, 369, 370, 371, 372, 373, 374, 375, 376, 377, 379, 380, 381, 382, 383, 384, 385, 386, 387, 388, 389, 390, 392, 393, 395, 396, 398, 399, 400]","{1: [<function rolling_mean_14 at 0x000002C5930FAA20>], 7: [<function rolling_mean_30 at 0x000002C58DBF9260>], 30: [<function expanding_mean at 0x000002C58F7A04A0>]}",lags_400_features_264,49.588842588398094,67.20473121506612,70.45711696090893,71.67465223198175,70.79552736145874,69.89305973784965,68.30425867015457,77.90707659063767,96.07428946721937,113.21136851574975,113.58629604155155
SGD_ElasticNet,"AutoSeasonalDifferences(max_diffs=380, n_seasons=10, season_length=267) | LocalStandardScaler(stats_=[[47.42372721 38.3630083 ]])","[1, 2, 3, 4, 5, 6, 7, 8, 9, 10, 11, 12, 13, 14, 15, 16, 18, 19, 20, 21, 22, 23, 25, 26, 27, 28, 29, 30, 31, 32, 34, 36, 37, 38, 40, 42, 44, 45, 47, 48, 52, 53, 54, 59, 60, 61, 65, 67, 69, 70, 73, 74, 85, 91, 96, 98, 100, 102, 105, 106, 107, 109, 110, 111, 112, 113, 117, 118, 119, 120, 122, 124, 125, 127, 129, 130, 131, 134, 138, 139, 140, 141, 142, 144, 145, 146, 147, 149, 152, 153, 156, 157, 159, 161, 162, 163, 164, 165, 166, 168, 169, 170, 172, 173, 174, 175, 176, 177, 178, 179, 181, 183, 184, 186, 187, 188, 189, 190, 191, 192, 193, 194, 195, 196, 197, 199, 201, 202, 203, 204, 205, 206, 207, 208, 209, 210, 211, 213, 214, 215, 216, 217, 218, 219, 220, 221, 222, 226, 227, 228, 229, 230, 231, 232, 233, 234, 236, 238, 239, 240, 242, 245, 246, 248, 250, 251, 252, 254, 255, 258, 260, 263, 265, 266, 267, 268, 272, 273, 274, 277, 279, 281, 282, 283, 284, 286, 293, 296, 297, 300, 302, 304, 307, 309, 310, 311, 313, 316, 319, 320, 321, 322, 323, 326, 328, 329, 330, 331, 333, 335, 336, 337, 338, 339, 342, 347, 349, 350, 351, 352, 353, 354, 355, 356, 357, 358, 359, 360, 361, 362, 363, 364, 365, 366, 367, 368, 369, 370, 371, 372, 373, 374, 375, 376, 377, 379, 380, 381, 382, 383, 384, 385, 386, 387, 388, 389, 390, 392, 393, 395, 396, 398, 399, 400]","{1: [<function rolling_mean_14 at 0x000002C5930FAA20>], 7: [<function rolling_mean_30 at 0x000002C58DBF9260>], 30: [<function expanding_mean at 0x000002C58F7A04A0>]}",lags_400_features_264,58.67848621460337,48.82249802425077,63.771835130570324,61.772535265698856,59.85762878751213,63.9997371348615,62.94903520239926,62.40034570071031,79.66115077891124,104.3364706626039,103.61419658256521
SGD_Lasso,"AutoSeasonalDifferences(max_diffs=380, n_seasons=10, season_length=267) | LocalStandardScaler(stats_=[[47.42372721 38.3630083 ]])","[1, 2, 3, 4, 5, 6, 7, 8, 9, 10, 11, 12, 13, 14, 15, 16, 18, 19, 20, 21, 22, 23, 25, 26, 27, 28, 29, 30, 31, 32, 34, 36, 37, 38, 40, 42, 44, 45, 47, 48, 52, 53, 54, 59, 60, 61, 65, 67, 69, 70, 73, 74, 85, 91, 96, 98, 100, 102, 105, 106, 107, 109, 110, 111, 112, 113, 117, 118, 119, 120, 122, 124, 125, 127, 129, 130, 131, 134, 138, 139, 140, 141, 142, 144, 145, 146, 147, 149, 152, 153, 156, 157, 159, 161, 162, 163, 164, 165, 166, 168, 169, 170, 172, 173, 174, 175, 176, 177, 178, 179, 181, 183, 184, 186, 187, 188, 189, 190, 191, 192, 193, 194, 195, 196, 197, 199, 201, 202, 203, 204, 205, 206, 207, 208, 209, 210, 211, 213, 214, 215, 216, 217, 218, 219, 220, 221, 222, 226, 227, 228, 229, 230, 231, 232, 233, 234, 236, 238, 239, 240, 242, 245, 246, 248, 250, 251, 252, 254, 255, 258, 260, 263, 265, 266, 267, 268, 272, 273, 274, 277, 279, 281, 282, 283, 284, 286, 293, 296, 297, 300, 302, 304, 307, 309, 310, 311, 313, 316, 319, 320, 321, 322, 323, 326, 328, 329, 330, 331, 333, 335, 336, 337, 338, 339, 342, 347, 349, 350, 351, 352, 353, 354, 355, 356, 357, 358, 359, 360, 361, 362, 363, 364, 365, 366, 367, 368, 369, 370, 371, 372, 373, 374, 375, 376, 377, 379, 380, 381, 382, 383, 384, 385, 386, 387, 388, 389, 390, 392, 393, 395, 396, 398, 399, 400]","{1: [<function rolling_mean_14 at 0x000002C5930FAA20>], 7: [<function rolling_mean_30 at 0x000002C58DBF9260>], 30: [<function expanding_mean at 0x000002C58F7A04A0>]}",lags_400_features_264,119.14548458554842,103.77149442233085,102.08395774688732,91.04926196560366,76.4857034666081,67.71698172970517,61.930075094803996,56.18075610191639,72.186709178849,97.69672620078694,97.15062446619048
SGD_Ridge,"AutoSeasonalDifferences(max_diffs=380, n_seasons=10, season_length=267) | LocalStandardScaler(stats_=[[47.42372721 38.3630083 ]])","[1, 2, 3, 4, 5, 6, 7, 8, 9, 10, 11, 12, 13, 14, 15, 16, 18, 19, 20, 21, 22, 23, 25, 26, 27, 28, 29, 30, 31, 32, 34, 36, 37, 38, 40, 42, 44, 45, 47, 48, 52, 53, 54, 59, 60, 61, 65, 67, 69, 70, 73, 74, 85, 91, 96, 98, 100, 102, 105, 106, 107, 109, 110, 111, 112, 113, 117, 118, 119, 120, 122, 124, 125, 127, 129, 130, 131, 134, 138, 139, 140, 141, 142, 144, 145, 146, 147, 149, 152, 153, 156, 157, 159, 161, 162, 163, 164, 165, 166, 168, 169, 170, 172, 173, 174, 175, 176, 177, 178, 179, 181, 183, 184, 186, 187, 188, 189, 190, 191, 192, 193, 194, 195, 196, 197, 199, 201, 202, 203, 204, 205, 206, 207, 208, 209, 210, 211, 213, 214, 215, 216, 217, 218, 219, 220, 221, 222, 226, 227, 228, 229, 230, 231, 232, 233, 234, 236, 238, 239, 240, 242, 245, 246, 248, 250, 251, 252, 254, 255, 258, 260, 263, 265, 266, 267, 268, 272, 273, 274, 277, 279, 281, 282, 283, 284, 286, 293, 296, 297, 300, 302, 304, 307, 309, 310, 311, 313, 316, 319, 320, 321, 322, 323, 326, 328, 329, 330, 331, 333, 335, 336, 337, 338, 339, 342, 347, 349, 350, 351, 352, 353, 354, 355, 356, 357, 358, 359, 360, 361, 362, 363, 364, 365, 366, 367, 368, 369, 370, 371, 372, 373, 374, 375, 376, 377, 379, 380, 381, 382, 383, 384, 385, 386, 387, 388, 389, 390, 392, 393, 395, 396, 398, 399, 400]","{1: [<function rolling_mean_14 at 0x000002C5930FAA20>], 7: [<function rolling_mean_30 at 0x000002C58DBF9260>], 30: [<function expanding_mean at 0x000002C58F7A04A0>]}",lags_400_features_264,29.43722508833923,39.178461245646986,39.67035729255851,41.990072358861504,40.05450478421821,41.89817120413133,45.136914532229625,52.60966822407694,60.6405824317566,63.187564638828775,63.104816596823575
SGDRegressor,"AutoSeasonalDifferences(max_diffs=380, n_seasons=10, season_length=267) | LocalStandardScaler(stats_=[[47.42372721 38.3630083 ]])","[1, 2, 3, 4, 5, 6, 7, 8, 9, 10, 11, 12, 13, 14, 15, 16, 18, 19, 20, 21, 22, 23, 25, 26, 27, 28, 29, 30, 31, 32, 34, 36, 37, 38, 40, 42, 44, 45, 47, 48, 52, 53, 54, 59, 60, 61, 65, 67, 69, 70, 73, 74, 85, 91, 96, 98, 100, 102, 105, 106, 107, 109, 110, 111, 112, 113, 117, 118, 119, 120, 122, 124, 125, 127, 129, 130, 131, 134, 138, 139, 140, 141, 142, 144, 145, 146, 147, 149, 152, 153, 156, 157, 159, 161, 162, 163, 164, 165, 166, 168, 169, 170, 172, 173, 174, 175, 176, 177, 178, 179, 181, 183, 184, 186, 187, 188, 189, 190, 191, 192, 193, 194, 195, 196, 197, 199, 201, 202, 203, 204, 205, 206, 207, 208, 209, 210, 211, 213, 214, 215, 216, 217, 218, 219, 220, 221, 222, 226, 227, 228, 229, 230, 231, 232, 233, 234, 236, 238, 239, 240, 242, 245, 246, 248, 250, 251, 252, 254, 255, 258, 260, 263, 265, 266, 267, 268, 272, 273, 274, 277, 279, 281, 282, 283, 284, 286, 293, 296, 297, 300, 302, 304, 307, 309, 310, 311, 313, 316, 319, 320, 321, 322, 323, 326, 328, 329, 330, 331, 333, 335, 336, 337, 338, 339, 342, 347, 349, 350, 351, 352, 353, 354, 355, 356, 357, 358, 359, 360, 361, 362, 363, 364, 365, 366, 367, 368, 369, 370, 371, 372, 373, 374, 375, 376, 377, 379, 380, 381, 382, 383, 384, 385, 386, 387, 388, 389, 390, 392, 393, 395, 396, 398, 399, 400]","{1: [<function rolling_mean_14 at 0x000002C5930FAA20>], 7: [<function rolling_mean_30 at 0x000002C58DBF9260>], 30: [<function expanding_mean at 0x000002C58F7A04A0>]}",lags_400_features_264,66.17711763889731,53.33691351353348,68.34724225890373,65.95015536263953,63.52205879360545,67.03626341450546,65.40994788015347,64.58716342659528,83.01140867714314,111.29810167960376,110.73914228823385
XGBRegressor,"AutoSeasonalDifferences(max_diffs=380, n_seasons=10, season_length=267) | LocalStandardScaler(stats_=[[47.42372721 38.3630083 ]])","[1, 2, 3, 4, 5, 6, 7, 8, 9, 10, 11, 12, 13, 14, 15, 16, 18, 19, 20, 21, 22, 23, 25, 26, 27, 28, 29, 30, 31, 32, 34, 36, 37, 38, 40, 42, 44, 45, 47, 48, 52, 53, 54, 59, 60, 61, 65, 67, 69, 70, 73, 74, 85, 91, 96, 98, 100, 102, 105, 106, 107, 109, 110, 111, 112, 113, 117, 118, 119, 120, 122, 124, 125, 127, 129, 130, 131, 134, 138, 139, 140, 141, 142, 144, 145, 146, 147, 149, 152, 153, 156, 157, 159, 161, 162, 163, 164, 165, 166, 168, 169, 170, 172, 173, 174, 175, 176, 177, 178, 179, 181, 183, 184, 186, 187, 188, 189, 190, 191, 192, 193, 194, 195, 196, 197, 199, 201, 202, 203, 204, 205, 206, 207, 208, 209, 210, 211, 213, 214, 215, 216, 217, 218, 219, 220, 221, 222, 226, 227, 228, 229, 230, 231, 232, 233, 234, 236, 238, 239, 240, 242, 245, 246, 248, 250, 251, 252, 254, 255, 258, 260, 263, 265, 266, 267, 268, 272, 273, 274, 277, 279, 281, 282, 283, 284, 286, 293, 296, 297, 300, 302, 304, 307, 309, 310, 311, 313, 316, 319, 320, 321, 322, 323, 326, 328, 329, 330, 331, 333, 335, 336, 337, 338, 339, 342, 347, 349, 350, 351, 352, 353, 354, 355, 356, 357, 358, 359, 360, 361, 362, 363, 364, 365, 366, 367, 368, 369, 370, 371, 372, 373, 374, 375, 376, 377, 379, 380, 381, 382, 383, 384, 385, 386, 387, 388, 389, 390, 392, 393, 395, 396, 398, 399, 400]","{1: [<function rolling_mean_14 at 0x000002C5930FAA20>], 7: [<function rolling_mean_30 at 0x000002C58DBF9260>], 30: [<function expanding_mean at 0x000002C58F7A04A0>]}",lags_400_features_264,10.859201814136897,17.641758937410717,19.47967730991452,19.048135733961775,19.88498742042617,18.942773554273668,22.786783723347316,31.454218620264395,44.341118107956504,50.00415094937119,49.35443403077478
LGBMRegressor,"AutoSeasonalDifferences(max_diffs=380, n_seasons=10, season_length=267) | LocalStandardScaler(stats_=[[47.42372721 38.3630083 ]])","[1, 2, 3, 4, 5, 6, 7, 8, 9, 10, 11, 12, 13, 14, 15, 16, 18, 19, 20, 21, 22, 23, 25, 26, 27, 28, 29, 30, 31, 32, 34, 36, 37, 38, 40, 42, 44, 45, 47, 48, 52, 53, 54, 59, 60, 61, 65, 67, 69, 70, 73, 74, 85, 91, 96, 98, 100, 102, 105, 106, 107, 109, 110, 111, 112, 113, 117, 118, 119, 120, 122, 124, 125, 127, 129, 130, 131, 134, 138, 139, 140, 141, 142, 144, 145, 146, 147, 149, 152, 153, 156, 157, 159, 161, 162, 163, 164, 165, 166, 168, 169, 170, 172, 173, 174, 175, 176, 177, 178, 179, 181, 183, 184, 186, 187, 188, 189, 190, 191, 192, 193, 194, 195, 196, 197, 199, 201, 202, 203, 204, 205, 206, 207, 208, 209, 210, 211, 213, 214, 215, 216, 217, 218, 219, 220, 221, 222, 226, 227, 228, 229, 230, 231, 232, 233, 234, 236, 238, 239, 240, 242, 245, 246, 248, 250, 251, 252, 254, 255, 258, 260, 263, 265, 266, 267, 268, 272, 273, 274, 277, 279, 281, 282, 283, 284, 286, 293, 296, 297, 300, 302, 304, 307, 309, 310, 311, 313, 316, 319, 320, 321, 322, 323, 326, 328, 329, 330, 331, 333, 335, 336, 337, 338, 339, 342, 347, 349, 350, 351, 352, 353, 354, 355, 356, 357, 358, 359, 360, 361, 362, 363, 364, 365, 366, 367, 368, 369, 370, 371, 372, 373, 374, 375, 376, 377, 379, 380, 381, 382, 383, 384, 385, 386, 387, 388, 389, 390, 392, 393, 395, 396, 398, 399, 400]","{1: [<function rolling_mean_14 at 0x000002C5930FAA20>], 7: [<function rolling_mean_30 at 0x000002C58DBF9260>], 30: [<function expanding_mean at 0x000002C58F7A04A0>]}",lags_400_features_264,10.841283599922871,17.85049810142924,19.554222844207533,19.601275227827326,19.757936867800613,21.83270012951429,30.01732072945007,33.830554125558834,43.11714020545629,43.8621944829858,43.16369425744066
SGD_EarlyStopping,"AutoSeasonalDifferences(max_diffs=380, n_seasons=10, season_length=267) | LocalStandardScaler(stats_=[[47.42372721 38.3630083 ]])","[1, 2, 3, 4, 5, 6, 7, 8, 9, 10, 11, 12, 13, 14, 15, 16, 18, 19, 20, 21, 22, 23, 25, 26, 27, 28, 29, 30, 31, 32, 34, 36, 37, 38, 40, 42, 44, 45, 47, 48, 52, 53, 54, 59, 60, 61, 65, 67, 69, 70, 73, 74, 85, 91, 96, 98, 100, 102, 105, 106, 107, 109, 110, 111, 112, 113, 117, 118, 119, 120, 122, 124, 125, 127, 129, 130, 131, 134, 138, 139, 140, 141, 142, 144, 145, 146, 147, 149, 152, 153, 156, 157, 159, 161, 162, 163, 164, 165, 166, 168, 169, 170, 172, 173, 174, 175, 176, 177, 178, 179, 181, 183, 184, 186, 187, 188, 189, 190, 191, 192, 193, 194, 195, 196, 197, 199, 201, 202, 203, 204, 205, 206, 207, 208, 209, 210, 211, 213, 214, 215, 216, 217, 218, 219, 220, 221, 222, 226, 227, 228, 229, 230, 231, 232, 233, 234, 236, 238, 239, 240, 242, 245, 246, 248, 250, 251, 252, 254, 255, 258, 260, 263, 265, 266, 267, 268, 272, 273, 274, 277, 279, 281, 282, 283, 284, 286, 293, 296, 297, 300, 302, 304, 307, 309, 310, 311, 313, 316, 319, 320, 321, 322, 323, 326, 328, 329, 330, 331, 333, 335, 336, 337, 338, 339, 342, 347, 349, 350, 351, 352, 353, 354, 355, 356, 357, 358, 359, 360, 361, 362, 363, 364, 365, 366, 367, 368, 369, 370, 371, 372, 373, 374, 375, 376, 377, 379, 380, 381, 382, 383, 384, 385, 386, 387, 388, 389, 390, 392, 393, 395, 396, 398, 399, 400]","{7: [RollingMean(window_size=7)], 30: [RollingMean(window_size=30)], 60: [RollingMean(window_size=60)]}",lags_400_features_264,49.328567226310035,66.6562354078511,69.96287281849828,71.0612208698747,70.18873753643335,69.41927053480424,67.9138967256643,77.425753218562,95.4812355707605,112.13802466082505,112.4489399036945
SGD_ElasticNet,"AutoSeasonalDifferences(max_diffs=380, n_seasons=10, season_length=267) | LocalStandardScaler(stats_=[[47.42372721 38.3630083 ]])","[1, 2, 3, 4, 5, 6, 7, 8, 9, 10, 11, 12, 13, 14, 15, 16, 18, 19, 20, 21, 22, 23, 25, 26, 27, 28, 29, 30, 31, 32, 34, 36, 37, 38, 40, 42, 44, 45, 47, 48, 52, 53, 54, 59, 60, 61, 65, 67, 69, 70, 73, 74, 85, 91, 96, 98, 100, 102, 105, 106, 107, 109, 110, 111, 112, 113, 117, 118, 119, 120, 122, 124, 125, 127, 129, 130, 131, 134, 138, 139, 140, 141, 142, 144, 145, 146, 147, 149, 152, 153, 156, 157, 159, 161, 162, 163, 164, 165, 166, 168, 169, 170, 172, 173, 174, 175, 176, 177, 178, 179, 181, 183, 184, 186, 187, 188, 189, 190, 191, 192, 193, 194, 195, 196, 197, 199, 201, 202, 203, 204, 205, 206, 207, 208, 209, 210, 211, 213, 214, 215, 216, 217, 218, 219, 220, 221, 222, 226, 227, 228, 229, 230, 231, 232, 233, 234, 236, 238, 239, 240, 242, 245, 246, 248, 250, 251, 252, 254, 255, 258, 260, 263, 265, 266, 267, 268, 272, 273, 274, 277, 279, 281, 282, 283, 284, 286, 293, 296, 297, 300, 302, 304, 307, 309, 310, 311, 313, 316, 319, 320, 321, 322, 323, 326, 328, 329, 330, 331, 333, 335, 336, 337, 338, 339, 342, 347, 349, 350, 351, 352, 353, 354, 355, 356, 357, 358, 359, 360, 361, 362, 363, 364, 365, 366, 367, 368, 369, 370, 371, 372, 373, 374, 375, 376, 377, 379, 380, 381, 382, 383, 384, 385, 386, 387, 388, 389, 390, 392, 393, 395, 396, 398, 399, 400]","{7: [RollingMean(window_size=7)], 30: [RollingMean(window_size=30)], 60: [RollingMean(window_size=60)]}",lags_400_features_264,58.932655590263586,48.83596401945932,63.96553151446418,61.84896024739075,59.871327920958336,64.06162301588765,63.02658864703407,62.5377613297734,79.94968623304281,104.77780774196657,104.04462717549549
SGD_Lasso,"AutoSeasonalDifferences(max_diffs=380, n_seasons=10, season_length=267) | LocalStandardScaler(stats_=[[47.42372721 38.3630083 ]])","[1, 2, 3, 4, 5, 6, 7, 8, 9, 10, 11, 12, 13, 14, 15, 16, 18, 19, 20, 21, 22, 23, 25, 26, 27, 28, 29, 30, 31, 32, 34, 36, 37, 38, 40, 42, 44, 45, 47, 48, 52, 53, 54, 59, 60, 61, 65, 67, 69, 70, 73, 74, 85, 91, 96, 98, 100, 102, 105, 106, 107, 109, 110, 111, 112, 113, 117, 118, 119, 120, 122, 124, 125, 127, 129, 130, 131, 134, 138, 139, 140, 141, 142, 144, 145, 146, 147, 149, 152, 153, 156, 157, 159, 161, 162, 163, 164, 165, 166, 168, 169, 170, 172, 173, 174, 175, 176, 177, 178, 179, 181, 183, 184, 186, 187, 188, 189, 190, 191, 192, 193, 194, 195, 196, 197, 199, 201, 202, 203, 204, 205, 206, 207, 208, 209, 210, 211, 213, 214, 215, 216, 217, 218, 219, 220, 221, 222, 226, 227, 228, 229, 230, 231, 232, 233, 234, 236, 238, 239, 240, 242, 245, 246, 248, 250, 251, 252, 254, 255, 258, 260, 263, 265, 266, 267, 268, 272, 273, 274, 277, 279, 281, 282, 283, 284, 286, 293, 296, 297, 300, 302, 304, 307, 309, 310, 311, 313, 316, 319, 320, 321, 322, 323, 326, 328, 329, 330, 331, 333, 335, 336, 337, 338, 339, 342, 347, 349, 350, 351, 352, 353, 354, 355, 356, 357, 358, 359, 360, 361, 362, 363, 364, 365, 366, 367, 368, 369, 370, 371, 372, 373, 374, 375, 376, 377, 379, 380, 381, 382, 383, 384, 385, 386, 387, 388, 389, 390, 392, 393, 395, 396, 398, 399, 400]","{7: [RollingMean(window_size=7)], 30: [RollingMean(window_size=30)], 60: [RollingMean(window_size=60)]}",lags_400_features_264,119.14548458554842,103.77149442233085,102.08395774688732,91.04926196560366,76.4857034666081,67.71698172970517,61.930075094803996,56.18075610191639,72.186709178849,97.69672620078694,97.15062446619048
SGD_Ridge,"AutoSeasonalDifferences(max_diffs=380, n_seasons=10, season_length=267) | LocalStandardScaler(stats_=[[47.42372721 38.3630083 ]])","[1, 2, 3, 4, 5, 6, 7, 8, 9, 10, 11, 12, 13, 14, 15, 16, 18, 19, 20, 21, 22, 23, 25, 26, 27, 28, 29, 30, 31, 32, 34, 36, 37, 38, 40, 42, 44, 45, 47, 48, 52, 53, 54, 59, 60, 61, 65, 67, 69, 70, 73, 74, 85, 91, 96, 98, 100, 102, 105, 106, 107, 109, 110, 111, 112, 113, 117, 118, 119, 120, 122, 124, 125, 127, 129, 130, 131, 134, 138, 139, 140, 141, 142, 144, 145, 146, 147, 149, 152, 153, 156, 157, 159, 161, 162, 163, 164, 165, 166, 168, 169, 170, 172, 173, 174, 175, 176, 177, 178, 179, 181, 183, 184, 186, 187, 188, 189, 190, 191, 192, 193, 194, 195, 196, 197, 199, 201, 202, 203, 204, 205, 206, 207, 208, 209, 210, 211, 213, 214, 215, 216, 217, 218, 219, 220, 221, 222, 226, 227, 228, 229, 230, 231, 232, 233, 234, 236, 238, 239, 240, 242, 245, 246, 248, 250, 251, 252, 254, 255, 258, 260, 263, 265, 266, 267, 268, 272, 273, 274, 277, 279, 281, 282, 283, 284, 286, 293, 296, 297, 300, 302, 304, 307, 309, 310, 311, 313, 316, 319, 320, 321, 322, 323, 326, 328, 329, 330, 331, 333, 335, 336, 337, 338, 339, 342, 347, 349, 350, 351, 352, 353, 354, 355, 356, 357, 358, 359, 360, 361, 362, 363, 364, 365, 366, 367, 368, 369, 370, 371, 372, 373, 374, 375, 376, 377, 379, 380, 381, 382, 383, 384, 385, 386, 387, 388, 389, 390, 392, 393, 395, 396, 398, 399, 400]","{7: [RollingMean(window_size=7)], 30: [RollingMean(window_size=30)], 60: [RollingMean(window_size=60)]}",lags_400_features_264,29.125906085280363,38.83604927117709,39.352798594721925,41.67227575009213,39.7713038682193,41.68225307148616,44.98375022532231,52.43466322674668,60.42831831766112,62.7088337685322,62.61188852092043
SGDRegressor,"AutoSeasonalDifferences(max_diffs=380, n_seasons=10, season_length=267) | LocalStandardScaler(stats_=[[47.42372721 38.3630083 ]])","[1, 2, 3, 4, 5, 6, 7, 8, 9, 10, 11, 12, 13, 14, 15, 16, 18, 19, 20, 21, 22, 23, 25, 26, 27, 28, 29, 30, 31, 32, 34, 36, 37, 38, 40, 42, 44, 45, 47, 48, 52, 53, 54, 59, 60, 61, 65, 67, 69, 70, 73, 74, 85, 91, 96, 98, 100, 102, 105, 106, 107, 109, 110, 111, 112, 113, 117, 118, 119, 120, 122, 124, 125, 127, 129, 130, 131, 134, 138, 139, 140, 141, 142, 144, 145, 146, 147, 149, 152, 153, 156, 157, 159, 161, 162, 163, 164, 165, 166, 168, 169, 170, 172, 173, 174, 175, 176, 177, 178, 179, 181, 183, 184, 186, 187, 188, 189, 190, 191, 192, 193, 194, 195, 196, 197, 199, 201, 202, 203, 204, 205, 206, 207, 208, 209, 210, 211, 213, 214, 215, 216, 217, 218, 219, 220, 221, 222, 226, 227, 228, 229, 230, 231, 232, 233, 234, 236, 238, 239, 240, 242, 245, 246, 248, 250, 251, 252, 254, 255, 258, 260, 263, 265, 266, 267, 268, 272, 273, 274, 277, 279, 281, 282, 283, 284, 286, 293, 296, 297, 300, 302, 304, 307, 309, 310, 311, 313, 316, 319, 320, 321, 322, 323, 326, 328, 329, 330, 331, 333, 335, 336, 337, 338, 339, 342, 347, 349, 350, 351, 352, 353, 354, 355, 356, 357, 358, 359, 360, 361, 362, 363, 364, 365, 366, 367, 368, 369, 370, 371, 372, 373, 374, 375, 376, 377, 379, 380, 381, 382, 383, 384, 385, 386, 387, 388, 389, 390, 392, 393, 395, 396, 398, 399, 400]","{7: [RollingMean(window_size=7)], 30: [RollingMean(window_size=30)], 60: [RollingMean(window_size=60)]}",lags_400_features_264,66.46296057349666,53.344553179023336,68.60449971562089,66.06432075169396,63.56194110549469,67.1198403867062,65.5072869866818,64.7241561626482,83.297866274389,111.7826790691351,111.21470144454955
XGBRegressor,"AutoSeasonalDifferences(max_diffs=380, n_seasons=10, season_length=267) | LocalStandardScaler(stats_=[[47.42372721 38.3630083 ]])","[1, 2, 3, 4, 5, 6, 7, 8, 9, 10, 11, 12, 13, 14, 15, 16, 18, 19, 20, 21, 22, 23, 25, 26, 27, 28, 29, 30, 31, 32, 34, 36, 37, 38, 40, 42, 44, 45, 47, 48, 52, 53, 54, 59, 60, 61, 65, 67, 69, 70, 73, 74, 85, 91, 96, 98, 100, 102, 105, 106, 107, 109, 110, 111, 112, 113, 117, 118, 119, 120, 122, 124, 125, 127, 129, 130, 131, 134, 138, 139, 140, 141, 142, 144, 145, 146, 147, 149, 152, 153, 156, 157, 159, 161, 162, 163, 164, 165, 166, 168, 169, 170, 172, 173, 174, 175, 176, 177, 178, 179, 181, 183, 184, 186, 187, 188, 189, 190, 191, 192, 193, 194, 195, 196, 197, 199, 201, 202, 203, 204, 205, 206, 207, 208, 209, 210, 211, 213, 214, 215, 216, 217, 218, 219, 220, 221, 222, 226, 227, 228, 229, 230, 231, 232, 233, 234, 236, 238, 239, 240, 242, 245, 246, 248, 250, 251, 252, 254, 255, 258, 260, 263, 265, 266, 267, 268, 272, 273, 274, 277, 279, 281, 282, 283, 284, 286, 293, 296, 297, 300, 302, 304, 307, 309, 310, 311, 313, 316, 319, 320, 321, 322, 323, 326, 328, 329, 330, 331, 333, 335, 336, 337, 338, 339, 342, 347, 349, 350, 351, 352, 353, 354, 355, 356, 357, 358, 359, 360, 361, 362, 363, 364, 365, 366, 367, 368, 369, 370, 371, 372, 373, 374, 375, 376, 377, 379, 380, 381, 382, 383, 384, 385, 386, 387, 388, 389, 390, 392, 393, 395, 396, 398, 399, 400]","{7: [RollingMean(window_size=7)], 30: [RollingMean(window_size=30)], 60: [RollingMean(window_size=60)]}",lags_400_features_264,11.940442603729652,17.081005869042382,19.01844860296955,18.551637137157254,19.24064728162083,21.02475592807752,29.074498194792053,35.07815272092986,46.46095018968972,48.07554360325611,47.39731233035193
LGBMRegressor,"AutoSeasonalDifferences(max_diffs=380, n_seasons=10, season_length=267) | LocalStandardScaler(stats_=[[47.42372721 38.3630083 ]])","[1, 2, 3, 4, 5, 6, 7, 8, 9, 10, 11, 12, 13, 14, 15, 16, 18, 19, 20, 21, 22, 23, 25, 26, 27, 28, 29, 30, 31, 32, 34, 36, 37, 38, 40, 42, 44, 45, 47, 48, 52, 53, 54, 59, 60, 61, 65, 67, 69, 70, 73, 74, 85, 91, 96, 98, 100, 102, 105, 106, 107, 109, 110, 111, 112, 113, 117, 118, 119, 120, 122, 124, 125, 127, 129, 130, 131, 134, 138, 139, 140, 141, 142, 144, 145, 146, 147, 149, 152, 153, 156, 157, 159, 161, 162, 163, 164, 165, 166, 168, 169, 170, 172, 173, 174, 175, 176, 177, 178, 179, 181, 183, 184, 186, 187, 188, 189, 190, 191, 192, 193, 194, 195, 196, 197, 199, 201, 202, 203, 204, 205, 206, 207, 208, 209, 210, 211, 213, 214, 215, 216, 217, 218, 219, 220, 221, 222, 226, 227, 228, 229, 230, 231, 232, 233, 234, 236, 238, 239, 240, 242, 245, 246, 248, 250, 251, 252, 254, 255, 258, 260, 263, 265, 266, 267, 268, 272, 273, 274, 277, 279, 281, 282, 283, 284, 286, 293, 296, 297, 300, 302, 304, 307, 309, 310, 311, 313, 316, 319, 320, 321, 322, 323, 326, 328, 329, 330, 331, 333, 335, 336, 337, 338, 339, 342, 347, 349, 350, 351, 352, 353, 354, 355, 356, 357, 358, 359, 360, 361, 362, 363, 364, 365, 366, 367, 368, 369, 370, 371, 372, 373, 374, 375, 376, 377, 379, 380, 381, 382, 383, 384, 385, 386, 387, 388, 389, 390, 392, 393, 395, 396, 398, 399, 400]","{7: [RollingMean(window_size=7)], 30: [RollingMean(window_size=30)], 60: [RollingMean(window_size=60)]}",lags_400_features_264,11.930992648344853,18.215010613934883,19.52858504689192,18.935410245084576,18.423046568938222,22.33954401212661,29.94597426600722,33.17425770383737,45.764859663561374,52.016386078021924,51.79581821646265
SGD_EarlyStopping,"AutoSeasonalDifferences(max_diffs=380, n_seasons=10, season_length=267) | LocalStandardScaler(stats_=[[47.42372721 38.3630083 ]])","[1, 2, 3, 4, 5, 6, 7, 8, 9, 10, 11, 12, 13, 14, 15, 16, 18, 19, 20, 21, 22, 23, 25, 26, 27, 28, 29, 30, 31, 32, 34, 36, 37, 38, 40, 42, 44, 45, 47, 48, 52, 53, 54, 59, 60, 61, 65, 67, 69, 70, 73, 74, 85, 91, 96, 98, 100, 102, 105, 106, 107, 109, 110, 111, 112, 113, 117, 118, 119, 120, 122, 124, 125, 127, 129, 130, 131, 134, 138, 139, 140, 141, 142, 144, 145, 146, 147, 149, 152, 153, 156, 157, 159, 161, 162, 163, 164, 165, 166, 168, 169, 170, 172, 173, 174, 175, 176, 177, 178, 179, 181, 183, 184, 186, 187, 188, 189, 190, 191, 192, 193, 194, 195, 196, 197, 199, 201, 202, 203, 204, 205, 206, 207, 208, 209, 210, 211, 213, 214, 215, 216, 217, 218, 219, 220, 221, 222, 226, 227, 228, 229, 230, 231, 232, 233, 234, 236, 238, 239, 240, 242, 245, 246, 248, 250, 251, 252, 254, 255, 258, 260, 263, 265, 266, 267, 268, 272, 273, 274, 277, 279, 281, 282, 283, 284, 286, 293, 296, 297, 300, 302, 304, 307, 309, 310, 311, 313, 316, 319, 320, 321, 322, 323, 326, 328, 329, 330, 331, 333, 335, 336, 337, 338, 339, 342, 347, 349, 350, 351, 352, 353, 354, 355, 356, 357, 358, 359, 360, 361, 362, 363, 364, 365, 366, 367, 368, 369, 370, 371, 372, 373, 374, 375, 376, 377, 379, 380, 381, 382, 383, 384, 385, 386, 387, 388, 389, 390, 392, 393, 395, 396, 398, 399, 400]","{7: [RollingMean(window_size=7), RollingStd(window_size=7)], 30: [RollingMean(window_size=30)], 60: [ExpandingMean()], 14: [ExponentiallyWeightedMean(alpha=0.3)]}",lags_400_features_264,49.35255328158675,66.97329498514192,70.29460206509943,71.52746783106159,70.67413153713495,69.78703210802796,68.21405718945938,77.89212878373488,96.23049398197175,113.26575202911371,113.64394233621586
SGD_ElasticNet,"AutoSeasonalDifferences(max_diffs=380, n_seasons=10, season_length=267) | LocalStandardScaler(stats_=[[47.42372721 38.3630083 ]])","[1, 2, 3, 4, 5, 6, 7, 8, 9, 10, 11, 12, 13, 14, 15, 16, 18, 19, 20, 21, 22, 23, 25, 26, 27, 28, 29, 30, 31, 32, 34, 36, 37, 38, 40, 42, 44, 45, 47, 48, 52, 53, 54, 59, 60, 61, 65, 67, 69, 70, 73, 74, 85, 91, 96, 98, 100, 102, 105, 106, 107, 109, 110, 111, 112, 113, 117, 118, 119, 120, 122, 124, 125, 127, 129, 130, 131, 134, 138, 139, 140, 141, 142, 144, 145, 146, 147, 149, 152, 153, 156, 157, 159, 161, 162, 163, 164, 165, 166, 168, 169, 170, 172, 173, 174, 175, 176, 177, 178, 179, 181, 183, 184, 186, 187, 188, 189, 190, 191, 192, 193, 194, 195, 196, 197, 199, 201, 202, 203, 204, 205, 206, 207, 208, 209, 210, 211, 213, 214, 215, 216, 217, 218, 219, 220, 221, 222, 226, 227, 228, 229, 230, 231, 232, 233, 234, 236, 238, 239, 240, 242, 245, 246, 248, 250, 251, 252, 254, 255, 258, 260, 263, 265, 266, 267, 268, 272, 273, 274, 277, 279, 281, 282, 283, 284, 286, 293, 296, 297, 300, 302, 304, 307, 309, 310, 311, 313, 316, 319, 320, 321, 322, 323, 326, 328, 329, 330, 331, 333, 335, 336, 337, 338, 339, 342, 347, 349, 350, 351, 352, 353, 354, 355, 356, 357, 358, 359, 360, 361, 362, 363, 364, 365, 366, 367, 368, 369, 370, 371, 372, 373, 374, 375, 376, 377, 379, 380, 381, 382, 383, 384, 385, 386, 387, 388, 389, 390, 392, 393, 395, 396, 398, 399, 400]","{7: [RollingMean(window_size=7), RollingStd(window_size=7)], 30: [RollingMean(window_size=30)], 60: [ExpandingMean()], 14: [ExponentiallyWeightedMean(alpha=0.3)]}",lags_400_features_264,58.640498175902735,48.81437650921106,63.74009116131657,61.74358895224692,59.8390399387157,63.978136677984786,62.92718504200352,62.37374256585618,79.63986525754001,104.2610111014578,103.5325778124401
SGD_Lasso,"AutoSeasonalDifferences(max_diffs=380, n_seasons=10, season_length=267) | LocalStandardScaler(stats_=[[47.42372721 38.3630083 ]])","[1, 2, 3, 4, 5, 6, 7, 8, 9, 10, 11, 12, 13, 14, 15, 16, 18, 19, 20, 21, 22, 23, 25, 26, 27, 28, 29, 30, 31, 32, 34, 36, 37, 38, 40, 42, 44, 45, 47, 48, 52, 53, 54, 59, 60, 61, 65, 67, 69, 70, 73, 74, 85, 91, 96, 98, 100, 102, 105, 106, 107, 109, 110, 111, 112, 113, 117, 118, 119, 120, 122, 124, 125, 127, 129, 130, 131, 134, 138, 139, 140, 141, 142, 144, 145, 146, 147, 149, 152, 153, 156, 157, 159, 161, 162, 163, 164, 165, 166, 168, 169, 170, 172, 173, 174, 175, 176, 177, 178, 179, 181, 183, 184, 186, 187, 188, 189, 190, 191, 192, 193, 194, 195, 196, 197, 199, 201, 202, 203, 204, 205, 206, 207, 208, 209, 210, 211, 213, 214, 215, 216, 217, 218, 219, 220, 221, 222, 226, 227, 228, 229, 230, 231, 232, 233, 234, 236, 238, 239, 240, 242, 245, 246, 248, 250, 251, 252, 254, 255, 258, 260, 263, 265, 266, 267, 268, 272, 273, 274, 277, 279, 281, 282, 283, 284, 286, 293, 296, 297, 300, 302, 304, 307, 309, 310, 311, 313, 316, 319, 320, 321, 322, 323, 326, 328, 329, 330, 331, 333, 335, 336, 337, 338, 339, 342, 347, 349, 350, 351, 352, 353, 354, 355, 356, 357, 358, 359, 360, 361, 362, 363, 364, 365, 366, 367, 368, 369, 370, 371, 372, 373, 374, 375, 376, 377, 379, 380, 381, 382, 383, 384, 385, 386, 387, 388, 389, 390, 392, 393, 395, 396, 398, 399, 400]","{7: [RollingMean(window_size=7), RollingStd(window_size=7)], 30: [RollingMean(window_size=30)], 60: [ExpandingMean()], 14: [ExponentiallyWeightedMean(alpha=0.3)]}",lags_400_features_264,119.14548458554842,103.77149442233085,102.08395774688732,91.04926196560366,76.4857034666081,67.71698172970517,61.930075094803996,56.18075610191639,72.186709178849,97.69672620078694,97.15062446619048
SGD_Ridge,"AutoSeasonalDifferences(max_diffs=380, n_seasons=10, season_length=267) | LocalStandardScaler(stats_=[[47.42372721 38.3630083 ]])","[1, 2, 3, 4, 5, 6, 7, 8, 9, 10, 11, 12, 13, 14, 15, 16, 18, 19, 20, 21, 22, 23, 25, 26, 27, 28, 29, 30, 31, 32, 34, 36, 37, 38, 40, 42, 44, 45, 47, 48, 52, 53, 54, 59, 60, 61, 65, 67, 69, 70, 73, 74, 85, 91, 96, 98, 100, 102, 105, 106, 107, 109, 110, 111, 112, 113, 117, 118, 119, 120, 122, 124, 125, 127, 129, 130, 131, 134, 138, 139, 140, 141, 142, 144, 145, 146, 147, 149, 152, 153, 156, 157, 159, 161, 162, 163, 164, 165, 166, 168, 169, 170, 172, 173, 174, 175, 176, 177, 178, 179, 181, 183, 184, 186, 187, 188, 189, 190, 191, 192, 193, 194, 195, 196, 197, 199, 201, 202, 203, 204, 205, 206, 207, 208, 209, 210, 211, 213, 214, 215, 216, 217, 218, 219, 220, 221, 222, 226, 227, 228, 229, 230, 231, 232, 233, 234, 236, 238, 239, 240, 242, 245, 246, 248, 250, 251, 252, 254, 255, 258, 260, 263, 265, 266, 267, 268, 272, 273, 274, 277, 279, 281, 282, 283, 284, 286, 293, 296, 297, 300, 302, 304, 307, 309, 310, 311, 313, 316, 319, 320, 321, 322, 323, 326, 328, 329, 330, 331, 333, 335, 336, 337, 338, 339, 342, 347, 349, 350, 351, 352, 353, 354, 355, 356, 357, 358, 359, 360, 361, 362, 363, 364, 365, 366, 367, 368, 369, 370, 371, 372, 373, 374, 375, 376, 377, 379, 380, 381, 382, 383, 384, 385, 386, 387, 388, 389, 390, 392, 393, 395, 396, 398, 399, 400]","{7: [RollingMean(window_size=7), RollingStd(window_size=7)], 30: [RollingMean(window_size=30)], 60: [ExpandingMean()], 14: [ExponentiallyWeightedMean(alpha=0.3)]}",lags_400_features_264,29.663741563711614,39.500029887242164,39.99877320224731,42.37703019591229,40.434075190663584,42.18738802292617,45.39137278986181,52.95513047236516,61.09408734956904,63.98850475281965,63.950320453926544
SGDRegressor,"AutoSeasonalDifferences(max_diffs=380, n_seasons=10, season_length=267) | LocalStandardScaler(stats_=[[47.42372721 38.3630083 ]])","[1, 2, 3, 4, 5, 6, 7, 8, 9, 10, 11, 12, 13, 14, 15, 16, 18, 19, 20, 21, 22, 23, 25, 26, 27, 28, 29, 30, 31, 32, 34, 36, 37, 38, 40, 42, 44, 45, 47, 48, 52, 53, 54, 59, 60, 61, 65, 67, 69, 70, 73, 74, 85, 91, 96, 98, 100, 102, 105, 106, 107, 109, 110, 111, 112, 113, 117, 118, 119, 120, 122, 124, 125, 127, 129, 130, 131, 134, 138, 139, 140, 141, 142, 144, 145, 146, 147, 149, 152, 153, 156, 157, 159, 161, 162, 163, 164, 165, 166, 168, 169, 170, 172, 173, 174, 175, 176, 177, 178, 179, 181, 183, 184, 186, 187, 188, 189, 190, 191, 192, 193, 194, 195, 196, 197, 199, 201, 202, 203, 204, 205, 206, 207, 208, 209, 210, 211, 213, 214, 215, 216, 217, 218, 219, 220, 221, 222, 226, 227, 228, 229, 230, 231, 232, 233, 234, 236, 238, 239, 240, 242, 245, 246, 248, 250, 251, 252, 254, 255, 258, 260, 263, 265, 266, 267, 268, 272, 273, 274, 277, 279, 281, 282, 283, 284, 286, 293, 296, 297, 300, 302, 304, 307, 309, 310, 311, 313, 316, 319, 320, 321, 322, 323, 326, 328, 329, 330, 331, 333, 335, 336, 337, 338, 339, 342, 347, 349, 350, 351, 352, 353, 354, 355, 356, 357, 358, 359, 360, 361, 362, 363, 364, 365, 366, 367, 368, 369, 370, 371, 372, 373, 374, 375, 376, 377, 379, 380, 381, 382, 383, 384, 385, 386, 387, 388, 389, 390, 392, 393, 395, 396, 398, 399, 400]","{7: [RollingMean(window_size=7), RollingStd(window_size=7)], 30: [RollingMean(window_size=30)], 60: [ExpandingMean()], 14: [ExponentiallyWeightedMean(alpha=0.3)]}",lags_400_features_264,66.11147104566267,53.33950533254188,68.31684929072871,65.90741097485005,63.49732206387571,67.01190628608569,65.38912155275686,64.57438417186047,83.00600394578346,111.09346511281689,110.5257039608713
XGBRegressor,"AutoSeasonalDifferences(max_diffs=380, n_seasons=10, season_length=267) | LocalStandardScaler(stats_=[[47.42372721 38.3630083 ]])","[1, 2, 3, 4, 5, 6, 7, 8, 9, 10, 11, 12, 13, 14, 15, 16, 18, 19, 20, 21, 22, 23, 25, 26, 27, 28, 29, 30, 31, 32, 34, 36, 37, 38, 40, 42, 44, 45, 47, 48, 52, 53, 54, 59, 60, 61, 65, 67, 69, 70, 73, 74, 85, 91, 96, 98, 100, 102, 105, 106, 107, 109, 110, 111, 112, 113, 117, 118, 119, 120, 122, 124, 125, 127, 129, 130, 131, 134, 138, 139, 140, 141, 142, 144, 145, 146, 147, 149, 152, 153, 156, 157, 159, 161, 162, 163, 164, 165, 166, 168, 169, 170, 172, 173, 174, 175, 176, 177, 178, 179, 181, 183, 184, 186, 187, 188, 189, 190, 191, 192, 193, 194, 195, 196, 197, 199, 201, 202, 203, 204, 205, 206, 207, 208, 209, 210, 211, 213, 214, 215, 216, 217, 218, 219, 220, 221, 222, 226, 227, 228, 229, 230, 231, 232, 233, 234, 236, 238, 239, 240, 242, 245, 246, 248, 250, 251, 252, 254, 255, 258, 260, 263, 265, 266, 267, 268, 272, 273, 274, 277, 279, 281, 282, 283, 284, 286, 293, 296, 297, 300, 302, 304, 307, 309, 310, 311, 313, 316, 319, 320, 321, 322, 323, 326, 328, 329, 330, 331, 333, 335, 336, 337, 338, 339, 342, 347, 349, 350, 351, 352, 353, 354, 355, 356, 357, 358, 359, 360, 361, 362, 363, 364, 365, 366, 367, 368, 369, 370, 371, 372, 373, 374, 375, 376, 377, 379, 380, 381, 382, 383, 384, 385, 386, 387, 388, 389, 390, 392, 393, 395, 396, 398, 399, 400]","{7: [RollingMean(window_size=7), RollingStd(window_size=7)], 30: [RollingMean(window_size=30)], 60: [ExpandingMean()], 14: [ExponentiallyWeightedMean(alpha=0.3)]}",lags_400_features_264,13.01874061721075,16.830940930162118,19.5114972530381,18.976871496311905,19.721189864436713,21.531235005271036,29.66783994092321,36.04903774108506,47.721785380295934,49.56502636628587,48.92465094607532
LGBMRegressor,"AutoSeasonalDifferences(max_diffs=380, n_seasons=10, season_length=267) | LocalStandardScaler(stats_=[[47.42372721 38.3630083 ]])","[1, 2, 3, 4, 5, 6, 7, 8, 9, 10, 11, 12, 13, 14, 15, 16, 18, 19, 20, 21, 22, 23, 25, 26, 27, 28, 29, 30, 31, 32, 34, 36, 37, 38, 40, 42, 44, 45, 47, 48, 52, 53, 54, 59, 60, 61, 65, 67, 69, 70, 73, 74, 85, 91, 96, 98, 100, 102, 105, 106, 107, 109, 110, 111, 112, 113, 117, 118, 119, 120, 122, 124, 125, 127, 129, 130, 131, 134, 138, 139, 140, 141, 142, 144, 145, 146, 147, 149, 152, 153, 156, 157, 159, 161, 162, 163, 164, 165, 166, 168, 169, 170, 172, 173, 174, 175, 176, 177, 178, 179, 181, 183, 184, 186, 187, 188, 189, 190, 191, 192, 193, 194, 195, 196, 197, 199, 201, 202, 203, 204, 205, 206, 207, 208, 209, 210, 211, 213, 214, 215, 216, 217, 218, 219, 220, 221, 222, 226, 227, 228, 229, 230, 231, 232, 233, 234, 236, 238, 239, 240, 242, 245, 246, 248, 250, 251, 252, 254, 255, 258, 260, 263, 265, 266, 267, 268, 272, 273, 274, 277, 279, 281, 282, 283, 284, 286, 293, 296, 297, 300, 302, 304, 307, 309, 310, 311, 313, 316, 319, 320, 321, 322, 323, 326, 328, 329, 330, 331, 333, 335, 336, 337, 338, 339, 342, 347, 349, 350, 351, 352, 353, 354, 355, 356, 357, 358, 359, 360, 361, 362, 363, 364, 365, 366, 367, 368, 369, 370, 371, 372, 373, 374, 375, 376, 377, 379, 380, 381, 382, 383, 384, 385, 386, 387, 388, 389, 390, 392, 393, 395, 396, 398, 399, 400]","{7: [RollingMean(window_size=7), RollingStd(window_size=7)], 30: [RollingMean(window_size=30)], 60: [ExpandingMean()], 14: [ExponentiallyWeightedMean(alpha=0.3)]}",lags_400_features_264,11.13819635329462,17.061229720341363,18.822146566854766,18.269968117201227,18.227670746793503,22.82977414153087,29.544459771938797,31.91473715018562,43.3811041564458,48.32032243493318,47.74079697318468
SGD_EarlyStopping,"AutoSeasonalDifferences(max_diffs=380, n_seasons=10, season_length=267) | LocalMinMaxScaler(stats_=[[  5.11211699 325.92896936]])","[1, 2, 3, 4, 5, 6, 7, 8, 9, 10, 11, 12, 13, 14, 15, 16, 18, 19, 20, 21, 22, 23, 25, 26, 27, 28, 29, 30, 31, 32, 34, 36, 37, 38, 40, 42, 44, 45, 47, 48, 52, 53, 54, 59, 60, 61, 65, 67, 69, 70, 73, 74, 85, 91, 96, 98, 100, 102, 105, 106, 107, 109, 110, 111, 112, 113, 117, 118, 119, 120, 122, 124, 125, 127, 129, 130, 131, 134, 138, 139, 140, 141, 142, 144, 145, 146, 147, 149, 152, 153, 156, 157, 159, 161, 162, 163, 164, 165, 166, 168, 169, 170, 172, 173, 174, 175, 176, 177, 178, 179, 181, 183, 184, 186, 187, 188, 189, 190, 191, 192, 193, 194, 195, 196, 197, 199, 201, 202, 203, 204, 205, 206, 207, 208, 209, 210, 211, 213, 214, 215, 216, 217, 218, 219, 220, 221, 222, 226, 227, 228, 229, 230, 231, 232, 233, 234, 236, 238, 239, 240, 242, 245, 246, 248, 250, 251, 252, 254, 255, 258, 260, 263, 265, 266, 267, 268, 272, 273, 274, 277, 279, 281, 282, 283, 284, 286, 293, 296, 297, 300, 302, 304, 307, 309, 310, 311, 313, 316, 319, 320, 321, 322, 323, 326, 328, 329, 330, 331, 333, 335, 336, 337, 338, 339, 342, 347, 349, 350, 351, 352, 353, 354, 355, 356, 357, 358, 359, 360, 361, 362, 363, 364, 365, 366, 367, 368, 369, 370, 371, 372, 373, 374, 375, 376, 377, 379, 380, 381, 382, 383, 384, 385, 386, 387, 388, 389, 390, 392, 393, 395, 396, 398, 399, 400]","{1: [<function expanding_mean at 0x000002C58F7A04A0>], 7: [<function rolling_mean_14 at 0x000002C5930FAA20>], 30: [<function expanding_mean at 0x000002C58F7A04A0>]}",lags_400_features_264,15.775362518746192,17.90229899262596,20.795044937058314,20.750812989557364,20.65586219518512,25.28377982766774,31.0003590646366,38.46988585725721,51.880257478528776,56.75878968703662,55.87913921440231
SGD_ElasticNet,"AutoSeasonalDifferences(max_diffs=380, n_seasons=10, season_length=267) | LocalMinMaxScaler(stats_=[[  5.11211699 325.92896936]])","[1, 2, 3, 4, 5, 6, 7, 8, 9, 10, 11, 12, 13, 14, 15, 16, 18, 19, 20, 21, 22, 23, 25, 26, 27, 28, 29, 30, 31, 32, 34, 36, 37, 38, 40, 42, 44, 45, 47, 48, 52, 53, 54, 59, 60, 61, 65, 67, 69, 70, 73, 74, 85, 91, 96, 98, 100, 102, 105, 106, 107, 109, 110, 111, 112, 113, 117, 118, 119, 120, 122, 124, 125, 127, 129, 130, 131, 134, 138, 139, 140, 141, 142, 144, 145, 146, 147, 149, 152, 153, 156, 157, 159, 161, 162, 163, 164, 165, 166, 168, 169, 170, 172, 173, 174, 175, 176, 177, 178, 179, 181, 183, 184, 186, 187, 188, 189, 190, 191, 192, 193, 194, 195, 196, 197, 199, 201, 202, 203, 204, 205, 206, 207, 208, 209, 210, 211, 213, 214, 215, 216, 217, 218, 219, 220, 221, 222, 226, 227, 228, 229, 230, 231, 232, 233, 234, 236, 238, 239, 240, 242, 245, 246, 248, 250, 251, 252, 254, 255, 258, 260, 263, 265, 266, 267, 268, 272, 273, 274, 277, 279, 281, 282, 283, 284, 286, 293, 296, 297, 300, 302, 304, 307, 309, 310, 311, 313, 316, 319, 320, 321, 322, 323, 326, 328, 329, 330, 331, 333, 335, 336, 337, 338, 339, 342, 347, 349, 350, 351, 352, 353, 354, 355, 356, 357, 358, 359, 360, 361, 362, 363, 364, 365, 366, 367, 368, 369, 370, 371, 372, 373, 374, 375, 376, 377, 379, 380, 381, 382, 383, 384, 385, 386, 387, 388, 389, 390, 392, 393, 395, 396, 398, 399, 400]","{1: [<function expanding_mean at 0x000002C58F7A04A0>], 7: [<function rolling_mean_14 at 0x000002C5930FAA20>], 30: [<function expanding_mean at 0x000002C58F7A04A0>]}",lags_400_features_264,9.608613683455228,17.41910264175721,19.151254797834564,18.518069567044655,18.401900126494734,23.482320406548812,28.362461412677494,35.52973306686429,49.41992956421497,51.07863695161756,51.21288098389648
SGD_Lasso,"AutoSeasonalDifferences(max_diffs=380, n_seasons=10, season_length=267) | LocalMinMaxScaler(stats_=[[  5.11211699 325.92896936]])","[1, 2, 3, 4, 5, 6, 7, 8, 9, 10, 11, 12, 13, 14, 15, 16, 18, 19, 20, 21, 22, 23, 25, 26, 27, 28, 29, 30, 31, 32, 34, 36, 37, 38, 40, 42, 44, 45, 47, 48, 52, 53, 54, 59, 60, 61, 65, 67, 69, 70, 73, 74, 85, 91, 96, 98, 100, 102, 105, 106, 107, 109, 110, 111, 112, 113, 117, 118, 119, 120, 122, 124, 125, 127, 129, 130, 131, 134, 138, 139, 140, 141, 142, 144, 145, 146, 147, 149, 152, 153, 156, 157, 159, 161, 162, 163, 164, 165, 166, 168, 169, 170, 172, 173, 174, 175, 176, 177, 178, 179, 181, 183, 184, 186, 187, 188, 189, 190, 191, 192, 193, 194, 195, 196, 197, 199, 201, 202, 203, 204, 205, 206, 207, 208, 209, 210, 211, 213, 214, 215, 216, 217, 218, 219, 220, 221, 222, 226, 227, 228, 229, 230, 231, 232, 233, 234, 236, 238, 239, 240, 242, 245, 246, 248, 250, 251, 252, 254, 255, 258, 260, 263, 265, 266, 267, 268, 272, 273, 274, 277, 279, 281, 282, 283, 284, 286, 293, 296, 297, 300, 302, 304, 307, 309, 310, 311, 313, 316, 319, 320, 321, 322, 323, 326, 328, 329, 330, 331, 333, 335, 336, 337, 338, 339, 342, 347, 349, 350, 351, 352, 353, 354, 355, 356, 357, 358, 359, 360, 361, 362, 363, 364, 365, 366, 367, 368, 369, 370, 371, 372, 373, 374, 375, 376, 377, 379, 380, 381, 382, 383, 384, 385, 386, 387, 388, 389, 390, 392, 393, 395, 396, 398, 399, 400]","{1: [<function expanding_mean at 0x000002C58F7A04A0>], 7: [<function rolling_mean_14 at 0x000002C5930FAA20>], 30: [<function expanding_mean at 0x000002C58F7A04A0>]}",lags_400_features_264,118.05932069664766,102.761529561556,101.08235692519607,90.10235306743208,75.66384464435117,67.01788560628155,61.462045658613974,55.78004717885552,71.64443914013108,96.95023202215106,96.40223009131486
SGD_Ridge,"AutoSeasonalDifferences(max_diffs=380, n_seasons=10, season_length=267) | LocalMinMaxScaler(stats_=[[  5.11211699 325.92896936]])","[1, 2, 3, 4, 5, 6, 7, 8, 9, 10, 11, 12, 13, 14, 15, 16, 18, 19, 20, 21, 22, 23, 25, 26, 27, 28, 29, 30, 31, 32, 34, 36, 37, 38, 40, 42, 44, 45, 47, 48, 52, 53, 54, 59, 60, 61, 65, 67, 69, 70, 73, 74, 85, 91, 96, 98, 100, 102, 105, 106, 107, 109, 110, 111, 112, 113, 117, 118, 119, 120, 122, 124, 125, 127, 129, 130, 131, 134, 138, 139, 140, 141, 142, 144, 145, 146, 147, 149, 152, 153, 156, 157, 159, 161, 162, 163, 164, 165, 166, 168, 169, 170, 172, 173, 174, 175, 176, 177, 178, 179, 181, 183, 184, 186, 187, 188, 189, 190, 191, 192, 193, 194, 195, 196, 197, 199, 201, 202, 203, 204, 205, 206, 207, 208, 209, 210, 211, 213, 214, 215, 216, 217, 218, 219, 220, 221, 222, 226, 227, 228, 229, 230, 231, 232, 233, 234, 236, 238, 239, 240, 242, 245, 246, 248, 250, 251, 252, 254, 255, 258, 260, 263, 265, 266, 267, 268, 272, 273, 274, 277, 279, 281, 282, 283, 284, 286, 293, 296, 297, 300, 302, 304, 307, 309, 310, 311, 313, 316, 319, 320, 321, 322, 323, 326, 328, 329, 330, 331, 333, 335, 336, 337, 338, 339, 342, 347, 349, 350, 351, 352, 353, 354, 355, 356, 357, 358, 359, 360, 361, 362, 363, 364, 365, 366, 367, 368, 369, 370, 371, 372, 373, 374, 375, 376, 377, 379, 380, 381, 382, 383, 384, 385, 386, 387, 388, 389, 390, 392, 393, 395, 396, 398, 399, 400]","{1: [<function expanding_mean at 0x000002C58F7A04A0>], 7: [<function rolling_mean_14 at 0x000002C5930FAA20>], 30: [<function expanding_mean at 0x000002C58F7A04A0>]}",lags_400_features_264,31.69809612808449,27.908667868170138,30.121812661346574,29.810583938057405,27.84139503344113,29.851777478010156,31.23322516397436,31.982714280438547,44.78974354771606,63.868417042020056,64.50749791439821
SGDRegressor,"AutoSeasonalDifferences(max_diffs=380, n_seasons=10, season_length=267) | LocalMinMaxScaler(stats_=[[  5.11211699 325.92896936]])","[1, 2, 3, 4, 5, 6, 7, 8, 9, 10, 11, 12, 13, 14, 15, 16, 18, 19, 20, 21, 22, 23, 25, 26, 27, 28, 29, 30, 31, 32, 34, 36, 37, 38, 40, 42, 44, 45, 47, 48, 52, 53, 54, 59, 60, 61, 65, 67, 69, 70, 73, 74, 85, 91, 96, 98, 100, 102, 105, 106, 107, 109, 110, 111, 112, 113, 117, 118, 119, 120, 122, 124, 125, 127, 129, 130, 131, 134, 138, 139, 140, 141, 142, 144, 145, 146, 147, 149, 152, 153, 156, 157, 159, 161, 162, 163, 164, 165, 166, 168, 169, 170, 172, 173, 174, 175, 176, 177, 178, 179, 181, 183, 184, 186, 187, 188, 189, 190, 191, 192, 193, 194, 195, 196, 197, 199, 201, 202, 203, 204, 205, 206, 207, 208, 209, 210, 211, 213, 214, 215, 216, 217, 218, 219, 220, 221, 222, 226, 227, 228, 229, 230, 231, 232, 233, 234, 236, 238, 239, 240, 242, 245, 246, 248, 250, 251, 252, 254, 255, 258, 260, 263, 265, 266, 267, 268, 272, 273, 274, 277, 279, 281, 282, 283, 284, 286, 293, 296, 297, 300, 302, 304, 307, 309, 310, 311, 313, 316, 319, 320, 321, 322, 323, 326, 328, 329, 330, 331, 333, 335, 336, 337, 338, 339, 342, 347, 349, 350, 351, 352, 353, 354, 355, 356, 357, 358, 359, 360, 361, 362, 363, 364, 365, 366, 367, 368, 369, 370, 371, 372, 373, 374, 375, 376, 377, 379, 380, 381, 382, 383, 384, 385, 386, 387, 388, 389, 390, 392, 393, 395, 396, 398, 399, 400]","{1: [<function expanding_mean at 0x000002C58F7A04A0>], 7: [<function rolling_mean_14 at 0x000002C5930FAA20>], 30: [<function expanding_mean at 0x000002C58F7A04A0>]}",lags_400_features_264,13.6024399305514,23.37464506907888,25.477942399679886,24.692451818312033,23.46816750953579,28.067256519898237,32.65166392020639,40.033068371572625,52.818041168055984,48.70414638095092,48.13471060980223
XGBRegressor,"AutoSeasonalDifferences(max_diffs=380, n_seasons=10, season_length=267) | LocalMinMaxScaler(stats_=[[  5.11211699 325.92896936]])","[1, 2, 3, 4, 5, 6, 7, 8, 9, 10, 11, 12, 13, 14, 15, 16, 18, 19, 20, 21, 22, 23, 25, 26, 27, 28, 29, 30, 31, 32, 34, 36, 37, 38, 40, 42, 44, 45, 47, 48, 52, 53, 54, 59, 60, 61, 65, 67, 69, 70, 73, 74, 85, 91, 96, 98, 100, 102, 105, 106, 107, 109, 110, 111, 112, 113, 117, 118, 119, 120, 122, 124, 125, 127, 129, 130, 131, 134, 138, 139, 140, 141, 142, 144, 145, 146, 147, 149, 152, 153, 156, 157, 159, 161, 162, 163, 164, 165, 166, 168, 169, 170, 172, 173, 174, 175, 176, 177, 178, 179, 181, 183, 184, 186, 187, 188, 189, 190, 191, 192, 193, 194, 195, 196, 197, 199, 201, 202, 203, 204, 205, 206, 207, 208, 209, 210, 211, 213, 214, 215, 216, 217, 218, 219, 220, 221, 222, 226, 227, 228, 229, 230, 231, 232, 233, 234, 236, 238, 239, 240, 242, 245, 246, 248, 250, 251, 252, 254, 255, 258, 260, 263, 265, 266, 267, 268, 272, 273, 274, 277, 279, 281, 282, 283, 284, 286, 293, 296, 297, 300, 302, 304, 307, 309, 310, 311, 313, 316, 319, 320, 321, 322, 323, 326, 328, 329, 330, 331, 333, 335, 336, 337, 338, 339, 342, 347, 349, 350, 351, 352, 353, 354, 355, 356, 357, 358, 359, 360, 361, 362, 363, 364, 365, 366, 367, 368, 369, 370, 371, 372, 373, 374, 375, 376, 377, 379, 380, 381, 382, 383, 384, 385, 386, 387, 388, 389, 390, 392, 393, 395, 396, 398, 399, 400]","{1: [<function expanding_mean at 0x000002C58F7A04A0>], 7: [<function rolling_mean_14 at 0x000002C5930FAA20>], 30: [<function expanding_mean at 0x000002C58F7A04A0>]}",lags_400_features_264,12.709592206263858,18.08143715275375,20.337857571136393,19.79242389867807,19.494866858817492,20.794548851705258,30.071779247103542,36.756743806779255,48.602254041283295,57.76856856393706,57.27806671047958
LGBMRegressor,"AutoSeasonalDifferences(max_diffs=380, n_seasons=10, season_length=267) | LocalMinMaxScaler(stats_=[[  5.11211699 325.92896936]])","[1, 2, 3, 4, 5, 6, 7, 8, 9, 10, 11, 12, 13, 14, 15, 16, 18, 19, 20, 21, 22, 23, 25, 26, 27, 28, 29, 30, 31, 32, 34, 36, 37, 38, 40, 42, 44, 45, 47, 48, 52, 53, 54, 59, 60, 61, 65, 67, 69, 70, 73, 74, 85, 91, 96, 98, 100, 102, 105, 106, 107, 109, 110, 111, 112, 113, 117, 118, 119, 120, 122, 124, 125, 127, 129, 130, 131, 134, 138, 139, 140, 141, 142, 144, 145, 146, 147, 149, 152, 153, 156, 157, 159, 161, 162, 163, 164, 165, 166, 168, 169, 170, 172, 173, 174, 175, 176, 177, 178, 179, 181, 183, 184, 186, 187, 188, 189, 190, 191, 192, 193, 194, 195, 196, 197, 199, 201, 202, 203, 204, 205, 206, 207, 208, 209, 210, 211, 213, 214, 215, 216, 217, 218, 219, 220, 221, 222, 226, 227, 228, 229, 230, 231, 232, 233, 234, 236, 238, 239, 240, 242, 245, 246, 248, 250, 251, 252, 254, 255, 258, 260, 263, 265, 266, 267, 268, 272, 273, 274, 277, 279, 281, 282, 283, 284, 286, 293, 296, 297, 300, 302, 304, 307, 309, 310, 311, 313, 316, 319, 320, 321, 322, 323, 326, 328, 329, 330, 331, 333, 335, 336, 337, 338, 339, 342, 347, 349, 350, 351, 352, 353, 354, 355, 356, 357, 358, 359, 360, 361, 362, 363, 364, 365, 366, 367, 368, 369, 370, 371, 372, 373, 374, 375, 376, 377, 379, 380, 381, 382, 383, 384, 385, 386, 387, 388, 389, 390, 392, 393, 395, 396, 398, 399, 400]","{1: [<function expanding_mean at 0x000002C58F7A04A0>], 7: [<function rolling_mean_14 at 0x000002C5930FAA20>], 30: [<function expanding_mean at 0x000002C58F7A04A0>]}",lags_400_features_264,10.268802979827498,17.433804074904025,19.194612289057307,18.571613541333402,18.421588160578306,23.378433892654236,30.427969666680887,34.33765790976251,44.434157424546235,49.1799912132142,48.60697709695128
SGD_EarlyStopping,"AutoSeasonalDifferences(max_diffs=380, n_seasons=10, season_length=267) | LocalMinMaxScaler(stats_=[[  5.11211699 325.92896936]])","[1, 2, 3, 4, 5, 6, 7, 8, 9, 10, 11, 12, 13, 14, 15, 16, 18, 19, 20, 21, 22, 23, 25, 26, 27, 28, 29, 30, 31, 32, 34, 36, 37, 38, 40, 42, 44, 45, 47, 48, 52, 53, 54, 59, 60, 61, 65, 67, 69, 70, 73, 74, 85, 91, 96, 98, 100, 102, 105, 106, 107, 109, 110, 111, 112, 113, 117, 118, 119, 120, 122, 124, 125, 127, 129, 130, 131, 134, 138, 139, 140, 141, 142, 144, 145, 146, 147, 149, 152, 153, 156, 157, 159, 161, 162, 163, 164, 165, 166, 168, 169, 170, 172, 173, 174, 175, 176, 177, 178, 179, 181, 183, 184, 186, 187, 188, 189, 190, 191, 192, 193, 194, 195, 196, 197, 199, 201, 202, 203, 204, 205, 206, 207, 208, 209, 210, 211, 213, 214, 215, 216, 217, 218, 219, 220, 221, 222, 226, 227, 228, 229, 230, 231, 232, 233, 234, 236, 238, 239, 240, 242, 245, 246, 248, 250, 251, 252, 254, 255, 258, 260, 263, 265, 266, 267, 268, 272, 273, 274, 277, 279, 281, 282, 283, 284, 286, 293, 296, 297, 300, 302, 304, 307, 309, 310, 311, 313, 316, 319, 320, 321, 322, 323, 326, 328, 329, 330, 331, 333, 335, 336, 337, 338, 339, 342, 347, 349, 350, 351, 352, 353, 354, 355, 356, 357, 358, 359, 360, 361, 362, 363, 364, 365, 366, 367, 368, 369, 370, 371, 372, 373, 374, 375, 376, 377, 379, 380, 381, 382, 383, 384, 385, 386, 387, 388, 389, 390, 392, 393, 395, 396, 398, 399, 400]","{1: [<function rolling_mean_14 at 0x000002C5930FAA20>], 7: [<function rolling_mean_30 at 0x000002C58DBF9260>], 30: [<function expanding_mean at 0x000002C58F7A04A0>]}",lags_400_features_264,15.77570030331488,17.90507235372959,20.799472574929766,20.75613083091757,20.659903779190284,25.282501193277668,31.000013340037786,38.468381848154415,51.893553161072745,56.76392834709788,55.88093117832468
SGD_ElasticNet,"AutoSeasonalDifferences(max_diffs=380, n_seasons=10, season_length=267) | LocalMinMaxScaler(stats_=[[  5.11211699 325.92896936]])","[1, 2, 3, 4, 5, 6, 7, 8, 9, 10, 11, 12, 13, 14, 15, 16, 18, 19, 20, 21, 22, 23, 25, 26, 27, 28, 29, 30, 31, 32, 34, 36, 37, 38, 40, 42, 44, 45, 47, 48, 52, 53, 54, 59, 60, 61, 65, 67, 69, 70, 73, 74, 85, 91, 96, 98, 100, 102, 105, 106, 107, 109, 110, 111, 112, 113, 117, 118, 119, 120, 122, 124, 125, 127, 129, 130, 131, 134, 138, 139, 140, 141, 142, 144, 145, 146, 147, 149, 152, 153, 156, 157, 159, 161, 162, 163, 164, 165, 166, 168, 169, 170, 172, 173, 174, 175, 176, 177, 178, 179, 181, 183, 184, 186, 187, 188, 189, 190, 191, 192, 193, 194, 195, 196, 197, 199, 201, 202, 203, 204, 205, 206, 207, 208, 209, 210, 211, 213, 214, 215, 216, 217, 218, 219, 220, 221, 222, 226, 227, 228, 229, 230, 231, 232, 233, 234, 236, 238, 239, 240, 242, 245, 246, 248, 250, 251, 252, 254, 255, 258, 260, 263, 265, 266, 267, 268, 272, 273, 274, 277, 279, 281, 282, 283, 284, 286, 293, 296, 297, 300, 302, 304, 307, 309, 310, 311, 313, 316, 319, 320, 321, 322, 323, 326, 328, 329, 330, 331, 333, 335, 336, 337, 338, 339, 342, 347, 349, 350, 351, 352, 353, 354, 355, 356, 357, 358, 359, 360, 361, 362, 363, 364, 365, 366, 367, 368, 369, 370, 371, 372, 373, 374, 375, 376, 377, 379, 380, 381, 382, 383, 384, 385, 386, 387, 388, 389, 390, 392, 393, 395, 396, 398, 399, 400]","{1: [<function rolling_mean_14 at 0x000002C5930FAA20>], 7: [<function rolling_mean_30 at 0x000002C58DBF9260>], 30: [<function expanding_mean at 0x000002C58F7A04A0>]}",lags_400_features_264,9.607238446316144,17.41643534542857,19.151709402986224,18.518355633589422,18.401502930121556,23.480963209873387,28.359677546208477,35.52367237110253,49.42934642522053,51.097019121164536,51.2306720888947
SGD_Lasso,"AutoSeasonalDifferences(max_diffs=380, n_seasons=10, season_length=267) | LocalMinMaxScaler(stats_=[[  5.11211699 325.92896936]])","[1, 2, 3, 4, 5, 6, 7, 8, 9, 10, 11, 12, 13, 14, 15, 16, 18, 19, 20, 21, 22, 23, 25, 26, 27, 28, 29, 30, 31, 32, 34, 36, 37, 38, 40, 42, 44, 45, 47, 48, 52, 53, 54, 59, 60, 61, 65, 67, 69, 70, 73, 74, 85, 91, 96, 98, 100, 102, 105, 106, 107, 109, 110, 111, 112, 113, 117, 118, 119, 120, 122, 124, 125, 127, 129, 130, 131, 134, 138, 139, 140, 141, 142, 144, 145, 146, 147, 149, 152, 153, 156, 157, 159, 161, 162, 163, 164, 165, 166, 168, 169, 170, 172, 173, 174, 175, 176, 177, 178, 179, 181, 183, 184, 186, 187, 188, 189, 190, 191, 192, 193, 194, 195, 196, 197, 199, 201, 202, 203, 204, 205, 206, 207, 208, 209, 210, 211, 213, 214, 215, 216, 217, 218, 219, 220, 221, 222, 226, 227, 228, 229, 230, 231, 232, 233, 234, 236, 238, 239, 240, 242, 245, 246, 248, 250, 251, 252, 254, 255, 258, 260, 263, 265, 266, 267, 268, 272, 273, 274, 277, 279, 281, 282, 283, 284, 286, 293, 296, 297, 300, 302, 304, 307, 309, 310, 311, 313, 316, 319, 320, 321, 322, 323, 326, 328, 329, 330, 331, 333, 335, 336, 337, 338, 339, 342, 347, 349, 350, 351, 352, 353, 354, 355, 356, 357, 358, 359, 360, 361, 362, 363, 364, 365, 366, 367, 368, 369, 370, 371, 372, 373, 374, 375, 376, 377, 379, 380, 381, 382, 383, 384, 385, 386, 387, 388, 389, 390, 392, 393, 395, 396, 398, 399, 400]","{1: [<function rolling_mean_14 at 0x000002C5930FAA20>], 7: [<function rolling_mean_30 at 0x000002C58DBF9260>], 30: [<function expanding_mean at 0x000002C58F7A04A0>]}",lags_400_features_264,118.05932069664766,102.761529561556,101.08235692519607,90.10235306743208,75.66384464435117,67.01788560628155,61.462045658613974,55.78004717885552,71.64443914013108,96.95023202215106,96.40223009131486
SGD_Ridge,"AutoSeasonalDifferences(max_diffs=380, n_seasons=10, season_length=267) | LocalMinMaxScaler(stats_=[[  5.11211699 325.92896936]])","[1, 2, 3, 4, 5, 6, 7, 8, 9, 10, 11, 12, 13, 14, 15, 16, 18, 19, 20, 21, 22, 23, 25, 26, 27, 28, 29, 30, 31, 32, 34, 36, 37, 38, 40, 42, 44, 45, 47, 48, 52, 53, 54, 59, 60, 61, 65, 67, 69, 70, 73, 74, 85, 91, 96, 98, 100, 102, 105, 106, 107, 109, 110, 111, 112, 113, 117, 118, 119, 120, 122, 124, 125, 127, 129, 130, 131, 134, 138, 139, 140, 141, 142, 144, 145, 146, 147, 149, 152, 153, 156, 157, 159, 161, 162, 163, 164, 165, 166, 168, 169, 170, 172, 173, 174, 175, 176, 177, 178, 179, 181, 183, 184, 186, 187, 188, 189, 190, 191, 192, 193, 194, 195, 196, 197, 199, 201, 202, 203, 204, 205, 206, 207, 208, 209, 210, 211, 213, 214, 215, 216, 217, 218, 219, 220, 221, 222, 226, 227, 228, 229, 230, 231, 232, 233, 234, 236, 238, 239, 240, 242, 245, 246, 248, 250, 251, 252, 254, 255, 258, 260, 263, 265, 266, 267, 268, 272, 273, 274, 277, 279, 281, 282, 283, 284, 286, 293, 296, 297, 300, 302, 304, 307, 309, 310, 311, 313, 316, 319, 320, 321, 322, 323, 326, 328, 329, 330, 331, 333, 335, 336, 337, 338, 339, 342, 347, 349, 350, 351, 352, 353, 354, 355, 356, 357, 358, 359, 360, 361, 362, 363, 364, 365, 366, 367, 368, 369, 370, 371, 372, 373, 374, 375, 376, 377, 379, 380, 381, 382, 383, 384, 385, 386, 387, 388, 389, 390, 392, 393, 395, 396, 398, 399, 400]","{1: [<function rolling_mean_14 at 0x000002C5930FAA20>], 7: [<function rolling_mean_30 at 0x000002C58DBF9260>], 30: [<function expanding_mean at 0x000002C58F7A04A0>]}",lags_400_features_264,31.604528186658047,27.842660968578777,30.067992819463207,29.770184041490367,27.8102091093723,29.82970389474448,31.21755925441048,31.96739168188019,44.76592665775777,63.83881201883457,64.48050937529992
SGDRegressor,"AutoSeasonalDifferences(max_diffs=380, n_seasons=10, season_length=267) | LocalMinMaxScaler(stats_=[[  5.11211699 325.92896936]])","[1, 2, 3, 4, 5, 6, 7, 8, 9, 10, 11, 12, 13, 14, 15, 16, 18, 19, 20, 21, 22, 23, 25, 26, 27, 28, 29, 30, 31, 32, 34, 36, 37, 38, 40, 42, 44, 45, 47, 48, 52, 53, 54, 59, 60, 61, 65, 67, 69, 70, 73, 74, 85, 91, 96, 98, 100, 102, 105, 106, 107, 109, 110, 111, 112, 113, 117, 118, 119, 120, 122, 124, 125, 127, 129, 130, 131, 134, 138, 139, 140, 141, 142, 144, 145, 146, 147, 149, 152, 153, 156, 157, 159, 161, 162, 163, 164, 165, 166, 168, 169, 170, 172, 173, 174, 175, 176, 177, 178, 179, 181, 183, 184, 186, 187, 188, 189, 190, 191, 192, 193, 194, 195, 196, 197, 199, 201, 202, 203, 204, 205, 206, 207, 208, 209, 210, 211, 213, 214, 215, 216, 217, 218, 219, 220, 221, 222, 226, 227, 228, 229, 230, 231, 232, 233, 234, 236, 238, 239, 240, 242, 245, 246, 248, 250, 251, 252, 254, 255, 258, 260, 263, 265, 266, 267, 268, 272, 273, 274, 277, 279, 281, 282, 283, 284, 286, 293, 296, 297, 300, 302, 304, 307, 309, 310, 311, 313, 316, 319, 320, 321, 322, 323, 326, 328, 329, 330, 331, 333, 335, 336, 337, 338, 339, 342, 347, 349, 350, 351, 352, 353, 354, 355, 356, 357, 358, 359, 360, 361, 362, 363, 364, 365, 366, 367, 368, 369, 370, 371, 372, 373, 374, 375, 376, 377, 379, 380, 381, 382, 383, 384, 385, 386, 387, 388, 389, 390, 392, 393, 395, 396, 398, 399, 400]","{1: [<function rolling_mean_14 at 0x000002C5930FAA20>], 7: [<function rolling_mean_30 at 0x000002C58DBF9260>], 30: [<function expanding_mean at 0x000002C58F7A04A0>]}",lags_400_features_264,13.626831194083794,23.410033229521204,25.524893902264225,24.74726825696774,23.510774545632245,28.09851415537292,32.67830106674175,40.055948998653314,52.853814729473115,48.744465554936475,48.16498902936465
XGBRegressor,"AutoSeasonalDifferences(max_diffs=380, n_seasons=10, season_length=267) | LocalMinMaxScaler(stats_=[[  5.11211699 325.92896936]])","[1, 2, 3, 4, 5, 6, 7, 8, 9, 10, 11, 12, 13, 14, 15, 16, 18, 19, 20, 21, 22, 23, 25, 26, 27, 28, 29, 30, 31, 32, 34, 36, 37, 38, 40, 42, 44, 45, 47, 48, 52, 53, 54, 59, 60, 61, 65, 67, 69, 70, 73, 74, 85, 91, 96, 98, 100, 102, 105, 106, 107, 109, 110, 111, 112, 113, 117, 118, 119, 120, 122, 124, 125, 127, 129, 130, 131, 134, 138, 139, 140, 141, 142, 144, 145, 146, 147, 149, 152, 153, 156, 157, 159, 161, 162, 163, 164, 165, 166, 168, 169, 170, 172, 173, 174, 175, 176, 177, 178, 179, 181, 183, 184, 186, 187, 188, 189, 190, 191, 192, 193, 194, 195, 196, 197, 199, 201, 202, 203, 204, 205, 206, 207, 208, 209, 210, 211, 213, 214, 215, 216, 217, 218, 219, 220, 221, 222, 226, 227, 228, 229, 230, 231, 232, 233, 234, 236, 238, 239, 240, 242, 245, 246, 248, 250, 251, 252, 254, 255, 258, 260, 263, 265, 266, 267, 268, 272, 273, 274, 277, 279, 281, 282, 283, 284, 286, 293, 296, 297, 300, 302, 304, 307, 309, 310, 311, 313, 316, 319, 320, 321, 322, 323, 326, 328, 329, 330, 331, 333, 335, 336, 337, 338, 339, 342, 347, 349, 350, 351, 352, 353, 354, 355, 356, 357, 358, 359, 360, 361, 362, 363, 364, 365, 366, 367, 368, 369, 370, 371, 372, 373, 374, 375, 376, 377, 379, 380, 381, 382, 383, 384, 385, 386, 387, 388, 389, 390, 392, 393, 395, 396, 398, 399, 400]","{1: [<function rolling_mean_14 at 0x000002C5930FAA20>], 7: [<function rolling_mean_30 at 0x000002C58DBF9260>], 30: [<function expanding_mean at 0x000002C58F7A04A0>]}",lags_400_features_264,10.835356028870274,17.858208713858346,19.981041912641142,19.44787449589468,20.188436796375257,19.295067240892934,23.41649407618086,31.77776597434833,42.82824116000729,48.78312809545344,48.201269263245564
LGBMRegressor,"AutoSeasonalDifferences(max_diffs=380, n_seasons=10, season_length=267) | LocalMinMaxScaler(stats_=[[  5.11211699 325.92896936]])","[1, 2, 3, 4, 5, 6, 7, 8, 9, 10, 11, 12, 13, 14, 15, 16, 18, 19, 20, 21, 22, 23, 25, 26, 27, 28, 29, 30, 31, 32, 34, 36, 37, 38, 40, 42, 44, 45, 47, 48, 52, 53, 54, 59, 60, 61, 65, 67, 69, 70, 73, 74, 85, 91, 96, 98, 100, 102, 105, 106, 107, 109, 110, 111, 112, 113, 117, 118, 119, 120, 122, 124, 125, 127, 129, 130, 131, 134, 138, 139, 140, 141, 142, 144, 145, 146, 147, 149, 152, 153, 156, 157, 159, 161, 162, 163, 164, 165, 166, 168, 169, 170, 172, 173, 174, 175, 176, 177, 178, 179, 181, 183, 184, 186, 187, 188, 189, 190, 191, 192, 193, 194, 195, 196, 197, 199, 201, 202, 203, 204, 205, 206, 207, 208, 209, 210, 211, 213, 214, 215, 216, 217, 218, 219, 220, 221, 222, 226, 227, 228, 229, 230, 231, 232, 233, 234, 236, 238, 239, 240, 242, 245, 246, 248, 250, 251, 252, 254, 255, 258, 260, 263, 265, 266, 267, 268, 272, 273, 274, 277, 279, 281, 282, 283, 284, 286, 293, 296, 297, 300, 302, 304, 307, 309, 310, 311, 313, 316, 319, 320, 321, 322, 323, 326, 328, 329, 330, 331, 333, 335, 336, 337, 338, 339, 342, 347, 349, 350, 351, 352, 353, 354, 355, 356, 357, 358, 359, 360, 361, 362, 363, 364, 365, 366, 367, 368, 369, 370, 371, 372, 373, 374, 375, 376, 377, 379, 380, 381, 382, 383, 384, 385, 386, 387, 388, 389, 390, 392, 393, 395, 396, 398, 399, 400]","{1: [<function rolling_mean_14 at 0x000002C5930FAA20>], 7: [<function rolling_mean_30 at 0x000002C58DBF9260>], 30: [<function expanding_mean at 0x000002C58F7A04A0>]}",lags_400_features_264,10.7165521138473,17.503660433060947,18.976282268386516,18.49606179631151,19.03805816525807,20.341910828315083,27.057629185466098,31.776644875524173,41.180526077308656,45.10293268382094,44.51538494005867
SGD_EarlyStopping,"AutoSeasonalDifferences(max_diffs=380, n_seasons=10, season_length=267) | LocalMinMaxScaler(stats_=[[  5.11211699 325.92896936]])","[1, 2, 3, 4, 5, 6, 7, 8, 9, 10, 11, 12, 13, 14, 15, 16, 18, 19, 20, 21, 22, 23, 25, 26, 27, 28, 29, 30, 31, 32, 34, 36, 37, 38, 40, 42, 44, 45, 47, 48, 52, 53, 54, 59, 60, 61, 65, 67, 69, 70, 73, 74, 85, 91, 96, 98, 100, 102, 105, 106, 107, 109, 110, 111, 112, 113, 117, 118, 119, 120, 122, 124, 125, 127, 129, 130, 131, 134, 138, 139, 140, 141, 142, 144, 145, 146, 147, 149, 152, 153, 156, 157, 159, 161, 162, 163, 164, 165, 166, 168, 169, 170, 172, 173, 174, 175, 176, 177, 178, 179, 181, 183, 184, 186, 187, 188, 189, 190, 191, 192, 193, 194, 195, 196, 197, 199, 201, 202, 203, 204, 205, 206, 207, 208, 209, 210, 211, 213, 214, 215, 216, 217, 218, 219, 220, 221, 222, 226, 227, 228, 229, 230, 231, 232, 233, 234, 236, 238, 239, 240, 242, 245, 246, 248, 250, 251, 252, 254, 255, 258, 260, 263, 265, 266, 267, 268, 272, 273, 274, 277, 279, 281, 282, 283, 284, 286, 293, 296, 297, 300, 302, 304, 307, 309, 310, 311, 313, 316, 319, 320, 321, 322, 323, 326, 328, 329, 330, 331, 333, 335, 336, 337, 338, 339, 342, 347, 349, 350, 351, 352, 353, 354, 355, 356, 357, 358, 359, 360, 361, 362, 363, 364, 365, 366, 367, 368, 369, 370, 371, 372, 373, 374, 375, 376, 377, 379, 380, 381, 382, 383, 384, 385, 386, 387, 388, 389, 390, 392, 393, 395, 396, 398, 399, 400]","{7: [RollingMean(window_size=7)], 30: [RollingMean(window_size=30)], 60: [RollingMean(window_size=60)]}",lags_400_features_264,15.786296838378824,17.912626384160372,20.806315362243588,20.76982266456077,20.67601384150034,25.30018321755169,31.011202793110716,38.469354801670356,51.885825961979684,56.735402810541636,55.85263386775118
SGD_ElasticNet,"AutoSeasonalDifferences(max_diffs=380, n_seasons=10, season_length=267) | LocalMinMaxScaler(stats_=[[  5.11211699 325.92896936]])","[1, 2, 3, 4, 5, 6, 7, 8, 9, 10, 11, 12, 13, 14, 15, 16, 18, 19, 20, 21, 22, 23, 25, 26, 27, 28, 29, 30, 31, 32, 34, 36, 37, 38, 40, 42, 44, 45, 47, 48, 52, 53, 54, 59, 60, 61, 65, 67, 69, 70, 73, 74, 85, 91, 96, 98, 100, 102, 105, 106, 107, 109, 110, 111, 112, 113, 117, 118, 119, 120, 122, 124, 125, 127, 129, 130, 131, 134, 138, 139, 140, 141, 142, 144, 145, 146, 147, 149, 152, 153, 156, 157, 159, 161, 162, 163, 164, 165, 166, 168, 169, 170, 172, 173, 174, 175, 176, 177, 178, 179, 181, 183, 184, 186, 187, 188, 189, 190, 191, 192, 193, 194, 195, 196, 197, 199, 201, 202, 203, 204, 205, 206, 207, 208, 209, 210, 211, 213, 214, 215, 216, 217, 218, 219, 220, 221, 222, 226, 227, 228, 229, 230, 231, 232, 233, 234, 236, 238, 239, 240, 242, 245, 246, 248, 250, 251, 252, 254, 255, 258, 260, 263, 265, 266, 267, 268, 272, 273, 274, 277, 279, 281, 282, 283, 284, 286, 293, 296, 297, 300, 302, 304, 307, 309, 310, 311, 313, 316, 319, 320, 321, 322, 323, 326, 328, 329, 330, 331, 333, 335, 336, 337, 338, 339, 342, 347, 349, 350, 351, 352, 353, 354, 355, 356, 357, 358, 359, 360, 361, 362, 363, 364, 365, 366, 367, 368, 369, 370, 371, 372, 373, 374, 375, 376, 377, 379, 380, 381, 382, 383, 384, 385, 386, 387, 388, 389, 390, 392, 393, 395, 396, 398, 399, 400]","{7: [RollingMean(window_size=7)], 30: [RollingMean(window_size=30)], 60: [RollingMean(window_size=60)]}",lags_400_features_264,9.601117441224668,17.422951673798124,19.15746219951746,18.52250623838198,18.4058239008326,23.4882415915365,28.36250439529958,35.52439151280621,49.42516917020959,51.08626268573104,51.22038124921387
SGD_Lasso,"AutoSeasonalDifferences(max_diffs=380, n_seasons=10, season_length=267) | LocalMinMaxScaler(stats_=[[  5.11211699 325.92896936]])","[1, 2, 3, 4, 5, 6, 7, 8, 9, 10, 11, 12, 13, 14, 15, 16, 18, 19, 20, 21, 22, 23, 25, 26, 27, 28, 29, 30, 31, 32, 34, 36, 37, 38, 40, 42, 44, 45, 47, 48, 52, 53, 54, 59, 60, 61, 65, 67, 69, 70, 73, 74, 85, 91, 96, 98, 100, 102, 105, 106, 107, 109, 110, 111, 112, 113, 117, 118, 119, 120, 122, 124, 125, 127, 129, 130, 131, 134, 138, 139, 140, 141, 142, 144, 145, 146, 147, 149, 152, 153, 156, 157, 159, 161, 162, 163, 164, 165, 166, 168, 169, 170, 172, 173, 174, 175, 176, 177, 178, 179, 181, 183, 184, 186, 187, 188, 189, 190, 191, 192, 193, 194, 195, 196, 197, 199, 201, 202, 203, 204, 205, 206, 207, 208, 209, 210, 211, 213, 214, 215, 216, 217, 218, 219, 220, 221, 222, 226, 227, 228, 229, 230, 231, 232, 233, 234, 236, 238, 239, 240, 242, 245, 246, 248, 250, 251, 252, 254, 255, 258, 260, 263, 265, 266, 267, 268, 272, 273, 274, 277, 279, 281, 282, 283, 284, 286, 293, 296, 297, 300, 302, 304, 307, 309, 310, 311, 313, 316, 319, 320, 321, 322, 323, 326, 328, 329, 330, 331, 333, 335, 336, 337, 338, 339, 342, 347, 349, 350, 351, 352, 353, 354, 355, 356, 357, 358, 359, 360, 361, 362, 363, 364, 365, 366, 367, 368, 369, 370, 371, 372, 373, 374, 375, 376, 377, 379, 380, 381, 382, 383, 384, 385, 386, 387, 388, 389, 390, 392, 393, 395, 396, 398, 399, 400]","{7: [RollingMean(window_size=7)], 30: [RollingMean(window_size=30)], 60: [RollingMean(window_size=60)]}",lags_400_features_264,118.05932069664766,102.761529561556,101.08235692519607,90.10235306743208,75.66384464435117,67.01788560628155,61.462045658613974,55.78004717885552,71.64443914013108,96.95023202215106,96.40223009131486
SGD_Ridge,"AutoSeasonalDifferences(max_diffs=380, n_seasons=10, season_length=267) | LocalMinMaxScaler(stats_=[[  5.11211699 325.92896936]])","[1, 2, 3, 4, 5, 6, 7, 8, 9, 10, 11, 12, 13, 14, 15, 16, 18, 19, 20, 21, 22, 23, 25, 26, 27, 28, 29, 30, 31, 32, 34, 36, 37, 38, 40, 42, 44, 45, 47, 48, 52, 53, 54, 59, 60, 61, 65, 67, 69, 70, 73, 74, 85, 91, 96, 98, 100, 102, 105, 106, 107, 109, 110, 111, 112, 113, 117, 118, 119, 120, 122, 124, 125, 127, 129, 130, 131, 134, 138, 139, 140, 141, 142, 144, 145, 146, 147, 149, 152, 153, 156, 157, 159, 161, 162, 163, 164, 165, 166, 168, 169, 170, 172, 173, 174, 175, 176, 177, 178, 179, 181, 183, 184, 186, 187, 188, 189, 190, 191, 192, 193, 194, 195, 196, 197, 199, 201, 202, 203, 204, 205, 206, 207, 208, 209, 210, 211, 213, 214, 215, 216, 217, 218, 219, 220, 221, 222, 226, 227, 228, 229, 230, 231, 232, 233, 234, 236, 238, 239, 240, 242, 245, 246, 248, 250, 251, 252, 254, 255, 258, 260, 263, 265, 266, 267, 268, 272, 273, 274, 277, 279, 281, 282, 283, 284, 286, 293, 296, 297, 300, 302, 304, 307, 309, 310, 311, 313, 316, 319, 320, 321, 322, 323, 326, 328, 329, 330, 331, 333, 335, 336, 337, 338, 339, 342, 347, 349, 350, 351, 352, 353, 354, 355, 356, 357, 358, 359, 360, 361, 362, 363, 364, 365, 366, 367, 368, 369, 370, 371, 372, 373, 374, 375, 376, 377, 379, 380, 381, 382, 383, 384, 385, 386, 387, 388, 389, 390, 392, 393, 395, 396, 398, 399, 400]","{7: [RollingMean(window_size=7)], 30: [RollingMean(window_size=30)], 60: [RollingMean(window_size=60)]}",lags_400_features_264,31.619537831058825,27.837389269701372,30.05577883638248,29.758282873580725,27.80123004684546,29.824633365306912,31.216681538117886,31.969398906635483,44.77255260666607,63.8361725826128,64.47812873546606
SGDRegressor,"AutoSeasonalDifferences(max_diffs=380, n_seasons=10, season_length=267) | LocalMinMaxScaler(stats_=[[  5.11211699 325.92896936]])","[1, 2, 3, 4, 5, 6, 7, 8, 9, 10, 11, 12, 13, 14, 15, 16, 18, 19, 20, 21, 22, 23, 25, 26, 27, 28, 29, 30, 31, 32, 34, 36, 37, 38, 40, 42, 44, 45, 47, 48, 52, 53, 54, 59, 60, 61, 65, 67, 69, 70, 73, 74, 85, 91, 96, 98, 100, 102, 105, 106, 107, 109, 110, 111, 112, 113, 117, 118, 119, 120, 122, 124, 125, 127, 129, 130, 131, 134, 138, 139, 140, 141, 142, 144, 145, 146, 147, 149, 152, 153, 156, 157, 159, 161, 162, 163, 164, 165, 166, 168, 169, 170, 172, 173, 174, 175, 176, 177, 178, 179, 181, 183, 184, 186, 187, 188, 189, 190, 191, 192, 193, 194, 195, 196, 197, 199, 201, 202, 203, 204, 205, 206, 207, 208, 209, 210, 211, 213, 214, 215, 216, 217, 218, 219, 220, 221, 222, 226, 227, 228, 229, 230, 231, 232, 233, 234, 236, 238, 239, 240, 242, 245, 246, 248, 250, 251, 252, 254, 255, 258, 260, 263, 265, 266, 267, 268, 272, 273, 274, 277, 279, 281, 282, 283, 284, 286, 293, 296, 297, 300, 302, 304, 307, 309, 310, 311, 313, 316, 319, 320, 321, 322, 323, 326, 328, 329, 330, 331, 333, 335, 336, 337, 338, 339, 342, 347, 349, 350, 351, 352, 353, 354, 355, 356, 357, 358, 359, 360, 361, 362, 363, 364, 365, 366, 367, 368, 369, 370, 371, 372, 373, 374, 375, 376, 377, 379, 380, 381, 382, 383, 384, 385, 386, 387, 388, 389, 390, 392, 393, 395, 396, 398, 399, 400]","{7: [RollingMean(window_size=7)], 30: [RollingMean(window_size=30)], 60: [RollingMean(window_size=60)]}",lags_400_features_264,13.60209287564392,23.370055729759446,25.478039205038648,24.696896531131944,23.47083366610196,28.06781929679007,32.64736376233181,40.017773710158174,52.80135766137841,48.695244805650525,48.123795548888225
XGBRegressor,"AutoSeasonalDifferences(max_diffs=380, n_seasons=10, season_length=267) | LocalMinMaxScaler(stats_=[[  5.11211699 325.92896936]])","[1, 2, 3, 4, 5, 6, 7, 8, 9, 10, 11, 12, 13, 14, 15, 16, 18, 19, 20, 21, 22, 23, 25, 26, 27, 28, 29, 30, 31, 32, 34, 36, 37, 38, 40, 42, 44, 45, 47, 48, 52, 53, 54, 59, 60, 61, 65, 67, 69, 70, 73, 74, 85, 91, 96, 98, 100, 102, 105, 106, 107, 109, 110, 111, 112, 113, 117, 118, 119, 120, 122, 124, 125, 127, 129, 130, 131, 134, 138, 139, 140, 141, 142, 144, 145, 146, 147, 149, 152, 153, 156, 157, 159, 161, 162, 163, 164, 165, 166, 168, 169, 170, 172, 173, 174, 175, 176, 177, 178, 179, 181, 183, 184, 186, 187, 188, 189, 190, 191, 192, 193, 194, 195, 196, 197, 199, 201, 202, 203, 204, 205, 206, 207, 208, 209, 210, 211, 213, 214, 215, 216, 217, 218, 219, 220, 221, 222, 226, 227, 228, 229, 230, 231, 232, 233, 234, 236, 238, 239, 240, 242, 245, 246, 248, 250, 251, 252, 254, 255, 258, 260, 263, 265, 266, 267, 268, 272, 273, 274, 277, 279, 281, 282, 283, 284, 286, 293, 296, 297, 300, 302, 304, 307, 309, 310, 311, 313, 316, 319, 320, 321, 322, 323, 326, 328, 329, 330, 331, 333, 335, 336, 337, 338, 339, 342, 347, 349, 350, 351, 352, 353, 354, 355, 356, 357, 358, 359, 360, 361, 362, 363, 364, 365, 366, 367, 368, 369, 370, 371, 372, 373, 374, 375, 376, 377, 379, 380, 381, 382, 383, 384, 385, 386, 387, 388, 389, 390, 392, 393, 395, 396, 398, 399, 400]","{7: [RollingMean(window_size=7)], 30: [RollingMean(window_size=30)], 60: [RollingMean(window_size=60)]}",lags_400_features_264,11.770341658248707,17.06682677462726,19.40277986110234,19.10677933866402,19.62114083445917,21.412766441014522,29.251485549777573,35.29502128962617,46.28431496895937,47.85886366013882,47.1498236736388
LGBMRegressor,"AutoSeasonalDifferences(max_diffs=380, n_seasons=10, season_length=267) | LocalMinMaxScaler(stats_=[[  5.11211699 325.92896936]])","[1, 2, 3, 4, 5, 6, 7, 8, 9, 10, 11, 12, 13, 14, 15, 16, 18, 19, 20, 21, 22, 23, 25, 26, 27, 28, 29, 30, 31, 32, 34, 36, 37, 38, 40, 42, 44, 45, 47, 48, 52, 53, 54, 59, 60, 61, 65, 67, 69, 70, 73, 74, 85, 91, 96, 98, 100, 102, 105, 106, 107, 109, 110, 111, 112, 113, 117, 118, 119, 120, 122, 124, 125, 127, 129, 130, 131, 134, 138, 139, 140, 141, 142, 144, 145, 146, 147, 149, 152, 153, 156, 157, 159, 161, 162, 163, 164, 165, 166, 168, 169, 170, 172, 173, 174, 175, 176, 177, 178, 179, 181, 183, 184, 186, 187, 188, 189, 190, 191, 192, 193, 194, 195, 196, 197, 199, 201, 202, 203, 204, 205, 206, 207, 208, 209, 210, 211, 213, 214, 215, 216, 217, 218, 219, 220, 221, 222, 226, 227, 228, 229, 230, 231, 232, 233, 234, 236, 238, 239, 240, 242, 245, 246, 248, 250, 251, 252, 254, 255, 258, 260, 263, 265, 266, 267, 268, 272, 273, 274, 277, 279, 281, 282, 283, 284, 286, 293, 296, 297, 300, 302, 304, 307, 309, 310, 311, 313, 316, 319, 320, 321, 322, 323, 326, 328, 329, 330, 331, 333, 335, 336, 337, 338, 339, 342, 347, 349, 350, 351, 352, 353, 354, 355, 356, 357, 358, 359, 360, 361, 362, 363, 364, 365, 366, 367, 368, 369, 370, 371, 372, 373, 374, 375, 376, 377, 379, 380, 381, 382, 383, 384, 385, 386, 387, 388, 389, 390, 392, 393, 395, 396, 398, 399, 400]","{7: [RollingMean(window_size=7)], 30: [RollingMean(window_size=30)], 60: [RollingMean(window_size=60)]}",lags_400_features_264,10.379183479448722,17.03993362440747,19.188975491673695,19.02420997224997,19.223196838443428,22.524457030469854,29.741085543850065,32.54498892520633,41.758022199603126,43.97788265390176,43.274617172052984
SGD_EarlyStopping,"AutoSeasonalDifferences(max_diffs=380, n_seasons=10, season_length=267) | LocalMinMaxScaler(stats_=[[  5.11211699 325.92896936]])","[1, 2, 3, 4, 5, 6, 7, 8, 9, 10, 11, 12, 13, 14, 15, 16, 18, 19, 20, 21, 22, 23, 25, 26, 27, 28, 29, 30, 31, 32, 34, 36, 37, 38, 40, 42, 44, 45, 47, 48, 52, 53, 54, 59, 60, 61, 65, 67, 69, 70, 73, 74, 85, 91, 96, 98, 100, 102, 105, 106, 107, 109, 110, 111, 112, 113, 117, 118, 119, 120, 122, 124, 125, 127, 129, 130, 131, 134, 138, 139, 140, 141, 142, 144, 145, 146, 147, 149, 152, 153, 156, 157, 159, 161, 162, 163, 164, 165, 166, 168, 169, 170, 172, 173, 174, 175, 176, 177, 178, 179, 181, 183, 184, 186, 187, 188, 189, 190, 191, 192, 193, 194, 195, 196, 197, 199, 201, 202, 203, 204, 205, 206, 207, 208, 209, 210, 211, 213, 214, 215, 216, 217, 218, 219, 220, 221, 222, 226, 227, 228, 229, 230, 231, 232, 233, 234, 236, 238, 239, 240, 242, 245, 246, 248, 250, 251, 252, 254, 255, 258, 260, 263, 265, 266, 267, 268, 272, 273, 274, 277, 279, 281, 282, 283, 284, 286, 293, 296, 297, 300, 302, 304, 307, 309, 310, 311, 313, 316, 319, 320, 321, 322, 323, 326, 328, 329, 330, 331, 333, 335, 336, 337, 338, 339, 342, 347, 349, 350, 351, 352, 353, 354, 355, 356, 357, 358, 359, 360, 361, 362, 363, 364, 365, 366, 367, 368, 369, 370, 371, 372, 373, 374, 375, 376, 377, 379, 380, 381, 382, 383, 384, 385, 386, 387, 388, 389, 390, 392, 393, 395, 396, 398, 399, 400]","{7: [RollingMean(window_size=7), RollingStd(window_size=7)], 30: [RollingMean(window_size=30)], 60: [ExpandingMean()], 14: [ExponentiallyWeightedMean(alpha=0.3)]}",lags_400_features_264,15.75884500885944,17.89907745702783,20.786759257280156,20.75934468117497,20.663883550905833,25.263240534387972,30.956203050032006,38.423910916188255,51.86531020061766,56.721522256163205,55.83801575839416
SGD_ElasticNet,"AutoSeasonalDifferences(max_diffs=380, n_seasons=10, season_length=267) | LocalMinMaxScaler(stats_=[[  5.11211699 325.92896936]])","[1, 2, 3, 4, 5, 6, 7, 8, 9, 10, 11, 12, 13, 14, 15, 16, 18, 19, 20, 21, 22, 23, 25, 26, 27, 28, 29, 30, 31, 32, 34, 36, 37, 38, 40, 42, 44, 45, 47, 48, 52, 53, 54, 59, 60, 61, 65, 67, 69, 70, 73, 74, 85, 91, 96, 98, 100, 102, 105, 106, 107, 109, 110, 111, 112, 113, 117, 118, 119, 120, 122, 124, 125, 127, 129, 130, 131, 134, 138, 139, 140, 141, 142, 144, 145, 146, 147, 149, 152, 153, 156, 157, 159, 161, 162, 163, 164, 165, 166, 168, 169, 170, 172, 173, 174, 175, 176, 177, 178, 179, 181, 183, 184, 186, 187, 188, 189, 190, 191, 192, 193, 194, 195, 196, 197, 199, 201, 202, 203, 204, 205, 206, 207, 208, 209, 210, 211, 213, 214, 215, 216, 217, 218, 219, 220, 221, 222, 226, 227, 228, 229, 230, 231, 232, 233, 234, 236, 238, 239, 240, 242, 245, 246, 248, 250, 251, 252, 254, 255, 258, 260, 263, 265, 266, 267, 268, 272, 273, 274, 277, 279, 281, 282, 283, 284, 286, 293, 296, 297, 300, 302, 304, 307, 309, 310, 311, 313, 316, 319, 320, 321, 322, 323, 326, 328, 329, 330, 331, 333, 335, 336, 337, 338, 339, 342, 347, 349, 350, 351, 352, 353, 354, 355, 356, 357, 358, 359, 360, 361, 362, 363, 364, 365, 366, 367, 368, 369, 370, 371, 372, 373, 374, 375, 376, 377, 379, 380, 381, 382, 383, 384, 385, 386, 387, 388, 389, 390, 392, 393, 395, 396, 398, 399, 400]","{7: [RollingMean(window_size=7), RollingStd(window_size=7)], 30: [RollingMean(window_size=30)], 60: [ExpandingMean()], 14: [ExponentiallyWeightedMean(alpha=0.3)]}",lags_400_features_264,9.623541019128828,17.409411851047977,19.138754239375718,18.509203911623697,18.394627432478988,23.480933513670127,28.352341293831817,35.50607918115634,49.43238991436418,51.156591478642454,51.29406707761074
SGD_Lasso,"AutoSeasonalDifferences(max_diffs=380, n_seasons=10, season_length=267) | LocalMinMaxScaler(stats_=[[  5.11211699 325.92896936]])","[1, 2, 3, 4, 5, 6, 7, 8, 9, 10, 11, 12, 13, 14, 15, 16, 18, 19, 20, 21, 22, 23, 25, 26, 27, 28, 29, 30, 31, 32, 34, 36, 37, 38, 40, 42, 44, 45, 47, 48, 52, 53, 54, 59, 60, 61, 65, 67, 69, 70, 73, 74, 85, 91, 96, 98, 100, 102, 105, 106, 107, 109, 110, 111, 112, 113, 117, 118, 119, 120, 122, 124, 125, 127, 129, 130, 131, 134, 138, 139, 140, 141, 142, 144, 145, 146, 147, 149, 152, 153, 156, 157, 159, 161, 162, 163, 164, 165, 166, 168, 169, 170, 172, 173, 174, 175, 176, 177, 178, 179, 181, 183, 184, 186, 187, 188, 189, 190, 191, 192, 193, 194, 195, 196, 197, 199, 201, 202, 203, 204, 205, 206, 207, 208, 209, 210, 211, 213, 214, 215, 216, 217, 218, 219, 220, 221, 222, 226, 227, 228, 229, 230, 231, 232, 233, 234, 236, 238, 239, 240, 242, 245, 246, 248, 250, 251, 252, 254, 255, 258, 260, 263, 265, 266, 267, 268, 272, 273, 274, 277, 279, 281, 282, 283, 284, 286, 293, 296, 297, 300, 302, 304, 307, 309, 310, 311, 313, 316, 319, 320, 321, 322, 323, 326, 328, 329, 330, 331, 333, 335, 336, 337, 338, 339, 342, 347, 349, 350, 351, 352, 353, 354, 355, 356, 357, 358, 359, 360, 361, 362, 363, 364, 365, 366, 367, 368, 369, 370, 371, 372, 373, 374, 375, 376, 377, 379, 380, 381, 382, 383, 384, 385, 386, 387, 388, 389, 390, 392, 393, 395, 396, 398, 399, 400]","{7: [RollingMean(window_size=7), RollingStd(window_size=7)], 30: [RollingMean(window_size=30)], 60: [ExpandingMean()], 14: [ExponentiallyWeightedMean(alpha=0.3)]}",lags_400_features_264,118.05932069664766,102.761529561556,101.08235692519607,90.10235306743208,75.66384464435117,67.01788560628155,61.462045658613974,55.78004717885552,71.64443914013108,96.95023202215106,96.40223009131486
SGD_Ridge,"AutoSeasonalDifferences(max_diffs=380, n_seasons=10, season_length=267) | LocalMinMaxScaler(stats_=[[  5.11211699 325.92896936]])","[1, 2, 3, 4, 5, 6, 7, 8, 9, 10, 11, 12, 13, 14, 15, 16, 18, 19, 20, 21, 22, 23, 25, 26, 27, 28, 29, 30, 31, 32, 34, 36, 37, 38, 40, 42, 44, 45, 47, 48, 52, 53, 54, 59, 60, 61, 65, 67, 69, 70, 73, 74, 85, 91, 96, 98, 100, 102, 105, 106, 107, 109, 110, 111, 112, 113, 117, 118, 119, 120, 122, 124, 125, 127, 129, 130, 131, 134, 138, 139, 140, 141, 142, 144, 145, 146, 147, 149, 152, 153, 156, 157, 159, 161, 162, 163, 164, 165, 166, 168, 169, 170, 172, 173, 174, 175, 176, 177, 178, 179, 181, 183, 184, 186, 187, 188, 189, 190, 191, 192, 193, 194, 195, 196, 197, 199, 201, 202, 203, 204, 205, 206, 207, 208, 209, 210, 211, 213, 214, 215, 216, 217, 218, 219, 220, 221, 222, 226, 227, 228, 229, 230, 231, 232, 233, 234, 236, 238, 239, 240, 242, 245, 246, 248, 250, 251, 252, 254, 255, 258, 260, 263, 265, 266, 267, 268, 272, 273, 274, 277, 279, 281, 282, 283, 284, 286, 293, 296, 297, 300, 302, 304, 307, 309, 310, 311, 313, 316, 319, 320, 321, 322, 323, 326, 328, 329, 330, 331, 333, 335, 336, 337, 338, 339, 342, 347, 349, 350, 351, 352, 353, 354, 355, 356, 357, 358, 359, 360, 361, 362, 363, 364, 365, 366, 367, 368, 369, 370, 371, 372, 373, 374, 375, 376, 377, 379, 380, 381, 382, 383, 384, 385, 386, 387, 388, 389, 390, 392, 393, 395, 396, 398, 399, 400]","{7: [RollingMean(window_size=7), RollingStd(window_size=7)], 30: [RollingMean(window_size=30)], 60: [ExpandingMean()], 14: [ExponentiallyWeightedMean(alpha=0.3)]}",lags_400_features_264,31.567413294936426,27.80600740190226,30.047259920393856,29.764374049159613,27.80808584189563,29.834372816073873,31.222659722352674,31.969973541234403,44.76741075599012,63.85040691981475,64.49543150962029
SGDRegressor,"AutoSeasonalDifferences(max_diffs=380, n_seasons=10, season_length=267) | LocalMinMaxScaler(stats_=[[  5.11211699 325.92896936]])","[1, 2, 3, 4, 5, 6, 7, 8, 9, 10, 11, 12, 13, 14, 15, 16, 18, 19, 20, 21, 22, 23, 25, 26, 27, 28, 29, 30, 31, 32, 34, 36, 37, 38, 40, 42, 44, 45, 47, 48, 52, 53, 54, 59, 60, 61, 65, 67, 69, 70, 73, 74, 85, 91, 96, 98, 100, 102, 105, 106, 107, 109, 110, 111, 112, 113, 117, 118, 119, 120, 122, 124, 125, 127, 129, 130, 131, 134, 138, 139, 140, 141, 142, 144, 145, 146, 147, 149, 152, 153, 156, 157, 159, 161, 162, 163, 164, 165, 166, 168, 169, 170, 172, 173, 174, 175, 176, 177, 178, 179, 181, 183, 184, 186, 187, 188, 189, 190, 191, 192, 193, 194, 195, 196, 197, 199, 201, 202, 203, 204, 205, 206, 207, 208, 209, 210, 211, 213, 214, 215, 216, 217, 218, 219, 220, 221, 222, 226, 227, 228, 229, 230, 231, 232, 233, 234, 236, 238, 239, 240, 242, 245, 246, 248, 250, 251, 252, 254, 255, 258, 260, 263, 265, 266, 267, 268, 272, 273, 274, 277, 279, 281, 282, 283, 284, 286, 293, 296, 297, 300, 302, 304, 307, 309, 310, 311, 313, 316, 319, 320, 321, 322, 323, 326, 328, 329, 330, 331, 333, 335, 336, 337, 338, 339, 342, 347, 349, 350, 351, 352, 353, 354, 355, 356, 357, 358, 359, 360, 361, 362, 363, 364, 365, 366, 367, 368, 369, 370, 371, 372, 373, 374, 375, 376, 377, 379, 380, 381, 382, 383, 384, 385, 386, 387, 388, 389, 390, 392, 393, 395, 396, 398, 399, 400]","{7: [RollingMean(window_size=7), RollingStd(window_size=7)], 30: [RollingMean(window_size=30)], 60: [ExpandingMean()], 14: [ExponentiallyWeightedMean(alpha=0.3)]}",lags_400_features_264,13.614335614315104,23.38568758762946,25.499047078970204,24.719666797429486,23.486402699100807,28.071470328959652,32.63910360352889,39.99601918902295,52.81022667301978,48.716743028027246,48.1407988861484
XGBRegressor,"AutoSeasonalDifferences(max_diffs=380, n_seasons=10, season_length=267) | LocalMinMaxScaler(stats_=[[  5.11211699 325.92896936]])","[1, 2, 3, 4, 5, 6, 7, 8, 9, 10, 11, 12, 13, 14, 15, 16, 18, 19, 20, 21, 22, 23, 25, 26, 27, 28, 29, 30, 31, 32, 34, 36, 37, 38, 40, 42, 44, 45, 47, 48, 52, 53, 54, 59, 60, 61, 65, 67, 69, 70, 73, 74, 85, 91, 96, 98, 100, 102, 105, 106, 107, 109, 110, 111, 112, 113, 117, 118, 119, 120, 122, 124, 125, 127, 129, 130, 131, 134, 138, 139, 140, 141, 142, 144, 145, 146, 147, 149, 152, 153, 156, 157, 159, 161, 162, 163, 164, 165, 166, 168, 169, 170, 172, 173, 174, 175, 176, 177, 178, 179, 181, 183, 184, 186, 187, 188, 189, 190, 191, 192, 193, 194, 195, 196, 197, 199, 201, 202, 203, 204, 205, 206, 207, 208, 209, 210, 211, 213, 214, 215, 216, 217, 218, 219, 220, 221, 222, 226, 227, 228, 229, 230, 231, 232, 233, 234, 236, 238, 239, 240, 242, 245, 246, 248, 250, 251, 252, 254, 255, 258, 260, 263, 265, 266, 267, 268, 272, 273, 274, 277, 279, 281, 282, 283, 284, 286, 293, 296, 297, 300, 302, 304, 307, 309, 310, 311, 313, 316, 319, 320, 321, 322, 323, 326, 328, 329, 330, 331, 333, 335, 336, 337, 338, 339, 342, 347, 349, 350, 351, 352, 353, 354, 355, 356, 357, 358, 359, 360, 361, 362, 363, 364, 365, 366, 367, 368, 369, 370, 371, 372, 373, 374, 375, 376, 377, 379, 380, 381, 382, 383, 384, 385, 386, 387, 388, 389, 390, 392, 393, 395, 396, 398, 399, 400]","{7: [RollingMean(window_size=7), RollingStd(window_size=7)], 30: [RollingMean(window_size=30)], 60: [ExpandingMean()], 14: [ExponentiallyWeightedMean(alpha=0.3)]}",lags_400_features_264,13.17219626109742,17.142644353362428,19.361872018230102,18.787907289147867,19.42150933167005,21.170532202935398,29.37674992641059,35.717519812080354,47.07628566308378,49.96831618440109,49.47653246350843
LGBMRegressor,"AutoSeasonalDifferences(max_diffs=380, n_seasons=10, season_length=267) | LocalMinMaxScaler(stats_=[[  5.11211699 325.92896936]])","[1, 2, 3, 4, 5, 6, 7, 8, 9, 10, 11, 12, 13, 14, 15, 16, 18, 19, 20, 21, 22, 23, 25, 26, 27, 28, 29, 30, 31, 32, 34, 36, 37, 38, 40, 42, 44, 45, 47, 48, 52, 53, 54, 59, 60, 61, 65, 67, 69, 70, 73, 74, 85, 91, 96, 98, 100, 102, 105, 106, 107, 109, 110, 111, 112, 113, 117, 118, 119, 120, 122, 124, 125, 127, 129, 130, 131, 134, 138, 139, 140, 141, 142, 144, 145, 146, 147, 149, 152, 153, 156, 157, 159, 161, 162, 163, 164, 165, 166, 168, 169, 170, 172, 173, 174, 175, 176, 177, 178, 179, 181, 183, 184, 186, 187, 188, 189, 190, 191, 192, 193, 194, 195, 196, 197, 199, 201, 202, 203, 204, 205, 206, 207, 208, 209, 210, 211, 213, 214, 215, 216, 217, 218, 219, 220, 221, 222, 226, 227, 228, 229, 230, 231, 232, 233, 234, 236, 238, 239, 240, 242, 245, 246, 248, 250, 251, 252, 254, 255, 258, 260, 263, 265, 266, 267, 268, 272, 273, 274, 277, 279, 281, 282, 283, 284, 286, 293, 296, 297, 300, 302, 304, 307, 309, 310, 311, 313, 316, 319, 320, 321, 322, 323, 326, 328, 329, 330, 331, 333, 335, 336, 337, 338, 339, 342, 347, 349, 350, 351, 352, 353, 354, 355, 356, 357, 358, 359, 360, 361, 362, 363, 364, 365, 366, 367, 368, 369, 370, 371, 372, 373, 374, 375, 376, 377, 379, 380, 381, 382, 383, 384, 385, 386, 387, 388, 389, 390, 392, 393, 395, 396, 398, 399, 400]","{7: [RollingMean(window_size=7), RollingStd(window_size=7)], 30: [RollingMean(window_size=30)], 60: [ExpandingMean()], 14: [ExponentiallyWeightedMean(alpha=0.3)]}",lags_400_features_264,10.378078609784284,16.531734485247362,18.418413512190686,18.168062215763285,18.228258123326533,22.80758050637681,29.8968993022313,33.53748826125107,44.4698233402105,47.89239702068727,47.156408298998116
XGBRegressor,"AutoSeasonalDifferences(max_diffs=380, n_seasons=10, season_length=267) | LocalBoxCox(lower=0.0, method=loglik, season_length=None, stats_=[[4.10226185e-05 0.00000000e+00]], upper=2.0)","[1, 2, 3, 4, 5, 6, 7, 8, 9, 10, 11, 12, 13, 14, 15, 16, 18, 19, 20, 21, 22, 23, 25, 26, 27, 28, 29, 30, 31, 32, 34, 36, 37, 38, 40, 42, 44, 45, 47, 48, 52, 53, 54, 59, 60, 61, 65, 67, 69, 70, 73, 74, 85, 91, 96, 98, 100, 102, 105, 106, 107, 109, 110, 111, 112, 113, 117, 118, 119, 120, 122, 124, 125, 127, 129, 130, 131, 134, 138, 139, 140, 141, 142, 144, 145, 146, 147, 149, 152, 153, 156, 157, 159, 161, 162, 163, 164, 165, 166, 168, 169, 170, 172, 173, 174, 175, 176, 177, 178, 179, 181, 183, 184, 186, 187, 188, 189, 190, 191, 192, 193, 194, 195, 196, 197, 199, 201, 202, 203, 204, 205, 206, 207, 208, 209, 210, 211, 213, 214, 215, 216, 217, 218, 219, 220, 221, 222, 226, 227, 228, 229, 230, 231, 232, 233, 234, 236, 238, 239, 240, 242, 245, 246, 248, 250, 251, 252, 254, 255, 258, 260, 263, 265, 266, 267, 268, 272, 273, 274, 277, 279, 281, 282, 283, 284, 286, 293, 296, 297, 300, 302, 304, 307, 309, 310, 311, 313, 316, 319, 320, 321, 322, 323, 326, 328, 329, 330, 331, 333, 335, 336, 337, 338, 339, 342, 347, 349, 350, 351, 352, 353, 354, 355, 356, 357, 358, 359, 360, 361, 362, 363, 364, 365, 366, 367, 368, 369, 370, 371, 372, 373, 374, 375, 376, 377, 379, 380, 381, 382, 383, 384, 385, 386, 387, 388, 389, 390, 392, 393, 395, 396, 398, 399, 400]","{1: [<function expanding_mean at 0x000002C58F7A04A0>], 7: [<function rolling_mean_14 at 0x000002C5930FAA20>], 30: [<function expanding_mean at 0x000002C58F7A04A0>]}",lags_400_features_264,13.512961024630071,16.781083164229184,19.143881910767256,18.88555028573579,20.82428681366208,21.811167394444407,27.143533805552643,31.424455940800154,45.3174130982154,53.88900712277883,53.240596620633355
LGBMRegressor,"AutoSeasonalDifferences(max_diffs=380, n_seasons=10, season_length=267) | LocalBoxCox(lower=0.0, method=loglik, season_length=None, stats_=[[4.10226185e-05 0.00000000e+00]], upper=2.0)","[1, 2, 3, 4, 5, 6, 7, 8, 9, 10, 11, 12, 13, 14, 15, 16, 18, 19, 20, 21, 22, 23, 25, 26, 27, 28, 29, 30, 31, 32, 34, 36, 37, 38, 40, 42, 44, 45, 47, 48, 52, 53, 54, 59, 60, 61, 65, 67, 69, 70, 73, 74, 85, 91, 96, 98, 100, 102, 105, 106, 107, 109, 110, 111, 112, 113, 117, 118, 119, 120, 122, 124, 125, 127, 129, 130, 131, 134, 138, 139, 140, 141, 142, 144, 145, 146, 147, 149, 152, 153, 156, 157, 159, 161, 162, 163, 164, 165, 166, 168, 169, 170, 172, 173, 174, 175, 176, 177, 178, 179, 181, 183, 184, 186, 187, 188, 189, 190, 191, 192, 193, 194, 195, 196, 197, 199, 201, 202, 203, 204, 205, 206, 207, 208, 209, 210, 211, 213, 214, 215, 216, 217, 218, 219, 220, 221, 222, 226, 227, 228, 229, 230, 231, 232, 233, 234, 236, 238, 239, 240, 242, 245, 246, 248, 250, 251, 252, 254, 255, 258, 260, 263, 265, 266, 267, 268, 272, 273, 274, 277, 279, 281, 282, 283, 284, 286, 293, 296, 297, 300, 302, 304, 307, 309, 310, 311, 313, 316, 319, 320, 321, 322, 323, 326, 328, 329, 330, 331, 333, 335, 336, 337, 338, 339, 342, 347, 349, 350, 351, 352, 353, 354, 355, 356, 357, 358, 359, 360, 361, 362, 363, 364, 365, 366, 367, 368, 369, 370, 371, 372, 373, 374, 375, 376, 377, 379, 380, 381, 382, 383, 384, 385, 386, 387, 388, 389, 390, 392, 393, 395, 396, 398, 399, 400]","{1: [<function expanding_mean at 0x000002C58F7A04A0>], 7: [<function rolling_mean_14 at 0x000002C5930FAA20>], 30: [<function expanding_mean at 0x000002C58F7A04A0>]}",lags_400_features_264,9.024665025531853,16.01410113630421,17.99212531350942,17.59570764873554,17.709490251828232,19.26411186519788,23.315705468385726,27.257744993738363,45.86141977494434,58.398833809509554,57.56776157447335
XGBRegressor,"AutoSeasonalDifferences(max_diffs=380, n_seasons=10, season_length=267) | LocalBoxCox(lower=0.0, method=loglik, season_length=None, stats_=[[4.10226185e-05 0.00000000e+00]], upper=2.0)","[1, 2, 3, 4, 5, 6, 7, 8, 9, 10, 11, 12, 13, 14, 15, 16, 18, 19, 20, 21, 22, 23, 25, 26, 27, 28, 29, 30, 31, 32, 34, 36, 37, 38, 40, 42, 44, 45, 47, 48, 52, 53, 54, 59, 60, 61, 65, 67, 69, 70, 73, 74, 85, 91, 96, 98, 100, 102, 105, 106, 107, 109, 110, 111, 112, 113, 117, 118, 119, 120, 122, 124, 125, 127, 129, 130, 131, 134, 138, 139, 140, 141, 142, 144, 145, 146, 147, 149, 152, 153, 156, 157, 159, 161, 162, 163, 164, 165, 166, 168, 169, 170, 172, 173, 174, 175, 176, 177, 178, 179, 181, 183, 184, 186, 187, 188, 189, 190, 191, 192, 193, 194, 195, 196, 197, 199, 201, 202, 203, 204, 205, 206, 207, 208, 209, 210, 211, 213, 214, 215, 216, 217, 218, 219, 220, 221, 222, 226, 227, 228, 229, 230, 231, 232, 233, 234, 236, 238, 239, 240, 242, 245, 246, 248, 250, 251, 252, 254, 255, 258, 260, 263, 265, 266, 267, 268, 272, 273, 274, 277, 279, 281, 282, 283, 284, 286, 293, 296, 297, 300, 302, 304, 307, 309, 310, 311, 313, 316, 319, 320, 321, 322, 323, 326, 328, 329, 330, 331, 333, 335, 336, 337, 338, 339, 342, 347, 349, 350, 351, 352, 353, 354, 355, 356, 357, 358, 359, 360, 361, 362, 363, 364, 365, 366, 367, 368, 369, 370, 371, 372, 373, 374, 375, 376, 377, 379, 380, 381, 382, 383, 384, 385, 386, 387, 388, 389, 390, 392, 393, 395, 396, 398, 399, 400]","{1: [<function rolling_mean_14 at 0x000002C5930FAA20>], 7: [<function rolling_mean_30 at 0x000002C58DBF9260>], 30: [<function expanding_mean at 0x000002C58F7A04A0>]}",lags_400_features_264,11.241659547835733,18.94912683315592,20.26968219741264,19.66520909817543,19.745748781109462,20.392577834035563,28.5902394390871,33.74816323671935,42.49004318732594,49.83740975784163,49.49552457467051
LGBMRegressor,"AutoSeasonalDifferences(max_diffs=380, n_seasons=10, season_length=267) | LocalBoxCox(lower=0.0, method=loglik, season_length=None, stats_=[[4.10226185e-05 0.00000000e+00]], upper=2.0)","[1, 2, 3, 4, 5, 6, 7, 8, 9, 10, 11, 12, 13, 14, 15, 16, 18, 19, 20, 21, 22, 23, 25, 26, 27, 28, 29, 30, 31, 32, 34, 36, 37, 38, 40, 42, 44, 45, 47, 48, 52, 53, 54, 59, 60, 61, 65, 67, 69, 70, 73, 74, 85, 91, 96, 98, 100, 102, 105, 106, 107, 109, 110, 111, 112, 113, 117, 118, 119, 120, 122, 124, 125, 127, 129, 130, 131, 134, 138, 139, 140, 141, 142, 144, 145, 146, 147, 149, 152, 153, 156, 157, 159, 161, 162, 163, 164, 165, 166, 168, 169, 170, 172, 173, 174, 175, 176, 177, 178, 179, 181, 183, 184, 186, 187, 188, 189, 190, 191, 192, 193, 194, 195, 196, 197, 199, 201, 202, 203, 204, 205, 206, 207, 208, 209, 210, 211, 213, 214, 215, 216, 217, 218, 219, 220, 221, 222, 226, 227, 228, 229, 230, 231, 232, 233, 234, 236, 238, 239, 240, 242, 245, 246, 248, 250, 251, 252, 254, 255, 258, 260, 263, 265, 266, 267, 268, 272, 273, 274, 277, 279, 281, 282, 283, 284, 286, 293, 296, 297, 300, 302, 304, 307, 309, 310, 311, 313, 316, 319, 320, 321, 322, 323, 326, 328, 329, 330, 331, 333, 335, 336, 337, 338, 339, 342, 347, 349, 350, 351, 352, 353, 354, 355, 356, 357, 358, 359, 360, 361, 362, 363, 364, 365, 366, 367, 368, 369, 370, 371, 372, 373, 374, 375, 376, 377, 379, 380, 381, 382, 383, 384, 385, 386, 387, 388, 389, 390, 392, 393, 395, 396, 398, 399, 400]","{1: [<function rolling_mean_14 at 0x000002C5930FAA20>], 7: [<function rolling_mean_30 at 0x000002C58DBF9260>], 30: [<function expanding_mean at 0x000002C58F7A04A0>]}",lags_400_features_264,11.015067509126778,17.114534024879376,18.592876081427164,18.54373265998653,18.437933856625886,19.749786548963353,23.17602897741389,27.406193700984044,41.436734610447324,51.48811378750282,51.00213732342617
XGBRegressor,"AutoSeasonalDifferences(max_diffs=380, n_seasons=10, season_length=267) | LocalBoxCox(lower=0.0, method=loglik, season_length=None, stats_=[[4.10226185e-05 0.00000000e+00]], upper=2.0)","[1, 2, 3, 4, 5, 6, 7, 8, 9, 10, 11, 12, 13, 14, 15, 16, 18, 19, 20, 21, 22, 23, 25, 26, 27, 28, 29, 30, 31, 32, 34, 36, 37, 38, 40, 42, 44, 45, 47, 48, 52, 53, 54, 59, 60, 61, 65, 67, 69, 70, 73, 74, 85, 91, 96, 98, 100, 102, 105, 106, 107, 109, 110, 111, 112, 113, 117, 118, 119, 120, 122, 124, 125, 127, 129, 130, 131, 134, 138, 139, 140, 141, 142, 144, 145, 146, 147, 149, 152, 153, 156, 157, 159, 161, 162, 163, 164, 165, 166, 168, 169, 170, 172, 173, 174, 175, 176, 177, 178, 179, 181, 183, 184, 186, 187, 188, 189, 190, 191, 192, 193, 194, 195, 196, 197, 199, 201, 202, 203, 204, 205, 206, 207, 208, 209, 210, 211, 213, 214, 215, 216, 217, 218, 219, 220, 221, 222, 226, 227, 228, 229, 230, 231, 232, 233, 234, 236, 238, 239, 240, 242, 245, 246, 248, 250, 251, 252, 254, 255, 258, 260, 263, 265, 266, 267, 268, 272, 273, 274, 277, 279, 281, 282, 283, 284, 286, 293, 296, 297, 300, 302, 304, 307, 309, 310, 311, 313, 316, 319, 320, 321, 322, 323, 326, 328, 329, 330, 331, 333, 335, 336, 337, 338, 339, 342, 347, 349, 350, 351, 352, 353, 354, 355, 356, 357, 358, 359, 360, 361, 362, 363, 364, 365, 366, 367, 368, 369, 370, 371, 372, 373, 374, 375, 376, 377, 379, 380, 381, 382, 383, 384, 385, 386, 387, 388, 389, 390, 392, 393, 395, 396, 398, 399, 400]","{7: [RollingMean(window_size=7)], 30: [RollingMean(window_size=30)], 60: [RollingMean(window_size=60)]}",lags_400_features_264,12.646660480851732,20.075268276603467,21.218251408165152,21.05226060793818,24.243920443815938,24.84298995486406,27.873544389657763,35.09059265239221,50.885871923416474,51.796097041827316,50.86276063817876
LGBMRegressor,"AutoSeasonalDifferences(max_diffs=380, n_seasons=10, season_length=267) | LocalBoxCox(lower=0.0, method=loglik, season_length=None, stats_=[[4.10226185e-05 0.00000000e+00]], upper=2.0)","[1, 2, 3, 4, 5, 6, 7, 8, 9, 10, 11, 12, 13, 14, 15, 16, 18, 19, 20, 21, 22, 23, 25, 26, 27, 28, 29, 30, 31, 32, 34, 36, 37, 38, 40, 42, 44, 45, 47, 48, 52, 53, 54, 59, 60, 61, 65, 67, 69, 70, 73, 74, 85, 91, 96, 98, 100, 102, 105, 106, 107, 109, 110, 111, 112, 113, 117, 118, 119, 120, 122, 124, 125, 127, 129, 130, 131, 134, 138, 139, 140, 141, 142, 144, 145, 146, 147, 149, 152, 153, 156, 157, 159, 161, 162, 163, 164, 165, 166, 168, 169, 170, 172, 173, 174, 175, 176, 177, 178, 179, 181, 183, 184, 186, 187, 188, 189, 190, 191, 192, 193, 194, 195, 196, 197, 199, 201, 202, 203, 204, 205, 206, 207, 208, 209, 210, 211, 213, 214, 215, 216, 217, 218, 219, 220, 221, 222, 226, 227, 228, 229, 230, 231, 232, 233, 234, 236, 238, 239, 240, 242, 245, 246, 248, 250, 251, 252, 254, 255, 258, 260, 263, 265, 266, 267, 268, 272, 273, 274, 277, 279, 281, 282, 283, 284, 286, 293, 296, 297, 300, 302, 304, 307, 309, 310, 311, 313, 316, 319, 320, 321, 322, 323, 326, 328, 329, 330, 331, 333, 335, 336, 337, 338, 339, 342, 347, 349, 350, 351, 352, 353, 354, 355, 356, 357, 358, 359, 360, 361, 362, 363, 364, 365, 366, 367, 368, 369, 370, 371, 372, 373, 374, 375, 376, 377, 379, 380, 381, 382, 383, 384, 385, 386, 387, 388, 389, 390, 392, 393, 395, 396, 398, 399, 400]","{7: [RollingMean(window_size=7)], 30: [RollingMean(window_size=30)], 60: [RollingMean(window_size=60)]}",lags_400_features_264,10.1895252994011,17.4428510207223,18.56502640810097,18.244575686308824,18.242366879677625,19.336692914251557,22.909744957386344,27.744941410460605,40.748473108396574,48.22913909765856,47.94820680612711
XGBRegressor,"AutoSeasonalDifferences(max_diffs=380, n_seasons=10, season_length=267) | LocalBoxCox(lower=0.0, method=loglik, season_length=None, stats_=[[4.10226185e-05 0.00000000e+00]], upper=2.0)","[1, 2, 3, 4, 5, 6, 7, 8, 9, 10, 11, 12, 13, 14, 15, 16, 18, 19, 20, 21, 22, 23, 25, 26, 27, 28, 29, 30, 31, 32, 34, 36, 37, 38, 40, 42, 44, 45, 47, 48, 52, 53, 54, 59, 60, 61, 65, 67, 69, 70, 73, 74, 85, 91, 96, 98, 100, 102, 105, 106, 107, 109, 110, 111, 112, 113, 117, 118, 119, 120, 122, 124, 125, 127, 129, 130, 131, 134, 138, 139, 140, 141, 142, 144, 145, 146, 147, 149, 152, 153, 156, 157, 159, 161, 162, 163, 164, 165, 166, 168, 169, 170, 172, 173, 174, 175, 176, 177, 178, 179, 181, 183, 184, 186, 187, 188, 189, 190, 191, 192, 193, 194, 195, 196, 197, 199, 201, 202, 203, 204, 205, 206, 207, 208, 209, 210, 211, 213, 214, 215, 216, 217, 218, 219, 220, 221, 222, 226, 227, 228, 229, 230, 231, 232, 233, 234, 236, 238, 239, 240, 242, 245, 246, 248, 250, 251, 252, 254, 255, 258, 260, 263, 265, 266, 267, 268, 272, 273, 274, 277, 279, 281, 282, 283, 284, 286, 293, 296, 297, 300, 302, 304, 307, 309, 310, 311, 313, 316, 319, 320, 321, 322, 323, 326, 328, 329, 330, 331, 333, 335, 336, 337, 338, 339, 342, 347, 349, 350, 351, 352, 353, 354, 355, 356, 357, 358, 359, 360, 361, 362, 363, 364, 365, 366, 367, 368, 369, 370, 371, 372, 373, 374, 375, 376, 377, 379, 380, 381, 382, 383, 384, 385, 386, 387, 388, 389, 390, 392, 393, 395, 396, 398, 399, 400]","{7: [RollingMean(window_size=7), RollingStd(window_size=7)], 30: [RollingMean(window_size=30)], 60: [ExpandingMean()], 14: [ExponentiallyWeightedMean(alpha=0.3)]}",lags_400_features_264,13.188553108004822,20.48588090749153,21.417816387879007,21.243283049286728,24.277746544839488,24.835473433684456,27.72121246401127,35.32671857546298,51.03740915423155,51.40234082317118,50.48135752055898
LGBMRegressor,"AutoSeasonalDifferences(max_diffs=380, n_seasons=10, season_length=267) | LocalBoxCox(lower=0.0, method=loglik, season_length=None, stats_=[[4.10226185e-05 0.00000000e+00]], upper=2.0)","[1, 2, 3, 4, 5, 6, 7, 8, 9, 10, 11, 12, 13, 14, 15, 16, 18, 19, 20, 21, 22, 23, 25, 26, 27, 28, 29, 30, 31, 32, 34, 36, 37, 38, 40, 42, 44, 45, 47, 48, 52, 53, 54, 59, 60, 61, 65, 67, 69, 70, 73, 74, 85, 91, 96, 98, 100, 102, 105, 106, 107, 109, 110, 111, 112, 113, 117, 118, 119, 120, 122, 124, 125, 127, 129, 130, 131, 134, 138, 139, 140, 141, 142, 144, 145, 146, 147, 149, 152, 153, 156, 157, 159, 161, 162, 163, 164, 165, 166, 168, 169, 170, 172, 173, 174, 175, 176, 177, 178, 179, 181, 183, 184, 186, 187, 188, 189, 190, 191, 192, 193, 194, 195, 196, 197, 199, 201, 202, 203, 204, 205, 206, 207, 208, 209, 210, 211, 213, 214, 215, 216, 217, 218, 219, 220, 221, 222, 226, 227, 228, 229, 230, 231, 232, 233, 234, 236, 238, 239, 240, 242, 245, 246, 248, 250, 251, 252, 254, 255, 258, 260, 263, 265, 266, 267, 268, 272, 273, 274, 277, 279, 281, 282, 283, 284, 286, 293, 296, 297, 300, 302, 304, 307, 309, 310, 311, 313, 316, 319, 320, 321, 322, 323, 326, 328, 329, 330, 331, 333, 335, 336, 337, 338, 339, 342, 347, 349, 350, 351, 352, 353, 354, 355, 356, 357, 358, 359, 360, 361, 362, 363, 364, 365, 366, 367, 368, 369, 370, 371, 372, 373, 374, 375, 376, 377, 379, 380, 381, 382, 383, 384, 385, 386, 387, 388, 389, 390, 392, 393, 395, 396, 398, 399, 400]","{7: [RollingMean(window_size=7), RollingStd(window_size=7)], 30: [RollingMean(window_size=30)], 60: [ExpandingMean()], 14: [ExponentiallyWeightedMean(alpha=0.3)]}",lags_400_features_264,11.17610663321801,17.94755699348474,18.93688389313215,18.592261037386844,18.38691726726795,20.559354301356,26.068037460329418,31.472974902638406,44.25673914665509,51.61274063489968,51.16906541360212
SGD_EarlyStopping,"AutoSeasonalityAndDifferences(max_diffs=380, max_season_length=267, n_seasons=10) | LocalStandardScaler(stats_=[[47.42372721 38.3630083 ]])","[1, 2, 3, 4, 5, 6, 7, 8, 9, 10, 11, 12, 13, 14, 15, 16, 18, 19, 20, 21, 22, 23, 25, 26, 27, 28, 29, 30, 31, 32, 34, 36, 37, 38, 40, 42, 44, 45, 47, 48, 52, 53, 54, 59, 60, 61, 65, 67, 69, 70, 73, 74, 85, 91, 96, 98, 100, 102, 105, 106, 107, 109, 110, 111, 112, 113, 117, 118, 119, 120, 122, 124, 125, 127, 129, 130, 131, 134, 138, 139, 140, 141, 142, 144, 145, 146, 147, 149, 152, 153, 156, 157, 159, 161, 162, 163, 164, 165, 166, 168, 169, 170, 172, 173, 174, 175, 176, 177, 178, 179, 181, 183, 184, 186, 187, 188, 189, 190, 191, 192, 193, 194, 195, 196, 197, 199, 201, 202, 203, 204, 205, 206, 207, 208, 209, 210, 211, 213, 214, 215, 216, 217, 218, 219, 220, 221, 222, 226, 227, 228, 229, 230, 231, 232, 233, 234, 236, 238, 239, 240, 242, 245, 246, 248, 250, 251, 252, 254, 255, 258, 260, 263, 265, 266, 267, 268, 272, 273, 274, 277, 279, 281, 282, 283, 284, 286, 293, 296, 297, 300, 302, 304, 307, 309, 310, 311, 313, 316, 319, 320, 321, 322, 323, 326, 328, 329, 330, 331, 333, 335, 336, 337, 338, 339, 342, 347, 349, 350, 351, 352, 353, 354, 355, 356, 357, 358, 359, 360, 361, 362, 363, 364, 365, 366, 367, 368, 369, 370, 371, 372, 373, 374, 375, 376, 377, 379, 380, 381, 382, 383, 384, 385, 386, 387, 388, 389, 390, 392, 393, 395, 396, 398, 399, 400]","{1: [<function expanding_mean at 0x000002C58F7A04A0>], 7: [<function rolling_mean_14 at 0x000002C5930FAA20>], 30: [<function expanding_mean at 0x000002C58F7A04A0>]}",lags_400_features_264,49.47846263254221,66.94143027293646,70.2505685842403,71.42891384170727,70.53921251137956,69.68252952497213,68.09653458806663,77.57031000788368,95.60469878305943,112.56966917457045,112.91089365200473
SGD_ElasticNet,"AutoSeasonalityAndDifferences(max_diffs=380, max_season_length=267, n_seasons=10) | LocalStandardScaler(stats_=[[47.42372721 38.3630083 ]])","[1, 2, 3, 4, 5, 6, 7, 8, 9, 10, 11, 12, 13, 14, 15, 16, 18, 19, 20, 21, 22, 23, 25, 26, 27, 28, 29, 30, 31, 32, 34, 36, 37, 38, 40, 42, 44, 45, 47, 48, 52, 53, 54, 59, 60, 61, 65, 67, 69, 70, 73, 74, 85, 91, 96, 98, 100, 102, 105, 106, 107, 109, 110, 111, 112, 113, 117, 118, 119, 120, 122, 124, 125, 127, 129, 130, 131, 134, 138, 139, 140, 141, 142, 144, 145, 146, 147, 149, 152, 153, 156, 157, 159, 161, 162, 163, 164, 165, 166, 168, 169, 170, 172, 173, 174, 175, 176, 177, 178, 179, 181, 183, 184, 186, 187, 188, 189, 190, 191, 192, 193, 194, 195, 196, 197, 199, 201, 202, 203, 204, 205, 206, 207, 208, 209, 210, 211, 213, 214, 215, 216, 217, 218, 219, 220, 221, 222, 226, 227, 228, 229, 230, 231, 232, 233, 234, 236, 238, 239, 240, 242, 245, 246, 248, 250, 251, 252, 254, 255, 258, 260, 263, 265, 266, 267, 268, 272, 273, 274, 277, 279, 281, 282, 283, 284, 286, 293, 296, 297, 300, 302, 304, 307, 309, 310, 311, 313, 316, 319, 320, 321, 322, 323, 326, 328, 329, 330, 331, 333, 335, 336, 337, 338, 339, 342, 347, 349, 350, 351, 352, 353, 354, 355, 356, 357, 358, 359, 360, 361, 362, 363, 364, 365, 366, 367, 368, 369, 370, 371, 372, 373, 374, 375, 376, 377, 379, 380, 381, 382, 383, 384, 385, 386, 387, 388, 389, 390, 392, 393, 395, 396, 398, 399, 400]","{1: [<function expanding_mean at 0x000002C58F7A04A0>], 7: [<function rolling_mean_14 at 0x000002C5930FAA20>], 30: [<function expanding_mean at 0x000002C58F7A04A0>]}",lags_400_features_264,58.69710289848733,48.8130747778232,63.755170966393074,61.76843219919503,59.86067746842924,63.995147284564894,62.9442564946311,62.397496081037026,79.65741680246668,104.35886316453329,103.6351229718379
SGD_Lasso,"AutoSeasonalityAndDifferences(max_diffs=380, max_season_length=267, n_seasons=10) | LocalStandardScaler(stats_=[[47.42372721 38.3630083 ]])","[1, 2, 3, 4, 5, 6, 7, 8, 9, 10, 11, 12, 13, 14, 15, 16, 18, 19, 20, 21, 22, 23, 25, 26, 27, 28, 29, 30, 31, 32, 34, 36, 37, 38, 40, 42, 44, 45, 47, 48, 52, 53, 54, 59, 60, 61, 65, 67, 69, 70, 73, 74, 85, 91, 96, 98, 100, 102, 105, 106, 107, 109, 110, 111, 112, 113, 117, 118, 119, 120, 122, 124, 125, 127, 129, 130, 131, 134, 138, 139, 140, 141, 142, 144, 145, 146, 147, 149, 152, 153, 156, 157, 159, 161, 162, 163, 164, 165, 166, 168, 169, 170, 172, 173, 174, 175, 176, 177, 178, 179, 181, 183, 184, 186, 187, 188, 189, 190, 191, 192, 193, 194, 195, 196, 197, 199, 201, 202, 203, 204, 205, 206, 207, 208, 209, 210, 211, 213, 214, 215, 216, 217, 218, 219, 220, 221, 222, 226, 227, 228, 229, 230, 231, 232, 233, 234, 236, 238, 239, 240, 242, 245, 246, 248, 250, 251, 252, 254, 255, 258, 260, 263, 265, 266, 267, 268, 272, 273, 274, 277, 279, 281, 282, 283, 284, 286, 293, 296, 297, 300, 302, 304, 307, 309, 310, 311, 313, 316, 319, 320, 321, 322, 323, 326, 328, 329, 330, 331, 333, 335, 336, 337, 338, 339, 342, 347, 349, 350, 351, 352, 353, 354, 355, 356, 357, 358, 359, 360, 361, 362, 363, 364, 365, 366, 367, 368, 369, 370, 371, 372, 373, 374, 375, 376, 377, 379, 380, 381, 382, 383, 384, 385, 386, 387, 388, 389, 390, 392, 393, 395, 396, 398, 399, 400]","{1: [<function expanding_mean at 0x000002C58F7A04A0>], 7: [<function rolling_mean_14 at 0x000002C5930FAA20>], 30: [<function expanding_mean at 0x000002C58F7A04A0>]}",lags_400_features_264,119.14548458554842,103.77149442233085,102.08395774688732,91.04926196560366,76.4857034666081,67.71698172970517,61.930075094803996,56.18075610191639,72.186709178849,97.69672620078694,97.15062446619048
SGD_Ridge,"AutoSeasonalityAndDifferences(max_diffs=380, max_season_length=267, n_seasons=10) | LocalStandardScaler(stats_=[[47.42372721 38.3630083 ]])","[1, 2, 3, 4, 5, 6, 7, 8, 9, 10, 11, 12, 13, 14, 15, 16, 18, 19, 20, 21, 22, 23, 25, 26, 27, 28, 29, 30, 31, 32, 34, 36, 37, 38, 40, 42, 44, 45, 47, 48, 52, 53, 54, 59, 60, 61, 65, 67, 69, 70, 73, 74, 85, 91, 96, 98, 100, 102, 105, 106, 107, 109, 110, 111, 112, 113, 117, 118, 119, 120, 122, 124, 125, 127, 129, 130, 131, 134, 138, 139, 140, 141, 142, 144, 145, 146, 147, 149, 152, 153, 156, 157, 159, 161, 162, 163, 164, 165, 166, 168, 169, 170, 172, 173, 174, 175, 176, 177, 178, 179, 181, 183, 184, 186, 187, 188, 189, 190, 191, 192, 193, 194, 195, 196, 197, 199, 201, 202, 203, 204, 205, 206, 207, 208, 209, 210, 211, 213, 214, 215, 216, 217, 218, 219, 220, 221, 222, 226, 227, 228, 229, 230, 231, 232, 233, 234, 236, 238, 239, 240, 242, 245, 246, 248, 250, 251, 252, 254, 255, 258, 260, 263, 265, 266, 267, 268, 272, 273, 274, 277, 279, 281, 282, 283, 284, 286, 293, 296, 297, 300, 302, 304, 307, 309, 310, 311, 313, 316, 319, 320, 321, 322, 323, 326, 328, 329, 330, 331, 333, 335, 336, 337, 338, 339, 342, 347, 349, 350, 351, 352, 353, 354, 355, 356, 357, 358, 359, 360, 361, 362, 363, 364, 365, 366, 367, 368, 369, 370, 371, 372, 373, 374, 375, 376, 377, 379, 380, 381, 382, 383, 384, 385, 386, 387, 388, 389, 390, 392, 393, 395, 396, 398, 399, 400]","{1: [<function expanding_mean at 0x000002C58F7A04A0>], 7: [<function rolling_mean_14 at 0x000002C5930FAA20>], 30: [<function expanding_mean at 0x000002C58F7A04A0>]}",lags_400_features_264,29.285165317803465,38.996252046122486,39.47994905463207,41.782092429681654,39.860628269016885,41.73587483799693,44.9858242475522,52.41821307355862,60.42250146091534,62.74963918916712,62.64836492237132
SGDRegressor,"AutoSeasonalityAndDifferences(max_diffs=380, max_season_length=267, n_seasons=10) | LocalStandardScaler(stats_=[[47.42372721 38.3630083 ]])","[1, 2, 3, 4, 5, 6, 7, 8, 9, 10, 11, 12, 13, 14, 15, 16, 18, 19, 20, 21, 22, 23, 25, 26, 27, 28, 29, 30, 31, 32, 34, 36, 37, 38, 40, 42, 44, 45, 47, 48, 52, 53, 54, 59, 60, 61, 65, 67, 69, 70, 73, 74, 85, 91, 96, 98, 100, 102, 105, 106, 107, 109, 110, 111, 112, 113, 117, 118, 119, 120, 122, 124, 125, 127, 129, 130, 131, 134, 138, 139, 140, 141, 142, 144, 145, 146, 147, 149, 152, 153, 156, 157, 159, 161, 162, 163, 164, 165, 166, 168, 169, 170, 172, 173, 174, 175, 176, 177, 178, 179, 181, 183, 184, 186, 187, 188, 189, 190, 191, 192, 193, 194, 195, 196, 197, 199, 201, 202, 203, 204, 205, 206, 207, 208, 209, 210, 211, 213, 214, 215, 216, 217, 218, 219, 220, 221, 222, 226, 227, 228, 229, 230, 231, 232, 233, 234, 236, 238, 239, 240, 242, 245, 246, 248, 250, 251, 252, 254, 255, 258, 260, 263, 265, 266, 267, 268, 272, 273, 274, 277, 279, 281, 282, 283, 284, 286, 293, 296, 297, 300, 302, 304, 307, 309, 310, 311, 313, 316, 319, 320, 321, 322, 323, 326, 328, 329, 330, 331, 333, 335, 336, 337, 338, 339, 342, 347, 349, 350, 351, 352, 353, 354, 355, 356, 357, 358, 359, 360, 361, 362, 363, 364, 365, 366, 367, 368, 369, 370, 371, 372, 373, 374, 375, 376, 377, 379, 380, 381, 382, 383, 384, 385, 386, 387, 388, 389, 390, 392, 393, 395, 396, 398, 399, 400]","{1: [<function expanding_mean at 0x000002C58F7A04A0>], 7: [<function rolling_mean_14 at 0x000002C5930FAA20>], 30: [<function expanding_mean at 0x000002C58F7A04A0>]}",lags_400_features_264,66.21773525584337,53.325731365775056,68.34638633386366,65.9478097170534,63.52881990852133,67.03382602000248,65.40572683425816,64.58217889663341,83.0066647988296,111.30815322966396,110.74410345210397
XGBRegressor,"AutoSeasonalityAndDifferences(max_diffs=380, max_season_length=267, n_seasons=10) | LocalStandardScaler(stats_=[[47.42372721 38.3630083 ]])","[1, 2, 3, 4, 5, 6, 7, 8, 9, 10, 11, 12, 13, 14, 15, 16, 18, 19, 20, 21, 22, 23, 25, 26, 27, 28, 29, 30, 31, 32, 34, 36, 37, 38, 40, 42, 44, 45, 47, 48, 52, 53, 54, 59, 60, 61, 65, 67, 69, 70, 73, 74, 85, 91, 96, 98, 100, 102, 105, 106, 107, 109, 110, 111, 112, 113, 117, 118, 119, 120, 122, 124, 125, 127, 129, 130, 131, 134, 138, 139, 140, 141, 142, 144, 145, 146, 147, 149, 152, 153, 156, 157, 159, 161, 162, 163, 164, 165, 166, 168, 169, 170, 172, 173, 174, 175, 176, 177, 178, 179, 181, 183, 184, 186, 187, 188, 189, 190, 191, 192, 193, 194, 195, 196, 197, 199, 201, 202, 203, 204, 205, 206, 207, 208, 209, 210, 211, 213, 214, 215, 216, 217, 218, 219, 220, 221, 222, 226, 227, 228, 229, 230, 231, 232, 233, 234, 236, 238, 239, 240, 242, 245, 246, 248, 250, 251, 252, 254, 255, 258, 260, 263, 265, 266, 267, 268, 272, 273, 274, 277, 279, 281, 282, 283, 284, 286, 293, 296, 297, 300, 302, 304, 307, 309, 310, 311, 313, 316, 319, 320, 321, 322, 323, 326, 328, 329, 330, 331, 333, 335, 336, 337, 338, 339, 342, 347, 349, 350, 351, 352, 353, 354, 355, 356, 357, 358, 359, 360, 361, 362, 363, 364, 365, 366, 367, 368, 369, 370, 371, 372, 373, 374, 375, 376, 377, 379, 380, 381, 382, 383, 384, 385, 386, 387, 388, 389, 390, 392, 393, 395, 396, 398, 399, 400]","{1: [<function expanding_mean at 0x000002C58F7A04A0>], 7: [<function rolling_mean_14 at 0x000002C5930FAA20>], 30: [<function expanding_mean at 0x000002C58F7A04A0>]}",lags_400_features_264,12.624917302523079,18.25268217394519,20.363056470403123,19.66368641797058,19.35666818760051,20.77876206699024,29.993152227710112,36.575001172749516,48.09547900444207,57.3516242884362,56.85644059099302
LGBMRegressor,"AutoSeasonalityAndDifferences(max_diffs=380, max_season_length=267, n_seasons=10) | LocalStandardScaler(stats_=[[47.42372721 38.3630083 ]])","[1, 2, 3, 4, 5, 6, 7, 8, 9, 10, 11, 12, 13, 14, 15, 16, 18, 19, 20, 21, 22, 23, 25, 26, 27, 28, 29, 30, 31, 32, 34, 36, 37, 38, 40, 42, 44, 45, 47, 48, 52, 53, 54, 59, 60, 61, 65, 67, 69, 70, 73, 74, 85, 91, 96, 98, 100, 102, 105, 106, 107, 109, 110, 111, 112, 113, 117, 118, 119, 120, 122, 124, 125, 127, 129, 130, 131, 134, 138, 139, 140, 141, 142, 144, 145, 146, 147, 149, 152, 153, 156, 157, 159, 161, 162, 163, 164, 165, 166, 168, 169, 170, 172, 173, 174, 175, 176, 177, 178, 179, 181, 183, 184, 186, 187, 188, 189, 190, 191, 192, 193, 194, 195, 196, 197, 199, 201, 202, 203, 204, 205, 206, 207, 208, 209, 210, 211, 213, 214, 215, 216, 217, 218, 219, 220, 221, 222, 226, 227, 228, 229, 230, 231, 232, 233, 234, 236, 238, 239, 240, 242, 245, 246, 248, 250, 251, 252, 254, 255, 258, 260, 263, 265, 266, 267, 268, 272, 273, 274, 277, 279, 281, 282, 283, 284, 286, 293, 296, 297, 300, 302, 304, 307, 309, 310, 311, 313, 316, 319, 320, 321, 322, 323, 326, 328, 329, 330, 331, 333, 335, 336, 337, 338, 339, 342, 347, 349, 350, 351, 352, 353, 354, 355, 356, 357, 358, 359, 360, 361, 362, 363, 364, 365, 366, 367, 368, 369, 370, 371, 372, 373, 374, 375, 376, 377, 379, 380, 381, 382, 383, 384, 385, 386, 387, 388, 389, 390, 392, 393, 395, 396, 398, 399, 400]","{1: [<function expanding_mean at 0x000002C58F7A04A0>], 7: [<function rolling_mean_14 at 0x000002C5930FAA20>], 30: [<function expanding_mean at 0x000002C58F7A04A0>]}",lags_400_features_264,11.6870834344765,18.700122665846468,19.816667478102108,19.17725938019093,18.78479868219358,22.46384330174759,29.631306540825943,33.49264609427665,44.417971910248184,46.88566515915034,46.458732155477975
SGD_EarlyStopping,"AutoSeasonalityAndDifferences(max_diffs=380, max_season_length=267, n_seasons=10) | LocalStandardScaler(stats_=[[47.42372721 38.3630083 ]])","[1, 2, 3, 4, 5, 6, 7, 8, 9, 10, 11, 12, 13, 14, 15, 16, 18, 19, 20, 21, 22, 23, 25, 26, 27, 28, 29, 30, 31, 32, 34, 36, 37, 38, 40, 42, 44, 45, 47, 48, 52, 53, 54, 59, 60, 61, 65, 67, 69, 70, 73, 74, 85, 91, 96, 98, 100, 102, 105, 106, 107, 109, 110, 111, 112, 113, 117, 118, 119, 120, 122, 124, 125, 127, 129, 130, 131, 134, 138, 139, 140, 141, 142, 144, 145, 146, 147, 149, 152, 153, 156, 157, 159, 161, 162, 163, 164, 165, 166, 168, 169, 170, 172, 173, 174, 175, 176, 177, 178, 179, 181, 183, 184, 186, 187, 188, 189, 190, 191, 192, 193, 194, 195, 196, 197, 199, 201, 202, 203, 204, 205, 206, 207, 208, 209, 210, 211, 213, 214, 215, 216, 217, 218, 219, 220, 221, 222, 226, 227, 228, 229, 230, 231, 232, 233, 234, 236, 238, 239, 240, 242, 245, 246, 248, 250, 251, 252, 254, 255, 258, 260, 263, 265, 266, 267, 268, 272, 273, 274, 277, 279, 281, 282, 283, 284, 286, 293, 296, 297, 300, 302, 304, 307, 309, 310, 311, 313, 316, 319, 320, 321, 322, 323, 326, 328, 329, 330, 331, 333, 335, 336, 337, 338, 339, 342, 347, 349, 350, 351, 352, 353, 354, 355, 356, 357, 358, 359, 360, 361, 362, 363, 364, 365, 366, 367, 368, 369, 370, 371, 372, 373, 374, 375, 376, 377, 379, 380, 381, 382, 383, 384, 385, 386, 387, 388, 389, 390, 392, 393, 395, 396, 398, 399, 400]","{1: [<function rolling_mean_14 at 0x000002C5930FAA20>], 7: [<function rolling_mean_30 at 0x000002C58DBF9260>], 30: [<function expanding_mean at 0x000002C58F7A04A0>]}",lags_400_features_264,49.588842588398094,67.20473121506612,70.45711696090893,71.67465223198175,70.79552736145874,69.89305973784965,68.30425867015457,77.90707659063767,96.07428946721937,113.21136851574975,113.58629604155155
SGD_ElasticNet,"AutoSeasonalityAndDifferences(max_diffs=380, max_season_length=267, n_seasons=10) | LocalStandardScaler(stats_=[[47.42372721 38.3630083 ]])","[1, 2, 3, 4, 5, 6, 7, 8, 9, 10, 11, 12, 13, 14, 15, 16, 18, 19, 20, 21, 22, 23, 25, 26, 27, 28, 29, 30, 31, 32, 34, 36, 37, 38, 40, 42, 44, 45, 47, 48, 52, 53, 54, 59, 60, 61, 65, 67, 69, 70, 73, 74, 85, 91, 96, 98, 100, 102, 105, 106, 107, 109, 110, 111, 112, 113, 117, 118, 119, 120, 122, 124, 125, 127, 129, 130, 131, 134, 138, 139, 140, 141, 142, 144, 145, 146, 147, 149, 152, 153, 156, 157, 159, 161, 162, 163, 164, 165, 166, 168, 169, 170, 172, 173, 174, 175, 176, 177, 178, 179, 181, 183, 184, 186, 187, 188, 189, 190, 191, 192, 193, 194, 195, 196, 197, 199, 201, 202, 203, 204, 205, 206, 207, 208, 209, 210, 211, 213, 214, 215, 216, 217, 218, 219, 220, 221, 222, 226, 227, 228, 229, 230, 231, 232, 233, 234, 236, 238, 239, 240, 242, 245, 246, 248, 250, 251, 252, 254, 255, 258, 260, 263, 265, 266, 267, 268, 272, 273, 274, 277, 279, 281, 282, 283, 284, 286, 293, 296, 297, 300, 302, 304, 307, 309, 310, 311, 313, 316, 319, 320, 321, 322, 323, 326, 328, 329, 330, 331, 333, 335, 336, 337, 338, 339, 342, 347, 349, 350, 351, 352, 353, 354, 355, 356, 357, 358, 359, 360, 361, 362, 363, 364, 365, 366, 367, 368, 369, 370, 371, 372, 373, 374, 375, 376, 377, 379, 380, 381, 382, 383, 384, 385, 386, 387, 388, 389, 390, 392, 393, 395, 396, 398, 399, 400]","{1: [<function rolling_mean_14 at 0x000002C5930FAA20>], 7: [<function rolling_mean_30 at 0x000002C58DBF9260>], 30: [<function expanding_mean at 0x000002C58F7A04A0>]}",lags_400_features_264,58.67848621460337,48.82249802425077,63.771835130570324,61.772535265698856,59.85762878751213,63.9997371348615,62.94903520239926,62.40034570071031,79.66115077891124,104.3364706626039,103.61419658256521
SGD_Lasso,"AutoSeasonalityAndDifferences(max_diffs=380, max_season_length=267, n_seasons=10) | LocalStandardScaler(stats_=[[47.42372721 38.3630083 ]])","[1, 2, 3, 4, 5, 6, 7, 8, 9, 10, 11, 12, 13, 14, 15, 16, 18, 19, 20, 21, 22, 23, 25, 26, 27, 28, 29, 30, 31, 32, 34, 36, 37, 38, 40, 42, 44, 45, 47, 48, 52, 53, 54, 59, 60, 61, 65, 67, 69, 70, 73, 74, 85, 91, 96, 98, 100, 102, 105, 106, 107, 109, 110, 111, 112, 113, 117, 118, 119, 120, 122, 124, 125, 127, 129, 130, 131, 134, 138, 139, 140, 141, 142, 144, 145, 146, 147, 149, 152, 153, 156, 157, 159, 161, 162, 163, 164, 165, 166, 168, 169, 170, 172, 173, 174, 175, 176, 177, 178, 179, 181, 183, 184, 186, 187, 188, 189, 190, 191, 192, 193, 194, 195, 196, 197, 199, 201, 202, 203, 204, 205, 206, 207, 208, 209, 210, 211, 213, 214, 215, 216, 217, 218, 219, 220, 221, 222, 226, 227, 228, 229, 230, 231, 232, 233, 234, 236, 238, 239, 240, 242, 245, 246, 248, 250, 251, 252, 254, 255, 258, 260, 263, 265, 266, 267, 268, 272, 273, 274, 277, 279, 281, 282, 283, 284, 286, 293, 296, 297, 300, 302, 304, 307, 309, 310, 311, 313, 316, 319, 320, 321, 322, 323, 326, 328, 329, 330, 331, 333, 335, 336, 337, 338, 339, 342, 347, 349, 350, 351, 352, 353, 354, 355, 356, 357, 358, 359, 360, 361, 362, 363, 364, 365, 366, 367, 368, 369, 370, 371, 372, 373, 374, 375, 376, 377, 379, 380, 381, 382, 383, 384, 385, 386, 387, 388, 389, 390, 392, 393, 395, 396, 398, 399, 400]","{1: [<function rolling_mean_14 at 0x000002C5930FAA20>], 7: [<function rolling_mean_30 at 0x000002C58DBF9260>], 30: [<function expanding_mean at 0x000002C58F7A04A0>]}",lags_400_features_264,119.14548458554842,103.77149442233085,102.08395774688732,91.04926196560366,76.4857034666081,67.71698172970517,61.930075094803996,56.18075610191639,72.186709178849,97.69672620078694,97.15062446619048
SGD_Ridge,"AutoSeasonalityAndDifferences(max_diffs=380, max_season_length=267, n_seasons=10) | LocalStandardScaler(stats_=[[47.42372721 38.3630083 ]])","[1, 2, 3, 4, 5, 6, 7, 8, 9, 10, 11, 12, 13, 14, 15, 16, 18, 19, 20, 21, 22, 23, 25, 26, 27, 28, 29, 30, 31, 32, 34, 36, 37, 38, 40, 42, 44, 45, 47, 48, 52, 53, 54, 59, 60, 61, 65, 67, 69, 70, 73, 74, 85, 91, 96, 98, 100, 102, 105, 106, 107, 109, 110, 111, 112, 113, 117, 118, 119, 120, 122, 124, 125, 127, 129, 130, 131, 134, 138, 139, 140, 141, 142, 144, 145, 146, 147, 149, 152, 153, 156, 157, 159, 161, 162, 163, 164, 165, 166, 168, 169, 170, 172, 173, 174, 175, 176, 177, 178, 179, 181, 183, 184, 186, 187, 188, 189, 190, 191, 192, 193, 194, 195, 196, 197, 199, 201, 202, 203, 204, 205, 206, 207, 208, 209, 210, 211, 213, 214, 215, 216, 217, 218, 219, 220, 221, 222, 226, 227, 228, 229, 230, 231, 232, 233, 234, 236, 238, 239, 240, 242, 245, 246, 248, 250, 251, 252, 254, 255, 258, 260, 263, 265, 266, 267, 268, 272, 273, 274, 277, 279, 281, 282, 283, 284, 286, 293, 296, 297, 300, 302, 304, 307, 309, 310, 311, 313, 316, 319, 320, 321, 322, 323, 326, 328, 329, 330, 331, 333, 335, 336, 337, 338, 339, 342, 347, 349, 350, 351, 352, 353, 354, 355, 356, 357, 358, 359, 360, 361, 362, 363, 364, 365, 366, 367, 368, 369, 370, 371, 372, 373, 374, 375, 376, 377, 379, 380, 381, 382, 383, 384, 385, 386, 387, 388, 389, 390, 392, 393, 395, 396, 398, 399, 400]","{1: [<function rolling_mean_14 at 0x000002C5930FAA20>], 7: [<function rolling_mean_30 at 0x000002C58DBF9260>], 30: [<function expanding_mean at 0x000002C58F7A04A0>]}",lags_400_features_264,29.43722508833923,39.178461245646986,39.67035729255851,41.990072358861504,40.05450478421821,41.89817120413133,45.136914532229625,52.60966822407694,60.6405824317566,63.187564638828775,63.104816596823575
SGDRegressor,"AutoSeasonalityAndDifferences(max_diffs=380, max_season_length=267, n_seasons=10) | LocalStandardScaler(stats_=[[47.42372721 38.3630083 ]])","[1, 2, 3, 4, 5, 6, 7, 8, 9, 10, 11, 12, 13, 14, 15, 16, 18, 19, 20, 21, 22, 23, 25, 26, 27, 28, 29, 30, 31, 32, 34, 36, 37, 38, 40, 42, 44, 45, 47, 48, 52, 53, 54, 59, 60, 61, 65, 67, 69, 70, 73, 74, 85, 91, 96, 98, 100, 102, 105, 106, 107, 109, 110, 111, 112, 113, 117, 118, 119, 120, 122, 124, 125, 127, 129, 130, 131, 134, 138, 139, 140, 141, 142, 144, 145, 146, 147, 149, 152, 153, 156, 157, 159, 161, 162, 163, 164, 165, 166, 168, 169, 170, 172, 173, 174, 175, 176, 177, 178, 179, 181, 183, 184, 186, 187, 188, 189, 190, 191, 192, 193, 194, 195, 196, 197, 199, 201, 202, 203, 204, 205, 206, 207, 208, 209, 210, 211, 213, 214, 215, 216, 217, 218, 219, 220, 221, 222, 226, 227, 228, 229, 230, 231, 232, 233, 234, 236, 238, 239, 240, 242, 245, 246, 248, 250, 251, 252, 254, 255, 258, 260, 263, 265, 266, 267, 268, 272, 273, 274, 277, 279, 281, 282, 283, 284, 286, 293, 296, 297, 300, 302, 304, 307, 309, 310, 311, 313, 316, 319, 320, 321, 322, 323, 326, 328, 329, 330, 331, 333, 335, 336, 337, 338, 339, 342, 347, 349, 350, 351, 352, 353, 354, 355, 356, 357, 358, 359, 360, 361, 362, 363, 364, 365, 366, 367, 368, 369, 370, 371, 372, 373, 374, 375, 376, 377, 379, 380, 381, 382, 383, 384, 385, 386, 387, 388, 389, 390, 392, 393, 395, 396, 398, 399, 400]","{1: [<function rolling_mean_14 at 0x000002C5930FAA20>], 7: [<function rolling_mean_30 at 0x000002C58DBF9260>], 30: [<function expanding_mean at 0x000002C58F7A04A0>]}",lags_400_features_264,66.17711763889731,53.33691351353348,68.34724225890373,65.95015536263953,63.52205879360545,67.03626341450546,65.40994788015347,64.58716342659528,83.01140867714314,111.29810167960376,110.73914228823385
XGBRegressor,"AutoSeasonalityAndDifferences(max_diffs=380, max_season_length=267, n_seasons=10) | LocalStandardScaler(stats_=[[47.42372721 38.3630083 ]])","[1, 2, 3, 4, 5, 6, 7, 8, 9, 10, 11, 12, 13, 14, 15, 16, 18, 19, 20, 21, 22, 23, 25, 26, 27, 28, 29, 30, 31, 32, 34, 36, 37, 38, 40, 42, 44, 45, 47, 48, 52, 53, 54, 59, 60, 61, 65, 67, 69, 70, 73, 74, 85, 91, 96, 98, 100, 102, 105, 106, 107, 109, 110, 111, 112, 113, 117, 118, 119, 120, 122, 124, 125, 127, 129, 130, 131, 134, 138, 139, 140, 141, 142, 144, 145, 146, 147, 149, 152, 153, 156, 157, 159, 161, 162, 163, 164, 165, 166, 168, 169, 170, 172, 173, 174, 175, 176, 177, 178, 179, 181, 183, 184, 186, 187, 188, 189, 190, 191, 192, 193, 194, 195, 196, 197, 199, 201, 202, 203, 204, 205, 206, 207, 208, 209, 210, 211, 213, 214, 215, 216, 217, 218, 219, 220, 221, 222, 226, 227, 228, 229, 230, 231, 232, 233, 234, 236, 238, 239, 240, 242, 245, 246, 248, 250, 251, 252, 254, 255, 258, 260, 263, 265, 266, 267, 268, 272, 273, 274, 277, 279, 281, 282, 283, 284, 286, 293, 296, 297, 300, 302, 304, 307, 309, 310, 311, 313, 316, 319, 320, 321, 322, 323, 326, 328, 329, 330, 331, 333, 335, 336, 337, 338, 339, 342, 347, 349, 350, 351, 352, 353, 354, 355, 356, 357, 358, 359, 360, 361, 362, 363, 364, 365, 366, 367, 368, 369, 370, 371, 372, 373, 374, 375, 376, 377, 379, 380, 381, 382, 383, 384, 385, 386, 387, 388, 389, 390, 392, 393, 395, 396, 398, 399, 400]","{1: [<function rolling_mean_14 at 0x000002C5930FAA20>], 7: [<function rolling_mean_30 at 0x000002C58DBF9260>], 30: [<function expanding_mean at 0x000002C58F7A04A0>]}",lags_400_features_264,10.859201814136897,17.641758937410717,19.47967730991452,19.048135733961775,19.88498742042617,18.942773554273668,22.786783723347316,31.454218620264395,44.341118107956504,50.00415094937119,49.35443403077478
LGBMRegressor,"AutoSeasonalityAndDifferences(max_diffs=380, max_season_length=267, n_seasons=10) | LocalStandardScaler(stats_=[[47.42372721 38.3630083 ]])","[1, 2, 3, 4, 5, 6, 7, 8, 9, 10, 11, 12, 13, 14, 15, 16, 18, 19, 20, 21, 22, 23, 25, 26, 27, 28, 29, 30, 31, 32, 34, 36, 37, 38, 40, 42, 44, 45, 47, 48, 52, 53, 54, 59, 60, 61, 65, 67, 69, 70, 73, 74, 85, 91, 96, 98, 100, 102, 105, 106, 107, 109, 110, 111, 112, 113, 117, 118, 119, 120, 122, 124, 125, 127, 129, 130, 131, 134, 138, 139, 140, 141, 142, 144, 145, 146, 147, 149, 152, 153, 156, 157, 159, 161, 162, 163, 164, 165, 166, 168, 169, 170, 172, 173, 174, 175, 176, 177, 178, 179, 181, 183, 184, 186, 187, 188, 189, 190, 191, 192, 193, 194, 195, 196, 197, 199, 201, 202, 203, 204, 205, 206, 207, 208, 209, 210, 211, 213, 214, 215, 216, 217, 218, 219, 220, 221, 222, 226, 227, 228, 229, 230, 231, 232, 233, 234, 236, 238, 239, 240, 242, 245, 246, 248, 250, 251, 252, 254, 255, 258, 260, 263, 265, 266, 267, 268, 272, 273, 274, 277, 279, 281, 282, 283, 284, 286, 293, 296, 297, 300, 302, 304, 307, 309, 310, 311, 313, 316, 319, 320, 321, 322, 323, 326, 328, 329, 330, 331, 333, 335, 336, 337, 338, 339, 342, 347, 349, 350, 351, 352, 353, 354, 355, 356, 357, 358, 359, 360, 361, 362, 363, 364, 365, 366, 367, 368, 369, 370, 371, 372, 373, 374, 375, 376, 377, 379, 380, 381, 382, 383, 384, 385, 386, 387, 388, 389, 390, 392, 393, 395, 396, 398, 399, 400]","{1: [<function rolling_mean_14 at 0x000002C5930FAA20>], 7: [<function rolling_mean_30 at 0x000002C58DBF9260>], 30: [<function expanding_mean at 0x000002C58F7A04A0>]}",lags_400_features_264,10.841283599922871,17.85049810142924,19.554222844207533,19.601275227827326,19.757936867800613,21.83270012951429,30.01732072945007,33.830554125558834,43.11714020545629,43.8621944829858,43.16369425744066
SGD_EarlyStopping,"AutoSeasonalityAndDifferences(max_diffs=380, max_season_length=267, n_seasons=10) | LocalStandardScaler(stats_=[[47.42372721 38.3630083 ]])","[1, 2, 3, 4, 5, 6, 7, 8, 9, 10, 11, 12, 13, 14, 15, 16, 18, 19, 20, 21, 22, 23, 25, 26, 27, 28, 29, 30, 31, 32, 34, 36, 37, 38, 40, 42, 44, 45, 47, 48, 52, 53, 54, 59, 60, 61, 65, 67, 69, 70, 73, 74, 85, 91, 96, 98, 100, 102, 105, 106, 107, 109, 110, 111, 112, 113, 117, 118, 119, 120, 122, 124, 125, 127, 129, 130, 131, 134, 138, 139, 140, 141, 142, 144, 145, 146, 147, 149, 152, 153, 156, 157, 159, 161, 162, 163, 164, 165, 166, 168, 169, 170, 172, 173, 174, 175, 176, 177, 178, 179, 181, 183, 184, 186, 187, 188, 189, 190, 191, 192, 193, 194, 195, 196, 197, 199, 201, 202, 203, 204, 205, 206, 207, 208, 209, 210, 211, 213, 214, 215, 216, 217, 218, 219, 220, 221, 222, 226, 227, 228, 229, 230, 231, 232, 233, 234, 236, 238, 239, 240, 242, 245, 246, 248, 250, 251, 252, 254, 255, 258, 260, 263, 265, 266, 267, 268, 272, 273, 274, 277, 279, 281, 282, 283, 284, 286, 293, 296, 297, 300, 302, 304, 307, 309, 310, 311, 313, 316, 319, 320, 321, 322, 323, 326, 328, 329, 330, 331, 333, 335, 336, 337, 338, 339, 342, 347, 349, 350, 351, 352, 353, 354, 355, 356, 357, 358, 359, 360, 361, 362, 363, 364, 365, 366, 367, 368, 369, 370, 371, 372, 373, 374, 375, 376, 377, 379, 380, 381, 382, 383, 384, 385, 386, 387, 388, 389, 390, 392, 393, 395, 396, 398, 399, 400]","{7: [RollingMean(window_size=7)], 30: [RollingMean(window_size=30)], 60: [RollingMean(window_size=60)]}",lags_400_features_264,49.328567226310035,66.6562354078511,69.96287281849828,71.0612208698747,70.18873753643335,69.41927053480424,67.9138967256643,77.425753218562,95.4812355707605,112.13802466082505,112.4489399036945
SGD_ElasticNet,"AutoSeasonalityAndDifferences(max_diffs=380, max_season_length=267, n_seasons=10) | LocalStandardScaler(stats_=[[47.42372721 38.3630083 ]])","[1, 2, 3, 4, 5, 6, 7, 8, 9, 10, 11, 12, 13, 14, 15, 16, 18, 19, 20, 21, 22, 23, 25, 26, 27, 28, 29, 30, 31, 32, 34, 36, 37, 38, 40, 42, 44, 45, 47, 48, 52, 53, 54, 59, 60, 61, 65, 67, 69, 70, 73, 74, 85, 91, 96, 98, 100, 102, 105, 106, 107, 109, 110, 111, 112, 113, 117, 118, 119, 120, 122, 124, 125, 127, 129, 130, 131, 134, 138, 139, 140, 141, 142, 144, 145, 146, 147, 149, 152, 153, 156, 157, 159, 161, 162, 163, 164, 165, 166, 168, 169, 170, 172, 173, 174, 175, 176, 177, 178, 179, 181, 183, 184, 186, 187, 188, 189, 190, 191, 192, 193, 194, 195, 196, 197, 199, 201, 202, 203, 204, 205, 206, 207, 208, 209, 210, 211, 213, 214, 215, 216, 217, 218, 219, 220, 221, 222, 226, 227, 228, 229, 230, 231, 232, 233, 234, 236, 238, 239, 240, 242, 245, 246, 248, 250, 251, 252, 254, 255, 258, 260, 263, 265, 266, 267, 268, 272, 273, 274, 277, 279, 281, 282, 283, 284, 286, 293, 296, 297, 300, 302, 304, 307, 309, 310, 311, 313, 316, 319, 320, 321, 322, 323, 326, 328, 329, 330, 331, 333, 335, 336, 337, 338, 339, 342, 347, 349, 350, 351, 352, 353, 354, 355, 356, 357, 358, 359, 360, 361, 362, 363, 364, 365, 366, 367, 368, 369, 370, 371, 372, 373, 374, 375, 376, 377, 379, 380, 381, 382, 383, 384, 385, 386, 387, 388, 389, 390, 392, 393, 395, 396, 398, 399, 400]","{7: [RollingMean(window_size=7)], 30: [RollingMean(window_size=30)], 60: [RollingMean(window_size=60)]}",lags_400_features_264,58.932655590263586,48.83596401945932,63.96553151446418,61.84896024739075,59.871327920958336,64.06162301588765,63.02658864703407,62.5377613297734,79.94968623304281,104.77780774196657,104.04462717549549
SGD_Lasso,"AutoSeasonalityAndDifferences(max_diffs=380, max_season_length=267, n_seasons=10) | LocalStandardScaler(stats_=[[47.42372721 38.3630083 ]])","[1, 2, 3, 4, 5, 6, 7, 8, 9, 10, 11, 12, 13, 14, 15, 16, 18, 19, 20, 21, 22, 23, 25, 26, 27, 28, 29, 30, 31, 32, 34, 36, 37, 38, 40, 42, 44, 45, 47, 48, 52, 53, 54, 59, 60, 61, 65, 67, 69, 70, 73, 74, 85, 91, 96, 98, 100, 102, 105, 106, 107, 109, 110, 111, 112, 113, 117, 118, 119, 120, 122, 124, 125, 127, 129, 130, 131, 134, 138, 139, 140, 141, 142, 144, 145, 146, 147, 149, 152, 153, 156, 157, 159, 161, 162, 163, 164, 165, 166, 168, 169, 170, 172, 173, 174, 175, 176, 177, 178, 179, 181, 183, 184, 186, 187, 188, 189, 190, 191, 192, 193, 194, 195, 196, 197, 199, 201, 202, 203, 204, 205, 206, 207, 208, 209, 210, 211, 213, 214, 215, 216, 217, 218, 219, 220, 221, 222, 226, 227, 228, 229, 230, 231, 232, 233, 234, 236, 238, 239, 240, 242, 245, 246, 248, 250, 251, 252, 254, 255, 258, 260, 263, 265, 266, 267, 268, 272, 273, 274, 277, 279, 281, 282, 283, 284, 286, 293, 296, 297, 300, 302, 304, 307, 309, 310, 311, 313, 316, 319, 320, 321, 322, 323, 326, 328, 329, 330, 331, 333, 335, 336, 337, 338, 339, 342, 347, 349, 350, 351, 352, 353, 354, 355, 356, 357, 358, 359, 360, 361, 362, 363, 364, 365, 366, 367, 368, 369, 370, 371, 372, 373, 374, 375, 376, 377, 379, 380, 381, 382, 383, 384, 385, 386, 387, 388, 389, 390, 392, 393, 395, 396, 398, 399, 400]","{7: [RollingMean(window_size=7)], 30: [RollingMean(window_size=30)], 60: [RollingMean(window_size=60)]}",lags_400_features_264,119.14548458554842,103.77149442233085,102.08395774688732,91.04926196560366,76.4857034666081,67.71698172970517,61.930075094803996,56.18075610191639,72.186709178849,97.69672620078694,97.15062446619048
SGD_Ridge,"AutoSeasonalityAndDifferences(max_diffs=380, max_season_length=267, n_seasons=10) | LocalStandardScaler(stats_=[[47.42372721 38.3630083 ]])","[1, 2, 3, 4, 5, 6, 7, 8, 9, 10, 11, 12, 13, 14, 15, 16, 18, 19, 20, 21, 22, 23, 25, 26, 27, 28, 29, 30, 31, 32, 34, 36, 37, 38, 40, 42, 44, 45, 47, 48, 52, 53, 54, 59, 60, 61, 65, 67, 69, 70, 73, 74, 85, 91, 96, 98, 100, 102, 105, 106, 107, 109, 110, 111, 112, 113, 117, 118, 119, 120, 122, 124, 125, 127, 129, 130, 131, 134, 138, 139, 140, 141, 142, 144, 145, 146, 147, 149, 152, 153, 156, 157, 159, 161, 162, 163, 164, 165, 166, 168, 169, 170, 172, 173, 174, 175, 176, 177, 178, 179, 181, 183, 184, 186, 187, 188, 189, 190, 191, 192, 193, 194, 195, 196, 197, 199, 201, 202, 203, 204, 205, 206, 207, 208, 209, 210, 211, 213, 214, 215, 216, 217, 218, 219, 220, 221, 222, 226, 227, 228, 229, 230, 231, 232, 233, 234, 236, 238, 239, 240, 242, 245, 246, 248, 250, 251, 252, 254, 255, 258, 260, 263, 265, 266, 267, 268, 272, 273, 274, 277, 279, 281, 282, 283, 284, 286, 293, 296, 297, 300, 302, 304, 307, 309, 310, 311, 313, 316, 319, 320, 321, 322, 323, 326, 328, 329, 330, 331, 333, 335, 336, 337, 338, 339, 342, 347, 349, 350, 351, 352, 353, 354, 355, 356, 357, 358, 359, 360, 361, 362, 363, 364, 365, 366, 367, 368, 369, 370, 371, 372, 373, 374, 375, 376, 377, 379, 380, 381, 382, 383, 384, 385, 386, 387, 388, 389, 390, 392, 393, 395, 396, 398, 399, 400]","{7: [RollingMean(window_size=7)], 30: [RollingMean(window_size=30)], 60: [RollingMean(window_size=60)]}",lags_400_features_264,29.125906085280363,38.83604927117709,39.352798594721925,41.67227575009213,39.7713038682193,41.68225307148616,44.98375022532231,52.43466322674668,60.42831831766112,62.7088337685322,62.61188852092043
SGDRegressor,"AutoSeasonalityAndDifferences(max_diffs=380, max_season_length=267, n_seasons=10) | LocalStandardScaler(stats_=[[47.42372721 38.3630083 ]])","[1, 2, 3, 4, 5, 6, 7, 8, 9, 10, 11, 12, 13, 14, 15, 16, 18, 19, 20, 21, 22, 23, 25, 26, 27, 28, 29, 30, 31, 32, 34, 36, 37, 38, 40, 42, 44, 45, 47, 48, 52, 53, 54, 59, 60, 61, 65, 67, 69, 70, 73, 74, 85, 91, 96, 98, 100, 102, 105, 106, 107, 109, 110, 111, 112, 113, 117, 118, 119, 120, 122, 124, 125, 127, 129, 130, 131, 134, 138, 139, 140, 141, 142, 144, 145, 146, 147, 149, 152, 153, 156, 157, 159, 161, 162, 163, 164, 165, 166, 168, 169, 170, 172, 173, 174, 175, 176, 177, 178, 179, 181, 183, 184, 186, 187, 188, 189, 190, 191, 192, 193, 194, 195, 196, 197, 199, 201, 202, 203, 204, 205, 206, 207, 208, 209, 210, 211, 213, 214, 215, 216, 217, 218, 219, 220, 221, 222, 226, 227, 228, 229, 230, 231, 232, 233, 234, 236, 238, 239, 240, 242, 245, 246, 248, 250, 251, 252, 254, 255, 258, 260, 263, 265, 266, 267, 268, 272, 273, 274, 277, 279, 281, 282, 283, 284, 286, 293, 296, 297, 300, 302, 304, 307, 309, 310, 311, 313, 316, 319, 320, 321, 322, 323, 326, 328, 329, 330, 331, 333, 335, 336, 337, 338, 339, 342, 347, 349, 350, 351, 352, 353, 354, 355, 356, 357, 358, 359, 360, 361, 362, 363, 364, 365, 366, 367, 368, 369, 370, 371, 372, 373, 374, 375, 376, 377, 379, 380, 381, 382, 383, 384, 385, 386, 387, 388, 389, 390, 392, 393, 395, 396, 398, 399, 400]","{7: [RollingMean(window_size=7)], 30: [RollingMean(window_size=30)], 60: [RollingMean(window_size=60)]}",lags_400_features_264,66.46296057349666,53.344553179023336,68.60449971562089,66.06432075169396,63.56194110549469,67.1198403867062,65.5072869866818,64.7241561626482,83.297866274389,111.7826790691351,111.21470144454955
XGBRegressor,"AutoSeasonalityAndDifferences(max_diffs=380, max_season_length=267, n_seasons=10) | LocalStandardScaler(stats_=[[47.42372721 38.3630083 ]])","[1, 2, 3, 4, 5, 6, 7, 8, 9, 10, 11, 12, 13, 14, 15, 16, 18, 19, 20, 21, 22, 23, 25, 26, 27, 28, 29, 30, 31, 32, 34, 36, 37, 38, 40, 42, 44, 45, 47, 48, 52, 53, 54, 59, 60, 61, 65, 67, 69, 70, 73, 74, 85, 91, 96, 98, 100, 102, 105, 106, 107, 109, 110, 111, 112, 113, 117, 118, 119, 120, 122, 124, 125, 127, 129, 130, 131, 134, 138, 139, 140, 141, 142, 144, 145, 146, 147, 149, 152, 153, 156, 157, 159, 161, 162, 163, 164, 165, 166, 168, 169, 170, 172, 173, 174, 175, 176, 177, 178, 179, 181, 183, 184, 186, 187, 188, 189, 190, 191, 192, 193, 194, 195, 196, 197, 199, 201, 202, 203, 204, 205, 206, 207, 208, 209, 210, 211, 213, 214, 215, 216, 217, 218, 219, 220, 221, 222, 226, 227, 228, 229, 230, 231, 232, 233, 234, 236, 238, 239, 240, 242, 245, 246, 248, 250, 251, 252, 254, 255, 258, 260, 263, 265, 266, 267, 268, 272, 273, 274, 277, 279, 281, 282, 283, 284, 286, 293, 296, 297, 300, 302, 304, 307, 309, 310, 311, 313, 316, 319, 320, 321, 322, 323, 326, 328, 329, 330, 331, 333, 335, 336, 337, 338, 339, 342, 347, 349, 350, 351, 352, 353, 354, 355, 356, 357, 358, 359, 360, 361, 362, 363, 364, 365, 366, 367, 368, 369, 370, 371, 372, 373, 374, 375, 376, 377, 379, 380, 381, 382, 383, 384, 385, 386, 387, 388, 389, 390, 392, 393, 395, 396, 398, 399, 400]","{7: [RollingMean(window_size=7)], 30: [RollingMean(window_size=30)], 60: [RollingMean(window_size=60)]}",lags_400_features_264,11.940442603729652,17.081005869042382,19.01844860296955,18.551637137157254,19.24064728162083,21.02475592807752,29.074498194792053,35.07815272092986,46.46095018968972,48.07554360325611,47.39731233035193
LGBMRegressor,"AutoSeasonalityAndDifferences(max_diffs=380, max_season_length=267, n_seasons=10) | LocalStandardScaler(stats_=[[47.42372721 38.3630083 ]])","[1, 2, 3, 4, 5, 6, 7, 8, 9, 10, 11, 12, 13, 14, 15, 16, 18, 19, 20, 21, 22, 23, 25, 26, 27, 28, 29, 30, 31, 32, 34, 36, 37, 38, 40, 42, 44, 45, 47, 48, 52, 53, 54, 59, 60, 61, 65, 67, 69, 70, 73, 74, 85, 91, 96, 98, 100, 102, 105, 106, 107, 109, 110, 111, 112, 113, 117, 118, 119, 120, 122, 124, 125, 127, 129, 130, 131, 134, 138, 139, 140, 141, 142, 144, 145, 146, 147, 149, 152, 153, 156, 157, 159, 161, 162, 163, 164, 165, 166, 168, 169, 170, 172, 173, 174, 175, 176, 177, 178, 179, 181, 183, 184, 186, 187, 188, 189, 190, 191, 192, 193, 194, 195, 196, 197, 199, 201, 202, 203, 204, 205, 206, 207, 208, 209, 210, 211, 213, 214, 215, 216, 217, 218, 219, 220, 221, 222, 226, 227, 228, 229, 230, 231, 232, 233, 234, 236, 238, 239, 240, 242, 245, 246, 248, 250, 251, 252, 254, 255, 258, 260, 263, 265, 266, 267, 268, 272, 273, 274, 277, 279, 281, 282, 283, 284, 286, 293, 296, 297, 300, 302, 304, 307, 309, 310, 311, 313, 316, 319, 320, 321, 322, 323, 326, 328, 329, 330, 331, 333, 335, 336, 337, 338, 339, 342, 347, 349, 350, 351, 352, 353, 354, 355, 356, 357, 358, 359, 360, 361, 362, 363, 364, 365, 366, 367, 368, 369, 370, 371, 372, 373, 374, 375, 376, 377, 379, 380, 381, 382, 383, 384, 385, 386, 387, 388, 389, 390, 392, 393, 395, 396, 398, 399, 400]","{7: [RollingMean(window_size=7)], 30: [RollingMean(window_size=30)], 60: [RollingMean(window_size=60)]}",lags_400_features_264,11.930992648344853,18.215010613934883,19.52858504689192,18.935410245084576,18.423046568938222,22.33954401212661,29.94597426600722,33.17425770383737,45.764859663561374,52.016386078021924,51.79581821646265
SGD_EarlyStopping,"AutoSeasonalityAndDifferences(max_diffs=380, max_season_length=267, n_seasons=10) | LocalStandardScaler(stats_=[[47.42372721 38.3630083 ]])","[1, 2, 3, 4, 5, 6, 7, 8, 9, 10, 11, 12, 13, 14, 15, 16, 18, 19, 20, 21, 22, 23, 25, 26, 27, 28, 29, 30, 31, 32, 34, 36, 37, 38, 40, 42, 44, 45, 47, 48, 52, 53, 54, 59, 60, 61, 65, 67, 69, 70, 73, 74, 85, 91, 96, 98, 100, 102, 105, 106, 107, 109, 110, 111, 112, 113, 117, 118, 119, 120, 122, 124, 125, 127, 129, 130, 131, 134, 138, 139, 140, 141, 142, 144, 145, 146, 147, 149, 152, 153, 156, 157, 159, 161, 162, 163, 164, 165, 166, 168, 169, 170, 172, 173, 174, 175, 176, 177, 178, 179, 181, 183, 184, 186, 187, 188, 189, 190, 191, 192, 193, 194, 195, 196, 197, 199, 201, 202, 203, 204, 205, 206, 207, 208, 209, 210, 211, 213, 214, 215, 216, 217, 218, 219, 220, 221, 222, 226, 227, 228, 229, 230, 231, 232, 233, 234, 236, 238, 239, 240, 242, 245, 246, 248, 250, 251, 252, 254, 255, 258, 260, 263, 265, 266, 267, 268, 272, 273, 274, 277, 279, 281, 282, 283, 284, 286, 293, 296, 297, 300, 302, 304, 307, 309, 310, 311, 313, 316, 319, 320, 321, 322, 323, 326, 328, 329, 330, 331, 333, 335, 336, 337, 338, 339, 342, 347, 349, 350, 351, 352, 353, 354, 355, 356, 357, 358, 359, 360, 361, 362, 363, 364, 365, 366, 367, 368, 369, 370, 371, 372, 373, 374, 375, 376, 377, 379, 380, 381, 382, 383, 384, 385, 386, 387, 388, 389, 390, 392, 393, 395, 396, 398, 399, 400]","{7: [RollingMean(window_size=7), RollingStd(window_size=7)], 30: [RollingMean(window_size=30)], 60: [ExpandingMean()], 14: [ExponentiallyWeightedMean(alpha=0.3)]}",lags_400_features_264,49.35255328158675,66.97329498514192,70.29460206509943,71.52746783106159,70.67413153713495,69.78703210802796,68.21405718945938,77.89212878373488,96.23049398197175,113.26575202911371,113.64394233621586
SGD_ElasticNet,"AutoSeasonalityAndDifferences(max_diffs=380, max_season_length=267, n_seasons=10) | LocalStandardScaler(stats_=[[47.42372721 38.3630083 ]])","[1, 2, 3, 4, 5, 6, 7, 8, 9, 10, 11, 12, 13, 14, 15, 16, 18, 19, 20, 21, 22, 23, 25, 26, 27, 28, 29, 30, 31, 32, 34, 36, 37, 38, 40, 42, 44, 45, 47, 48, 52, 53, 54, 59, 60, 61, 65, 67, 69, 70, 73, 74, 85, 91, 96, 98, 100, 102, 105, 106, 107, 109, 110, 111, 112, 113, 117, 118, 119, 120, 122, 124, 125, 127, 129, 130, 131, 134, 138, 139, 140, 141, 142, 144, 145, 146, 147, 149, 152, 153, 156, 157, 159, 161, 162, 163, 164, 165, 166, 168, 169, 170, 172, 173, 174, 175, 176, 177, 178, 179, 181, 183, 184, 186, 187, 188, 189, 190, 191, 192, 193, 194, 195, 196, 197, 199, 201, 202, 203, 204, 205, 206, 207, 208, 209, 210, 211, 213, 214, 215, 216, 217, 218, 219, 220, 221, 222, 226, 227, 228, 229, 230, 231, 232, 233, 234, 236, 238, 239, 240, 242, 245, 246, 248, 250, 251, 252, 254, 255, 258, 260, 263, 265, 266, 267, 268, 272, 273, 274, 277, 279, 281, 282, 283, 284, 286, 293, 296, 297, 300, 302, 304, 307, 309, 310, 311, 313, 316, 319, 320, 321, 322, 323, 326, 328, 329, 330, 331, 333, 335, 336, 337, 338, 339, 342, 347, 349, 350, 351, 352, 353, 354, 355, 356, 357, 358, 359, 360, 361, 362, 363, 364, 365, 366, 367, 368, 369, 370, 371, 372, 373, 374, 375, 376, 377, 379, 380, 381, 382, 383, 384, 385, 386, 387, 388, 389, 390, 392, 393, 395, 396, 398, 399, 400]","{7: [RollingMean(window_size=7), RollingStd(window_size=7)], 30: [RollingMean(window_size=30)], 60: [ExpandingMean()], 14: [ExponentiallyWeightedMean(alpha=0.3)]}",lags_400_features_264,58.640498175902735,48.81437650921106,63.74009116131657,61.74358895224692,59.8390399387157,63.978136677984786,62.92718504200352,62.37374256585618,79.63986525754001,104.2610111014578,103.5325778124401
SGD_Lasso,"AutoSeasonalityAndDifferences(max_diffs=380, max_season_length=267, n_seasons=10) | LocalStandardScaler(stats_=[[47.42372721 38.3630083 ]])","[1, 2, 3, 4, 5, 6, 7, 8, 9, 10, 11, 12, 13, 14, 15, 16, 18, 19, 20, 21, 22, 23, 25, 26, 27, 28, 29, 30, 31, 32, 34, 36, 37, 38, 40, 42, 44, 45, 47, 48, 52, 53, 54, 59, 60, 61, 65, 67, 69, 70, 73, 74, 85, 91, 96, 98, 100, 102, 105, 106, 107, 109, 110, 111, 112, 113, 117, 118, 119, 120, 122, 124, 125, 127, 129, 130, 131, 134, 138, 139, 140, 141, 142, 144, 145, 146, 147, 149, 152, 153, 156, 157, 159, 161, 162, 163, 164, 165, 166, 168, 169, 170, 172, 173, 174, 175, 176, 177, 178, 179, 181, 183, 184, 186, 187, 188, 189, 190, 191, 192, 193, 194, 195, 196, 197, 199, 201, 202, 203, 204, 205, 206, 207, 208, 209, 210, 211, 213, 214, 215, 216, 217, 218, 219, 220, 221, 222, 226, 227, 228, 229, 230, 231, 232, 233, 234, 236, 238, 239, 240, 242, 245, 246, 248, 250, 251, 252, 254, 255, 258, 260, 263, 265, 266, 267, 268, 272, 273, 274, 277, 279, 281, 282, 283, 284, 286, 293, 296, 297, 300, 302, 304, 307, 309, 310, 311, 313, 316, 319, 320, 321, 322, 323, 326, 328, 329, 330, 331, 333, 335, 336, 337, 338, 339, 342, 347, 349, 350, 351, 352, 353, 354, 355, 356, 357, 358, 359, 360, 361, 362, 363, 364, 365, 366, 367, 368, 369, 370, 371, 372, 373, 374, 375, 376, 377, 379, 380, 381, 382, 383, 384, 385, 386, 387, 388, 389, 390, 392, 393, 395, 396, 398, 399, 400]","{7: [RollingMean(window_size=7), RollingStd(window_size=7)], 30: [RollingMean(window_size=30)], 60: [ExpandingMean()], 14: [ExponentiallyWeightedMean(alpha=0.3)]}",lags_400_features_264,119.14548458554842,103.77149442233085,102.08395774688732,91.04926196560366,76.4857034666081,67.71698172970517,61.930075094803996,56.18075610191639,72.186709178849,97.69672620078694,97.15062446619048
SGD_Ridge,"AutoSeasonalityAndDifferences(max_diffs=380, max_season_length=267, n_seasons=10) | LocalStandardScaler(stats_=[[47.42372721 38.3630083 ]])","[1, 2, 3, 4, 5, 6, 7, 8, 9, 10, 11, 12, 13, 14, 15, 16, 18, 19, 20, 21, 22, 23, 25, 26, 27, 28, 29, 30, 31, 32, 34, 36, 37, 38, 40, 42, 44, 45, 47, 48, 52, 53, 54, 59, 60, 61, 65, 67, 69, 70, 73, 74, 85, 91, 96, 98, 100, 102, 105, 106, 107, 109, 110, 111, 112, 113, 117, 118, 119, 120, 122, 124, 125, 127, 129, 130, 131, 134, 138, 139, 140, 141, 142, 144, 145, 146, 147, 149, 152, 153, 156, 157, 159, 161, 162, 163, 164, 165, 166, 168, 169, 170, 172, 173, 174, 175, 176, 177, 178, 179, 181, 183, 184, 186, 187, 188, 189, 190, 191, 192, 193, 194, 195, 196, 197, 199, 201, 202, 203, 204, 205, 206, 207, 208, 209, 210, 211, 213, 214, 215, 216, 217, 218, 219, 220, 221, 222, 226, 227, 228, 229, 230, 231, 232, 233, 234, 236, 238, 239, 240, 242, 245, 246, 248, 250, 251, 252, 254, 255, 258, 260, 263, 265, 266, 267, 268, 272, 273, 274, 277, 279, 281, 282, 283, 284, 286, 293, 296, 297, 300, 302, 304, 307, 309, 310, 311, 313, 316, 319, 320, 321, 322, 323, 326, 328, 329, 330, 331, 333, 335, 336, 337, 338, 339, 342, 347, 349, 350, 351, 352, 353, 354, 355, 356, 357, 358, 359, 360, 361, 362, 363, 364, 365, 366, 367, 368, 369, 370, 371, 372, 373, 374, 375, 376, 377, 379, 380, 381, 382, 383, 384, 385, 386, 387, 388, 389, 390, 392, 393, 395, 396, 398, 399, 400]","{7: [RollingMean(window_size=7), RollingStd(window_size=7)], 30: [RollingMean(window_size=30)], 60: [ExpandingMean()], 14: [ExponentiallyWeightedMean(alpha=0.3)]}",lags_400_features_264,29.663741563711614,39.500029887242164,39.99877320224731,42.37703019591229,40.434075190663584,42.18738802292617,45.39137278986181,52.95513047236516,61.09408734956904,63.98850475281965,63.950320453926544
SGDRegressor,"AutoSeasonalityAndDifferences(max_diffs=380, max_season_length=267, n_seasons=10) | LocalStandardScaler(stats_=[[47.42372721 38.3630083 ]])","[1, 2, 3, 4, 5, 6, 7, 8, 9, 10, 11, 12, 13, 14, 15, 16, 18, 19, 20, 21, 22, 23, 25, 26, 27, 28, 29, 30, 31, 32, 34, 36, 37, 38, 40, 42, 44, 45, 47, 48, 52, 53, 54, 59, 60, 61, 65, 67, 69, 70, 73, 74, 85, 91, 96, 98, 100, 102, 105, 106, 107, 109, 110, 111, 112, 113, 117, 118, 119, 120, 122, 124, 125, 127, 129, 130, 131, 134, 138, 139, 140, 141, 142, 144, 145, 146, 147, 149, 152, 153, 156, 157, 159, 161, 162, 163, 164, 165, 166, 168, 169, 170, 172, 173, 174, 175, 176, 177, 178, 179, 181, 183, 184, 186, 187, 188, 189, 190, 191, 192, 193, 194, 195, 196, 197, 199, 201, 202, 203, 204, 205, 206, 207, 208, 209, 210, 211, 213, 214, 215, 216, 217, 218, 219, 220, 221, 222, 226, 227, 228, 229, 230, 231, 232, 233, 234, 236, 238, 239, 240, 242, 245, 246, 248, 250, 251, 252, 254, 255, 258, 260, 263, 265, 266, 267, 268, 272, 273, 274, 277, 279, 281, 282, 283, 284, 286, 293, 296, 297, 300, 302, 304, 307, 309, 310, 311, 313, 316, 319, 320, 321, 322, 323, 326, 328, 329, 330, 331, 333, 335, 336, 337, 338, 339, 342, 347, 349, 350, 351, 352, 353, 354, 355, 356, 357, 358, 359, 360, 361, 362, 363, 364, 365, 366, 367, 368, 369, 370, 371, 372, 373, 374, 375, 376, 377, 379, 380, 381, 382, 383, 384, 385, 386, 387, 388, 389, 390, 392, 393, 395, 396, 398, 399, 400]","{7: [RollingMean(window_size=7), RollingStd(window_size=7)], 30: [RollingMean(window_size=30)], 60: [ExpandingMean()], 14: [ExponentiallyWeightedMean(alpha=0.3)]}",lags_400_features_264,66.11147104566267,53.33950533254188,68.31684929072871,65.90741097485005,63.49732206387571,67.01190628608569,65.38912155275686,64.57438417186047,83.00600394578346,111.09346511281689,110.5257039608713
XGBRegressor,"AutoSeasonalityAndDifferences(max_diffs=380, max_season_length=267, n_seasons=10) | LocalStandardScaler(stats_=[[47.42372721 38.3630083 ]])","[1, 2, 3, 4, 5, 6, 7, 8, 9, 10, 11, 12, 13, 14, 15, 16, 18, 19, 20, 21, 22, 23, 25, 26, 27, 28, 29, 30, 31, 32, 34, 36, 37, 38, 40, 42, 44, 45, 47, 48, 52, 53, 54, 59, 60, 61, 65, 67, 69, 70, 73, 74, 85, 91, 96, 98, 100, 102, 105, 106, 107, 109, 110, 111, 112, 113, 117, 118, 119, 120, 122, 124, 125, 127, 129, 130, 131, 134, 138, 139, 140, 141, 142, 144, 145, 146, 147, 149, 152, 153, 156, 157, 159, 161, 162, 163, 164, 165, 166, 168, 169, 170, 172, 173, 174, 175, 176, 177, 178, 179, 181, 183, 184, 186, 187, 188, 189, 190, 191, 192, 193, 194, 195, 196, 197, 199, 201, 202, 203, 204, 205, 206, 207, 208, 209, 210, 211, 213, 214, 215, 216, 217, 218, 219, 220, 221, 222, 226, 227, 228, 229, 230, 231, 232, 233, 234, 236, 238, 239, 240, 242, 245, 246, 248, 250, 251, 252, 254, 255, 258, 260, 263, 265, 266, 267, 268, 272, 273, 274, 277, 279, 281, 282, 283, 284, 286, 293, 296, 297, 300, 302, 304, 307, 309, 310, 311, 313, 316, 319, 320, 321, 322, 323, 326, 328, 329, 330, 331, 333, 335, 336, 337, 338, 339, 342, 347, 349, 350, 351, 352, 353, 354, 355, 356, 357, 358, 359, 360, 361, 362, 363, 364, 365, 366, 367, 368, 369, 370, 371, 372, 373, 374, 375, 376, 377, 379, 380, 381, 382, 383, 384, 385, 386, 387, 388, 389, 390, 392, 393, 395, 396, 398, 399, 400]","{7: [RollingMean(window_size=7), RollingStd(window_size=7)], 30: [RollingMean(window_size=30)], 60: [ExpandingMean()], 14: [ExponentiallyWeightedMean(alpha=0.3)]}",lags_400_features_264,13.01874061721075,16.830940930162118,19.5114972530381,18.976871496311905,19.721189864436713,21.531235005271036,29.66783994092321,36.04903774108506,47.721785380295934,49.56502636628587,48.92465094607532
LGBMRegressor,"AutoSeasonalityAndDifferences(max_diffs=380, max_season_length=267, n_seasons=10) | LocalStandardScaler(stats_=[[47.42372721 38.3630083 ]])","[1, 2, 3, 4, 5, 6, 7, 8, 9, 10, 11, 12, 13, 14, 15, 16, 18, 19, 20, 21, 22, 23, 25, 26, 27, 28, 29, 30, 31, 32, 34, 36, 37, 38, 40, 42, 44, 45, 47, 48, 52, 53, 54, 59, 60, 61, 65, 67, 69, 70, 73, 74, 85, 91, 96, 98, 100, 102, 105, 106, 107, 109, 110, 111, 112, 113, 117, 118, 119, 120, 122, 124, 125, 127, 129, 130, 131, 134, 138, 139, 140, 141, 142, 144, 145, 146, 147, 149, 152, 153, 156, 157, 159, 161, 162, 163, 164, 165, 166, 168, 169, 170, 172, 173, 174, 175, 176, 177, 178, 179, 181, 183, 184, 186, 187, 188, 189, 190, 191, 192, 193, 194, 195, 196, 197, 199, 201, 202, 203, 204, 205, 206, 207, 208, 209, 210, 211, 213, 214, 215, 216, 217, 218, 219, 220, 221, 222, 226, 227, 228, 229, 230, 231, 232, 233, 234, 236, 238, 239, 240, 242, 245, 246, 248, 250, 251, 252, 254, 255, 258, 260, 263, 265, 266, 267, 268, 272, 273, 274, 277, 279, 281, 282, 283, 284, 286, 293, 296, 297, 300, 302, 304, 307, 309, 310, 311, 313, 316, 319, 320, 321, 322, 323, 326, 328, 329, 330, 331, 333, 335, 336, 337, 338, 339, 342, 347, 349, 350, 351, 352, 353, 354, 355, 356, 357, 358, 359, 360, 361, 362, 363, 364, 365, 366, 367, 368, 369, 370, 371, 372, 373, 374, 375, 376, 377, 379, 380, 381, 382, 383, 384, 385, 386, 387, 388, 389, 390, 392, 393, 395, 396, 398, 399, 400]","{7: [RollingMean(window_size=7), RollingStd(window_size=7)], 30: [RollingMean(window_size=30)], 60: [ExpandingMean()], 14: [ExponentiallyWeightedMean(alpha=0.3)]}",lags_400_features_264,11.13819635329462,17.061229720341363,18.822146566854766,18.269968117201227,18.227670746793503,22.82977414153087,29.544459771938797,31.91473715018562,43.3811041564458,48.32032243493318,47.74079697318468
SGD_EarlyStopping,"AutoSeasonalityAndDifferences(max_diffs=380, max_season_length=267, n_seasons=10) | LocalMinMaxScaler(stats_=[[  5.11211699 325.92896936]])","[1, 2, 3, 4, 5, 6, 7, 8, 9, 10, 11, 12, 13, 14, 15, 16, 18, 19, 20, 21, 22, 23, 25, 26, 27, 28, 29, 30, 31, 32, 34, 36, 37, 38, 40, 42, 44, 45, 47, 48, 52, 53, 54, 59, 60, 61, 65, 67, 69, 70, 73, 74, 85, 91, 96, 98, 100, 102, 105, 106, 107, 109, 110, 111, 112, 113, 117, 118, 119, 120, 122, 124, 125, 127, 129, 130, 131, 134, 138, 139, 140, 141, 142, 144, 145, 146, 147, 149, 152, 153, 156, 157, 159, 161, 162, 163, 164, 165, 166, 168, 169, 170, 172, 173, 174, 175, 176, 177, 178, 179, 181, 183, 184, 186, 187, 188, 189, 190, 191, 192, 193, 194, 195, 196, 197, 199, 201, 202, 203, 204, 205, 206, 207, 208, 209, 210, 211, 213, 214, 215, 216, 217, 218, 219, 220, 221, 222, 226, 227, 228, 229, 230, 231, 232, 233, 234, 236, 238, 239, 240, 242, 245, 246, 248, 250, 251, 252, 254, 255, 258, 260, 263, 265, 266, 267, 268, 272, 273, 274, 277, 279, 281, 282, 283, 284, 286, 293, 296, 297, 300, 302, 304, 307, 309, 310, 311, 313, 316, 319, 320, 321, 322, 323, 326, 328, 329, 330, 331, 333, 335, 336, 337, 338, 339, 342, 347, 349, 350, 351, 352, 353, 354, 355, 356, 357, 358, 359, 360, 361, 362, 363, 364, 365, 366, 367, 368, 369, 370, 371, 372, 373, 374, 375, 376, 377, 379, 380, 381, 382, 383, 384, 385, 386, 387, 388, 389, 390, 392, 393, 395, 396, 398, 399, 400]","{1: [<function expanding_mean at 0x000002C58F7A04A0>], 7: [<function rolling_mean_14 at 0x000002C5930FAA20>], 30: [<function expanding_mean at 0x000002C58F7A04A0>]}",lags_400_features_264,15.775362518746192,17.90229899262596,20.795044937058314,20.750812989557364,20.65586219518512,25.28377982766774,31.0003590646366,38.46988585725721,51.880257478528776,56.75878968703662,55.87913921440231
SGD_ElasticNet,"AutoSeasonalityAndDifferences(max_diffs=380, max_season_length=267, n_seasons=10) | LocalMinMaxScaler(stats_=[[  5.11211699 325.92896936]])","[1, 2, 3, 4, 5, 6, 7, 8, 9, 10, 11, 12, 13, 14, 15, 16, 18, 19, 20, 21, 22, 23, 25, 26, 27, 28, 29, 30, 31, 32, 34, 36, 37, 38, 40, 42, 44, 45, 47, 48, 52, 53, 54, 59, 60, 61, 65, 67, 69, 70, 73, 74, 85, 91, 96, 98, 100, 102, 105, 106, 107, 109, 110, 111, 112, 113, 117, 118, 119, 120, 122, 124, 125, 127, 129, 130, 131, 134, 138, 139, 140, 141, 142, 144, 145, 146, 147, 149, 152, 153, 156, 157, 159, 161, 162, 163, 164, 165, 166, 168, 169, 170, 172, 173, 174, 175, 176, 177, 178, 179, 181, 183, 184, 186, 187, 188, 189, 190, 191, 192, 193, 194, 195, 196, 197, 199, 201, 202, 203, 204, 205, 206, 207, 208, 209, 210, 211, 213, 214, 215, 216, 217, 218, 219, 220, 221, 222, 226, 227, 228, 229, 230, 231, 232, 233, 234, 236, 238, 239, 240, 242, 245, 246, 248, 250, 251, 252, 254, 255, 258, 260, 263, 265, 266, 267, 268, 272, 273, 274, 277, 279, 281, 282, 283, 284, 286, 293, 296, 297, 300, 302, 304, 307, 309, 310, 311, 313, 316, 319, 320, 321, 322, 323, 326, 328, 329, 330, 331, 333, 335, 336, 337, 338, 339, 342, 347, 349, 350, 351, 352, 353, 354, 355, 356, 357, 358, 359, 360, 361, 362, 363, 364, 365, 366, 367, 368, 369, 370, 371, 372, 373, 374, 375, 376, 377, 379, 380, 381, 382, 383, 384, 385, 386, 387, 388, 389, 390, 392, 393, 395, 396, 398, 399, 400]","{1: [<function expanding_mean at 0x000002C58F7A04A0>], 7: [<function rolling_mean_14 at 0x000002C5930FAA20>], 30: [<function expanding_mean at 0x000002C58F7A04A0>]}",lags_400_features_264,9.608613683455228,17.41910264175721,19.151254797834564,18.518069567044655,18.401900126494734,23.482320406548812,28.362461412677494,35.52973306686429,49.41992956421497,51.07863695161756,51.21288098389648
SGD_Lasso,"AutoSeasonalityAndDifferences(max_diffs=380, max_season_length=267, n_seasons=10) | LocalMinMaxScaler(stats_=[[  5.11211699 325.92896936]])","[1, 2, 3, 4, 5, 6, 7, 8, 9, 10, 11, 12, 13, 14, 15, 16, 18, 19, 20, 21, 22, 23, 25, 26, 27, 28, 29, 30, 31, 32, 34, 36, 37, 38, 40, 42, 44, 45, 47, 48, 52, 53, 54, 59, 60, 61, 65, 67, 69, 70, 73, 74, 85, 91, 96, 98, 100, 102, 105, 106, 107, 109, 110, 111, 112, 113, 117, 118, 119, 120, 122, 124, 125, 127, 129, 130, 131, 134, 138, 139, 140, 141, 142, 144, 145, 146, 147, 149, 152, 153, 156, 157, 159, 161, 162, 163, 164, 165, 166, 168, 169, 170, 172, 173, 174, 175, 176, 177, 178, 179, 181, 183, 184, 186, 187, 188, 189, 190, 191, 192, 193, 194, 195, 196, 197, 199, 201, 202, 203, 204, 205, 206, 207, 208, 209, 210, 211, 213, 214, 215, 216, 217, 218, 219, 220, 221, 222, 226, 227, 228, 229, 230, 231, 232, 233, 234, 236, 238, 239, 240, 242, 245, 246, 248, 250, 251, 252, 254, 255, 258, 260, 263, 265, 266, 267, 268, 272, 273, 274, 277, 279, 281, 282, 283, 284, 286, 293, 296, 297, 300, 302, 304, 307, 309, 310, 311, 313, 316, 319, 320, 321, 322, 323, 326, 328, 329, 330, 331, 333, 335, 336, 337, 338, 339, 342, 347, 349, 350, 351, 352, 353, 354, 355, 356, 357, 358, 359, 360, 361, 362, 363, 364, 365, 366, 367, 368, 369, 370, 371, 372, 373, 374, 375, 376, 377, 379, 380, 381, 382, 383, 384, 385, 386, 387, 388, 389, 390, 392, 393, 395, 396, 398, 399, 400]","{1: [<function expanding_mean at 0x000002C58F7A04A0>], 7: [<function rolling_mean_14 at 0x000002C5930FAA20>], 30: [<function expanding_mean at 0x000002C58F7A04A0>]}",lags_400_features_264,118.05932069664766,102.761529561556,101.08235692519607,90.10235306743208,75.66384464435117,67.01788560628155,61.462045658613974,55.78004717885552,71.64443914013108,96.95023202215106,96.40223009131486
SGD_Ridge,"AutoSeasonalityAndDifferences(max_diffs=380, max_season_length=267, n_seasons=10) | LocalMinMaxScaler(stats_=[[  5.11211699 325.92896936]])","[1, 2, 3, 4, 5, 6, 7, 8, 9, 10, 11, 12, 13, 14, 15, 16, 18, 19, 20, 21, 22, 23, 25, 26, 27, 28, 29, 30, 31, 32, 34, 36, 37, 38, 40, 42, 44, 45, 47, 48, 52, 53, 54, 59, 60, 61, 65, 67, 69, 70, 73, 74, 85, 91, 96, 98, 100, 102, 105, 106, 107, 109, 110, 111, 112, 113, 117, 118, 119, 120, 122, 124, 125, 127, 129, 130, 131, 134, 138, 139, 140, 141, 142, 144, 145, 146, 147, 149, 152, 153, 156, 157, 159, 161, 162, 163, 164, 165, 166, 168, 169, 170, 172, 173, 174, 175, 176, 177, 178, 179, 181, 183, 184, 186, 187, 188, 189, 190, 191, 192, 193, 194, 195, 196, 197, 199, 201, 202, 203, 204, 205, 206, 207, 208, 209, 210, 211, 213, 214, 215, 216, 217, 218, 219, 220, 221, 222, 226, 227, 228, 229, 230, 231, 232, 233, 234, 236, 238, 239, 240, 242, 245, 246, 248, 250, 251, 252, 254, 255, 258, 260, 263, 265, 266, 267, 268, 272, 273, 274, 277, 279, 281, 282, 283, 284, 286, 293, 296, 297, 300, 302, 304, 307, 309, 310, 311, 313, 316, 319, 320, 321, 322, 323, 326, 328, 329, 330, 331, 333, 335, 336, 337, 338, 339, 342, 347, 349, 350, 351, 352, 353, 354, 355, 356, 357, 358, 359, 360, 361, 362, 363, 364, 365, 366, 367, 368, 369, 370, 371, 372, 373, 374, 375, 376, 377, 379, 380, 381, 382, 383, 384, 385, 386, 387, 388, 389, 390, 392, 393, 395, 396, 398, 399, 400]","{1: [<function expanding_mean at 0x000002C58F7A04A0>], 7: [<function rolling_mean_14 at 0x000002C5930FAA20>], 30: [<function expanding_mean at 0x000002C58F7A04A0>]}",lags_400_features_264,31.69809612808449,27.908667868170138,30.121812661346574,29.810583938057405,27.84139503344113,29.851777478010156,31.23322516397436,31.982714280438547,44.78974354771606,63.868417042020056,64.50749791439821
SGDRegressor,"AutoSeasonalityAndDifferences(max_diffs=380, max_season_length=267, n_seasons=10) | LocalMinMaxScaler(stats_=[[  5.11211699 325.92896936]])","[1, 2, 3, 4, 5, 6, 7, 8, 9, 10, 11, 12, 13, 14, 15, 16, 18, 19, 20, 21, 22, 23, 25, 26, 27, 28, 29, 30, 31, 32, 34, 36, 37, 38, 40, 42, 44, 45, 47, 48, 52, 53, 54, 59, 60, 61, 65, 67, 69, 70, 73, 74, 85, 91, 96, 98, 100, 102, 105, 106, 107, 109, 110, 111, 112, 113, 117, 118, 119, 120, 122, 124, 125, 127, 129, 130, 131, 134, 138, 139, 140, 141, 142, 144, 145, 146, 147, 149, 152, 153, 156, 157, 159, 161, 162, 163, 164, 165, 166, 168, 169, 170, 172, 173, 174, 175, 176, 177, 178, 179, 181, 183, 184, 186, 187, 188, 189, 190, 191, 192, 193, 194, 195, 196, 197, 199, 201, 202, 203, 204, 205, 206, 207, 208, 209, 210, 211, 213, 214, 215, 216, 217, 218, 219, 220, 221, 222, 226, 227, 228, 229, 230, 231, 232, 233, 234, 236, 238, 239, 240, 242, 245, 246, 248, 250, 251, 252, 254, 255, 258, 260, 263, 265, 266, 267, 268, 272, 273, 274, 277, 279, 281, 282, 283, 284, 286, 293, 296, 297, 300, 302, 304, 307, 309, 310, 311, 313, 316, 319, 320, 321, 322, 323, 326, 328, 329, 330, 331, 333, 335, 336, 337, 338, 339, 342, 347, 349, 350, 351, 352, 353, 354, 355, 356, 357, 358, 359, 360, 361, 362, 363, 364, 365, 366, 367, 368, 369, 370, 371, 372, 373, 374, 375, 376, 377, 379, 380, 381, 382, 383, 384, 385, 386, 387, 388, 389, 390, 392, 393, 395, 396, 398, 399, 400]","{1: [<function expanding_mean at 0x000002C58F7A04A0>], 7: [<function rolling_mean_14 at 0x000002C5930FAA20>], 30: [<function expanding_mean at 0x000002C58F7A04A0>]}",lags_400_features_264,13.6024399305514,23.37464506907888,25.477942399679886,24.692451818312033,23.46816750953579,28.067256519898237,32.65166392020639,40.033068371572625,52.818041168055984,48.70414638095092,48.13471060980223
XGBRegressor,"AutoSeasonalityAndDifferences(max_diffs=380, max_season_length=267, n_seasons=10) | LocalMinMaxScaler(stats_=[[  5.11211699 325.92896936]])","[1, 2, 3, 4, 5, 6, 7, 8, 9, 10, 11, 12, 13, 14, 15, 16, 18, 19, 20, 21, 22, 23, 25, 26, 27, 28, 29, 30, 31, 32, 34, 36, 37, 38, 40, 42, 44, 45, 47, 48, 52, 53, 54, 59, 60, 61, 65, 67, 69, 70, 73, 74, 85, 91, 96, 98, 100, 102, 105, 106, 107, 109, 110, 111, 112, 113, 117, 118, 119, 120, 122, 124, 125, 127, 129, 130, 131, 134, 138, 139, 140, 141, 142, 144, 145, 146, 147, 149, 152, 153, 156, 157, 159, 161, 162, 163, 164, 165, 166, 168, 169, 170, 172, 173, 174, 175, 176, 177, 178, 179, 181, 183, 184, 186, 187, 188, 189, 190, 191, 192, 193, 194, 195, 196, 197, 199, 201, 202, 203, 204, 205, 206, 207, 208, 209, 210, 211, 213, 214, 215, 216, 217, 218, 219, 220, 221, 222, 226, 227, 228, 229, 230, 231, 232, 233, 234, 236, 238, 239, 240, 242, 245, 246, 248, 250, 251, 252, 254, 255, 258, 260, 263, 265, 266, 267, 268, 272, 273, 274, 277, 279, 281, 282, 283, 284, 286, 293, 296, 297, 300, 302, 304, 307, 309, 310, 311, 313, 316, 319, 320, 321, 322, 323, 326, 328, 329, 330, 331, 333, 335, 336, 337, 338, 339, 342, 347, 349, 350, 351, 352, 353, 354, 355, 356, 357, 358, 359, 360, 361, 362, 363, 364, 365, 366, 367, 368, 369, 370, 371, 372, 373, 374, 375, 376, 377, 379, 380, 381, 382, 383, 384, 385, 386, 387, 388, 389, 390, 392, 393, 395, 396, 398, 399, 400]","{1: [<function expanding_mean at 0x000002C58F7A04A0>], 7: [<function rolling_mean_14 at 0x000002C5930FAA20>], 30: [<function expanding_mean at 0x000002C58F7A04A0>]}",lags_400_features_264,12.709592206263858,18.08143715275375,20.337857571136393,19.79242389867807,19.494866858817492,20.794548851705258,30.071779247103542,36.756743806779255,48.602254041283295,57.76856856393706,57.27806671047958
LGBMRegressor,"AutoSeasonalityAndDifferences(max_diffs=380, max_season_length=267, n_seasons=10) | LocalMinMaxScaler(stats_=[[  5.11211699 325.92896936]])","[1, 2, 3, 4, 5, 6, 7, 8, 9, 10, 11, 12, 13, 14, 15, 16, 18, 19, 20, 21, 22, 23, 25, 26, 27, 28, 29, 30, 31, 32, 34, 36, 37, 38, 40, 42, 44, 45, 47, 48, 52, 53, 54, 59, 60, 61, 65, 67, 69, 70, 73, 74, 85, 91, 96, 98, 100, 102, 105, 106, 107, 109, 110, 111, 112, 113, 117, 118, 119, 120, 122, 124, 125, 127, 129, 130, 131, 134, 138, 139, 140, 141, 142, 144, 145, 146, 147, 149, 152, 153, 156, 157, 159, 161, 162, 163, 164, 165, 166, 168, 169, 170, 172, 173, 174, 175, 176, 177, 178, 179, 181, 183, 184, 186, 187, 188, 189, 190, 191, 192, 193, 194, 195, 196, 197, 199, 201, 202, 203, 204, 205, 206, 207, 208, 209, 210, 211, 213, 214, 215, 216, 217, 218, 219, 220, 221, 222, 226, 227, 228, 229, 230, 231, 232, 233, 234, 236, 238, 239, 240, 242, 245, 246, 248, 250, 251, 252, 254, 255, 258, 260, 263, 265, 266, 267, 268, 272, 273, 274, 277, 279, 281, 282, 283, 284, 286, 293, 296, 297, 300, 302, 304, 307, 309, 310, 311, 313, 316, 319, 320, 321, 322, 323, 326, 328, 329, 330, 331, 333, 335, 336, 337, 338, 339, 342, 347, 349, 350, 351, 352, 353, 354, 355, 356, 357, 358, 359, 360, 361, 362, 363, 364, 365, 366, 367, 368, 369, 370, 371, 372, 373, 374, 375, 376, 377, 379, 380, 381, 382, 383, 384, 385, 386, 387, 388, 389, 390, 392, 393, 395, 396, 398, 399, 400]","{1: [<function expanding_mean at 0x000002C58F7A04A0>], 7: [<function rolling_mean_14 at 0x000002C5930FAA20>], 30: [<function expanding_mean at 0x000002C58F7A04A0>]}",lags_400_features_264,10.268802979827498,17.433804074904025,19.194612289057307,18.571613541333402,18.421588160578306,23.378433892654236,30.427969666680887,34.33765790976251,44.434157424546235,49.1799912132142,48.60697709695128
SGD_EarlyStopping,"AutoSeasonalityAndDifferences(max_diffs=380, max_season_length=267, n_seasons=10) | LocalMinMaxScaler(stats_=[[  5.11211699 325.92896936]])","[1, 2, 3, 4, 5, 6, 7, 8, 9, 10, 11, 12, 13, 14, 15, 16, 18, 19, 20, 21, 22, 23, 25, 26, 27, 28, 29, 30, 31, 32, 34, 36, 37, 38, 40, 42, 44, 45, 47, 48, 52, 53, 54, 59, 60, 61, 65, 67, 69, 70, 73, 74, 85, 91, 96, 98, 100, 102, 105, 106, 107, 109, 110, 111, 112, 113, 117, 118, 119, 120, 122, 124, 125, 127, 129, 130, 131, 134, 138, 139, 140, 141, 142, 144, 145, 146, 147, 149, 152, 153, 156, 157, 159, 161, 162, 163, 164, 165, 166, 168, 169, 170, 172, 173, 174, 175, 176, 177, 178, 179, 181, 183, 184, 186, 187, 188, 189, 190, 191, 192, 193, 194, 195, 196, 197, 199, 201, 202, 203, 204, 205, 206, 207, 208, 209, 210, 211, 213, 214, 215, 216, 217, 218, 219, 220, 221, 222, 226, 227, 228, 229, 230, 231, 232, 233, 234, 236, 238, 239, 240, 242, 245, 246, 248, 250, 251, 252, 254, 255, 258, 260, 263, 265, 266, 267, 268, 272, 273, 274, 277, 279, 281, 282, 283, 284, 286, 293, 296, 297, 300, 302, 304, 307, 309, 310, 311, 313, 316, 319, 320, 321, 322, 323, 326, 328, 329, 330, 331, 333, 335, 336, 337, 338, 339, 342, 347, 349, 350, 351, 352, 353, 354, 355, 356, 357, 358, 359, 360, 361, 362, 363, 364, 365, 366, 367, 368, 369, 370, 371, 372, 373, 374, 375, 376, 377, 379, 380, 381, 382, 383, 384, 385, 386, 387, 388, 389, 390, 392, 393, 395, 396, 398, 399, 400]","{1: [<function rolling_mean_14 at 0x000002C5930FAA20>], 7: [<function rolling_mean_30 at 0x000002C58DBF9260>], 30: [<function expanding_mean at 0x000002C58F7A04A0>]}",lags_400_features_264,15.77570030331488,17.90507235372959,20.799472574929766,20.75613083091757,20.659903779190284,25.282501193277668,31.000013340037786,38.468381848154415,51.893553161072745,56.76392834709788,55.88093117832468
SGD_ElasticNet,"AutoSeasonalityAndDifferences(max_diffs=380, max_season_length=267, n_seasons=10) | LocalMinMaxScaler(stats_=[[  5.11211699 325.92896936]])","[1, 2, 3, 4, 5, 6, 7, 8, 9, 10, 11, 12, 13, 14, 15, 16, 18, 19, 20, 21, 22, 23, 25, 26, 27, 28, 29, 30, 31, 32, 34, 36, 37, 38, 40, 42, 44, 45, 47, 48, 52, 53, 54, 59, 60, 61, 65, 67, 69, 70, 73, 74, 85, 91, 96, 98, 100, 102, 105, 106, 107, 109, 110, 111, 112, 113, 117, 118, 119, 120, 122, 124, 125, 127, 129, 130, 131, 134, 138, 139, 140, 141, 142, 144, 145, 146, 147, 149, 152, 153, 156, 157, 159, 161, 162, 163, 164, 165, 166, 168, 169, 170, 172, 173, 174, 175, 176, 177, 178, 179, 181, 183, 184, 186, 187, 188, 189, 190, 191, 192, 193, 194, 195, 196, 197, 199, 201, 202, 203, 204, 205, 206, 207, 208, 209, 210, 211, 213, 214, 215, 216, 217, 218, 219, 220, 221, 222, 226, 227, 228, 229, 230, 231, 232, 233, 234, 236, 238, 239, 240, 242, 245, 246, 248, 250, 251, 252, 254, 255, 258, 260, 263, 265, 266, 267, 268, 272, 273, 274, 277, 279, 281, 282, 283, 284, 286, 293, 296, 297, 300, 302, 304, 307, 309, 310, 311, 313, 316, 319, 320, 321, 322, 323, 326, 328, 329, 330, 331, 333, 335, 336, 337, 338, 339, 342, 347, 349, 350, 351, 352, 353, 354, 355, 356, 357, 358, 359, 360, 361, 362, 363, 364, 365, 366, 367, 368, 369, 370, 371, 372, 373, 374, 375, 376, 377, 379, 380, 381, 382, 383, 384, 385, 386, 387, 388, 389, 390, 392, 393, 395, 396, 398, 399, 400]","{1: [<function rolling_mean_14 at 0x000002C5930FAA20>], 7: [<function rolling_mean_30 at 0x000002C58DBF9260>], 30: [<function expanding_mean at 0x000002C58F7A04A0>]}",lags_400_features_264,9.607238446316144,17.41643534542857,19.151709402986224,18.518355633589422,18.401502930121556,23.480963209873387,28.359677546208477,35.52367237110253,49.42934642522053,51.097019121164536,51.2306720888947
SGD_Lasso,"AutoSeasonalityAndDifferences(max_diffs=380, max_season_length=267, n_seasons=10) | LocalMinMaxScaler(stats_=[[  5.11211699 325.92896936]])","[1, 2, 3, 4, 5, 6, 7, 8, 9, 10, 11, 12, 13, 14, 15, 16, 18, 19, 20, 21, 22, 23, 25, 26, 27, 28, 29, 30, 31, 32, 34, 36, 37, 38, 40, 42, 44, 45, 47, 48, 52, 53, 54, 59, 60, 61, 65, 67, 69, 70, 73, 74, 85, 91, 96, 98, 100, 102, 105, 106, 107, 109, 110, 111, 112, 113, 117, 118, 119, 120, 122, 124, 125, 127, 129, 130, 131, 134, 138, 139, 140, 141, 142, 144, 145, 146, 147, 149, 152, 153, 156, 157, 159, 161, 162, 163, 164, 165, 166, 168, 169, 170, 172, 173, 174, 175, 176, 177, 178, 179, 181, 183, 184, 186, 187, 188, 189, 190, 191, 192, 193, 194, 195, 196, 197, 199, 201, 202, 203, 204, 205, 206, 207, 208, 209, 210, 211, 213, 214, 215, 216, 217, 218, 219, 220, 221, 222, 226, 227, 228, 229, 230, 231, 232, 233, 234, 236, 238, 239, 240, 242, 245, 246, 248, 250, 251, 252, 254, 255, 258, 260, 263, 265, 266, 267, 268, 272, 273, 274, 277, 279, 281, 282, 283, 284, 286, 293, 296, 297, 300, 302, 304, 307, 309, 310, 311, 313, 316, 319, 320, 321, 322, 323, 326, 328, 329, 330, 331, 333, 335, 336, 337, 338, 339, 342, 347, 349, 350, 351, 352, 353, 354, 355, 356, 357, 358, 359, 360, 361, 362, 363, 364, 365, 366, 367, 368, 369, 370, 371, 372, 373, 374, 375, 376, 377, 379, 380, 381, 382, 383, 384, 385, 386, 387, 388, 389, 390, 392, 393, 395, 396, 398, 399, 400]","{1: [<function rolling_mean_14 at 0x000002C5930FAA20>], 7: [<function rolling_mean_30 at 0x000002C58DBF9260>], 30: [<function expanding_mean at 0x000002C58F7A04A0>]}",lags_400_features_264,118.05932069664766,102.761529561556,101.08235692519607,90.10235306743208,75.66384464435117,67.01788560628155,61.462045658613974,55.78004717885552,71.64443914013108,96.95023202215106,96.40223009131486
SGD_Ridge,"AutoSeasonalityAndDifferences(max_diffs=380, max_season_length=267, n_seasons=10) | LocalMinMaxScaler(stats_=[[  5.11211699 325.92896936]])","[1, 2, 3, 4, 5, 6, 7, 8, 9, 10, 11, 12, 13, 14, 15, 16, 18, 19, 20, 21, 22, 23, 25, 26, 27, 28, 29, 30, 31, 32, 34, 36, 37, 38, 40, 42, 44, 45, 47, 48, 52, 53, 54, 59, 60, 61, 65, 67, 69, 70, 73, 74, 85, 91, 96, 98, 100, 102, 105, 106, 107, 109, 110, 111, 112, 113, 117, 118, 119, 120, 122, 124, 125, 127, 129, 130, 131, 134, 138, 139, 140, 141, 142, 144, 145, 146, 147, 149, 152, 153, 156, 157, 159, 161, 162, 163, 164, 165, 166, 168, 169, 170, 172, 173, 174, 175, 176, 177, 178, 179, 181, 183, 184, 186, 187, 188, 189, 190, 191, 192, 193, 194, 195, 196, 197, 199, 201, 202, 203, 204, 205, 206, 207, 208, 209, 210, 211, 213, 214, 215, 216, 217, 218, 219, 220, 221, 222, 226, 227, 228, 229, 230, 231, 232, 233, 234, 236, 238, 239, 240, 242, 245, 246, 248, 250, 251, 252, 254, 255, 258, 260, 263, 265, 266, 267, 268, 272, 273, 274, 277, 279, 281, 282, 283, 284, 286, 293, 296, 297, 300, 302, 304, 307, 309, 310, 311, 313, 316, 319, 320, 321, 322, 323, 326, 328, 329, 330, 331, 333, 335, 336, 337, 338, 339, 342, 347, 349, 350, 351, 352, 353, 354, 355, 356, 357, 358, 359, 360, 361, 362, 363, 364, 365, 366, 367, 368, 369, 370, 371, 372, 373, 374, 375, 376, 377, 379, 380, 381, 382, 383, 384, 385, 386, 387, 388, 389, 390, 392, 393, 395, 396, 398, 399, 400]","{1: [<function rolling_mean_14 at 0x000002C5930FAA20>], 7: [<function rolling_mean_30 at 0x000002C58DBF9260>], 30: [<function expanding_mean at 0x000002C58F7A04A0>]}",lags_400_features_264,31.604528186658047,27.842660968578777,30.067992819463207,29.770184041490367,27.8102091093723,29.82970389474448,31.21755925441048,31.96739168188019,44.76592665775777,63.83881201883457,64.48050937529992
SGDRegressor,"AutoSeasonalityAndDifferences(max_diffs=380, max_season_length=267, n_seasons=10) | LocalMinMaxScaler(stats_=[[  5.11211699 325.92896936]])","[1, 2, 3, 4, 5, 6, 7, 8, 9, 10, 11, 12, 13, 14, 15, 16, 18, 19, 20, 21, 22, 23, 25, 26, 27, 28, 29, 30, 31, 32, 34, 36, 37, 38, 40, 42, 44, 45, 47, 48, 52, 53, 54, 59, 60, 61, 65, 67, 69, 70, 73, 74, 85, 91, 96, 98, 100, 102, 105, 106, 107, 109, 110, 111, 112, 113, 117, 118, 119, 120, 122, 124, 125, 127, 129, 130, 131, 134, 138, 139, 140, 141, 142, 144, 145, 146, 147, 149, 152, 153, 156, 157, 159, 161, 162, 163, 164, 165, 166, 168, 169, 170, 172, 173, 174, 175, 176, 177, 178, 179, 181, 183, 184, 186, 187, 188, 189, 190, 191, 192, 193, 194, 195, 196, 197, 199, 201, 202, 203, 204, 205, 206, 207, 208, 209, 210, 211, 213, 214, 215, 216, 217, 218, 219, 220, 221, 222, 226, 227, 228, 229, 230, 231, 232, 233, 234, 236, 238, 239, 240, 242, 245, 246, 248, 250, 251, 252, 254, 255, 258, 260, 263, 265, 266, 267, 268, 272, 273, 274, 277, 279, 281, 282, 283, 284, 286, 293, 296, 297, 300, 302, 304, 307, 309, 310, 311, 313, 316, 319, 320, 321, 322, 323, 326, 328, 329, 330, 331, 333, 335, 336, 337, 338, 339, 342, 347, 349, 350, 351, 352, 353, 354, 355, 356, 357, 358, 359, 360, 361, 362, 363, 364, 365, 366, 367, 368, 369, 370, 371, 372, 373, 374, 375, 376, 377, 379, 380, 381, 382, 383, 384, 385, 386, 387, 388, 389, 390, 392, 393, 395, 396, 398, 399, 400]","{1: [<function rolling_mean_14 at 0x000002C5930FAA20>], 7: [<function rolling_mean_30 at 0x000002C58DBF9260>], 30: [<function expanding_mean at 0x000002C58F7A04A0>]}",lags_400_features_264,13.626831194083794,23.410033229521204,25.524893902264225,24.74726825696774,23.510774545632245,28.09851415537292,32.67830106674175,40.055948998653314,52.853814729473115,48.744465554936475,48.16498902936465
XGBRegressor,"AutoSeasonalityAndDifferences(max_diffs=380, max_season_length=267, n_seasons=10) | LocalMinMaxScaler(stats_=[[  5.11211699 325.92896936]])","[1, 2, 3, 4, 5, 6, 7, 8, 9, 10, 11, 12, 13, 14, 15, 16, 18, 19, 20, 21, 22, 23, 25, 26, 27, 28, 29, 30, 31, 32, 34, 36, 37, 38, 40, 42, 44, 45, 47, 48, 52, 53, 54, 59, 60, 61, 65, 67, 69, 70, 73, 74, 85, 91, 96, 98, 100, 102, 105, 106, 107, 109, 110, 111, 112, 113, 117, 118, 119, 120, 122, 124, 125, 127, 129, 130, 131, 134, 138, 139, 140, 141, 142, 144, 145, 146, 147, 149, 152, 153, 156, 157, 159, 161, 162, 163, 164, 165, 166, 168, 169, 170, 172, 173, 174, 175, 176, 177, 178, 179, 181, 183, 184, 186, 187, 188, 189, 190, 191, 192, 193, 194, 195, 196, 197, 199, 201, 202, 203, 204, 205, 206, 207, 208, 209, 210, 211, 213, 214, 215, 216, 217, 218, 219, 220, 221, 222, 226, 227, 228, 229, 230, 231, 232, 233, 234, 236, 238, 239, 240, 242, 245, 246, 248, 250, 251, 252, 254, 255, 258, 260, 263, 265, 266, 267, 268, 272, 273, 274, 277, 279, 281, 282, 283, 284, 286, 293, 296, 297, 300, 302, 304, 307, 309, 310, 311, 313, 316, 319, 320, 321, 322, 323, 326, 328, 329, 330, 331, 333, 335, 336, 337, 338, 339, 342, 347, 349, 350, 351, 352, 353, 354, 355, 356, 357, 358, 359, 360, 361, 362, 363, 364, 365, 366, 367, 368, 369, 370, 371, 372, 373, 374, 375, 376, 377, 379, 380, 381, 382, 383, 384, 385, 386, 387, 388, 389, 390, 392, 393, 395, 396, 398, 399, 400]","{1: [<function rolling_mean_14 at 0x000002C5930FAA20>], 7: [<function rolling_mean_30 at 0x000002C58DBF9260>], 30: [<function expanding_mean at 0x000002C58F7A04A0>]}",lags_400_features_264,10.835356028870274,17.858208713858346,19.981041912641142,19.44787449589468,20.188436796375257,19.295067240892934,23.41649407618086,31.77776597434833,42.82824116000729,48.78312809545344,48.201269263245564
LGBMRegressor,"AutoSeasonalityAndDifferences(max_diffs=380, max_season_length=267, n_seasons=10) | LocalMinMaxScaler(stats_=[[  5.11211699 325.92896936]])","[1, 2, 3, 4, 5, 6, 7, 8, 9, 10, 11, 12, 13, 14, 15, 16, 18, 19, 20, 21, 22, 23, 25, 26, 27, 28, 29, 30, 31, 32, 34, 36, 37, 38, 40, 42, 44, 45, 47, 48, 52, 53, 54, 59, 60, 61, 65, 67, 69, 70, 73, 74, 85, 91, 96, 98, 100, 102, 105, 106, 107, 109, 110, 111, 112, 113, 117, 118, 119, 120, 122, 124, 125, 127, 129, 130, 131, 134, 138, 139, 140, 141, 142, 144, 145, 146, 147, 149, 152, 153, 156, 157, 159, 161, 162, 163, 164, 165, 166, 168, 169, 170, 172, 173, 174, 175, 176, 177, 178, 179, 181, 183, 184, 186, 187, 188, 189, 190, 191, 192, 193, 194, 195, 196, 197, 199, 201, 202, 203, 204, 205, 206, 207, 208, 209, 210, 211, 213, 214, 215, 216, 217, 218, 219, 220, 221, 222, 226, 227, 228, 229, 230, 231, 232, 233, 234, 236, 238, 239, 240, 242, 245, 246, 248, 250, 251, 252, 254, 255, 258, 260, 263, 265, 266, 267, 268, 272, 273, 274, 277, 279, 281, 282, 283, 284, 286, 293, 296, 297, 300, 302, 304, 307, 309, 310, 311, 313, 316, 319, 320, 321, 322, 323, 326, 328, 329, 330, 331, 333, 335, 336, 337, 338, 339, 342, 347, 349, 350, 351, 352, 353, 354, 355, 356, 357, 358, 359, 360, 361, 362, 363, 364, 365, 366, 367, 368, 369, 370, 371, 372, 373, 374, 375, 376, 377, 379, 380, 381, 382, 383, 384, 385, 386, 387, 388, 389, 390, 392, 393, 395, 396, 398, 399, 400]","{1: [<function rolling_mean_14 at 0x000002C5930FAA20>], 7: [<function rolling_mean_30 at 0x000002C58DBF9260>], 30: [<function expanding_mean at 0x000002C58F7A04A0>]}",lags_400_features_264,10.7165521138473,17.503660433060947,18.976282268386516,18.49606179631151,19.03805816525807,20.341910828315083,27.057629185466098,31.776644875524173,41.180526077308656,45.10293268382094,44.51538494005867
SGD_EarlyStopping,"AutoSeasonalityAndDifferences(max_diffs=380, max_season_length=267, n_seasons=10) | LocalMinMaxScaler(stats_=[[  5.11211699 325.92896936]])","[1, 2, 3, 4, 5, 6, 7, 8, 9, 10, 11, 12, 13, 14, 15, 16, 18, 19, 20, 21, 22, 23, 25, 26, 27, 28, 29, 30, 31, 32, 34, 36, 37, 38, 40, 42, 44, 45, 47, 48, 52, 53, 54, 59, 60, 61, 65, 67, 69, 70, 73, 74, 85, 91, 96, 98, 100, 102, 105, 106, 107, 109, 110, 111, 112, 113, 117, 118, 119, 120, 122, 124, 125, 127, 129, 130, 131, 134, 138, 139, 140, 141, 142, 144, 145, 146, 147, 149, 152, 153, 156, 157, 159, 161, 162, 163, 164, 165, 166, 168, 169, 170, 172, 173, 174, 175, 176, 177, 178, 179, 181, 183, 184, 186, 187, 188, 189, 190, 191, 192, 193, 194, 195, 196, 197, 199, 201, 202, 203, 204, 205, 206, 207, 208, 209, 210, 211, 213, 214, 215, 216, 217, 218, 219, 220, 221, 222, 226, 227, 228, 229, 230, 231, 232, 233, 234, 236, 238, 239, 240, 242, 245, 246, 248, 250, 251, 252, 254, 255, 258, 260, 263, 265, 266, 267, 268, 272, 273, 274, 277, 279, 281, 282, 283, 284, 286, 293, 296, 297, 300, 302, 304, 307, 309, 310, 311, 313, 316, 319, 320, 321, 322, 323, 326, 328, 329, 330, 331, 333, 335, 336, 337, 338, 339, 342, 347, 349, 350, 351, 352, 353, 354, 355, 356, 357, 358, 359, 360, 361, 362, 363, 364, 365, 366, 367, 368, 369, 370, 371, 372, 373, 374, 375, 376, 377, 379, 380, 381, 382, 383, 384, 385, 386, 387, 388, 389, 390, 392, 393, 395, 396, 398, 399, 400]","{7: [RollingMean(window_size=7)], 30: [RollingMean(window_size=30)], 60: [RollingMean(window_size=60)]}",lags_400_features_264,15.786296838378824,17.912626384160372,20.806315362243588,20.76982266456077,20.67601384150034,25.30018321755169,31.011202793110716,38.469354801670356,51.885825961979684,56.735402810541636,55.85263386775118
SGD_ElasticNet,"AutoSeasonalityAndDifferences(max_diffs=380, max_season_length=267, n_seasons=10) | LocalMinMaxScaler(stats_=[[  5.11211699 325.92896936]])","[1, 2, 3, 4, 5, 6, 7, 8, 9, 10, 11, 12, 13, 14, 15, 16, 18, 19, 20, 21, 22, 23, 25, 26, 27, 28, 29, 30, 31, 32, 34, 36, 37, 38, 40, 42, 44, 45, 47, 48, 52, 53, 54, 59, 60, 61, 65, 67, 69, 70, 73, 74, 85, 91, 96, 98, 100, 102, 105, 106, 107, 109, 110, 111, 112, 113, 117, 118, 119, 120, 122, 124, 125, 127, 129, 130, 131, 134, 138, 139, 140, 141, 142, 144, 145, 146, 147, 149, 152, 153, 156, 157, 159, 161, 162, 163, 164, 165, 166, 168, 169, 170, 172, 173, 174, 175, 176, 177, 178, 179, 181, 183, 184, 186, 187, 188, 189, 190, 191, 192, 193, 194, 195, 196, 197, 199, 201, 202, 203, 204, 205, 206, 207, 208, 209, 210, 211, 213, 214, 215, 216, 217, 218, 219, 220, 221, 222, 226, 227, 228, 229, 230, 231, 232, 233, 234, 236, 238, 239, 240, 242, 245, 246, 248, 250, 251, 252, 254, 255, 258, 260, 263, 265, 266, 267, 268, 272, 273, 274, 277, 279, 281, 282, 283, 284, 286, 293, 296, 297, 300, 302, 304, 307, 309, 310, 311, 313, 316, 319, 320, 321, 322, 323, 326, 328, 329, 330, 331, 333, 335, 336, 337, 338, 339, 342, 347, 349, 350, 351, 352, 353, 354, 355, 356, 357, 358, 359, 360, 361, 362, 363, 364, 365, 366, 367, 368, 369, 370, 371, 372, 373, 374, 375, 376, 377, 379, 380, 381, 382, 383, 384, 385, 386, 387, 388, 389, 390, 392, 393, 395, 396, 398, 399, 400]","{7: [RollingMean(window_size=7)], 30: [RollingMean(window_size=30)], 60: [RollingMean(window_size=60)]}",lags_400_features_264,9.601117441224668,17.422951673798124,19.15746219951746,18.52250623838198,18.4058239008326,23.4882415915365,28.36250439529958,35.52439151280621,49.42516917020959,51.08626268573104,51.22038124921387
SGD_Lasso,"AutoSeasonalityAndDifferences(max_diffs=380, max_season_length=267, n_seasons=10) | LocalMinMaxScaler(stats_=[[  5.11211699 325.92896936]])","[1, 2, 3, 4, 5, 6, 7, 8, 9, 10, 11, 12, 13, 14, 15, 16, 18, 19, 20, 21, 22, 23, 25, 26, 27, 28, 29, 30, 31, 32, 34, 36, 37, 38, 40, 42, 44, 45, 47, 48, 52, 53, 54, 59, 60, 61, 65, 67, 69, 70, 73, 74, 85, 91, 96, 98, 100, 102, 105, 106, 107, 109, 110, 111, 112, 113, 117, 118, 119, 120, 122, 124, 125, 127, 129, 130, 131, 134, 138, 139, 140, 141, 142, 144, 145, 146, 147, 149, 152, 153, 156, 157, 159, 161, 162, 163, 164, 165, 166, 168, 169, 170, 172, 173, 174, 175, 176, 177, 178, 179, 181, 183, 184, 186, 187, 188, 189, 190, 191, 192, 193, 194, 195, 196, 197, 199, 201, 202, 203, 204, 205, 206, 207, 208, 209, 210, 211, 213, 214, 215, 216, 217, 218, 219, 220, 221, 222, 226, 227, 228, 229, 230, 231, 232, 233, 234, 236, 238, 239, 240, 242, 245, 246, 248, 250, 251, 252, 254, 255, 258, 260, 263, 265, 266, 267, 268, 272, 273, 274, 277, 279, 281, 282, 283, 284, 286, 293, 296, 297, 300, 302, 304, 307, 309, 310, 311, 313, 316, 319, 320, 321, 322, 323, 326, 328, 329, 330, 331, 333, 335, 336, 337, 338, 339, 342, 347, 349, 350, 351, 352, 353, 354, 355, 356, 357, 358, 359, 360, 361, 362, 363, 364, 365, 366, 367, 368, 369, 370, 371, 372, 373, 374, 375, 376, 377, 379, 380, 381, 382, 383, 384, 385, 386, 387, 388, 389, 390, 392, 393, 395, 396, 398, 399, 400]","{7: [RollingMean(window_size=7)], 30: [RollingMean(window_size=30)], 60: [RollingMean(window_size=60)]}",lags_400_features_264,118.05932069664766,102.761529561556,101.08235692519607,90.10235306743208,75.66384464435117,67.01788560628155,61.462045658613974,55.78004717885552,71.64443914013108,96.95023202215106,96.40223009131486
SGD_Ridge,"AutoSeasonalityAndDifferences(max_diffs=380, max_season_length=267, n_seasons=10) | LocalMinMaxScaler(stats_=[[  5.11211699 325.92896936]])","[1, 2, 3, 4, 5, 6, 7, 8, 9, 10, 11, 12, 13, 14, 15, 16, 18, 19, 20, 21, 22, 23, 25, 26, 27, 28, 29, 30, 31, 32, 34, 36, 37, 38, 40, 42, 44, 45, 47, 48, 52, 53, 54, 59, 60, 61, 65, 67, 69, 70, 73, 74, 85, 91, 96, 98, 100, 102, 105, 106, 107, 109, 110, 111, 112, 113, 117, 118, 119, 120, 122, 124, 125, 127, 129, 130, 131, 134, 138, 139, 140, 141, 142, 144, 145, 146, 147, 149, 152, 153, 156, 157, 159, 161, 162, 163, 164, 165, 166, 168, 169, 170, 172, 173, 174, 175, 176, 177, 178, 179, 181, 183, 184, 186, 187, 188, 189, 190, 191, 192, 193, 194, 195, 196, 197, 199, 201, 202, 203, 204, 205, 206, 207, 208, 209, 210, 211, 213, 214, 215, 216, 217, 218, 219, 220, 221, 222, 226, 227, 228, 229, 230, 231, 232, 233, 234, 236, 238, 239, 240, 242, 245, 246, 248, 250, 251, 252, 254, 255, 258, 260, 263, 265, 266, 267, 268, 272, 273, 274, 277, 279, 281, 282, 283, 284, 286, 293, 296, 297, 300, 302, 304, 307, 309, 310, 311, 313, 316, 319, 320, 321, 322, 323, 326, 328, 329, 330, 331, 333, 335, 336, 337, 338, 339, 342, 347, 349, 350, 351, 352, 353, 354, 355, 356, 357, 358, 359, 360, 361, 362, 363, 364, 365, 366, 367, 368, 369, 370, 371, 372, 373, 374, 375, 376, 377, 379, 380, 381, 382, 383, 384, 385, 386, 387, 388, 389, 390, 392, 393, 395, 396, 398, 399, 400]","{7: [RollingMean(window_size=7)], 30: [RollingMean(window_size=30)], 60: [RollingMean(window_size=60)]}",lags_400_features_264,31.619537831058825,27.837389269701372,30.05577883638248,29.758282873580725,27.80123004684546,29.824633365306912,31.216681538117886,31.969398906635483,44.77255260666607,63.8361725826128,64.47812873546606
SGDRegressor,"AutoSeasonalityAndDifferences(max_diffs=380, max_season_length=267, n_seasons=10) | LocalMinMaxScaler(stats_=[[  5.11211699 325.92896936]])","[1, 2, 3, 4, 5, 6, 7, 8, 9, 10, 11, 12, 13, 14, 15, 16, 18, 19, 20, 21, 22, 23, 25, 26, 27, 28, 29, 30, 31, 32, 34, 36, 37, 38, 40, 42, 44, 45, 47, 48, 52, 53, 54, 59, 60, 61, 65, 67, 69, 70, 73, 74, 85, 91, 96, 98, 100, 102, 105, 106, 107, 109, 110, 111, 112, 113, 117, 118, 119, 120, 122, 124, 125, 127, 129, 130, 131, 134, 138, 139, 140, 141, 142, 144, 145, 146, 147, 149, 152, 153, 156, 157, 159, 161, 162, 163, 164, 165, 166, 168, 169, 170, 172, 173, 174, 175, 176, 177, 178, 179, 181, 183, 184, 186, 187, 188, 189, 190, 191, 192, 193, 194, 195, 196, 197, 199, 201, 202, 203, 204, 205, 206, 207, 208, 209, 210, 211, 213, 214, 215, 216, 217, 218, 219, 220, 221, 222, 226, 227, 228, 229, 230, 231, 232, 233, 234, 236, 238, 239, 240, 242, 245, 246, 248, 250, 251, 252, 254, 255, 258, 260, 263, 265, 266, 267, 268, 272, 273, 274, 277, 279, 281, 282, 283, 284, 286, 293, 296, 297, 300, 302, 304, 307, 309, 310, 311, 313, 316, 319, 320, 321, 322, 323, 326, 328, 329, 330, 331, 333, 335, 336, 337, 338, 339, 342, 347, 349, 350, 351, 352, 353, 354, 355, 356, 357, 358, 359, 360, 361, 362, 363, 364, 365, 366, 367, 368, 369, 370, 371, 372, 373, 374, 375, 376, 377, 379, 380, 381, 382, 383, 384, 385, 386, 387, 388, 389, 390, 392, 393, 395, 396, 398, 399, 400]","{7: [RollingMean(window_size=7)], 30: [RollingMean(window_size=30)], 60: [RollingMean(window_size=60)]}",lags_400_features_264,13.60209287564392,23.370055729759446,25.478039205038648,24.696896531131944,23.47083366610196,28.06781929679007,32.64736376233181,40.017773710158174,52.80135766137841,48.695244805650525,48.123795548888225
XGBRegressor,"AutoSeasonalityAndDifferences(max_diffs=380, max_season_length=267, n_seasons=10) | LocalMinMaxScaler(stats_=[[  5.11211699 325.92896936]])","[1, 2, 3, 4, 5, 6, 7, 8, 9, 10, 11, 12, 13, 14, 15, 16, 18, 19, 20, 21, 22, 23, 25, 26, 27, 28, 29, 30, 31, 32, 34, 36, 37, 38, 40, 42, 44, 45, 47, 48, 52, 53, 54, 59, 60, 61, 65, 67, 69, 70, 73, 74, 85, 91, 96, 98, 100, 102, 105, 106, 107, 109, 110, 111, 112, 113, 117, 118, 119, 120, 122, 124, 125, 127, 129, 130, 131, 134, 138, 139, 140, 141, 142, 144, 145, 146, 147, 149, 152, 153, 156, 157, 159, 161, 162, 163, 164, 165, 166, 168, 169, 170, 172, 173, 174, 175, 176, 177, 178, 179, 181, 183, 184, 186, 187, 188, 189, 190, 191, 192, 193, 194, 195, 196, 197, 199, 201, 202, 203, 204, 205, 206, 207, 208, 209, 210, 211, 213, 214, 215, 216, 217, 218, 219, 220, 221, 222, 226, 227, 228, 229, 230, 231, 232, 233, 234, 236, 238, 239, 240, 242, 245, 246, 248, 250, 251, 252, 254, 255, 258, 260, 263, 265, 266, 267, 268, 272, 273, 274, 277, 279, 281, 282, 283, 284, 286, 293, 296, 297, 300, 302, 304, 307, 309, 310, 311, 313, 316, 319, 320, 321, 322, 323, 326, 328, 329, 330, 331, 333, 335, 336, 337, 338, 339, 342, 347, 349, 350, 351, 352, 353, 354, 355, 356, 357, 358, 359, 360, 361, 362, 363, 364, 365, 366, 367, 368, 369, 370, 371, 372, 373, 374, 375, 376, 377, 379, 380, 381, 382, 383, 384, 385, 386, 387, 388, 389, 390, 392, 393, 395, 396, 398, 399, 400]","{7: [RollingMean(window_size=7)], 30: [RollingMean(window_size=30)], 60: [RollingMean(window_size=60)]}",lags_400_features_264,11.770341658248707,17.06682677462726,19.40277986110234,19.10677933866402,19.62114083445917,21.412766441014522,29.251485549777573,35.29502128962617,46.28431496895937,47.85886366013882,47.1498236736388
LGBMRegressor,"AutoSeasonalityAndDifferences(max_diffs=380, max_season_length=267, n_seasons=10) | LocalMinMaxScaler(stats_=[[  5.11211699 325.92896936]])","[1, 2, 3, 4, 5, 6, 7, 8, 9, 10, 11, 12, 13, 14, 15, 16, 18, 19, 20, 21, 22, 23, 25, 26, 27, 28, 29, 30, 31, 32, 34, 36, 37, 38, 40, 42, 44, 45, 47, 48, 52, 53, 54, 59, 60, 61, 65, 67, 69, 70, 73, 74, 85, 91, 96, 98, 100, 102, 105, 106, 107, 109, 110, 111, 112, 113, 117, 118, 119, 120, 122, 124, 125, 127, 129, 130, 131, 134, 138, 139, 140, 141, 142, 144, 145, 146, 147, 149, 152, 153, 156, 157, 159, 161, 162, 163, 164, 165, 166, 168, 169, 170, 172, 173, 174, 175, 176, 177, 178, 179, 181, 183, 184, 186, 187, 188, 189, 190, 191, 192, 193, 194, 195, 196, 197, 199, 201, 202, 203, 204, 205, 206, 207, 208, 209, 210, 211, 213, 214, 215, 216, 217, 218, 219, 220, 221, 222, 226, 227, 228, 229, 230, 231, 232, 233, 234, 236, 238, 239, 240, 242, 245, 246, 248, 250, 251, 252, 254, 255, 258, 260, 263, 265, 266, 267, 268, 272, 273, 274, 277, 279, 281, 282, 283, 284, 286, 293, 296, 297, 300, 302, 304, 307, 309, 310, 311, 313, 316, 319, 320, 321, 322, 323, 326, 328, 329, 330, 331, 333, 335, 336, 337, 338, 339, 342, 347, 349, 350, 351, 352, 353, 354, 355, 356, 357, 358, 359, 360, 361, 362, 363, 364, 365, 366, 367, 368, 369, 370, 371, 372, 373, 374, 375, 376, 377, 379, 380, 381, 382, 383, 384, 385, 386, 387, 388, 389, 390, 392, 393, 395, 396, 398, 399, 400]","{7: [RollingMean(window_size=7)], 30: [RollingMean(window_size=30)], 60: [RollingMean(window_size=60)]}",lags_400_features_264,10.379183479448722,17.03993362440747,19.188975491673695,19.02420997224997,19.223196838443428,22.524457030469854,29.741085543850065,32.54498892520633,41.758022199603126,43.97788265390176,43.274617172052984
SGD_EarlyStopping,"AutoSeasonalityAndDifferences(max_diffs=380, max_season_length=267, n_seasons=10) | LocalMinMaxScaler(stats_=[[  5.11211699 325.92896936]])","[1, 2, 3, 4, 5, 6, 7, 8, 9, 10, 11, 12, 13, 14, 15, 16, 18, 19, 20, 21, 22, 23, 25, 26, 27, 28, 29, 30, 31, 32, 34, 36, 37, 38, 40, 42, 44, 45, 47, 48, 52, 53, 54, 59, 60, 61, 65, 67, 69, 70, 73, 74, 85, 91, 96, 98, 100, 102, 105, 106, 107, 109, 110, 111, 112, 113, 117, 118, 119, 120, 122, 124, 125, 127, 129, 130, 131, 134, 138, 139, 140, 141, 142, 144, 145, 146, 147, 149, 152, 153, 156, 157, 159, 161, 162, 163, 164, 165, 166, 168, 169, 170, 172, 173, 174, 175, 176, 177, 178, 179, 181, 183, 184, 186, 187, 188, 189, 190, 191, 192, 193, 194, 195, 196, 197, 199, 201, 202, 203, 204, 205, 206, 207, 208, 209, 210, 211, 213, 214, 215, 216, 217, 218, 219, 220, 221, 222, 226, 227, 228, 229, 230, 231, 232, 233, 234, 236, 238, 239, 240, 242, 245, 246, 248, 250, 251, 252, 254, 255, 258, 260, 263, 265, 266, 267, 268, 272, 273, 274, 277, 279, 281, 282, 283, 284, 286, 293, 296, 297, 300, 302, 304, 307, 309, 310, 311, 313, 316, 319, 320, 321, 322, 323, 326, 328, 329, 330, 331, 333, 335, 336, 337, 338, 339, 342, 347, 349, 350, 351, 352, 353, 354, 355, 356, 357, 358, 359, 360, 361, 362, 363, 364, 365, 366, 367, 368, 369, 370, 371, 372, 373, 374, 375, 376, 377, 379, 380, 381, 382, 383, 384, 385, 386, 387, 388, 389, 390, 392, 393, 395, 396, 398, 399, 400]","{7: [RollingMean(window_size=7), RollingStd(window_size=7)], 30: [RollingMean(window_size=30)], 60: [ExpandingMean()], 14: [ExponentiallyWeightedMean(alpha=0.3)]}",lags_400_features_264,15.75884500885944,17.89907745702783,20.786759257280156,20.75934468117497,20.663883550905833,25.263240534387972,30.956203050032006,38.423910916188255,51.86531020061766,56.721522256163205,55.83801575839416
SGD_ElasticNet,"AutoSeasonalityAndDifferences(max_diffs=380, max_season_length=267, n_seasons=10) | LocalMinMaxScaler(stats_=[[  5.11211699 325.92896936]])","[1, 2, 3, 4, 5, 6, 7, 8, 9, 10, 11, 12, 13, 14, 15, 16, 18, 19, 20, 21, 22, 23, 25, 26, 27, 28, 29, 30, 31, 32, 34, 36, 37, 38, 40, 42, 44, 45, 47, 48, 52, 53, 54, 59, 60, 61, 65, 67, 69, 70, 73, 74, 85, 91, 96, 98, 100, 102, 105, 106, 107, 109, 110, 111, 112, 113, 117, 118, 119, 120, 122, 124, 125, 127, 129, 130, 131, 134, 138, 139, 140, 141, 142, 144, 145, 146, 147, 149, 152, 153, 156, 157, 159, 161, 162, 163, 164, 165, 166, 168, 169, 170, 172, 173, 174, 175, 176, 177, 178, 179, 181, 183, 184, 186, 187, 188, 189, 190, 191, 192, 193, 194, 195, 196, 197, 199, 201, 202, 203, 204, 205, 206, 207, 208, 209, 210, 211, 213, 214, 215, 216, 217, 218, 219, 220, 221, 222, 226, 227, 228, 229, 230, 231, 232, 233, 234, 236, 238, 239, 240, 242, 245, 246, 248, 250, 251, 252, 254, 255, 258, 260, 263, 265, 266, 267, 268, 272, 273, 274, 277, 279, 281, 282, 283, 284, 286, 293, 296, 297, 300, 302, 304, 307, 309, 310, 311, 313, 316, 319, 320, 321, 322, 323, 326, 328, 329, 330, 331, 333, 335, 336, 337, 338, 339, 342, 347, 349, 350, 351, 352, 353, 354, 355, 356, 357, 358, 359, 360, 361, 362, 363, 364, 365, 366, 367, 368, 369, 370, 371, 372, 373, 374, 375, 376, 377, 379, 380, 381, 382, 383, 384, 385, 386, 387, 388, 389, 390, 392, 393, 395, 396, 398, 399, 400]","{7: [RollingMean(window_size=7), RollingStd(window_size=7)], 30: [RollingMean(window_size=30)], 60: [ExpandingMean()], 14: [ExponentiallyWeightedMean(alpha=0.3)]}",lags_400_features_264,9.623541019128828,17.409411851047977,19.138754239375718,18.509203911623697,18.394627432478988,23.480933513670127,28.352341293831817,35.50607918115634,49.43238991436418,51.156591478642454,51.29406707761074
SGD_Lasso,"AutoSeasonalityAndDifferences(max_diffs=380, max_season_length=267, n_seasons=10) | LocalMinMaxScaler(stats_=[[  5.11211699 325.92896936]])","[1, 2, 3, 4, 5, 6, 7, 8, 9, 10, 11, 12, 13, 14, 15, 16, 18, 19, 20, 21, 22, 23, 25, 26, 27, 28, 29, 30, 31, 32, 34, 36, 37, 38, 40, 42, 44, 45, 47, 48, 52, 53, 54, 59, 60, 61, 65, 67, 69, 70, 73, 74, 85, 91, 96, 98, 100, 102, 105, 106, 107, 109, 110, 111, 112, 113, 117, 118, 119, 120, 122, 124, 125, 127, 129, 130, 131, 134, 138, 139, 140, 141, 142, 144, 145, 146, 147, 149, 152, 153, 156, 157, 159, 161, 162, 163, 164, 165, 166, 168, 169, 170, 172, 173, 174, 175, 176, 177, 178, 179, 181, 183, 184, 186, 187, 188, 189, 190, 191, 192, 193, 194, 195, 196, 197, 199, 201, 202, 203, 204, 205, 206, 207, 208, 209, 210, 211, 213, 214, 215, 216, 217, 218, 219, 220, 221, 222, 226, 227, 228, 229, 230, 231, 232, 233, 234, 236, 238, 239, 240, 242, 245, 246, 248, 250, 251, 252, 254, 255, 258, 260, 263, 265, 266, 267, 268, 272, 273, 274, 277, 279, 281, 282, 283, 284, 286, 293, 296, 297, 300, 302, 304, 307, 309, 310, 311, 313, 316, 319, 320, 321, 322, 323, 326, 328, 329, 330, 331, 333, 335, 336, 337, 338, 339, 342, 347, 349, 350, 351, 352, 353, 354, 355, 356, 357, 358, 359, 360, 361, 362, 363, 364, 365, 366, 367, 368, 369, 370, 371, 372, 373, 374, 375, 376, 377, 379, 380, 381, 382, 383, 384, 385, 386, 387, 388, 389, 390, 392, 393, 395, 396, 398, 399, 400]","{7: [RollingMean(window_size=7), RollingStd(window_size=7)], 30: [RollingMean(window_size=30)], 60: [ExpandingMean()], 14: [ExponentiallyWeightedMean(alpha=0.3)]}",lags_400_features_264,118.05932069664766,102.761529561556,101.08235692519607,90.10235306743208,75.66384464435117,67.01788560628155,61.462045658613974,55.78004717885552,71.64443914013108,96.95023202215106,96.40223009131486
SGD_Ridge,"AutoSeasonalityAndDifferences(max_diffs=380, max_season_length=267, n_seasons=10) | LocalMinMaxScaler(stats_=[[  5.11211699 325.92896936]])","[1, 2, 3, 4, 5, 6, 7, 8, 9, 10, 11, 12, 13, 14, 15, 16, 18, 19, 20, 21, 22, 23, 25, 26, 27, 28, 29, 30, 31, 32, 34, 36, 37, 38, 40, 42, 44, 45, 47, 48, 52, 53, 54, 59, 60, 61, 65, 67, 69, 70, 73, 74, 85, 91, 96, 98, 100, 102, 105, 106, 107, 109, 110, 111, 112, 113, 117, 118, 119, 120, 122, 124, 125, 127, 129, 130, 131, 134, 138, 139, 140, 141, 142, 144, 145, 146, 147, 149, 152, 153, 156, 157, 159, 161, 162, 163, 164, 165, 166, 168, 169, 170, 172, 173, 174, 175, 176, 177, 178, 179, 181, 183, 184, 186, 187, 188, 189, 190, 191, 192, 193, 194, 195, 196, 197, 199, 201, 202, 203, 204, 205, 206, 207, 208, 209, 210, 211, 213, 214, 215, 216, 217, 218, 219, 220, 221, 222, 226, 227, 228, 229, 230, 231, 232, 233, 234, 236, 238, 239, 240, 242, 245, 246, 248, 250, 251, 252, 254, 255, 258, 260, 263, 265, 266, 267, 268, 272, 273, 274, 277, 279, 281, 282, 283, 284, 286, 293, 296, 297, 300, 302, 304, 307, 309, 310, 311, 313, 316, 319, 320, 321, 322, 323, 326, 328, 329, 330, 331, 333, 335, 336, 337, 338, 339, 342, 347, 349, 350, 351, 352, 353, 354, 355, 356, 357, 358, 359, 360, 361, 362, 363, 364, 365, 366, 367, 368, 369, 370, 371, 372, 373, 374, 375, 376, 377, 379, 380, 381, 382, 383, 384, 385, 386, 387, 388, 389, 390, 392, 393, 395, 396, 398, 399, 400]","{7: [RollingMean(window_size=7), RollingStd(window_size=7)], 30: [RollingMean(window_size=30)], 60: [ExpandingMean()], 14: [ExponentiallyWeightedMean(alpha=0.3)]}",lags_400_features_264,31.567413294936426,27.80600740190226,30.047259920393856,29.764374049159613,27.80808584189563,29.834372816073873,31.222659722352674,31.969973541234403,44.76741075599012,63.85040691981475,64.49543150962029
SGDRegressor,"AutoSeasonalityAndDifferences(max_diffs=380, max_season_length=267, n_seasons=10) | LocalMinMaxScaler(stats_=[[  5.11211699 325.92896936]])","[1, 2, 3, 4, 5, 6, 7, 8, 9, 10, 11, 12, 13, 14, 15, 16, 18, 19, 20, 21, 22, 23, 25, 26, 27, 28, 29, 30, 31, 32, 34, 36, 37, 38, 40, 42, 44, 45, 47, 48, 52, 53, 54, 59, 60, 61, 65, 67, 69, 70, 73, 74, 85, 91, 96, 98, 100, 102, 105, 106, 107, 109, 110, 111, 112, 113, 117, 118, 119, 120, 122, 124, 125, 127, 129, 130, 131, 134, 138, 139, 140, 141, 142, 144, 145, 146, 147, 149, 152, 153, 156, 157, 159, 161, 162, 163, 164, 165, 166, 168, 169, 170, 172, 173, 174, 175, 176, 177, 178, 179, 181, 183, 184, 186, 187, 188, 189, 190, 191, 192, 193, 194, 195, 196, 197, 199, 201, 202, 203, 204, 205, 206, 207, 208, 209, 210, 211, 213, 214, 215, 216, 217, 218, 219, 220, 221, 222, 226, 227, 228, 229, 230, 231, 232, 233, 234, 236, 238, 239, 240, 242, 245, 246, 248, 250, 251, 252, 254, 255, 258, 260, 263, 265, 266, 267, 268, 272, 273, 274, 277, 279, 281, 282, 283, 284, 286, 293, 296, 297, 300, 302, 304, 307, 309, 310, 311, 313, 316, 319, 320, 321, 322, 323, 326, 328, 329, 330, 331, 333, 335, 336, 337, 338, 339, 342, 347, 349, 350, 351, 352, 353, 354, 355, 356, 357, 358, 359, 360, 361, 362, 363, 364, 365, 366, 367, 368, 369, 370, 371, 372, 373, 374, 375, 376, 377, 379, 380, 381, 382, 383, 384, 385, 386, 387, 388, 389, 390, 392, 393, 395, 396, 398, 399, 400]","{7: [RollingMean(window_size=7), RollingStd(window_size=7)], 30: [RollingMean(window_size=30)], 60: [ExpandingMean()], 14: [ExponentiallyWeightedMean(alpha=0.3)]}",lags_400_features_264,13.614335614315104,23.38568758762946,25.499047078970204,24.719666797429486,23.486402699100807,28.071470328959652,32.63910360352889,39.99601918902295,52.81022667301978,48.716743028027246,48.1407988861484
XGBRegressor,"AutoSeasonalityAndDifferences(max_diffs=380, max_season_length=267, n_seasons=10) | LocalMinMaxScaler(stats_=[[  5.11211699 325.92896936]])","[1, 2, 3, 4, 5, 6, 7, 8, 9, 10, 11, 12, 13, 14, 15, 16, 18, 19, 20, 21, 22, 23, 25, 26, 27, 28, 29, 30, 31, 32, 34, 36, 37, 38, 40, 42, 44, 45, 47, 48, 52, 53, 54, 59, 60, 61, 65, 67, 69, 70, 73, 74, 85, 91, 96, 98, 100, 102, 105, 106, 107, 109, 110, 111, 112, 113, 117, 118, 119, 120, 122, 124, 125, 127, 129, 130, 131, 134, 138, 139, 140, 141, 142, 144, 145, 146, 147, 149, 152, 153, 156, 157, 159, 161, 162, 163, 164, 165, 166, 168, 169, 170, 172, 173, 174, 175, 176, 177, 178, 179, 181, 183, 184, 186, 187, 188, 189, 190, 191, 192, 193, 194, 195, 196, 197, 199, 201, 202, 203, 204, 205, 206, 207, 208, 209, 210, 211, 213, 214, 215, 216, 217, 218, 219, 220, 221, 222, 226, 227, 228, 229, 230, 231, 232, 233, 234, 236, 238, 239, 240, 242, 245, 246, 248, 250, 251, 252, 254, 255, 258, 260, 263, 265, 266, 267, 268, 272, 273, 274, 277, 279, 281, 282, 283, 284, 286, 293, 296, 297, 300, 302, 304, 307, 309, 310, 311, 313, 316, 319, 320, 321, 322, 323, 326, 328, 329, 330, 331, 333, 335, 336, 337, 338, 339, 342, 347, 349, 350, 351, 352, 353, 354, 355, 356, 357, 358, 359, 360, 361, 362, 363, 364, 365, 366, 367, 368, 369, 370, 371, 372, 373, 374, 375, 376, 377, 379, 380, 381, 382, 383, 384, 385, 386, 387, 388, 389, 390, 392, 393, 395, 396, 398, 399, 400]","{7: [RollingMean(window_size=7), RollingStd(window_size=7)], 30: [RollingMean(window_size=30)], 60: [ExpandingMean()], 14: [ExponentiallyWeightedMean(alpha=0.3)]}",lags_400_features_264,13.17219626109742,17.142644353362428,19.361872018230102,18.787907289147867,19.42150933167005,21.170532202935398,29.37674992641059,35.717519812080354,47.07628566308378,49.96831618440109,49.47653246350843
LGBMRegressor,"AutoSeasonalityAndDifferences(max_diffs=380, max_season_length=267, n_seasons=10) | LocalMinMaxScaler(stats_=[[  5.11211699 325.92896936]])","[1, 2, 3, 4, 5, 6, 7, 8, 9, 10, 11, 12, 13, 14, 15, 16, 18, 19, 20, 21, 22, 23, 25, 26, 27, 28, 29, 30, 31, 32, 34, 36, 37, 38, 40, 42, 44, 45, 47, 48, 52, 53, 54, 59, 60, 61, 65, 67, 69, 70, 73, 74, 85, 91, 96, 98, 100, 102, 105, 106, 107, 109, 110, 111, 112, 113, 117, 118, 119, 120, 122, 124, 125, 127, 129, 130, 131, 134, 138, 139, 140, 141, 142, 144, 145, 146, 147, 149, 152, 153, 156, 157, 159, 161, 162, 163, 164, 165, 166, 168, 169, 170, 172, 173, 174, 175, 176, 177, 178, 179, 181, 183, 184, 186, 187, 188, 189, 190, 191, 192, 193, 194, 195, 196, 197, 199, 201, 202, 203, 204, 205, 206, 207, 208, 209, 210, 211, 213, 214, 215, 216, 217, 218, 219, 220, 221, 222, 226, 227, 228, 229, 230, 231, 232, 233, 234, 236, 238, 239, 240, 242, 245, 246, 248, 250, 251, 252, 254, 255, 258, 260, 263, 265, 266, 267, 268, 272, 273, 274, 277, 279, 281, 282, 283, 284, 286, 293, 296, 297, 300, 302, 304, 307, 309, 310, 311, 313, 316, 319, 320, 321, 322, 323, 326, 328, 329, 330, 331, 333, 335, 336, 337, 338, 339, 342, 347, 349, 350, 351, 352, 353, 354, 355, 356, 357, 358, 359, 360, 361, 362, 363, 364, 365, 366, 367, 368, 369, 370, 371, 372, 373, 374, 375, 376, 377, 379, 380, 381, 382, 383, 384, 385, 386, 387, 388, 389, 390, 392, 393, 395, 396, 398, 399, 400]","{7: [RollingMean(window_size=7), RollingStd(window_size=7)], 30: [RollingMean(window_size=30)], 60: [ExpandingMean()], 14: [ExponentiallyWeightedMean(alpha=0.3)]}",lags_400_features_264,10.378078609784284,16.531734485247362,18.418413512190686,18.168062215763285,18.228258123326533,22.80758050637681,29.8968993022313,33.53748826125107,44.4698233402105,47.89239702068727,47.156408298998116
XGBRegressor,"AutoSeasonalityAndDifferences(max_diffs=380, max_season_length=267, n_seasons=10) | LocalBoxCox(lower=0.0, method=loglik, season_length=None, stats_=[[4.10226185e-05 0.00000000e+00]], upper=2.0)","[1, 2, 3, 4, 5, 6, 7, 8, 9, 10, 11, 12, 13, 14, 15, 16, 18, 19, 20, 21, 22, 23, 25, 26, 27, 28, 29, 30, 31, 32, 34, 36, 37, 38, 40, 42, 44, 45, 47, 48, 52, 53, 54, 59, 60, 61, 65, 67, 69, 70, 73, 74, 85, 91, 96, 98, 100, 102, 105, 106, 107, 109, 110, 111, 112, 113, 117, 118, 119, 120, 122, 124, 125, 127, 129, 130, 131, 134, 138, 139, 140, 141, 142, 144, 145, 146, 147, 149, 152, 153, 156, 157, 159, 161, 162, 163, 164, 165, 166, 168, 169, 170, 172, 173, 174, 175, 176, 177, 178, 179, 181, 183, 184, 186, 187, 188, 189, 190, 191, 192, 193, 194, 195, 196, 197, 199, 201, 202, 203, 204, 205, 206, 207, 208, 209, 210, 211, 213, 214, 215, 216, 217, 218, 219, 220, 221, 222, 226, 227, 228, 229, 230, 231, 232, 233, 234, 236, 238, 239, 240, 242, 245, 246, 248, 250, 251, 252, 254, 255, 258, 260, 263, 265, 266, 267, 268, 272, 273, 274, 277, 279, 281, 282, 283, 284, 286, 293, 296, 297, 300, 302, 304, 307, 309, 310, 311, 313, 316, 319, 320, 321, 322, 323, 326, 328, 329, 330, 331, 333, 335, 336, 337, 338, 339, 342, 347, 349, 350, 351, 352, 353, 354, 355, 356, 357, 358, 359, 360, 361, 362, 363, 364, 365, 366, 367, 368, 369, 370, 371, 372, 373, 374, 375, 376, 377, 379, 380, 381, 382, 383, 384, 385, 386, 387, 388, 389, 390, 392, 393, 395, 396, 398, 399, 400]","{1: [<function expanding_mean at 0x000002C58F7A04A0>], 7: [<function rolling_mean_14 at 0x000002C5930FAA20>], 30: [<function expanding_mean at 0x000002C58F7A04A0>]}",lags_400_features_264,13.512961024630071,16.781083164229184,19.143881910767256,18.88555028573579,20.82428681366208,21.811167394444407,27.143533805552643,31.424455940800154,45.3174130982154,53.88900712277883,53.240596620633355
LGBMRegressor,"AutoSeasonalityAndDifferences(max_diffs=380, max_season_length=267, n_seasons=10) | LocalBoxCox(lower=0.0, method=loglik, season_length=None, stats_=[[4.10226185e-05 0.00000000e+00]], upper=2.0)","[1, 2, 3, 4, 5, 6, 7, 8, 9, 10, 11, 12, 13, 14, 15, 16, 18, 19, 20, 21, 22, 23, 25, 26, 27, 28, 29, 30, 31, 32, 34, 36, 37, 38, 40, 42, 44, 45, 47, 48, 52, 53, 54, 59, 60, 61, 65, 67, 69, 70, 73, 74, 85, 91, 96, 98, 100, 102, 105, 106, 107, 109, 110, 111, 112, 113, 117, 118, 119, 120, 122, 124, 125, 127, 129, 130, 131, 134, 138, 139, 140, 141, 142, 144, 145, 146, 147, 149, 152, 153, 156, 157, 159, 161, 162, 163, 164, 165, 166, 168, 169, 170, 172, 173, 174, 175, 176, 177, 178, 179, 181, 183, 184, 186, 187, 188, 189, 190, 191, 192, 193, 194, 195, 196, 197, 199, 201, 202, 203, 204, 205, 206, 207, 208, 209, 210, 211, 213, 214, 215, 216, 217, 218, 219, 220, 221, 222, 226, 227, 228, 229, 230, 231, 232, 233, 234, 236, 238, 239, 240, 242, 245, 246, 248, 250, 251, 252, 254, 255, 258, 260, 263, 265, 266, 267, 268, 272, 273, 274, 277, 279, 281, 282, 283, 284, 286, 293, 296, 297, 300, 302, 304, 307, 309, 310, 311, 313, 316, 319, 320, 321, 322, 323, 326, 328, 329, 330, 331, 333, 335, 336, 337, 338, 339, 342, 347, 349, 350, 351, 352, 353, 354, 355, 356, 357, 358, 359, 360, 361, 362, 363, 364, 365, 366, 367, 368, 369, 370, 371, 372, 373, 374, 375, 376, 377, 379, 380, 381, 382, 383, 384, 385, 386, 387, 388, 389, 390, 392, 393, 395, 396, 398, 399, 400]","{1: [<function expanding_mean at 0x000002C58F7A04A0>], 7: [<function rolling_mean_14 at 0x000002C5930FAA20>], 30: [<function expanding_mean at 0x000002C58F7A04A0>]}",lags_400_features_264,9.024665025531853,16.01410113630421,17.99212531350942,17.59570764873554,17.709490251828232,19.26411186519788,23.315705468385726,27.257744993738363,45.86141977494434,58.398833809509554,57.56776157447335
XGBRegressor,"AutoSeasonalityAndDifferences(max_diffs=380, max_season_length=267, n_seasons=10) | LocalBoxCox(lower=0.0, method=loglik, season_length=None, stats_=[[4.10226185e-05 0.00000000e+00]], upper=2.0)","[1, 2, 3, 4, 5, 6, 7, 8, 9, 10, 11, 12, 13, 14, 15, 16, 18, 19, 20, 21, 22, 23, 25, 26, 27, 28, 29, 30, 31, 32, 34, 36, 37, 38, 40, 42, 44, 45, 47, 48, 52, 53, 54, 59, 60, 61, 65, 67, 69, 70, 73, 74, 85, 91, 96, 98, 100, 102, 105, 106, 107, 109, 110, 111, 112, 113, 117, 118, 119, 120, 122, 124, 125, 127, 129, 130, 131, 134, 138, 139, 140, 141, 142, 144, 145, 146, 147, 149, 152, 153, 156, 157, 159, 161, 162, 163, 164, 165, 166, 168, 169, 170, 172, 173, 174, 175, 176, 177, 178, 179, 181, 183, 184, 186, 187, 188, 189, 190, 191, 192, 193, 194, 195, 196, 197, 199, 201, 202, 203, 204, 205, 206, 207, 208, 209, 210, 211, 213, 214, 215, 216, 217, 218, 219, 220, 221, 222, 226, 227, 228, 229, 230, 231, 232, 233, 234, 236, 238, 239, 240, 242, 245, 246, 248, 250, 251, 252, 254, 255, 258, 260, 263, 265, 266, 267, 268, 272, 273, 274, 277, 279, 281, 282, 283, 284, 286, 293, 296, 297, 300, 302, 304, 307, 309, 310, 311, 313, 316, 319, 320, 321, 322, 323, 326, 328, 329, 330, 331, 333, 335, 336, 337, 338, 339, 342, 347, 349, 350, 351, 352, 353, 354, 355, 356, 357, 358, 359, 360, 361, 362, 363, 364, 365, 366, 367, 368, 369, 370, 371, 372, 373, 374, 375, 376, 377, 379, 380, 381, 382, 383, 384, 385, 386, 387, 388, 389, 390, 392, 393, 395, 396, 398, 399, 400]","{1: [<function rolling_mean_14 at 0x000002C5930FAA20>], 7: [<function rolling_mean_30 at 0x000002C58DBF9260>], 30: [<function expanding_mean at 0x000002C58F7A04A0>]}",lags_400_features_264,11.241659547835733,18.94912683315592,20.26968219741264,19.66520909817543,19.745748781109462,20.392577834035563,28.5902394390871,33.74816323671935,42.49004318732594,49.83740975784163,49.49552457467051
LGBMRegressor,"AutoSeasonalityAndDifferences(max_diffs=380, max_season_length=267, n_seasons=10) | LocalBoxCox(lower=0.0, method=loglik, season_length=None, stats_=[[4.10226185e-05 0.00000000e+00]], upper=2.0)","[1, 2, 3, 4, 5, 6, 7, 8, 9, 10, 11, 12, 13, 14, 15, 16, 18, 19, 20, 21, 22, 23, 25, 26, 27, 28, 29, 30, 31, 32, 34, 36, 37, 38, 40, 42, 44, 45, 47, 48, 52, 53, 54, 59, 60, 61, 65, 67, 69, 70, 73, 74, 85, 91, 96, 98, 100, 102, 105, 106, 107, 109, 110, 111, 112, 113, 117, 118, 119, 120, 122, 124, 125, 127, 129, 130, 131, 134, 138, 139, 140, 141, 142, 144, 145, 146, 147, 149, 152, 153, 156, 157, 159, 161, 162, 163, 164, 165, 166, 168, 169, 170, 172, 173, 174, 175, 176, 177, 178, 179, 181, 183, 184, 186, 187, 188, 189, 190, 191, 192, 193, 194, 195, 196, 197, 199, 201, 202, 203, 204, 205, 206, 207, 208, 209, 210, 211, 213, 214, 215, 216, 217, 218, 219, 220, 221, 222, 226, 227, 228, 229, 230, 231, 232, 233, 234, 236, 238, 239, 240, 242, 245, 246, 248, 250, 251, 252, 254, 255, 258, 260, 263, 265, 266, 267, 268, 272, 273, 274, 277, 279, 281, 282, 283, 284, 286, 293, 296, 297, 300, 302, 304, 307, 309, 310, 311, 313, 316, 319, 320, 321, 322, 323, 326, 328, 329, 330, 331, 333, 335, 336, 337, 338, 339, 342, 347, 349, 350, 351, 352, 353, 354, 355, 356, 357, 358, 359, 360, 361, 362, 363, 364, 365, 366, 367, 368, 369, 370, 371, 372, 373, 374, 375, 376, 377, 379, 380, 381, 382, 383, 384, 385, 386, 387, 388, 389, 390, 392, 393, 395, 396, 398, 399, 400]","{1: [<function rolling_mean_14 at 0x000002C5930FAA20>], 7: [<function rolling_mean_30 at 0x000002C58DBF9260>], 30: [<function expanding_mean at 0x000002C58F7A04A0>]}",lags_400_features_264,11.015067509126778,17.114534024879376,18.592876081427164,18.54373265998653,18.437933856625886,19.749786548963353,23.17602897741389,27.406193700984044,41.436734610447324,51.48811378750282,51.00213732342617
XGBRegressor,"AutoSeasonalityAndDifferences(max_diffs=380, max_season_length=267, n_seasons=10) | LocalBoxCox(lower=0.0, method=loglik, season_length=None, stats_=[[4.10226185e-05 0.00000000e+00]], upper=2.0)","[1, 2, 3, 4, 5, 6, 7, 8, 9, 10, 11, 12, 13, 14, 15, 16, 18, 19, 20, 21, 22, 23, 25, 26, 27, 28, 29, 30, 31, 32, 34, 36, 37, 38, 40, 42, 44, 45, 47, 48, 52, 53, 54, 59, 60, 61, 65, 67, 69, 70, 73, 74, 85, 91, 96, 98, 100, 102, 105, 106, 107, 109, 110, 111, 112, 113, 117, 118, 119, 120, 122, 124, 125, 127, 129, 130, 131, 134, 138, 139, 140, 141, 142, 144, 145, 146, 147, 149, 152, 153, 156, 157, 159, 161, 162, 163, 164, 165, 166, 168, 169, 170, 172, 173, 174, 175, 176, 177, 178, 179, 181, 183, 184, 186, 187, 188, 189, 190, 191, 192, 193, 194, 195, 196, 197, 199, 201, 202, 203, 204, 205, 206, 207, 208, 209, 210, 211, 213, 214, 215, 216, 217, 218, 219, 220, 221, 222, 226, 227, 228, 229, 230, 231, 232, 233, 234, 236, 238, 239, 240, 242, 245, 246, 248, 250, 251, 252, 254, 255, 258, 260, 263, 265, 266, 267, 268, 272, 273, 274, 277, 279, 281, 282, 283, 284, 286, 293, 296, 297, 300, 302, 304, 307, 309, 310, 311, 313, 316, 319, 320, 321, 322, 323, 326, 328, 329, 330, 331, 333, 335, 336, 337, 338, 339, 342, 347, 349, 350, 351, 352, 353, 354, 355, 356, 357, 358, 359, 360, 361, 362, 363, 364, 365, 366, 367, 368, 369, 370, 371, 372, 373, 374, 375, 376, 377, 379, 380, 381, 382, 383, 384, 385, 386, 387, 388, 389, 390, 392, 393, 395, 396, 398, 399, 400]","{7: [RollingMean(window_size=7)], 30: [RollingMean(window_size=30)], 60: [RollingMean(window_size=60)]}",lags_400_features_264,12.646660480851732,20.075268276603467,21.218251408165152,21.05226060793818,24.243920443815938,24.84298995486406,27.873544389657763,35.09059265239221,50.885871923416474,51.796097041827316,50.86276063817876
LGBMRegressor,"AutoSeasonalityAndDifferences(max_diffs=380, max_season_length=267, n_seasons=10) | LocalBoxCox(lower=0.0, method=loglik, season_length=None, stats_=[[4.10226185e-05 0.00000000e+00]], upper=2.0)","[1, 2, 3, 4, 5, 6, 7, 8, 9, 10, 11, 12, 13, 14, 15, 16, 18, 19, 20, 21, 22, 23, 25, 26, 27, 28, 29, 30, 31, 32, 34, 36, 37, 38, 40, 42, 44, 45, 47, 48, 52, 53, 54, 59, 60, 61, 65, 67, 69, 70, 73, 74, 85, 91, 96, 98, 100, 102, 105, 106, 107, 109, 110, 111, 112, 113, 117, 118, 119, 120, 122, 124, 125, 127, 129, 130, 131, 134, 138, 139, 140, 141, 142, 144, 145, 146, 147, 149, 152, 153, 156, 157, 159, 161, 162, 163, 164, 165, 166, 168, 169, 170, 172, 173, 174, 175, 176, 177, 178, 179, 181, 183, 184, 186, 187, 188, 189, 190, 191, 192, 193, 194, 195, 196, 197, 199, 201, 202, 203, 204, 205, 206, 207, 208, 209, 210, 211, 213, 214, 215, 216, 217, 218, 219, 220, 221, 222, 226, 227, 228, 229, 230, 231, 232, 233, 234, 236, 238, 239, 240, 242, 245, 246, 248, 250, 251, 252, 254, 255, 258, 260, 263, 265, 266, 267, 268, 272, 273, 274, 277, 279, 281, 282, 283, 284, 286, 293, 296, 297, 300, 302, 304, 307, 309, 310, 311, 313, 316, 319, 320, 321, 322, 323, 326, 328, 329, 330, 331, 333, 335, 336, 337, 338, 339, 342, 347, 349, 350, 351, 352, 353, 354, 355, 356, 357, 358, 359, 360, 361, 362, 363, 364, 365, 366, 367, 368, 369, 370, 371, 372, 373, 374, 375, 376, 377, 379, 380, 381, 382, 383, 384, 385, 386, 387, 388, 389, 390, 392, 393, 395, 396, 398, 399, 400]","{7: [RollingMean(window_size=7)], 30: [RollingMean(window_size=30)], 60: [RollingMean(window_size=60)]}",lags_400_features_264,10.1895252994011,17.4428510207223,18.56502640810097,18.244575686308824,18.242366879677625,19.336692914251557,22.909744957386344,27.744941410460605,40.748473108396574,48.22913909765856,47.94820680612711
XGBRegressor,"AutoSeasonalityAndDifferences(max_diffs=380, max_season_length=267, n_seasons=10) | LocalBoxCox(lower=0.0, method=loglik, season_length=None, stats_=[[4.10226185e-05 0.00000000e+00]], upper=2.0)","[1, 2, 3, 4, 5, 6, 7, 8, 9, 10, 11, 12, 13, 14, 15, 16, 18, 19, 20, 21, 22, 23, 25, 26, 27, 28, 29, 30, 31, 32, 34, 36, 37, 38, 40, 42, 44, 45, 47, 48, 52, 53, 54, 59, 60, 61, 65, 67, 69, 70, 73, 74, 85, 91, 96, 98, 100, 102, 105, 106, 107, 109, 110, 111, 112, 113, 117, 118, 119, 120, 122, 124, 125, 127, 129, 130, 131, 134, 138, 139, 140, 141, 142, 144, 145, 146, 147, 149, 152, 153, 156, 157, 159, 161, 162, 163, 164, 165, 166, 168, 169, 170, 172, 173, 174, 175, 176, 177, 178, 179, 181, 183, 184, 186, 187, 188, 189, 190, 191, 192, 193, 194, 195, 196, 197, 199, 201, 202, 203, 204, 205, 206, 207, 208, 209, 210, 211, 213, 214, 215, 216, 217, 218, 219, 220, 221, 222, 226, 227, 228, 229, 230, 231, 232, 233, 234, 236, 238, 239, 240, 242, 245, 246, 248, 250, 251, 252, 254, 255, 258, 260, 263, 265, 266, 267, 268, 272, 273, 274, 277, 279, 281, 282, 283, 284, 286, 293, 296, 297, 300, 302, 304, 307, 309, 310, 311, 313, 316, 319, 320, 321, 322, 323, 326, 328, 329, 330, 331, 333, 335, 336, 337, 338, 339, 342, 347, 349, 350, 351, 352, 353, 354, 355, 356, 357, 358, 359, 360, 361, 362, 363, 364, 365, 366, 367, 368, 369, 370, 371, 372, 373, 374, 375, 376, 377, 379, 380, 381, 382, 383, 384, 385, 386, 387, 388, 389, 390, 392, 393, 395, 396, 398, 399, 400]","{7: [RollingMean(window_size=7), RollingStd(window_size=7)], 30: [RollingMean(window_size=30)], 60: [ExpandingMean()], 14: [ExponentiallyWeightedMean(alpha=0.3)]}",lags_400_features_264,13.188553108004822,20.48588090749153,21.417816387879007,21.243283049286728,24.277746544839488,24.835473433684456,27.72121246401127,35.32671857546298,51.03740915423155,51.40234082317118,50.48135752055898
LGBMRegressor,"AutoSeasonalityAndDifferences(max_diffs=380, max_season_length=267, n_seasons=10) | LocalBoxCox(lower=0.0, method=loglik, season_length=None, stats_=[[4.10226185e-05 0.00000000e+00]], upper=2.0)","[1, 2, 3, 4, 5, 6, 7, 8, 9, 10, 11, 12, 13, 14, 15, 16, 18, 19, 20, 21, 22, 23, 25, 26, 27, 28, 29, 30, 31, 32, 34, 36, 37, 38, 40, 42, 44, 45, 47, 48, 52, 53, 54, 59, 60, 61, 65, 67, 69, 70, 73, 74, 85, 91, 96, 98, 100, 102, 105, 106, 107, 109, 110, 111, 112, 113, 117, 118, 119, 120, 122, 124, 125, 127, 129, 130, 131, 134, 138, 139, 140, 141, 142, 144, 145, 146, 147, 149, 152, 153, 156, 157, 159, 161, 162, 163, 164, 165, 166, 168, 169, 170, 172, 173, 174, 175, 176, 177, 178, 179, 181, 183, 184, 186, 187, 188, 189, 190, 191, 192, 193, 194, 195, 196, 197, 199, 201, 202, 203, 204, 205, 206, 207, 208, 209, 210, 211, 213, 214, 215, 216, 217, 218, 219, 220, 221, 222, 226, 227, 228, 229, 230, 231, 232, 233, 234, 236, 238, 239, 240, 242, 245, 246, 248, 250, 251, 252, 254, 255, 258, 260, 263, 265, 266, 267, 268, 272, 273, 274, 277, 279, 281, 282, 283, 284, 286, 293, 296, 297, 300, 302, 304, 307, 309, 310, 311, 313, 316, 319, 320, 321, 322, 323, 326, 328, 329, 330, 331, 333, 335, 336, 337, 338, 339, 342, 347, 349, 350, 351, 352, 353, 354, 355, 356, 357, 358, 359, 360, 361, 362, 363, 364, 365, 366, 367, 368, 369, 370, 371, 372, 373, 374, 375, 376, 377, 379, 380, 381, 382, 383, 384, 385, 386, 387, 388, 389, 390, 392, 393, 395, 396, 398, 399, 400]","{7: [RollingMean(window_size=7), RollingStd(window_size=7)], 30: [RollingMean(window_size=30)], 60: [ExpandingMean()], 14: [ExponentiallyWeightedMean(alpha=0.3)]}",lags_400_features_264,11.17610663321801,17.94755699348474,18.93688389313215,18.592261037386844,18.38691726726795,20.559354301356,26.068037460329418,31.472974902638406,44.25673914665509,51.61274063489968,51.16906541360212
XGBRegressor,,"[1, 2, 3, 4, 5, 6, 7, 8, 9, 10, 11, 12, 13, 14, 15, 16, 17, 18, 19, 20, 21, 22, 23, 24, 25, 26, 27, 28, 29, 30, 31, 32, 33, 34, 35, 36, 37, 38, 39, 40, 41, 42, 43, 44, 45, 46, 47, 48, 49, 50, 51, 52, 53, 54, 55, 56, 57, 58, 59, 60, 61, 62, 63, 64, 65, 66, 67, 68, 69, 70, 71, 72, 73, 74, 75, 76, 77, 78, 79, 80, 81, 82, 83, 84, 85, 86, 87, 88, 89, 90, 91, 92, 93, 94, 95, 96, 97, 98, 99, 100, 101, 102, 103, 104, 105, 106, 107, 108, 109, 110, 111, 112, 113, 114, 115, 116, 117, 118, 119, 120, 121, 122, 123, 124, 125, 126, 127, 128, 129, 130, 131, 132, 133, 134, 135, 136, 137, 138, 139, 140, 141, 142, 143, 144, 145, 146, 147, 148, 149, 150, 151, 152, 153, 154, 155, 156, 157, 158, 159, 160, 161, 162, 163, 164, 165, 166, 167, 168, 169, 170, 171, 172, 173, 174, 175, 176, 177, 178, 179, 180, 181, 182, 183, 184, 185, 186, 187, 188, 189, 190, 191, 192, 193, 194, 195, 196, 197, 198, 199, 200, 201, 202, 203, 204, 205, 206, 207, 208, 209, 210, 211, 212, 213, 214, 215, 216, 217, 218, 219, 220, 221, 222, 223, 224, 225, 226, 227, 228, 229, 230, 231, 232, 233, 234, 235, 236, 237, 238, 239, 240, 241, 242, 243, 244, 245, 246, 247, 248, 249, 250, 251, 252, 253, 254, 255, 256, 257, 258, 259, 260, 261, 262, 263, 264, 265, 266, 267, 268, 269, 270, 271, 272, 273, 274, 275, 276, 277, 278, 279, 280, 281, 282, 283, 284, 285, 286, 287, 288, 289, 290, 291, 292, 293, 294, 295, 296, 297, 298, 299, 300, 301, 302, 303, 304, 305, 306, 307, 308, 309, 310, 311, 312, 313, 314, 315, 316, 317, 318, 319, 320, 321, 322, 323, 324, 325, 326, 327, 328, 329, 330, 331, 332, 333, 334, 335, 336, 337, 338, 339, 340, 341, 342, 343, 344, 345, 346, 347, 348, 349, 350, 351, 352, 353, 354, 355, 356, 357, 358, 359, 360, 361, 362, 363, 364, 365, 366, 367, 368, 369, 370, 371, 372, 373, 374, 375, 376, 377, 378, 379, 380, 381, 382, 383, 384, 385, 386, 387, 388, 389, 390, 391, 392, 393, 394, 395, 396, 397, 398, 399, 400]","{1: [<function expanding_mean at 0x000002C58F7A04A0>], 7: [<function rolling_mean_14 at 0x000002C5930FAA20>], 30: [<function expanding_mean at 0x000002C58F7A04A0>]}",lags_400_features_400,14.544683931573484,18.765125278066595,20.72377932004462,19.908505614014686,19.84609972234841,27.29236203428745,37.628343307076264,39.98863856282093,49.401547043680075,55.387405661874965,54.917909520943475
LGBMRegressor,,"[1, 2, 3, 4, 5, 6, 7, 8, 9, 10, 11, 12, 13, 14, 15, 16, 17, 18, 19, 20, 21, 22, 23, 24, 25, 26, 27, 28, 29, 30, 31, 32, 33, 34, 35, 36, 37, 38, 39, 40, 41, 42, 43, 44, 45, 46, 47, 48, 49, 50, 51, 52, 53, 54, 55, 56, 57, 58, 59, 60, 61, 62, 63, 64, 65, 66, 67, 68, 69, 70, 71, 72, 73, 74, 75, 76, 77, 78, 79, 80, 81, 82, 83, 84, 85, 86, 87, 88, 89, 90, 91, 92, 93, 94, 95, 96, 97, 98, 99, 100, 101, 102, 103, 104, 105, 106, 107, 108, 109, 110, 111, 112, 113, 114, 115, 116, 117, 118, 119, 120, 121, 122, 123, 124, 125, 126, 127, 128, 129, 130, 131, 132, 133, 134, 135, 136, 137, 138, 139, 140, 141, 142, 143, 144, 145, 146, 147, 148, 149, 150, 151, 152, 153, 154, 155, 156, 157, 158, 159, 160, 161, 162, 163, 164, 165, 166, 167, 168, 169, 170, 171, 172, 173, 174, 175, 176, 177, 178, 179, 180, 181, 182, 183, 184, 185, 186, 187, 188, 189, 190, 191, 192, 193, 194, 195, 196, 197, 198, 199, 200, 201, 202, 203, 204, 205, 206, 207, 208, 209, 210, 211, 212, 213, 214, 215, 216, 217, 218, 219, 220, 221, 222, 223, 224, 225, 226, 227, 228, 229, 230, 231, 232, 233, 234, 235, 236, 237, 238, 239, 240, 241, 242, 243, 244, 245, 246, 247, 248, 249, 250, 251, 252, 253, 254, 255, 256, 257, 258, 259, 260, 261, 262, 263, 264, 265, 266, 267, 268, 269, 270, 271, 272, 273, 274, 275, 276, 277, 278, 279, 280, 281, 282, 283, 284, 285, 286, 287, 288, 289, 290, 291, 292, 293, 294, 295, 296, 297, 298, 299, 300, 301, 302, 303, 304, 305, 306, 307, 308, 309, 310, 311, 312, 313, 314, 315, 316, 317, 318, 319, 320, 321, 322, 323, 324, 325, 326, 327, 328, 329, 330, 331, 332, 333, 334, 335, 336, 337, 338, 339, 340, 341, 342, 343, 344, 345, 346, 347, 348, 349, 350, 351, 352, 353, 354, 355, 356, 357, 358, 359, 360, 361, 362, 363, 364, 365, 366, 367, 368, 369, 370, 371, 372, 373, 374, 375, 376, 377, 378, 379, 380, 381, 382, 383, 384, 385, 386, 387, 388, 389, 390, 391, 392, 393, 394, 395, 396, 397, 398, 399, 400]","{1: [<function expanding_mean at 0x000002C58F7A04A0>], 7: [<function rolling_mean_14 at 0x000002C5930FAA20>], 30: [<function expanding_mean at 0x000002C58F7A04A0>]}",lags_400_features_400,11.149376254828613,18.623649545434617,19.828314803002396,19.362525451220094,18.89291880197622,21.879523299217833,28.633569967942712,33.37427883906254,45.635508105380325,50.275978560909095,49.62178930488408
XGBRegressor,,"[1, 2, 3, 4, 5, 6, 7, 8, 9, 10, 11, 12, 13, 14, 15, 16, 17, 18, 19, 20, 21, 22, 23, 24, 25, 26, 27, 28, 29, 30, 31, 32, 33, 34, 35, 36, 37, 38, 39, 40, 41, 42, 43, 44, 45, 46, 47, 48, 49, 50, 51, 52, 53, 54, 55, 56, 57, 58, 59, 60, 61, 62, 63, 64, 65, 66, 67, 68, 69, 70, 71, 72, 73, 74, 75, 76, 77, 78, 79, 80, 81, 82, 83, 84, 85, 86, 87, 88, 89, 90, 91, 92, 93, 94, 95, 96, 97, 98, 99, 100, 101, 102, 103, 104, 105, 106, 107, 108, 109, 110, 111, 112, 113, 114, 115, 116, 117, 118, 119, 120, 121, 122, 123, 124, 125, 126, 127, 128, 129, 130, 131, 132, 133, 134, 135, 136, 137, 138, 139, 140, 141, 142, 143, 144, 145, 146, 147, 148, 149, 150, 151, 152, 153, 154, 155, 156, 157, 158, 159, 160, 161, 162, 163, 164, 165, 166, 167, 168, 169, 170, 171, 172, 173, 174, 175, 176, 177, 178, 179, 180, 181, 182, 183, 184, 185, 186, 187, 188, 189, 190, 191, 192, 193, 194, 195, 196, 197, 198, 199, 200, 201, 202, 203, 204, 205, 206, 207, 208, 209, 210, 211, 212, 213, 214, 215, 216, 217, 218, 219, 220, 221, 222, 223, 224, 225, 226, 227, 228, 229, 230, 231, 232, 233, 234, 235, 236, 237, 238, 239, 240, 241, 242, 243, 244, 245, 246, 247, 248, 249, 250, 251, 252, 253, 254, 255, 256, 257, 258, 259, 260, 261, 262, 263, 264, 265, 266, 267, 268, 269, 270, 271, 272, 273, 274, 275, 276, 277, 278, 279, 280, 281, 282, 283, 284, 285, 286, 287, 288, 289, 290, 291, 292, 293, 294, 295, 296, 297, 298, 299, 300, 301, 302, 303, 304, 305, 306, 307, 308, 309, 310, 311, 312, 313, 314, 315, 316, 317, 318, 319, 320, 321, 322, 323, 324, 325, 326, 327, 328, 329, 330, 331, 332, 333, 334, 335, 336, 337, 338, 339, 340, 341, 342, 343, 344, 345, 346, 347, 348, 349, 350, 351, 352, 353, 354, 355, 356, 357, 358, 359, 360, 361, 362, 363, 364, 365, 366, 367, 368, 369, 370, 371, 372, 373, 374, 375, 376, 377, 378, 379, 380, 381, 382, 383, 384, 385, 386, 387, 388, 389, 390, 391, 392, 393, 394, 395, 396, 397, 398, 399, 400]","{1: [<function rolling_mean_14 at 0x000002C5930FAA20>], 7: [<function rolling_mean_30 at 0x000002C58DBF9260>], 30: [<function expanding_mean at 0x000002C58F7A04A0>]}",lags_400_features_400,11.36496384176004,18.07062548237501,20.054008237512164,19.651268083868942,20.397555105315305,19.827138073057256,26.624557036525843,34.52682302556397,44.511348449905924,44.45564059047277,43.86851329325522
LGBMRegressor,,"[1, 2, 3, 4, 5, 6, 7, 8, 9, 10, 11, 12, 13, 14, 15, 16, 17, 18, 19, 20, 21, 22, 23, 24, 25, 26, 27, 28, 29, 30, 31, 32, 33, 34, 35, 36, 37, 38, 39, 40, 41, 42, 43, 44, 45, 46, 47, 48, 49, 50, 51, 52, 53, 54, 55, 56, 57, 58, 59, 60, 61, 62, 63, 64, 65, 66, 67, 68, 69, 70, 71, 72, 73, 74, 75, 76, 77, 78, 79, 80, 81, 82, 83, 84, 85, 86, 87, 88, 89, 90, 91, 92, 93, 94, 95, 96, 97, 98, 99, 100, 101, 102, 103, 104, 105, 106, 107, 108, 109, 110, 111, 112, 113, 114, 115, 116, 117, 118, 119, 120, 121, 122, 123, 124, 125, 126, 127, 128, 129, 130, 131, 132, 133, 134, 135, 136, 137, 138, 139, 140, 141, 142, 143, 144, 145, 146, 147, 148, 149, 150, 151, 152, 153, 154, 155, 156, 157, 158, 159, 160, 161, 162, 163, 164, 165, 166, 167, 168, 169, 170, 171, 172, 173, 174, 175, 176, 177, 178, 179, 180, 181, 182, 183, 184, 185, 186, 187, 188, 189, 190, 191, 192, 193, 194, 195, 196, 197, 198, 199, 200, 201, 202, 203, 204, 205, 206, 207, 208, 209, 210, 211, 212, 213, 214, 215, 216, 217, 218, 219, 220, 221, 222, 223, 224, 225, 226, 227, 228, 229, 230, 231, 232, 233, 234, 235, 236, 237, 238, 239, 240, 241, 242, 243, 244, 245, 246, 247, 248, 249, 250, 251, 252, 253, 254, 255, 256, 257, 258, 259, 260, 261, 262, 263, 264, 265, 266, 267, 268, 269, 270, 271, 272, 273, 274, 275, 276, 277, 278, 279, 280, 281, 282, 283, 284, 285, 286, 287, 288, 289, 290, 291, 292, 293, 294, 295, 296, 297, 298, 299, 300, 301, 302, 303, 304, 305, 306, 307, 308, 309, 310, 311, 312, 313, 314, 315, 316, 317, 318, 319, 320, 321, 322, 323, 324, 325, 326, 327, 328, 329, 330, 331, 332, 333, 334, 335, 336, 337, 338, 339, 340, 341, 342, 343, 344, 345, 346, 347, 348, 349, 350, 351, 352, 353, 354, 355, 356, 357, 358, 359, 360, 361, 362, 363, 364, 365, 366, 367, 368, 369, 370, 371, 372, 373, 374, 375, 376, 377, 378, 379, 380, 381, 382, 383, 384, 385, 386, 387, 388, 389, 390, 391, 392, 393, 394, 395, 396, 397, 398, 399, 400]","{1: [<function rolling_mean_14 at 0x000002C5930FAA20>], 7: [<function rolling_mean_30 at 0x000002C58DBF9260>], 30: [<function expanding_mean at 0x000002C58F7A04A0>]}",lags_400_features_400,9.606910461622084,17.6777278204168,19.039226739844786,18.847845365039426,18.69933540349492,20.294853620439884,28.434703755840246,34.027150393082664,43.84549102742686,45.41046030462121,44.89192536126291
XGBRegressor,,"[1, 2, 3, 4, 5, 6, 7, 8, 9, 10, 11, 12, 13, 14, 15, 16, 17, 18, 19, 20, 21, 22, 23, 24, 25, 26, 27, 28, 29, 30, 31, 32, 33, 34, 35, 36, 37, 38, 39, 40, 41, 42, 43, 44, 45, 46, 47, 48, 49, 50, 51, 52, 53, 54, 55, 56, 57, 58, 59, 60, 61, 62, 63, 64, 65, 66, 67, 68, 69, 70, 71, 72, 73, 74, 75, 76, 77, 78, 79, 80, 81, 82, 83, 84, 85, 86, 87, 88, 89, 90, 91, 92, 93, 94, 95, 96, 97, 98, 99, 100, 101, 102, 103, 104, 105, 106, 107, 108, 109, 110, 111, 112, 113, 114, 115, 116, 117, 118, 119, 120, 121, 122, 123, 124, 125, 126, 127, 128, 129, 130, 131, 132, 133, 134, 135, 136, 137, 138, 139, 140, 141, 142, 143, 144, 145, 146, 147, 148, 149, 150, 151, 152, 153, 154, 155, 156, 157, 158, 159, 160, 161, 162, 163, 164, 165, 166, 167, 168, 169, 170, 171, 172, 173, 174, 175, 176, 177, 178, 179, 180, 181, 182, 183, 184, 185, 186, 187, 188, 189, 190, 191, 192, 193, 194, 195, 196, 197, 198, 199, 200, 201, 202, 203, 204, 205, 206, 207, 208, 209, 210, 211, 212, 213, 214, 215, 216, 217, 218, 219, 220, 221, 222, 223, 224, 225, 226, 227, 228, 229, 230, 231, 232, 233, 234, 235, 236, 237, 238, 239, 240, 241, 242, 243, 244, 245, 246, 247, 248, 249, 250, 251, 252, 253, 254, 255, 256, 257, 258, 259, 260, 261, 262, 263, 264, 265, 266, 267, 268, 269, 270, 271, 272, 273, 274, 275, 276, 277, 278, 279, 280, 281, 282, 283, 284, 285, 286, 287, 288, 289, 290, 291, 292, 293, 294, 295, 296, 297, 298, 299, 300, 301, 302, 303, 304, 305, 306, 307, 308, 309, 310, 311, 312, 313, 314, 315, 316, 317, 318, 319, 320, 321, 322, 323, 324, 325, 326, 327, 328, 329, 330, 331, 332, 333, 334, 335, 336, 337, 338, 339, 340, 341, 342, 343, 344, 345, 346, 347, 348, 349, 350, 351, 352, 353, 354, 355, 356, 357, 358, 359, 360, 361, 362, 363, 364, 365, 366, 367, 368, 369, 370, 371, 372, 373, 374, 375, 376, 377, 378, 379, 380, 381, 382, 383, 384, 385, 386, 387, 388, 389, 390, 391, 392, 393, 394, 395, 396, 397, 398, 399, 400]","{7: [RollingMean(window_size=7)], 30: [RollingMean(window_size=30)], 60: [RollingMean(window_size=60)]}",lags_400_features_400,11.886818667158568,17.45430135287263,19.050192995531457,18.29149492367904,18.97641871242242,20.852149864488855,31.612497629570836,36.2119345714741,48.356229697144755,54.57511828858844,53.69507973625459
LGBMRegressor,,"[1, 2, 3, 4, 5, 6, 7, 8, 9, 10, 11, 12, 13, 14, 15, 16, 17, 18, 19, 20, 21, 22, 23, 24, 25, 26, 27, 28, 29, 30, 31, 32, 33, 34, 35, 36, 37, 38, 39, 40, 41, 42, 43, 44, 45, 46, 47, 48, 49, 50, 51, 52, 53, 54, 55, 56, 57, 58, 59, 60, 61, 62, 63, 64, 65, 66, 67, 68, 69, 70, 71, 72, 73, 74, 75, 76, 77, 78, 79, 80, 81, 82, 83, 84, 85, 86, 87, 88, 89, 90, 91, 92, 93, 94, 95, 96, 97, 98, 99, 100, 101, 102, 103, 104, 105, 106, 107, 108, 109, 110, 111, 112, 113, 114, 115, 116, 117, 118, 119, 120, 121, 122, 123, 124, 125, 126, 127, 128, 129, 130, 131, 132, 133, 134, 135, 136, 137, 138, 139, 140, 141, 142, 143, 144, 145, 146, 147, 148, 149, 150, 151, 152, 153, 154, 155, 156, 157, 158, 159, 160, 161, 162, 163, 164, 165, 166, 167, 168, 169, 170, 171, 172, 173, 174, 175, 176, 177, 178, 179, 180, 181, 182, 183, 184, 185, 186, 187, 188, 189, 190, 191, 192, 193, 194, 195, 196, 197, 198, 199, 200, 201, 202, 203, 204, 205, 206, 207, 208, 209, 210, 211, 212, 213, 214, 215, 216, 217, 218, 219, 220, 221, 222, 223, 224, 225, 226, 227, 228, 229, 230, 231, 232, 233, 234, 235, 236, 237, 238, 239, 240, 241, 242, 243, 244, 245, 246, 247, 248, 249, 250, 251, 252, 253, 254, 255, 256, 257, 258, 259, 260, 261, 262, 263, 264, 265, 266, 267, 268, 269, 270, 271, 272, 273, 274, 275, 276, 277, 278, 279, 280, 281, 282, 283, 284, 285, 286, 287, 288, 289, 290, 291, 292, 293, 294, 295, 296, 297, 298, 299, 300, 301, 302, 303, 304, 305, 306, 307, 308, 309, 310, 311, 312, 313, 314, 315, 316, 317, 318, 319, 320, 321, 322, 323, 324, 325, 326, 327, 328, 329, 330, 331, 332, 333, 334, 335, 336, 337, 338, 339, 340, 341, 342, 343, 344, 345, 346, 347, 348, 349, 350, 351, 352, 353, 354, 355, 356, 357, 358, 359, 360, 361, 362, 363, 364, 365, 366, 367, 368, 369, 370, 371, 372, 373, 374, 375, 376, 377, 378, 379, 380, 381, 382, 383, 384, 385, 386, 387, 388, 389, 390, 391, 392, 393, 394, 395, 396, 397, 398, 399, 400]","{7: [RollingMean(window_size=7)], 30: [RollingMean(window_size=30)], 60: [RollingMean(window_size=60)]}",lags_400_features_400,11.147206314227724,18.45583201748999,20.129113809741487,19.605405405181298,19.49814611089742,22.975620231229,30.12513096481747,33.815194182397605,43.77963838907118,46.26484201314947,45.60464632988716
XGBRegressor,,"[1, 2, 3, 4, 5, 6, 7, 8, 9, 10, 11, 12, 13, 14, 15, 16, 17, 18, 19, 20, 21, 22, 23, 24, 25, 26, 27, 28, 29, 30, 31, 32, 33, 34, 35, 36, 37, 38, 39, 40, 41, 42, 43, 44, 45, 46, 47, 48, 49, 50, 51, 52, 53, 54, 55, 56, 57, 58, 59, 60, 61, 62, 63, 64, 65, 66, 67, 68, 69, 70, 71, 72, 73, 74, 75, 76, 77, 78, 79, 80, 81, 82, 83, 84, 85, 86, 87, 88, 89, 90, 91, 92, 93, 94, 95, 96, 97, 98, 99, 100, 101, 102, 103, 104, 105, 106, 107, 108, 109, 110, 111, 112, 113, 114, 115, 116, 117, 118, 119, 120, 121, 122, 123, 124, 125, 126, 127, 128, 129, 130, 131, 132, 133, 134, 135, 136, 137, 138, 139, 140, 141, 142, 143, 144, 145, 146, 147, 148, 149, 150, 151, 152, 153, 154, 155, 156, 157, 158, 159, 160, 161, 162, 163, 164, 165, 166, 167, 168, 169, 170, 171, 172, 173, 174, 175, 176, 177, 178, 179, 180, 181, 182, 183, 184, 185, 186, 187, 188, 189, 190, 191, 192, 193, 194, 195, 196, 197, 198, 199, 200, 201, 202, 203, 204, 205, 206, 207, 208, 209, 210, 211, 212, 213, 214, 215, 216, 217, 218, 219, 220, 221, 222, 223, 224, 225, 226, 227, 228, 229, 230, 231, 232, 233, 234, 235, 236, 237, 238, 239, 240, 241, 242, 243, 244, 245, 246, 247, 248, 249, 250, 251, 252, 253, 254, 255, 256, 257, 258, 259, 260, 261, 262, 263, 264, 265, 266, 267, 268, 269, 270, 271, 272, 273, 274, 275, 276, 277, 278, 279, 280, 281, 282, 283, 284, 285, 286, 287, 288, 289, 290, 291, 292, 293, 294, 295, 296, 297, 298, 299, 300, 301, 302, 303, 304, 305, 306, 307, 308, 309, 310, 311, 312, 313, 314, 315, 316, 317, 318, 319, 320, 321, 322, 323, 324, 325, 326, 327, 328, 329, 330, 331, 332, 333, 334, 335, 336, 337, 338, 339, 340, 341, 342, 343, 344, 345, 346, 347, 348, 349, 350, 351, 352, 353, 354, 355, 356, 357, 358, 359, 360, 361, 362, 363, 364, 365, 366, 367, 368, 369, 370, 371, 372, 373, 374, 375, 376, 377, 378, 379, 380, 381, 382, 383, 384, 385, 386, 387, 388, 389, 390, 391, 392, 393, 394, 395, 396, 397, 398, 399, 400]","{7: [RollingMean(window_size=7), RollingStd(window_size=7)], 30: [RollingMean(window_size=30)], 60: [ExpandingMean()], 14: [ExponentiallyWeightedMean(alpha=0.3)]}",lags_400_features_400,11.309877842966214,16.85010328097957,18.955772954252332,18.42055236013333,19.255227948784697,21.08453457784072,30.84773394022503,35.66817308613461,48.02166156743795,54.59540380079696,53.689983773157614
LGBMRegressor,,"[1, 2, 3, 4, 5, 6, 7, 8, 9, 10, 11, 12, 13, 14, 15, 16, 17, 18, 19, 20, 21, 22, 23, 24, 25, 26, 27, 28, 29, 30, 31, 32, 33, 34, 35, 36, 37, 38, 39, 40, 41, 42, 43, 44, 45, 46, 47, 48, 49, 50, 51, 52, 53, 54, 55, 56, 57, 58, 59, 60, 61, 62, 63, 64, 65, 66, 67, 68, 69, 70, 71, 72, 73, 74, 75, 76, 77, 78, 79, 80, 81, 82, 83, 84, 85, 86, 87, 88, 89, 90, 91, 92, 93, 94, 95, 96, 97, 98, 99, 100, 101, 102, 103, 104, 105, 106, 107, 108, 109, 110, 111, 112, 113, 114, 115, 116, 117, 118, 119, 120, 121, 122, 123, 124, 125, 126, 127, 128, 129, 130, 131, 132, 133, 134, 135, 136, 137, 138, 139, 140, 141, 142, 143, 144, 145, 146, 147, 148, 149, 150, 151, 152, 153, 154, 155, 156, 157, 158, 159, 160, 161, 162, 163, 164, 165, 166, 167, 168, 169, 170, 171, 172, 173, 174, 175, 176, 177, 178, 179, 180, 181, 182, 183, 184, 185, 186, 187, 188, 189, 190, 191, 192, 193, 194, 195, 196, 197, 198, 199, 200, 201, 202, 203, 204, 205, 206, 207, 208, 209, 210, 211, 212, 213, 214, 215, 216, 217, 218, 219, 220, 221, 222, 223, 224, 225, 226, 227, 228, 229, 230, 231, 232, 233, 234, 235, 236, 237, 238, 239, 240, 241, 242, 243, 244, 245, 246, 247, 248, 249, 250, 251, 252, 253, 254, 255, 256, 257, 258, 259, 260, 261, 262, 263, 264, 265, 266, 267, 268, 269, 270, 271, 272, 273, 274, 275, 276, 277, 278, 279, 280, 281, 282, 283, 284, 285, 286, 287, 288, 289, 290, 291, 292, 293, 294, 295, 296, 297, 298, 299, 300, 301, 302, 303, 304, 305, 306, 307, 308, 309, 310, 311, 312, 313, 314, 315, 316, 317, 318, 319, 320, 321, 322, 323, 324, 325, 326, 327, 328, 329, 330, 331, 332, 333, 334, 335, 336, 337, 338, 339, 340, 341, 342, 343, 344, 345, 346, 347, 348, 349, 350, 351, 352, 353, 354, 355, 356, 357, 358, 359, 360, 361, 362, 363, 364, 365, 366, 367, 368, 369, 370, 371, 372, 373, 374, 375, 376, 377, 378, 379, 380, 381, 382, 383, 384, 385, 386, 387, 388, 389, 390, 391, 392, 393, 394, 395, 396, 397, 398, 399, 400]","{7: [RollingMean(window_size=7), RollingStd(window_size=7)], 30: [RollingMean(window_size=30)], 60: [ExpandingMean()], 14: [ExponentiallyWeightedMean(alpha=0.3)]}",lags_400_features_400,11.513124819253798,18.21401476561811,19.676081655992895,19.08889070555646,18.894442235872294,22.365175054842545,29.466677545741444,33.13841535545413,43.47100843525873,46.250318360660884,45.66683942525019
XGBRegressor,AutoDifferences(max_diffs=380),"[1, 2, 3, 4, 5, 6, 7, 8, 9, 10, 11, 12, 13, 14, 15, 16, 17, 18, 19, 20, 21, 22, 23, 24, 25, 26, 27, 28, 29, 30, 31, 32, 33, 34, 35, 36, 37, 38, 39, 40, 41, 42, 43, 44, 45, 46, 47, 48, 49, 50, 51, 52, 53, 54, 55, 56, 57, 58, 59, 60, 61, 62, 63, 64, 65, 66, 67, 68, 69, 70, 71, 72, 73, 74, 75, 76, 77, 78, 79, 80, 81, 82, 83, 84, 85, 86, 87, 88, 89, 90, 91, 92, 93, 94, 95, 96, 97, 98, 99, 100, 101, 102, 103, 104, 105, 106, 107, 108, 109, 110, 111, 112, 113, 114, 115, 116, 117, 118, 119, 120, 121, 122, 123, 124, 125, 126, 127, 128, 129, 130, 131, 132, 133, 134, 135, 136, 137, 138, 139, 140, 141, 142, 143, 144, 145, 146, 147, 148, 149, 150, 151, 152, 153, 154, 155, 156, 157, 158, 159, 160, 161, 162, 163, 164, 165, 166, 167, 168, 169, 170, 171, 172, 173, 174, 175, 176, 177, 178, 179, 180, 181, 182, 183, 184, 185, 186, 187, 188, 189, 190, 191, 192, 193, 194, 195, 196, 197, 198, 199, 200, 201, 202, 203, 204, 205, 206, 207, 208, 209, 210, 211, 212, 213, 214, 215, 216, 217, 218, 219, 220, 221, 222, 223, 224, 225, 226, 227, 228, 229, 230, 231, 232, 233, 234, 235, 236, 237, 238, 239, 240, 241, 242, 243, 244, 245, 246, 247, 248, 249, 250, 251, 252, 253, 254, 255, 256, 257, 258, 259, 260, 261, 262, 263, 264, 265, 266, 267, 268, 269, 270, 271, 272, 273, 274, 275, 276, 277, 278, 279, 280, 281, 282, 283, 284, 285, 286, 287, 288, 289, 290, 291, 292, 293, 294, 295, 296, 297, 298, 299, 300, 301, 302, 303, 304, 305, 306, 307, 308, 309, 310, 311, 312, 313, 314, 315, 316, 317, 318, 319, 320, 321, 322, 323, 324, 325, 326, 327, 328, 329, 330, 331, 332, 333, 334, 335, 336, 337, 338, 339, 340, 341, 342, 343, 344, 345, 346, 347, 348, 349, 350, 351, 352, 353, 354, 355, 356, 357, 358, 359, 360, 361, 362, 363, 364, 365, 366, 367, 368, 369, 370, 371, 372, 373, 374, 375, 376, 377, 378, 379, 380, 381, 382, 383, 384, 385, 386, 387, 388, 389, 390, 391, 392, 393, 394, 395, 396, 397, 398, 399, 400]","{1: [<function expanding_mean at 0x000002C58F7A04A0>], 7: [<function rolling_mean_14 at 0x000002C5930FAA20>], 30: [<function expanding_mean at 0x000002C58F7A04A0>]}",lags_400_features_400,52.284545852957606,51.38427959644808,42.7191194817682,41.363331463417744,44.9978226425884,47.80719869986406,48.112169618566405,67.79611247244112,81.196369728856,79.89841367210563,79.54663096505665
LGBMRegressor,AutoDifferences(max_diffs=380),"[1, 2, 3, 4, 5, 6, 7, 8, 9, 10, 11, 12, 13, 14, 15, 16, 17, 18, 19, 20, 21, 22, 23, 24, 25, 26, 27, 28, 29, 30, 31, 32, 33, 34, 35, 36, 37, 38, 39, 40, 41, 42, 43, 44, 45, 46, 47, 48, 49, 50, 51, 52, 53, 54, 55, 56, 57, 58, 59, 60, 61, 62, 63, 64, 65, 66, 67, 68, 69, 70, 71, 72, 73, 74, 75, 76, 77, 78, 79, 80, 81, 82, 83, 84, 85, 86, 87, 88, 89, 90, 91, 92, 93, 94, 95, 96, 97, 98, 99, 100, 101, 102, 103, 104, 105, 106, 107, 108, 109, 110, 111, 112, 113, 114, 115, 116, 117, 118, 119, 120, 121, 122, 123, 124, 125, 126, 127, 128, 129, 130, 131, 132, 133, 134, 135, 136, 137, 138, 139, 140, 141, 142, 143, 144, 145, 146, 147, 148, 149, 150, 151, 152, 153, 154, 155, 156, 157, 158, 159, 160, 161, 162, 163, 164, 165, 166, 167, 168, 169, 170, 171, 172, 173, 174, 175, 176, 177, 178, 179, 180, 181, 182, 183, 184, 185, 186, 187, 188, 189, 190, 191, 192, 193, 194, 195, 196, 197, 198, 199, 200, 201, 202, 203, 204, 205, 206, 207, 208, 209, 210, 211, 212, 213, 214, 215, 216, 217, 218, 219, 220, 221, 222, 223, 224, 225, 226, 227, 228, 229, 230, 231, 232, 233, 234, 235, 236, 237, 238, 239, 240, 241, 242, 243, 244, 245, 246, 247, 248, 249, 250, 251, 252, 253, 254, 255, 256, 257, 258, 259, 260, 261, 262, 263, 264, 265, 266, 267, 268, 269, 270, 271, 272, 273, 274, 275, 276, 277, 278, 279, 280, 281, 282, 283, 284, 285, 286, 287, 288, 289, 290, 291, 292, 293, 294, 295, 296, 297, 298, 299, 300, 301, 302, 303, 304, 305, 306, 307, 308, 309, 310, 311, 312, 313, 314, 315, 316, 317, 318, 319, 320, 321, 322, 323, 324, 325, 326, 327, 328, 329, 330, 331, 332, 333, 334, 335, 336, 337, 338, 339, 340, 341, 342, 343, 344, 345, 346, 347, 348, 349, 350, 351, 352, 353, 354, 355, 356, 357, 358, 359, 360, 361, 362, 363, 364, 365, 366, 367, 368, 369, 370, 371, 372, 373, 374, 375, 376, 377, 378, 379, 380, 381, 382, 383, 384, 385, 386, 387, 388, 389, 390, 391, 392, 393, 394, 395, 396, 397, 398, 399, 400]","{1: [<function expanding_mean at 0x000002C58F7A04A0>], 7: [<function rolling_mean_14 at 0x000002C5930FAA20>], 30: [<function expanding_mean at 0x000002C58F7A04A0>]}",lags_400_features_400,16.27467114067152,35.26882527005177,46.38770398387239,54.95536653751268,55.06247430144514,54.159279346070434,58.671121673348814,69.39510498749596,74.26513140688247,84.81429803709214,85.91050571899453
XGBRegressor,AutoDifferences(max_diffs=380),"[1, 2, 3, 4, 5, 6, 7, 8, 9, 10, 11, 12, 13, 14, 15, 16, 17, 18, 19, 20, 21, 22, 23, 24, 25, 26, 27, 28, 29, 30, 31, 32, 33, 34, 35, 36, 37, 38, 39, 40, 41, 42, 43, 44, 45, 46, 47, 48, 49, 50, 51, 52, 53, 54, 55, 56, 57, 58, 59, 60, 61, 62, 63, 64, 65, 66, 67, 68, 69, 70, 71, 72, 73, 74, 75, 76, 77, 78, 79, 80, 81, 82, 83, 84, 85, 86, 87, 88, 89, 90, 91, 92, 93, 94, 95, 96, 97, 98, 99, 100, 101, 102, 103, 104, 105, 106, 107, 108, 109, 110, 111, 112, 113, 114, 115, 116, 117, 118, 119, 120, 121, 122, 123, 124, 125, 126, 127, 128, 129, 130, 131, 132, 133, 134, 135, 136, 137, 138, 139, 140, 141, 142, 143, 144, 145, 146, 147, 148, 149, 150, 151, 152, 153, 154, 155, 156, 157, 158, 159, 160, 161, 162, 163, 164, 165, 166, 167, 168, 169, 170, 171, 172, 173, 174, 175, 176, 177, 178, 179, 180, 181, 182, 183, 184, 185, 186, 187, 188, 189, 190, 191, 192, 193, 194, 195, 196, 197, 198, 199, 200, 201, 202, 203, 204, 205, 206, 207, 208, 209, 210, 211, 212, 213, 214, 215, 216, 217, 218, 219, 220, 221, 222, 223, 224, 225, 226, 227, 228, 229, 230, 231, 232, 233, 234, 235, 236, 237, 238, 239, 240, 241, 242, 243, 244, 245, 246, 247, 248, 249, 250, 251, 252, 253, 254, 255, 256, 257, 258, 259, 260, 261, 262, 263, 264, 265, 266, 267, 268, 269, 270, 271, 272, 273, 274, 275, 276, 277, 278, 279, 280, 281, 282, 283, 284, 285, 286, 287, 288, 289, 290, 291, 292, 293, 294, 295, 296, 297, 298, 299, 300, 301, 302, 303, 304, 305, 306, 307, 308, 309, 310, 311, 312, 313, 314, 315, 316, 317, 318, 319, 320, 321, 322, 323, 324, 325, 326, 327, 328, 329, 330, 331, 332, 333, 334, 335, 336, 337, 338, 339, 340, 341, 342, 343, 344, 345, 346, 347, 348, 349, 350, 351, 352, 353, 354, 355, 356, 357, 358, 359, 360, 361, 362, 363, 364, 365, 366, 367, 368, 369, 370, 371, 372, 373, 374, 375, 376, 377, 378, 379, 380, 381, 382, 383, 384, 385, 386, 387, 388, 389, 390, 391, 392, 393, 394, 395, 396, 397, 398, 399, 400]","{1: [<function rolling_mean_14 at 0x000002C5930FAA20>], 7: [<function rolling_mean_30 at 0x000002C58DBF9260>], 30: [<function expanding_mean at 0x000002C58F7A04A0>]}",lags_400_features_400,20.981576266860365,29.790082278756007,33.465386459117475,38.48911282455075,40.557209020248806,38.3594756623267,50.196636398594286,93.57666795638355,208.80633988595739,375.2157234845353,379.5495557236737
LGBMRegressor,AutoDifferences(max_diffs=380),"[1, 2, 3, 4, 5, 6, 7, 8, 9, 10, 11, 12, 13, 14, 15, 16, 17, 18, 19, 20, 21, 22, 23, 24, 25, 26, 27, 28, 29, 30, 31, 32, 33, 34, 35, 36, 37, 38, 39, 40, 41, 42, 43, 44, 45, 46, 47, 48, 49, 50, 51, 52, 53, 54, 55, 56, 57, 58, 59, 60, 61, 62, 63, 64, 65, 66, 67, 68, 69, 70, 71, 72, 73, 74, 75, 76, 77, 78, 79, 80, 81, 82, 83, 84, 85, 86, 87, 88, 89, 90, 91, 92, 93, 94, 95, 96, 97, 98, 99, 100, 101, 102, 103, 104, 105, 106, 107, 108, 109, 110, 111, 112, 113, 114, 115, 116, 117, 118, 119, 120, 121, 122, 123, 124, 125, 126, 127, 128, 129, 130, 131, 132, 133, 134, 135, 136, 137, 138, 139, 140, 141, 142, 143, 144, 145, 146, 147, 148, 149, 150, 151, 152, 153, 154, 155, 156, 157, 158, 159, 160, 161, 162, 163, 164, 165, 166, 167, 168, 169, 170, 171, 172, 173, 174, 175, 176, 177, 178, 179, 180, 181, 182, 183, 184, 185, 186, 187, 188, 189, 190, 191, 192, 193, 194, 195, 196, 197, 198, 199, 200, 201, 202, 203, 204, 205, 206, 207, 208, 209, 210, 211, 212, 213, 214, 215, 216, 217, 218, 219, 220, 221, 222, 223, 224, 225, 226, 227, 228, 229, 230, 231, 232, 233, 234, 235, 236, 237, 238, 239, 240, 241, 242, 243, 244, 245, 246, 247, 248, 249, 250, 251, 252, 253, 254, 255, 256, 257, 258, 259, 260, 261, 262, 263, 264, 265, 266, 267, 268, 269, 270, 271, 272, 273, 274, 275, 276, 277, 278, 279, 280, 281, 282, 283, 284, 285, 286, 287, 288, 289, 290, 291, 292, 293, 294, 295, 296, 297, 298, 299, 300, 301, 302, 303, 304, 305, 306, 307, 308, 309, 310, 311, 312, 313, 314, 315, 316, 317, 318, 319, 320, 321, 322, 323, 324, 325, 326, 327, 328, 329, 330, 331, 332, 333, 334, 335, 336, 337, 338, 339, 340, 341, 342, 343, 344, 345, 346, 347, 348, 349, 350, 351, 352, 353, 354, 355, 356, 357, 358, 359, 360, 361, 362, 363, 364, 365, 366, 367, 368, 369, 370, 371, 372, 373, 374, 375, 376, 377, 378, 379, 380, 381, 382, 383, 384, 385, 386, 387, 388, 389, 390, 391, 392, 393, 394, 395, 396, 397, 398, 399, 400]","{1: [<function rolling_mean_14 at 0x000002C5930FAA20>], 7: [<function rolling_mean_30 at 0x000002C58DBF9260>], 30: [<function expanding_mean at 0x000002C58F7A04A0>]}",lags_400_features_400,17.15869952857384,18.761903167125933,27.67637532718818,29.189754926720163,33.294064578321944,46.49674382390779,59.064820046705016,110.99090923433945,238.91763474826178,431.6177440113843,437.43119789471285
XGBRegressor,AutoDifferences(max_diffs=380),"[1, 2, 3, 4, 5, 6, 7, 8, 9, 10, 11, 12, 13, 14, 15, 16, 17, 18, 19, 20, 21, 22, 23, 24, 25, 26, 27, 28, 29, 30, 31, 32, 33, 34, 35, 36, 37, 38, 39, 40, 41, 42, 43, 44, 45, 46, 47, 48, 49, 50, 51, 52, 53, 54, 55, 56, 57, 58, 59, 60, 61, 62, 63, 64, 65, 66, 67, 68, 69, 70, 71, 72, 73, 74, 75, 76, 77, 78, 79, 80, 81, 82, 83, 84, 85, 86, 87, 88, 89, 90, 91, 92, 93, 94, 95, 96, 97, 98, 99, 100, 101, 102, 103, 104, 105, 106, 107, 108, 109, 110, 111, 112, 113, 114, 115, 116, 117, 118, 119, 120, 121, 122, 123, 124, 125, 126, 127, 128, 129, 130, 131, 132, 133, 134, 135, 136, 137, 138, 139, 140, 141, 142, 143, 144, 145, 146, 147, 148, 149, 150, 151, 152, 153, 154, 155, 156, 157, 158, 159, 160, 161, 162, 163, 164, 165, 166, 167, 168, 169, 170, 171, 172, 173, 174, 175, 176, 177, 178, 179, 180, 181, 182, 183, 184, 185, 186, 187, 188, 189, 190, 191, 192, 193, 194, 195, 196, 197, 198, 199, 200, 201, 202, 203, 204, 205, 206, 207, 208, 209, 210, 211, 212, 213, 214, 215, 216, 217, 218, 219, 220, 221, 222, 223, 224, 225, 226, 227, 228, 229, 230, 231, 232, 233, 234, 235, 236, 237, 238, 239, 240, 241, 242, 243, 244, 245, 246, 247, 248, 249, 250, 251, 252, 253, 254, 255, 256, 257, 258, 259, 260, 261, 262, 263, 264, 265, 266, 267, 268, 269, 270, 271, 272, 273, 274, 275, 276, 277, 278, 279, 280, 281, 282, 283, 284, 285, 286, 287, 288, 289, 290, 291, 292, 293, 294, 295, 296, 297, 298, 299, 300, 301, 302, 303, 304, 305, 306, 307, 308, 309, 310, 311, 312, 313, 314, 315, 316, 317, 318, 319, 320, 321, 322, 323, 324, 325, 326, 327, 328, 329, 330, 331, 332, 333, 334, 335, 336, 337, 338, 339, 340, 341, 342, 343, 344, 345, 346, 347, 348, 349, 350, 351, 352, 353, 354, 355, 356, 357, 358, 359, 360, 361, 362, 363, 364, 365, 366, 367, 368, 369, 370, 371, 372, 373, 374, 375, 376, 377, 378, 379, 380, 381, 382, 383, 384, 385, 386, 387, 388, 389, 390, 391, 392, 393, 394, 395, 396, 397, 398, 399, 400]","{7: [RollingMean(window_size=7)], 30: [RollingMean(window_size=30)], 60: [RollingMean(window_size=60)]}",lags_400_features_400,12.097542413153091,22.275740501723185,51.34612320091668,64.8398195132906,69.23461002167954,95.12269221867712,100.02764137696344,101.126834766944,100.26240524208457,117.28194095200459,116.8230398600665
LGBMRegressor,AutoDifferences(max_diffs=380),"[1, 2, 3, 4, 5, 6, 7, 8, 9, 10, 11, 12, 13, 14, 15, 16, 17, 18, 19, 20, 21, 22, 23, 24, 25, 26, 27, 28, 29, 30, 31, 32, 33, 34, 35, 36, 37, 38, 39, 40, 41, 42, 43, 44, 45, 46, 47, 48, 49, 50, 51, 52, 53, 54, 55, 56, 57, 58, 59, 60, 61, 62, 63, 64, 65, 66, 67, 68, 69, 70, 71, 72, 73, 74, 75, 76, 77, 78, 79, 80, 81, 82, 83, 84, 85, 86, 87, 88, 89, 90, 91, 92, 93, 94, 95, 96, 97, 98, 99, 100, 101, 102, 103, 104, 105, 106, 107, 108, 109, 110, 111, 112, 113, 114, 115, 116, 117, 118, 119, 120, 121, 122, 123, 124, 125, 126, 127, 128, 129, 130, 131, 132, 133, 134, 135, 136, 137, 138, 139, 140, 141, 142, 143, 144, 145, 146, 147, 148, 149, 150, 151, 152, 153, 154, 155, 156, 157, 158, 159, 160, 161, 162, 163, 164, 165, 166, 167, 168, 169, 170, 171, 172, 173, 174, 175, 176, 177, 178, 179, 180, 181, 182, 183, 184, 185, 186, 187, 188, 189, 190, 191, 192, 193, 194, 195, 196, 197, 198, 199, 200, 201, 202, 203, 204, 205, 206, 207, 208, 209, 210, 211, 212, 213, 214, 215, 216, 217, 218, 219, 220, 221, 222, 223, 224, 225, 226, 227, 228, 229, 230, 231, 232, 233, 234, 235, 236, 237, 238, 239, 240, 241, 242, 243, 244, 245, 246, 247, 248, 249, 250, 251, 252, 253, 254, 255, 256, 257, 258, 259, 260, 261, 262, 263, 264, 265, 266, 267, 268, 269, 270, 271, 272, 273, 274, 275, 276, 277, 278, 279, 280, 281, 282, 283, 284, 285, 286, 287, 288, 289, 290, 291, 292, 293, 294, 295, 296, 297, 298, 299, 300, 301, 302, 303, 304, 305, 306, 307, 308, 309, 310, 311, 312, 313, 314, 315, 316, 317, 318, 319, 320, 321, 322, 323, 324, 325, 326, 327, 328, 329, 330, 331, 332, 333, 334, 335, 336, 337, 338, 339, 340, 341, 342, 343, 344, 345, 346, 347, 348, 349, 350, 351, 352, 353, 354, 355, 356, 357, 358, 359, 360, 361, 362, 363, 364, 365, 366, 367, 368, 369, 370, 371, 372, 373, 374, 375, 376, 377, 378, 379, 380, 381, 382, 383, 384, 385, 386, 387, 388, 389, 390, 391, 392, 393, 394, 395, 396, 397, 398, 399, 400]","{7: [RollingMean(window_size=7)], 30: [RollingMean(window_size=30)], 60: [RollingMean(window_size=60)]}",lags_400_features_400,40.82601912914352,43.67083403872753,56.97236607747704,60.42173985690897,60.85119431389545,75.11863623722647,85.52300138850995,189.79265146860325,552.1042483335243,1269.0360857062965,1307.5762971818028
XGBRegressor,AutoDifferences(max_diffs=380),"[1, 2, 3, 4, 5, 6, 7, 8, 9, 10, 11, 12, 13, 14, 15, 16, 17, 18, 19, 20, 21, 22, 23, 24, 25, 26, 27, 28, 29, 30, 31, 32, 33, 34, 35, 36, 37, 38, 39, 40, 41, 42, 43, 44, 45, 46, 47, 48, 49, 50, 51, 52, 53, 54, 55, 56, 57, 58, 59, 60, 61, 62, 63, 64, 65, 66, 67, 68, 69, 70, 71, 72, 73, 74, 75, 76, 77, 78, 79, 80, 81, 82, 83, 84, 85, 86, 87, 88, 89, 90, 91, 92, 93, 94, 95, 96, 97, 98, 99, 100, 101, 102, 103, 104, 105, 106, 107, 108, 109, 110, 111, 112, 113, 114, 115, 116, 117, 118, 119, 120, 121, 122, 123, 124, 125, 126, 127, 128, 129, 130, 131, 132, 133, 134, 135, 136, 137, 138, 139, 140, 141, 142, 143, 144, 145, 146, 147, 148, 149, 150, 151, 152, 153, 154, 155, 156, 157, 158, 159, 160, 161, 162, 163, 164, 165, 166, 167, 168, 169, 170, 171, 172, 173, 174, 175, 176, 177, 178, 179, 180, 181, 182, 183, 184, 185, 186, 187, 188, 189, 190, 191, 192, 193, 194, 195, 196, 197, 198, 199, 200, 201, 202, 203, 204, 205, 206, 207, 208, 209, 210, 211, 212, 213, 214, 215, 216, 217, 218, 219, 220, 221, 222, 223, 224, 225, 226, 227, 228, 229, 230, 231, 232, 233, 234, 235, 236, 237, 238, 239, 240, 241, 242, 243, 244, 245, 246, 247, 248, 249, 250, 251, 252, 253, 254, 255, 256, 257, 258, 259, 260, 261, 262, 263, 264, 265, 266, 267, 268, 269, 270, 271, 272, 273, 274, 275, 276, 277, 278, 279, 280, 281, 282, 283, 284, 285, 286, 287, 288, 289, 290, 291, 292, 293, 294, 295, 296, 297, 298, 299, 300, 301, 302, 303, 304, 305, 306, 307, 308, 309, 310, 311, 312, 313, 314, 315, 316, 317, 318, 319, 320, 321, 322, 323, 324, 325, 326, 327, 328, 329, 330, 331, 332, 333, 334, 335, 336, 337, 338, 339, 340, 341, 342, 343, 344, 345, 346, 347, 348, 349, 350, 351, 352, 353, 354, 355, 356, 357, 358, 359, 360, 361, 362, 363, 364, 365, 366, 367, 368, 369, 370, 371, 372, 373, 374, 375, 376, 377, 378, 379, 380, 381, 382, 383, 384, 385, 386, 387, 388, 389, 390, 391, 392, 393, 394, 395, 396, 397, 398, 399, 400]","{7: [RollingMean(window_size=7), RollingStd(window_size=7)], 30: [RollingMean(window_size=30)], 60: [ExpandingMean()], 14: [ExponentiallyWeightedMean(alpha=0.3)]}",lags_400_features_400,30.423142830232912,28.9351568684261,54.19631847714297,64.43405586253833,70.97626098675502,99.78774580061676,111.13760078690483,104.72874620110298,150.77182819746383,250.65969681320635,254.45279320123726
LGBMRegressor,AutoDifferences(max_diffs=380),"[1, 2, 3, 4, 5, 6, 7, 8, 9, 10, 11, 12, 13, 14, 15, 16, 17, 18, 19, 20, 21, 22, 23, 24, 25, 26, 27, 28, 29, 30, 31, 32, 33, 34, 35, 36, 37, 38, 39, 40, 41, 42, 43, 44, 45, 46, 47, 48, 49, 50, 51, 52, 53, 54, 55, 56, 57, 58, 59, 60, 61, 62, 63, 64, 65, 66, 67, 68, 69, 70, 71, 72, 73, 74, 75, 76, 77, 78, 79, 80, 81, 82, 83, 84, 85, 86, 87, 88, 89, 90, 91, 92, 93, 94, 95, 96, 97, 98, 99, 100, 101, 102, 103, 104, 105, 106, 107, 108, 109, 110, 111, 112, 113, 114, 115, 116, 117, 118, 119, 120, 121, 122, 123, 124, 125, 126, 127, 128, 129, 130, 131, 132, 133, 134, 135, 136, 137, 138, 139, 140, 141, 142, 143, 144, 145, 146, 147, 148, 149, 150, 151, 152, 153, 154, 155, 156, 157, 158, 159, 160, 161, 162, 163, 164, 165, 166, 167, 168, 169, 170, 171, 172, 173, 174, 175, 176, 177, 178, 179, 180, 181, 182, 183, 184, 185, 186, 187, 188, 189, 190, 191, 192, 193, 194, 195, 196, 197, 198, 199, 200, 201, 202, 203, 204, 205, 206, 207, 208, 209, 210, 211, 212, 213, 214, 215, 216, 217, 218, 219, 220, 221, 222, 223, 224, 225, 226, 227, 228, 229, 230, 231, 232, 233, 234, 235, 236, 237, 238, 239, 240, 241, 242, 243, 244, 245, 246, 247, 248, 249, 250, 251, 252, 253, 254, 255, 256, 257, 258, 259, 260, 261, 262, 263, 264, 265, 266, 267, 268, 269, 270, 271, 272, 273, 274, 275, 276, 277, 278, 279, 280, 281, 282, 283, 284, 285, 286, 287, 288, 289, 290, 291, 292, 293, 294, 295, 296, 297, 298, 299, 300, 301, 302, 303, 304, 305, 306, 307, 308, 309, 310, 311, 312, 313, 314, 315, 316, 317, 318, 319, 320, 321, 322, 323, 324, 325, 326, 327, 328, 329, 330, 331, 332, 333, 334, 335, 336, 337, 338, 339, 340, 341, 342, 343, 344, 345, 346, 347, 348, 349, 350, 351, 352, 353, 354, 355, 356, 357, 358, 359, 360, 361, 362, 363, 364, 365, 366, 367, 368, 369, 370, 371, 372, 373, 374, 375, 376, 377, 378, 379, 380, 381, 382, 383, 384, 385, 386, 387, 388, 389, 390, 391, 392, 393, 394, 395, 396, 397, 398, 399, 400]","{7: [RollingMean(window_size=7), RollingStd(window_size=7)], 30: [RollingMean(window_size=30)], 60: [ExpandingMean()], 14: [ExponentiallyWeightedMean(alpha=0.3)]}",lags_400_features_400,24.122873649076833,24.57269340890983,40.89444314454733,47.1202558649088,54.254333114845146,82.41116151583084,145.77654184574243,406.38060573928414,1130.4972601035229,2289.6581492845926,2333.3921832443325
XGBRegressor,"AutoSeasonalDifferences(max_diffs=380, n_seasons=10, season_length=267)","[1, 2, 3, 4, 5, 6, 7, 8, 9, 10, 11, 12, 13, 14, 15, 16, 17, 18, 19, 20, 21, 22, 23, 24, 25, 26, 27, 28, 29, 30, 31, 32, 33, 34, 35, 36, 37, 38, 39, 40, 41, 42, 43, 44, 45, 46, 47, 48, 49, 50, 51, 52, 53, 54, 55, 56, 57, 58, 59, 60, 61, 62, 63, 64, 65, 66, 67, 68, 69, 70, 71, 72, 73, 74, 75, 76, 77, 78, 79, 80, 81, 82, 83, 84, 85, 86, 87, 88, 89, 90, 91, 92, 93, 94, 95, 96, 97, 98, 99, 100, 101, 102, 103, 104, 105, 106, 107, 108, 109, 110, 111, 112, 113, 114, 115, 116, 117, 118, 119, 120, 121, 122, 123, 124, 125, 126, 127, 128, 129, 130, 131, 132, 133, 134, 135, 136, 137, 138, 139, 140, 141, 142, 143, 144, 145, 146, 147, 148, 149, 150, 151, 152, 153, 154, 155, 156, 157, 158, 159, 160, 161, 162, 163, 164, 165, 166, 167, 168, 169, 170, 171, 172, 173, 174, 175, 176, 177, 178, 179, 180, 181, 182, 183, 184, 185, 186, 187, 188, 189, 190, 191, 192, 193, 194, 195, 196, 197, 198, 199, 200, 201, 202, 203, 204, 205, 206, 207, 208, 209, 210, 211, 212, 213, 214, 215, 216, 217, 218, 219, 220, 221, 222, 223, 224, 225, 226, 227, 228, 229, 230, 231, 232, 233, 234, 235, 236, 237, 238, 239, 240, 241, 242, 243, 244, 245, 246, 247, 248, 249, 250, 251, 252, 253, 254, 255, 256, 257, 258, 259, 260, 261, 262, 263, 264, 265, 266, 267, 268, 269, 270, 271, 272, 273, 274, 275, 276, 277, 278, 279, 280, 281, 282, 283, 284, 285, 286, 287, 288, 289, 290, 291, 292, 293, 294, 295, 296, 297, 298, 299, 300, 301, 302, 303, 304, 305, 306, 307, 308, 309, 310, 311, 312, 313, 314, 315, 316, 317, 318, 319, 320, 321, 322, 323, 324, 325, 326, 327, 328, 329, 330, 331, 332, 333, 334, 335, 336, 337, 338, 339, 340, 341, 342, 343, 344, 345, 346, 347, 348, 349, 350, 351, 352, 353, 354, 355, 356, 357, 358, 359, 360, 361, 362, 363, 364, 365, 366, 367, 368, 369, 370, 371, 372, 373, 374, 375, 376, 377, 378, 379, 380, 381, 382, 383, 384, 385, 386, 387, 388, 389, 390, 391, 392, 393, 394, 395, 396, 397, 398, 399, 400]","{1: [<function expanding_mean at 0x000002C58F7A04A0>], 7: [<function rolling_mean_14 at 0x000002C5930FAA20>], 30: [<function expanding_mean at 0x000002C58F7A04A0>]}",lags_400_features_400,14.544683931573484,18.765125278066595,20.72377932004462,19.908505614014686,19.84609972234841,27.29236203428745,37.628343307076264,39.98863856282093,49.401547043680075,55.387405661874965,54.917909520943475
LGBMRegressor,"AutoSeasonalDifferences(max_diffs=380, n_seasons=10, season_length=267)","[1, 2, 3, 4, 5, 6, 7, 8, 9, 10, 11, 12, 13, 14, 15, 16, 17, 18, 19, 20, 21, 22, 23, 24, 25, 26, 27, 28, 29, 30, 31, 32, 33, 34, 35, 36, 37, 38, 39, 40, 41, 42, 43, 44, 45, 46, 47, 48, 49, 50, 51, 52, 53, 54, 55, 56, 57, 58, 59, 60, 61, 62, 63, 64, 65, 66, 67, 68, 69, 70, 71, 72, 73, 74, 75, 76, 77, 78, 79, 80, 81, 82, 83, 84, 85, 86, 87, 88, 89, 90, 91, 92, 93, 94, 95, 96, 97, 98, 99, 100, 101, 102, 103, 104, 105, 106, 107, 108, 109, 110, 111, 112, 113, 114, 115, 116, 117, 118, 119, 120, 121, 122, 123, 124, 125, 126, 127, 128, 129, 130, 131, 132, 133, 134, 135, 136, 137, 138, 139, 140, 141, 142, 143, 144, 145, 146, 147, 148, 149, 150, 151, 152, 153, 154, 155, 156, 157, 158, 159, 160, 161, 162, 163, 164, 165, 166, 167, 168, 169, 170, 171, 172, 173, 174, 175, 176, 177, 178, 179, 180, 181, 182, 183, 184, 185, 186, 187, 188, 189, 190, 191, 192, 193, 194, 195, 196, 197, 198, 199, 200, 201, 202, 203, 204, 205, 206, 207, 208, 209, 210, 211, 212, 213, 214, 215, 216, 217, 218, 219, 220, 221, 222, 223, 224, 225, 226, 227, 228, 229, 230, 231, 232, 233, 234, 235, 236, 237, 238, 239, 240, 241, 242, 243, 244, 245, 246, 247, 248, 249, 250, 251, 252, 253, 254, 255, 256, 257, 258, 259, 260, 261, 262, 263, 264, 265, 266, 267, 268, 269, 270, 271, 272, 273, 274, 275, 276, 277, 278, 279, 280, 281, 282, 283, 284, 285, 286, 287, 288, 289, 290, 291, 292, 293, 294, 295, 296, 297, 298, 299, 300, 301, 302, 303, 304, 305, 306, 307, 308, 309, 310, 311, 312, 313, 314, 315, 316, 317, 318, 319, 320, 321, 322, 323, 324, 325, 326, 327, 328, 329, 330, 331, 332, 333, 334, 335, 336, 337, 338, 339, 340, 341, 342, 343, 344, 345, 346, 347, 348, 349, 350, 351, 352, 353, 354, 355, 356, 357, 358, 359, 360, 361, 362, 363, 364, 365, 366, 367, 368, 369, 370, 371, 372, 373, 374, 375, 376, 377, 378, 379, 380, 381, 382, 383, 384, 385, 386, 387, 388, 389, 390, 391, 392, 393, 394, 395, 396, 397, 398, 399, 400]","{1: [<function expanding_mean at 0x000002C58F7A04A0>], 7: [<function rolling_mean_14 at 0x000002C5930FAA20>], 30: [<function expanding_mean at 0x000002C58F7A04A0>]}",lags_400_features_400,11.149376254828613,18.623649545434617,19.828314803002396,19.362525451220094,18.89291880197622,21.879523299217833,28.633569967942712,33.37427883906254,45.635508105380325,50.275978560909095,49.62178930488408
XGBRegressor,"AutoSeasonalDifferences(max_diffs=380, n_seasons=10, season_length=267)","[1, 2, 3, 4, 5, 6, 7, 8, 9, 10, 11, 12, 13, 14, 15, 16, 17, 18, 19, 20, 21, 22, 23, 24, 25, 26, 27, 28, 29, 30, 31, 32, 33, 34, 35, 36, 37, 38, 39, 40, 41, 42, 43, 44, 45, 46, 47, 48, 49, 50, 51, 52, 53, 54, 55, 56, 57, 58, 59, 60, 61, 62, 63, 64, 65, 66, 67, 68, 69, 70, 71, 72, 73, 74, 75, 76, 77, 78, 79, 80, 81, 82, 83, 84, 85, 86, 87, 88, 89, 90, 91, 92, 93, 94, 95, 96, 97, 98, 99, 100, 101, 102, 103, 104, 105, 106, 107, 108, 109, 110, 111, 112, 113, 114, 115, 116, 117, 118, 119, 120, 121, 122, 123, 124, 125, 126, 127, 128, 129, 130, 131, 132, 133, 134, 135, 136, 137, 138, 139, 140, 141, 142, 143, 144, 145, 146, 147, 148, 149, 150, 151, 152, 153, 154, 155, 156, 157, 158, 159, 160, 161, 162, 163, 164, 165, 166, 167, 168, 169, 170, 171, 172, 173, 174, 175, 176, 177, 178, 179, 180, 181, 182, 183, 184, 185, 186, 187, 188, 189, 190, 191, 192, 193, 194, 195, 196, 197, 198, 199, 200, 201, 202, 203, 204, 205, 206, 207, 208, 209, 210, 211, 212, 213, 214, 215, 216, 217, 218, 219, 220, 221, 222, 223, 224, 225, 226, 227, 228, 229, 230, 231, 232, 233, 234, 235, 236, 237, 238, 239, 240, 241, 242, 243, 244, 245, 246, 247, 248, 249, 250, 251, 252, 253, 254, 255, 256, 257, 258, 259, 260, 261, 262, 263, 264, 265, 266, 267, 268, 269, 270, 271, 272, 273, 274, 275, 276, 277, 278, 279, 280, 281, 282, 283, 284, 285, 286, 287, 288, 289, 290, 291, 292, 293, 294, 295, 296, 297, 298, 299, 300, 301, 302, 303, 304, 305, 306, 307, 308, 309, 310, 311, 312, 313, 314, 315, 316, 317, 318, 319, 320, 321, 322, 323, 324, 325, 326, 327, 328, 329, 330, 331, 332, 333, 334, 335, 336, 337, 338, 339, 340, 341, 342, 343, 344, 345, 346, 347, 348, 349, 350, 351, 352, 353, 354, 355, 356, 357, 358, 359, 360, 361, 362, 363, 364, 365, 366, 367, 368, 369, 370, 371, 372, 373, 374, 375, 376, 377, 378, 379, 380, 381, 382, 383, 384, 385, 386, 387, 388, 389, 390, 391, 392, 393, 394, 395, 396, 397, 398, 399, 400]","{1: [<function rolling_mean_14 at 0x000002C5930FAA20>], 7: [<function rolling_mean_30 at 0x000002C58DBF9260>], 30: [<function expanding_mean at 0x000002C58F7A04A0>]}",lags_400_features_400,11.36496384176004,18.07062548237501,20.054008237512164,19.651268083868942,20.397555105315305,19.827138073057256,26.624557036525843,34.52682302556397,44.511348449905924,44.45564059047277,43.86851329325522
LGBMRegressor,"AutoSeasonalDifferences(max_diffs=380, n_seasons=10, season_length=267)","[1, 2, 3, 4, 5, 6, 7, 8, 9, 10, 11, 12, 13, 14, 15, 16, 17, 18, 19, 20, 21, 22, 23, 24, 25, 26, 27, 28, 29, 30, 31, 32, 33, 34, 35, 36, 37, 38, 39, 40, 41, 42, 43, 44, 45, 46, 47, 48, 49, 50, 51, 52, 53, 54, 55, 56, 57, 58, 59, 60, 61, 62, 63, 64, 65, 66, 67, 68, 69, 70, 71, 72, 73, 74, 75, 76, 77, 78, 79, 80, 81, 82, 83, 84, 85, 86, 87, 88, 89, 90, 91, 92, 93, 94, 95, 96, 97, 98, 99, 100, 101, 102, 103, 104, 105, 106, 107, 108, 109, 110, 111, 112, 113, 114, 115, 116, 117, 118, 119, 120, 121, 122, 123, 124, 125, 126, 127, 128, 129, 130, 131, 132, 133, 134, 135, 136, 137, 138, 139, 140, 141, 142, 143, 144, 145, 146, 147, 148, 149, 150, 151, 152, 153, 154, 155, 156, 157, 158, 159, 160, 161, 162, 163, 164, 165, 166, 167, 168, 169, 170, 171, 172, 173, 174, 175, 176, 177, 178, 179, 180, 181, 182, 183, 184, 185, 186, 187, 188, 189, 190, 191, 192, 193, 194, 195, 196, 197, 198, 199, 200, 201, 202, 203, 204, 205, 206, 207, 208, 209, 210, 211, 212, 213, 214, 215, 216, 217, 218, 219, 220, 221, 222, 223, 224, 225, 226, 227, 228, 229, 230, 231, 232, 233, 234, 235, 236, 237, 238, 239, 240, 241, 242, 243, 244, 245, 246, 247, 248, 249, 250, 251, 252, 253, 254, 255, 256, 257, 258, 259, 260, 261, 262, 263, 264, 265, 266, 267, 268, 269, 270, 271, 272, 273, 274, 275, 276, 277, 278, 279, 280, 281, 282, 283, 284, 285, 286, 287, 288, 289, 290, 291, 292, 293, 294, 295, 296, 297, 298, 299, 300, 301, 302, 303, 304, 305, 306, 307, 308, 309, 310, 311, 312, 313, 314, 315, 316, 317, 318, 319, 320, 321, 322, 323, 324, 325, 326, 327, 328, 329, 330, 331, 332, 333, 334, 335, 336, 337, 338, 339, 340, 341, 342, 343, 344, 345, 346, 347, 348, 349, 350, 351, 352, 353, 354, 355, 356, 357, 358, 359, 360, 361, 362, 363, 364, 365, 366, 367, 368, 369, 370, 371, 372, 373, 374, 375, 376, 377, 378, 379, 380, 381, 382, 383, 384, 385, 386, 387, 388, 389, 390, 391, 392, 393, 394, 395, 396, 397, 398, 399, 400]","{1: [<function rolling_mean_14 at 0x000002C5930FAA20>], 7: [<function rolling_mean_30 at 0x000002C58DBF9260>], 30: [<function expanding_mean at 0x000002C58F7A04A0>]}",lags_400_features_400,9.606910461622084,17.6777278204168,19.039226739844786,18.847845365039426,18.69933540349492,20.294853620439884,28.434703755840246,34.027150393082664,43.84549102742686,45.41046030462121,44.89192536126291
XGBRegressor,"AutoSeasonalDifferences(max_diffs=380, n_seasons=10, season_length=267)","[1, 2, 3, 4, 5, 6, 7, 8, 9, 10, 11, 12, 13, 14, 15, 16, 17, 18, 19, 20, 21, 22, 23, 24, 25, 26, 27, 28, 29, 30, 31, 32, 33, 34, 35, 36, 37, 38, 39, 40, 41, 42, 43, 44, 45, 46, 47, 48, 49, 50, 51, 52, 53, 54, 55, 56, 57, 58, 59, 60, 61, 62, 63, 64, 65, 66, 67, 68, 69, 70, 71, 72, 73, 74, 75, 76, 77, 78, 79, 80, 81, 82, 83, 84, 85, 86, 87, 88, 89, 90, 91, 92, 93, 94, 95, 96, 97, 98, 99, 100, 101, 102, 103, 104, 105, 106, 107, 108, 109, 110, 111, 112, 113, 114, 115, 116, 117, 118, 119, 120, 121, 122, 123, 124, 125, 126, 127, 128, 129, 130, 131, 132, 133, 134, 135, 136, 137, 138, 139, 140, 141, 142, 143, 144, 145, 146, 147, 148, 149, 150, 151, 152, 153, 154, 155, 156, 157, 158, 159, 160, 161, 162, 163, 164, 165, 166, 167, 168, 169, 170, 171, 172, 173, 174, 175, 176, 177, 178, 179, 180, 181, 182, 183, 184, 185, 186, 187, 188, 189, 190, 191, 192, 193, 194, 195, 196, 197, 198, 199, 200, 201, 202, 203, 204, 205, 206, 207, 208, 209, 210, 211, 212, 213, 214, 215, 216, 217, 218, 219, 220, 221, 222, 223, 224, 225, 226, 227, 228, 229, 230, 231, 232, 233, 234, 235, 236, 237, 238, 239, 240, 241, 242, 243, 244, 245, 246, 247, 248, 249, 250, 251, 252, 253, 254, 255, 256, 257, 258, 259, 260, 261, 262, 263, 264, 265, 266, 267, 268, 269, 270, 271, 272, 273, 274, 275, 276, 277, 278, 279, 280, 281, 282, 283, 284, 285, 286, 287, 288, 289, 290, 291, 292, 293, 294, 295, 296, 297, 298, 299, 300, 301, 302, 303, 304, 305, 306, 307, 308, 309, 310, 311, 312, 313, 314, 315, 316, 317, 318, 319, 320, 321, 322, 323, 324, 325, 326, 327, 328, 329, 330, 331, 332, 333, 334, 335, 336, 337, 338, 339, 340, 341, 342, 343, 344, 345, 346, 347, 348, 349, 350, 351, 352, 353, 354, 355, 356, 357, 358, 359, 360, 361, 362, 363, 364, 365, 366, 367, 368, 369, 370, 371, 372, 373, 374, 375, 376, 377, 378, 379, 380, 381, 382, 383, 384, 385, 386, 387, 388, 389, 390, 391, 392, 393, 394, 395, 396, 397, 398, 399, 400]","{7: [RollingMean(window_size=7)], 30: [RollingMean(window_size=30)], 60: [RollingMean(window_size=60)]}",lags_400_features_400,11.886818667158568,17.45430135287263,19.050192995531457,18.29149492367904,18.97641871242242,20.852149864488855,31.612497629570836,36.2119345714741,48.356229697144755,54.57511828858844,53.69507973625459
LGBMRegressor,"AutoSeasonalDifferences(max_diffs=380, n_seasons=10, season_length=267)","[1, 2, 3, 4, 5, 6, 7, 8, 9, 10, 11, 12, 13, 14, 15, 16, 17, 18, 19, 20, 21, 22, 23, 24, 25, 26, 27, 28, 29, 30, 31, 32, 33, 34, 35, 36, 37, 38, 39, 40, 41, 42, 43, 44, 45, 46, 47, 48, 49, 50, 51, 52, 53, 54, 55, 56, 57, 58, 59, 60, 61, 62, 63, 64, 65, 66, 67, 68, 69, 70, 71, 72, 73, 74, 75, 76, 77, 78, 79, 80, 81, 82, 83, 84, 85, 86, 87, 88, 89, 90, 91, 92, 93, 94, 95, 96, 97, 98, 99, 100, 101, 102, 103, 104, 105, 106, 107, 108, 109, 110, 111, 112, 113, 114, 115, 116, 117, 118, 119, 120, 121, 122, 123, 124, 125, 126, 127, 128, 129, 130, 131, 132, 133, 134, 135, 136, 137, 138, 139, 140, 141, 142, 143, 144, 145, 146, 147, 148, 149, 150, 151, 152, 153, 154, 155, 156, 157, 158, 159, 160, 161, 162, 163, 164, 165, 166, 167, 168, 169, 170, 171, 172, 173, 174, 175, 176, 177, 178, 179, 180, 181, 182, 183, 184, 185, 186, 187, 188, 189, 190, 191, 192, 193, 194, 195, 196, 197, 198, 199, 200, 201, 202, 203, 204, 205, 206, 207, 208, 209, 210, 211, 212, 213, 214, 215, 216, 217, 218, 219, 220, 221, 222, 223, 224, 225, 226, 227, 228, 229, 230, 231, 232, 233, 234, 235, 236, 237, 238, 239, 240, 241, 242, 243, 244, 245, 246, 247, 248, 249, 250, 251, 252, 253, 254, 255, 256, 257, 258, 259, 260, 261, 262, 263, 264, 265, 266, 267, 268, 269, 270, 271, 272, 273, 274, 275, 276, 277, 278, 279, 280, 281, 282, 283, 284, 285, 286, 287, 288, 289, 290, 291, 292, 293, 294, 295, 296, 297, 298, 299, 300, 301, 302, 303, 304, 305, 306, 307, 308, 309, 310, 311, 312, 313, 314, 315, 316, 317, 318, 319, 320, 321, 322, 323, 324, 325, 326, 327, 328, 329, 330, 331, 332, 333, 334, 335, 336, 337, 338, 339, 340, 341, 342, 343, 344, 345, 346, 347, 348, 349, 350, 351, 352, 353, 354, 355, 356, 357, 358, 359, 360, 361, 362, 363, 364, 365, 366, 367, 368, 369, 370, 371, 372, 373, 374, 375, 376, 377, 378, 379, 380, 381, 382, 383, 384, 385, 386, 387, 388, 389, 390, 391, 392, 393, 394, 395, 396, 397, 398, 399, 400]","{7: [RollingMean(window_size=7)], 30: [RollingMean(window_size=30)], 60: [RollingMean(window_size=60)]}",lags_400_features_400,11.147206314227724,18.45583201748999,20.129113809741487,19.605405405181298,19.49814611089742,22.975620231229,30.12513096481747,33.815194182397605,43.77963838907118,46.26484201314947,45.60464632988716
XGBRegressor,"AutoSeasonalDifferences(max_diffs=380, n_seasons=10, season_length=267)","[1, 2, 3, 4, 5, 6, 7, 8, 9, 10, 11, 12, 13, 14, 15, 16, 17, 18, 19, 20, 21, 22, 23, 24, 25, 26, 27, 28, 29, 30, 31, 32, 33, 34, 35, 36, 37, 38, 39, 40, 41, 42, 43, 44, 45, 46, 47, 48, 49, 50, 51, 52, 53, 54, 55, 56, 57, 58, 59, 60, 61, 62, 63, 64, 65, 66, 67, 68, 69, 70, 71, 72, 73, 74, 75, 76, 77, 78, 79, 80, 81, 82, 83, 84, 85, 86, 87, 88, 89, 90, 91, 92, 93, 94, 95, 96, 97, 98, 99, 100, 101, 102, 103, 104, 105, 106, 107, 108, 109, 110, 111, 112, 113, 114, 115, 116, 117, 118, 119, 120, 121, 122, 123, 124, 125, 126, 127, 128, 129, 130, 131, 132, 133, 134, 135, 136, 137, 138, 139, 140, 141, 142, 143, 144, 145, 146, 147, 148, 149, 150, 151, 152, 153, 154, 155, 156, 157, 158, 159, 160, 161, 162, 163, 164, 165, 166, 167, 168, 169, 170, 171, 172, 173, 174, 175, 176, 177, 178, 179, 180, 181, 182, 183, 184, 185, 186, 187, 188, 189, 190, 191, 192, 193, 194, 195, 196, 197, 198, 199, 200, 201, 202, 203, 204, 205, 206, 207, 208, 209, 210, 211, 212, 213, 214, 215, 216, 217, 218, 219, 220, 221, 222, 223, 224, 225, 226, 227, 228, 229, 230, 231, 232, 233, 234, 235, 236, 237, 238, 239, 240, 241, 242, 243, 244, 245, 246, 247, 248, 249, 250, 251, 252, 253, 254, 255, 256, 257, 258, 259, 260, 261, 262, 263, 264, 265, 266, 267, 268, 269, 270, 271, 272, 273, 274, 275, 276, 277, 278, 279, 280, 281, 282, 283, 284, 285, 286, 287, 288, 289, 290, 291, 292, 293, 294, 295, 296, 297, 298, 299, 300, 301, 302, 303, 304, 305, 306, 307, 308, 309, 310, 311, 312, 313, 314, 315, 316, 317, 318, 319, 320, 321, 322, 323, 324, 325, 326, 327, 328, 329, 330, 331, 332, 333, 334, 335, 336, 337, 338, 339, 340, 341, 342, 343, 344, 345, 346, 347, 348, 349, 350, 351, 352, 353, 354, 355, 356, 357, 358, 359, 360, 361, 362, 363, 364, 365, 366, 367, 368, 369, 370, 371, 372, 373, 374, 375, 376, 377, 378, 379, 380, 381, 382, 383, 384, 385, 386, 387, 388, 389, 390, 391, 392, 393, 394, 395, 396, 397, 398, 399, 400]","{7: [RollingMean(window_size=7), RollingStd(window_size=7)], 30: [RollingMean(window_size=30)], 60: [ExpandingMean()], 14: [ExponentiallyWeightedMean(alpha=0.3)]}",lags_400_features_400,11.309877842966214,16.85010328097957,18.955772954252332,18.42055236013333,19.255227948784697,21.08453457784072,30.84773394022503,35.66817308613461,48.02166156743795,54.59540380079696,53.689983773157614
LGBMRegressor,"AutoSeasonalDifferences(max_diffs=380, n_seasons=10, season_length=267)","[1, 2, 3, 4, 5, 6, 7, 8, 9, 10, 11, 12, 13, 14, 15, 16, 17, 18, 19, 20, 21, 22, 23, 24, 25, 26, 27, 28, 29, 30, 31, 32, 33, 34, 35, 36, 37, 38, 39, 40, 41, 42, 43, 44, 45, 46, 47, 48, 49, 50, 51, 52, 53, 54, 55, 56, 57, 58, 59, 60, 61, 62, 63, 64, 65, 66, 67, 68, 69, 70, 71, 72, 73, 74, 75, 76, 77, 78, 79, 80, 81, 82, 83, 84, 85, 86, 87, 88, 89, 90, 91, 92, 93, 94, 95, 96, 97, 98, 99, 100, 101, 102, 103, 104, 105, 106, 107, 108, 109, 110, 111, 112, 113, 114, 115, 116, 117, 118, 119, 120, 121, 122, 123, 124, 125, 126, 127, 128, 129, 130, 131, 132, 133, 134, 135, 136, 137, 138, 139, 140, 141, 142, 143, 144, 145, 146, 147, 148, 149, 150, 151, 152, 153, 154, 155, 156, 157, 158, 159, 160, 161, 162, 163, 164, 165, 166, 167, 168, 169, 170, 171, 172, 173, 174, 175, 176, 177, 178, 179, 180, 181, 182, 183, 184, 185, 186, 187, 188, 189, 190, 191, 192, 193, 194, 195, 196, 197, 198, 199, 200, 201, 202, 203, 204, 205, 206, 207, 208, 209, 210, 211, 212, 213, 214, 215, 216, 217, 218, 219, 220, 221, 222, 223, 224, 225, 226, 227, 228, 229, 230, 231, 232, 233, 234, 235, 236, 237, 238, 239, 240, 241, 242, 243, 244, 245, 246, 247, 248, 249, 250, 251, 252, 253, 254, 255, 256, 257, 258, 259, 260, 261, 262, 263, 264, 265, 266, 267, 268, 269, 270, 271, 272, 273, 274, 275, 276, 277, 278, 279, 280, 281, 282, 283, 284, 285, 286, 287, 288, 289, 290, 291, 292, 293, 294, 295, 296, 297, 298, 299, 300, 301, 302, 303, 304, 305, 306, 307, 308, 309, 310, 311, 312, 313, 314, 315, 316, 317, 318, 319, 320, 321, 322, 323, 324, 325, 326, 327, 328, 329, 330, 331, 332, 333, 334, 335, 336, 337, 338, 339, 340, 341, 342, 343, 344, 345, 346, 347, 348, 349, 350, 351, 352, 353, 354, 355, 356, 357, 358, 359, 360, 361, 362, 363, 364, 365, 366, 367, 368, 369, 370, 371, 372, 373, 374, 375, 376, 377, 378, 379, 380, 381, 382, 383, 384, 385, 386, 387, 388, 389, 390, 391, 392, 393, 394, 395, 396, 397, 398, 399, 400]","{7: [RollingMean(window_size=7), RollingStd(window_size=7)], 30: [RollingMean(window_size=30)], 60: [ExpandingMean()], 14: [ExponentiallyWeightedMean(alpha=0.3)]}",lags_400_features_400,11.513124819253798,18.21401476561811,19.676081655992895,19.08889070555646,18.894442235872294,22.365175054842545,29.466677545741444,33.13841535545413,43.47100843525873,46.250318360660884,45.66683942525019
XGBRegressor,"AutoSeasonalityAndDifferences(max_diffs=380, max_season_length=267, n_seasons=10)","[1, 2, 3, 4, 5, 6, 7, 8, 9, 10, 11, 12, 13, 14, 15, 16, 17, 18, 19, 20, 21, 22, 23, 24, 25, 26, 27, 28, 29, 30, 31, 32, 33, 34, 35, 36, 37, 38, 39, 40, 41, 42, 43, 44, 45, 46, 47, 48, 49, 50, 51, 52, 53, 54, 55, 56, 57, 58, 59, 60, 61, 62, 63, 64, 65, 66, 67, 68, 69, 70, 71, 72, 73, 74, 75, 76, 77, 78, 79, 80, 81, 82, 83, 84, 85, 86, 87, 88, 89, 90, 91, 92, 93, 94, 95, 96, 97, 98, 99, 100, 101, 102, 103, 104, 105, 106, 107, 108, 109, 110, 111, 112, 113, 114, 115, 116, 117, 118, 119, 120, 121, 122, 123, 124, 125, 126, 127, 128, 129, 130, 131, 132, 133, 134, 135, 136, 137, 138, 139, 140, 141, 142, 143, 144, 145, 146, 147, 148, 149, 150, 151, 152, 153, 154, 155, 156, 157, 158, 159, 160, 161, 162, 163, 164, 165, 166, 167, 168, 169, 170, 171, 172, 173, 174, 175, 176, 177, 178, 179, 180, 181, 182, 183, 184, 185, 186, 187, 188, 189, 190, 191, 192, 193, 194, 195, 196, 197, 198, 199, 200, 201, 202, 203, 204, 205, 206, 207, 208, 209, 210, 211, 212, 213, 214, 215, 216, 217, 218, 219, 220, 221, 222, 223, 224, 225, 226, 227, 228, 229, 230, 231, 232, 233, 234, 235, 236, 237, 238, 239, 240, 241, 242, 243, 244, 245, 246, 247, 248, 249, 250, 251, 252, 253, 254, 255, 256, 257, 258, 259, 260, 261, 262, 263, 264, 265, 266, 267, 268, 269, 270, 271, 272, 273, 274, 275, 276, 277, 278, 279, 280, 281, 282, 283, 284, 285, 286, 287, 288, 289, 290, 291, 292, 293, 294, 295, 296, 297, 298, 299, 300, 301, 302, 303, 304, 305, 306, 307, 308, 309, 310, 311, 312, 313, 314, 315, 316, 317, 318, 319, 320, 321, 322, 323, 324, 325, 326, 327, 328, 329, 330, 331, 332, 333, 334, 335, 336, 337, 338, 339, 340, 341, 342, 343, 344, 345, 346, 347, 348, 349, 350, 351, 352, 353, 354, 355, 356, 357, 358, 359, 360, 361, 362, 363, 364, 365, 366, 367, 368, 369, 370, 371, 372, 373, 374, 375, 376, 377, 378, 379, 380, 381, 382, 383, 384, 385, 386, 387, 388, 389, 390, 391, 392, 393, 394, 395, 396, 397, 398, 399, 400]","{1: [<function expanding_mean at 0x000002C58F7A04A0>], 7: [<function rolling_mean_14 at 0x000002C5930FAA20>], 30: [<function expanding_mean at 0x000002C58F7A04A0>]}",lags_400_features_400,14.544683931573484,18.765125278066595,20.72377932004462,19.908505614014686,19.84609972234841,27.29236203428745,37.628343307076264,39.98863856282093,49.401547043680075,55.387405661874965,54.917909520943475
LGBMRegressor,"AutoSeasonalityAndDifferences(max_diffs=380, max_season_length=267, n_seasons=10)","[1, 2, 3, 4, 5, 6, 7, 8, 9, 10, 11, 12, 13, 14, 15, 16, 17, 18, 19, 20, 21, 22, 23, 24, 25, 26, 27, 28, 29, 30, 31, 32, 33, 34, 35, 36, 37, 38, 39, 40, 41, 42, 43, 44, 45, 46, 47, 48, 49, 50, 51, 52, 53, 54, 55, 56, 57, 58, 59, 60, 61, 62, 63, 64, 65, 66, 67, 68, 69, 70, 71, 72, 73, 74, 75, 76, 77, 78, 79, 80, 81, 82, 83, 84, 85, 86, 87, 88, 89, 90, 91, 92, 93, 94, 95, 96, 97, 98, 99, 100, 101, 102, 103, 104, 105, 106, 107, 108, 109, 110, 111, 112, 113, 114, 115, 116, 117, 118, 119, 120, 121, 122, 123, 124, 125, 126, 127, 128, 129, 130, 131, 132, 133, 134, 135, 136, 137, 138, 139, 140, 141, 142, 143, 144, 145, 146, 147, 148, 149, 150, 151, 152, 153, 154, 155, 156, 157, 158, 159, 160, 161, 162, 163, 164, 165, 166, 167, 168, 169, 170, 171, 172, 173, 174, 175, 176, 177, 178, 179, 180, 181, 182, 183, 184, 185, 186, 187, 188, 189, 190, 191, 192, 193, 194, 195, 196, 197, 198, 199, 200, 201, 202, 203, 204, 205, 206, 207, 208, 209, 210, 211, 212, 213, 214, 215, 216, 217, 218, 219, 220, 221, 222, 223, 224, 225, 226, 227, 228, 229, 230, 231, 232, 233, 234, 235, 236, 237, 238, 239, 240, 241, 242, 243, 244, 245, 246, 247, 248, 249, 250, 251, 252, 253, 254, 255, 256, 257, 258, 259, 260, 261, 262, 263, 264, 265, 266, 267, 268, 269, 270, 271, 272, 273, 274, 275, 276, 277, 278, 279, 280, 281, 282, 283, 284, 285, 286, 287, 288, 289, 290, 291, 292, 293, 294, 295, 296, 297, 298, 299, 300, 301, 302, 303, 304, 305, 306, 307, 308, 309, 310, 311, 312, 313, 314, 315, 316, 317, 318, 319, 320, 321, 322, 323, 324, 325, 326, 327, 328, 329, 330, 331, 332, 333, 334, 335, 336, 337, 338, 339, 340, 341, 342, 343, 344, 345, 346, 347, 348, 349, 350, 351, 352, 353, 354, 355, 356, 357, 358, 359, 360, 361, 362, 363, 364, 365, 366, 367, 368, 369, 370, 371, 372, 373, 374, 375, 376, 377, 378, 379, 380, 381, 382, 383, 384, 385, 386, 387, 388, 389, 390, 391, 392, 393, 394, 395, 396, 397, 398, 399, 400]","{1: [<function expanding_mean at 0x000002C58F7A04A0>], 7: [<function rolling_mean_14 at 0x000002C5930FAA20>], 30: [<function expanding_mean at 0x000002C58F7A04A0>]}",lags_400_features_400,11.149376254828613,18.623649545434617,19.828314803002396,19.362525451220094,18.89291880197622,21.879523299217833,28.633569967942712,33.37427883906254,45.635508105380325,50.275978560909095,49.62178930488408
XGBRegressor,"AutoSeasonalityAndDifferences(max_diffs=380, max_season_length=267, n_seasons=10)","[1, 2, 3, 4, 5, 6, 7, 8, 9, 10, 11, 12, 13, 14, 15, 16, 17, 18, 19, 20, 21, 22, 23, 24, 25, 26, 27, 28, 29, 30, 31, 32, 33, 34, 35, 36, 37, 38, 39, 40, 41, 42, 43, 44, 45, 46, 47, 48, 49, 50, 51, 52, 53, 54, 55, 56, 57, 58, 59, 60, 61, 62, 63, 64, 65, 66, 67, 68, 69, 70, 71, 72, 73, 74, 75, 76, 77, 78, 79, 80, 81, 82, 83, 84, 85, 86, 87, 88, 89, 90, 91, 92, 93, 94, 95, 96, 97, 98, 99, 100, 101, 102, 103, 104, 105, 106, 107, 108, 109, 110, 111, 112, 113, 114, 115, 116, 117, 118, 119, 120, 121, 122, 123, 124, 125, 126, 127, 128, 129, 130, 131, 132, 133, 134, 135, 136, 137, 138, 139, 140, 141, 142, 143, 144, 145, 146, 147, 148, 149, 150, 151, 152, 153, 154, 155, 156, 157, 158, 159, 160, 161, 162, 163, 164, 165, 166, 167, 168, 169, 170, 171, 172, 173, 174, 175, 176, 177, 178, 179, 180, 181, 182, 183, 184, 185, 186, 187, 188, 189, 190, 191, 192, 193, 194, 195, 196, 197, 198, 199, 200, 201, 202, 203, 204, 205, 206, 207, 208, 209, 210, 211, 212, 213, 214, 215, 216, 217, 218, 219, 220, 221, 222, 223, 224, 225, 226, 227, 228, 229, 230, 231, 232, 233, 234, 235, 236, 237, 238, 239, 240, 241, 242, 243, 244, 245, 246, 247, 248, 249, 250, 251, 252, 253, 254, 255, 256, 257, 258, 259, 260, 261, 262, 263, 264, 265, 266, 267, 268, 269, 270, 271, 272, 273, 274, 275, 276, 277, 278, 279, 280, 281, 282, 283, 284, 285, 286, 287, 288, 289, 290, 291, 292, 293, 294, 295, 296, 297, 298, 299, 300, 301, 302, 303, 304, 305, 306, 307, 308, 309, 310, 311, 312, 313, 314, 315, 316, 317, 318, 319, 320, 321, 322, 323, 324, 325, 326, 327, 328, 329, 330, 331, 332, 333, 334, 335, 336, 337, 338, 339, 340, 341, 342, 343, 344, 345, 346, 347, 348, 349, 350, 351, 352, 353, 354, 355, 356, 357, 358, 359, 360, 361, 362, 363, 364, 365, 366, 367, 368, 369, 370, 371, 372, 373, 374, 375, 376, 377, 378, 379, 380, 381, 382, 383, 384, 385, 386, 387, 388, 389, 390, 391, 392, 393, 394, 395, 396, 397, 398, 399, 400]","{1: [<function rolling_mean_14 at 0x000002C5930FAA20>], 7: [<function rolling_mean_30 at 0x000002C58DBF9260>], 30: [<function expanding_mean at 0x000002C58F7A04A0>]}",lags_400_features_400,11.36496384176004,18.07062548237501,20.054008237512164,19.651268083868942,20.397555105315305,19.827138073057256,26.624557036525843,34.52682302556397,44.511348449905924,44.45564059047277,43.86851329325522
LGBMRegressor,"AutoSeasonalityAndDifferences(max_diffs=380, max_season_length=267, n_seasons=10)","[1, 2, 3, 4, 5, 6, 7, 8, 9, 10, 11, 12, 13, 14, 15, 16, 17, 18, 19, 20, 21, 22, 23, 24, 25, 26, 27, 28, 29, 30, 31, 32, 33, 34, 35, 36, 37, 38, 39, 40, 41, 42, 43, 44, 45, 46, 47, 48, 49, 50, 51, 52, 53, 54, 55, 56, 57, 58, 59, 60, 61, 62, 63, 64, 65, 66, 67, 68, 69, 70, 71, 72, 73, 74, 75, 76, 77, 78, 79, 80, 81, 82, 83, 84, 85, 86, 87, 88, 89, 90, 91, 92, 93, 94, 95, 96, 97, 98, 99, 100, 101, 102, 103, 104, 105, 106, 107, 108, 109, 110, 111, 112, 113, 114, 115, 116, 117, 118, 119, 120, 121, 122, 123, 124, 125, 126, 127, 128, 129, 130, 131, 132, 133, 134, 135, 136, 137, 138, 139, 140, 141, 142, 143, 144, 145, 146, 147, 148, 149, 150, 151, 152, 153, 154, 155, 156, 157, 158, 159, 160, 161, 162, 163, 164, 165, 166, 167, 168, 169, 170, 171, 172, 173, 174, 175, 176, 177, 178, 179, 180, 181, 182, 183, 184, 185, 186, 187, 188, 189, 190, 191, 192, 193, 194, 195, 196, 197, 198, 199, 200, 201, 202, 203, 204, 205, 206, 207, 208, 209, 210, 211, 212, 213, 214, 215, 216, 217, 218, 219, 220, 221, 222, 223, 224, 225, 226, 227, 228, 229, 230, 231, 232, 233, 234, 235, 236, 237, 238, 239, 240, 241, 242, 243, 244, 245, 246, 247, 248, 249, 250, 251, 252, 253, 254, 255, 256, 257, 258, 259, 260, 261, 262, 263, 264, 265, 266, 267, 268, 269, 270, 271, 272, 273, 274, 275, 276, 277, 278, 279, 280, 281, 282, 283, 284, 285, 286, 287, 288, 289, 290, 291, 292, 293, 294, 295, 296, 297, 298, 299, 300, 301, 302, 303, 304, 305, 306, 307, 308, 309, 310, 311, 312, 313, 314, 315, 316, 317, 318, 319, 320, 321, 322, 323, 324, 325, 326, 327, 328, 329, 330, 331, 332, 333, 334, 335, 336, 337, 338, 339, 340, 341, 342, 343, 344, 345, 346, 347, 348, 349, 350, 351, 352, 353, 354, 355, 356, 357, 358, 359, 360, 361, 362, 363, 364, 365, 366, 367, 368, 369, 370, 371, 372, 373, 374, 375, 376, 377, 378, 379, 380, 381, 382, 383, 384, 385, 386, 387, 388, 389, 390, 391, 392, 393, 394, 395, 396, 397, 398, 399, 400]","{1: [<function rolling_mean_14 at 0x000002C5930FAA20>], 7: [<function rolling_mean_30 at 0x000002C58DBF9260>], 30: [<function expanding_mean at 0x000002C58F7A04A0>]}",lags_400_features_400,9.606910461622084,17.6777278204168,19.039226739844786,18.847845365039426,18.69933540349492,20.294853620439884,28.434703755840246,34.027150393082664,43.84549102742686,45.41046030462121,44.89192536126291
XGBRegressor,"AutoSeasonalityAndDifferences(max_diffs=380, max_season_length=267, n_seasons=10)","[1, 2, 3, 4, 5, 6, 7, 8, 9, 10, 11, 12, 13, 14, 15, 16, 17, 18, 19, 20, 21, 22, 23, 24, 25, 26, 27, 28, 29, 30, 31, 32, 33, 34, 35, 36, 37, 38, 39, 40, 41, 42, 43, 44, 45, 46, 47, 48, 49, 50, 51, 52, 53, 54, 55, 56, 57, 58, 59, 60, 61, 62, 63, 64, 65, 66, 67, 68, 69, 70, 71, 72, 73, 74, 75, 76, 77, 78, 79, 80, 81, 82, 83, 84, 85, 86, 87, 88, 89, 90, 91, 92, 93, 94, 95, 96, 97, 98, 99, 100, 101, 102, 103, 104, 105, 106, 107, 108, 109, 110, 111, 112, 113, 114, 115, 116, 117, 118, 119, 120, 121, 122, 123, 124, 125, 126, 127, 128, 129, 130, 131, 132, 133, 134, 135, 136, 137, 138, 139, 140, 141, 142, 143, 144, 145, 146, 147, 148, 149, 150, 151, 152, 153, 154, 155, 156, 157, 158, 159, 160, 161, 162, 163, 164, 165, 166, 167, 168, 169, 170, 171, 172, 173, 174, 175, 176, 177, 178, 179, 180, 181, 182, 183, 184, 185, 186, 187, 188, 189, 190, 191, 192, 193, 194, 195, 196, 197, 198, 199, 200, 201, 202, 203, 204, 205, 206, 207, 208, 209, 210, 211, 212, 213, 214, 215, 216, 217, 218, 219, 220, 221, 222, 223, 224, 225, 226, 227, 228, 229, 230, 231, 232, 233, 234, 235, 236, 237, 238, 239, 240, 241, 242, 243, 244, 245, 246, 247, 248, 249, 250, 251, 252, 253, 254, 255, 256, 257, 258, 259, 260, 261, 262, 263, 264, 265, 266, 267, 268, 269, 270, 271, 272, 273, 274, 275, 276, 277, 278, 279, 280, 281, 282, 283, 284, 285, 286, 287, 288, 289, 290, 291, 292, 293, 294, 295, 296, 297, 298, 299, 300, 301, 302, 303, 304, 305, 306, 307, 308, 309, 310, 311, 312, 313, 314, 315, 316, 317, 318, 319, 320, 321, 322, 323, 324, 325, 326, 327, 328, 329, 330, 331, 332, 333, 334, 335, 336, 337, 338, 339, 340, 341, 342, 343, 344, 345, 346, 347, 348, 349, 350, 351, 352, 353, 354, 355, 356, 357, 358, 359, 360, 361, 362, 363, 364, 365, 366, 367, 368, 369, 370, 371, 372, 373, 374, 375, 376, 377, 378, 379, 380, 381, 382, 383, 384, 385, 386, 387, 388, 389, 390, 391, 392, 393, 394, 395, 396, 397, 398, 399, 400]","{7: [RollingMean(window_size=7)], 30: [RollingMean(window_size=30)], 60: [RollingMean(window_size=60)]}",lags_400_features_400,11.886818667158568,17.45430135287263,19.050192995531457,18.29149492367904,18.97641871242242,20.852149864488855,31.612497629570836,36.2119345714741,48.356229697144755,54.57511828858844,53.69507973625459
LGBMRegressor,"AutoSeasonalityAndDifferences(max_diffs=380, max_season_length=267, n_seasons=10)","[1, 2, 3, 4, 5, 6, 7, 8, 9, 10, 11, 12, 13, 14, 15, 16, 17, 18, 19, 20, 21, 22, 23, 24, 25, 26, 27, 28, 29, 30, 31, 32, 33, 34, 35, 36, 37, 38, 39, 40, 41, 42, 43, 44, 45, 46, 47, 48, 49, 50, 51, 52, 53, 54, 55, 56, 57, 58, 59, 60, 61, 62, 63, 64, 65, 66, 67, 68, 69, 70, 71, 72, 73, 74, 75, 76, 77, 78, 79, 80, 81, 82, 83, 84, 85, 86, 87, 88, 89, 90, 91, 92, 93, 94, 95, 96, 97, 98, 99, 100, 101, 102, 103, 104, 105, 106, 107, 108, 109, 110, 111, 112, 113, 114, 115, 116, 117, 118, 119, 120, 121, 122, 123, 124, 125, 126, 127, 128, 129, 130, 131, 132, 133, 134, 135, 136, 137, 138, 139, 140, 141, 142, 143, 144, 145, 146, 147, 148, 149, 150, 151, 152, 153, 154, 155, 156, 157, 158, 159, 160, 161, 162, 163, 164, 165, 166, 167, 168, 169, 170, 171, 172, 173, 174, 175, 176, 177, 178, 179, 180, 181, 182, 183, 184, 185, 186, 187, 188, 189, 190, 191, 192, 193, 194, 195, 196, 197, 198, 199, 200, 201, 202, 203, 204, 205, 206, 207, 208, 209, 210, 211, 212, 213, 214, 215, 216, 217, 218, 219, 220, 221, 222, 223, 224, 225, 226, 227, 228, 229, 230, 231, 232, 233, 234, 235, 236, 237, 238, 239, 240, 241, 242, 243, 244, 245, 246, 247, 248, 249, 250, 251, 252, 253, 254, 255, 256, 257, 258, 259, 260, 261, 262, 263, 264, 265, 266, 267, 268, 269, 270, 271, 272, 273, 274, 275, 276, 277, 278, 279, 280, 281, 282, 283, 284, 285, 286, 287, 288, 289, 290, 291, 292, 293, 294, 295, 296, 297, 298, 299, 300, 301, 302, 303, 304, 305, 306, 307, 308, 309, 310, 311, 312, 313, 314, 315, 316, 317, 318, 319, 320, 321, 322, 323, 324, 325, 326, 327, 328, 329, 330, 331, 332, 333, 334, 335, 336, 337, 338, 339, 340, 341, 342, 343, 344, 345, 346, 347, 348, 349, 350, 351, 352, 353, 354, 355, 356, 357, 358, 359, 360, 361, 362, 363, 364, 365, 366, 367, 368, 369, 370, 371, 372, 373, 374, 375, 376, 377, 378, 379, 380, 381, 382, 383, 384, 385, 386, 387, 388, 389, 390, 391, 392, 393, 394, 395, 396, 397, 398, 399, 400]","{7: [RollingMean(window_size=7)], 30: [RollingMean(window_size=30)], 60: [RollingMean(window_size=60)]}",lags_400_features_400,11.147206314227724,18.45583201748999,20.129113809741487,19.605405405181298,19.49814611089742,22.975620231229,30.12513096481747,33.815194182397605,43.77963838907118,46.26484201314947,45.60464632988716
XGBRegressor,"AutoSeasonalityAndDifferences(max_diffs=380, max_season_length=267, n_seasons=10)","[1, 2, 3, 4, 5, 6, 7, 8, 9, 10, 11, 12, 13, 14, 15, 16, 17, 18, 19, 20, 21, 22, 23, 24, 25, 26, 27, 28, 29, 30, 31, 32, 33, 34, 35, 36, 37, 38, 39, 40, 41, 42, 43, 44, 45, 46, 47, 48, 49, 50, 51, 52, 53, 54, 55, 56, 57, 58, 59, 60, 61, 62, 63, 64, 65, 66, 67, 68, 69, 70, 71, 72, 73, 74, 75, 76, 77, 78, 79, 80, 81, 82, 83, 84, 85, 86, 87, 88, 89, 90, 91, 92, 93, 94, 95, 96, 97, 98, 99, 100, 101, 102, 103, 104, 105, 106, 107, 108, 109, 110, 111, 112, 113, 114, 115, 116, 117, 118, 119, 120, 121, 122, 123, 124, 125, 126, 127, 128, 129, 130, 131, 132, 133, 134, 135, 136, 137, 138, 139, 140, 141, 142, 143, 144, 145, 146, 147, 148, 149, 150, 151, 152, 153, 154, 155, 156, 157, 158, 159, 160, 161, 162, 163, 164, 165, 166, 167, 168, 169, 170, 171, 172, 173, 174, 175, 176, 177, 178, 179, 180, 181, 182, 183, 184, 185, 186, 187, 188, 189, 190, 191, 192, 193, 194, 195, 196, 197, 198, 199, 200, 201, 202, 203, 204, 205, 206, 207, 208, 209, 210, 211, 212, 213, 214, 215, 216, 217, 218, 219, 220, 221, 222, 223, 224, 225, 226, 227, 228, 229, 230, 231, 232, 233, 234, 235, 236, 237, 238, 239, 240, 241, 242, 243, 244, 245, 246, 247, 248, 249, 250, 251, 252, 253, 254, 255, 256, 257, 258, 259, 260, 261, 262, 263, 264, 265, 266, 267, 268, 269, 270, 271, 272, 273, 274, 275, 276, 277, 278, 279, 280, 281, 282, 283, 284, 285, 286, 287, 288, 289, 290, 291, 292, 293, 294, 295, 296, 297, 298, 299, 300, 301, 302, 303, 304, 305, 306, 307, 308, 309, 310, 311, 312, 313, 314, 315, 316, 317, 318, 319, 320, 321, 322, 323, 324, 325, 326, 327, 328, 329, 330, 331, 332, 333, 334, 335, 336, 337, 338, 339, 340, 341, 342, 343, 344, 345, 346, 347, 348, 349, 350, 351, 352, 353, 354, 355, 356, 357, 358, 359, 360, 361, 362, 363, 364, 365, 366, 367, 368, 369, 370, 371, 372, 373, 374, 375, 376, 377, 378, 379, 380, 381, 382, 383, 384, 385, 386, 387, 388, 389, 390, 391, 392, 393, 394, 395, 396, 397, 398, 399, 400]","{7: [RollingMean(window_size=7), RollingStd(window_size=7)], 30: [RollingMean(window_size=30)], 60: [ExpandingMean()], 14: [ExponentiallyWeightedMean(alpha=0.3)]}",lags_400_features_400,11.309877842966214,16.85010328097957,18.955772954252332,18.42055236013333,19.255227948784697,21.08453457784072,30.84773394022503,35.66817308613461,48.02166156743795,54.59540380079696,53.689983773157614
LGBMRegressor,"AutoSeasonalityAndDifferences(max_diffs=380, max_season_length=267, n_seasons=10)","[1, 2, 3, 4, 5, 6, 7, 8, 9, 10, 11, 12, 13, 14, 15, 16, 17, 18, 19, 20, 21, 22, 23, 24, 25, 26, 27, 28, 29, 30, 31, 32, 33, 34, 35, 36, 37, 38, 39, 40, 41, 42, 43, 44, 45, 46, 47, 48, 49, 50, 51, 52, 53, 54, 55, 56, 57, 58, 59, 60, 61, 62, 63, 64, 65, 66, 67, 68, 69, 70, 71, 72, 73, 74, 75, 76, 77, 78, 79, 80, 81, 82, 83, 84, 85, 86, 87, 88, 89, 90, 91, 92, 93, 94, 95, 96, 97, 98, 99, 100, 101, 102, 103, 104, 105, 106, 107, 108, 109, 110, 111, 112, 113, 114, 115, 116, 117, 118, 119, 120, 121, 122, 123, 124, 125, 126, 127, 128, 129, 130, 131, 132, 133, 134, 135, 136, 137, 138, 139, 140, 141, 142, 143, 144, 145, 146, 147, 148, 149, 150, 151, 152, 153, 154, 155, 156, 157, 158, 159, 160, 161, 162, 163, 164, 165, 166, 167, 168, 169, 170, 171, 172, 173, 174, 175, 176, 177, 178, 179, 180, 181, 182, 183, 184, 185, 186, 187, 188, 189, 190, 191, 192, 193, 194, 195, 196, 197, 198, 199, 200, 201, 202, 203, 204, 205, 206, 207, 208, 209, 210, 211, 212, 213, 214, 215, 216, 217, 218, 219, 220, 221, 222, 223, 224, 225, 226, 227, 228, 229, 230, 231, 232, 233, 234, 235, 236, 237, 238, 239, 240, 241, 242, 243, 244, 245, 246, 247, 248, 249, 250, 251, 252, 253, 254, 255, 256, 257, 258, 259, 260, 261, 262, 263, 264, 265, 266, 267, 268, 269, 270, 271, 272, 273, 274, 275, 276, 277, 278, 279, 280, 281, 282, 283, 284, 285, 286, 287, 288, 289, 290, 291, 292, 293, 294, 295, 296, 297, 298, 299, 300, 301, 302, 303, 304, 305, 306, 307, 308, 309, 310, 311, 312, 313, 314, 315, 316, 317, 318, 319, 320, 321, 322, 323, 324, 325, 326, 327, 328, 329, 330, 331, 332, 333, 334, 335, 336, 337, 338, 339, 340, 341, 342, 343, 344, 345, 346, 347, 348, 349, 350, 351, 352, 353, 354, 355, 356, 357, 358, 359, 360, 361, 362, 363, 364, 365, 366, 367, 368, 369, 370, 371, 372, 373, 374, 375, 376, 377, 378, 379, 380, 381, 382, 383, 384, 385, 386, 387, 388, 389, 390, 391, 392, 393, 394, 395, 396, 397, 398, 399, 400]","{7: [RollingMean(window_size=7), RollingStd(window_size=7)], 30: [RollingMean(window_size=30)], 60: [ExpandingMean()], 14: [ExponentiallyWeightedMean(alpha=0.3)]}",lags_400_features_400,11.513124819253798,18.21401476561811,19.676081655992895,19.08889070555646,18.894442235872294,22.365175054842545,29.466677545741444,33.13841535545413,43.47100843525873,46.250318360660884,45.66683942525019
SGD_EarlyStopping,LocalStandardScaler(stats_=[[47.42372721 38.3630083 ]]),"[1, 2, 3, 4, 5, 6, 7, 8, 9, 10, 11, 12, 13, 14, 15, 16, 17, 18, 19, 20, 21, 22, 23, 24, 25, 26, 27, 28, 29, 30, 31, 32, 33, 34, 35, 36, 37, 38, 39, 40, 41, 42, 43, 44, 45, 46, 47, 48, 49, 50, 51, 52, 53, 54, 55, 56, 57, 58, 59, 60, 61, 62, 63, 64, 65, 66, 67, 68, 69, 70, 71, 72, 73, 74, 75, 76, 77, 78, 79, 80, 81, 82, 83, 84, 85, 86, 87, 88, 89, 90, 91, 92, 93, 94, 95, 96, 97, 98, 99, 100, 101, 102, 103, 104, 105, 106, 107, 108, 109, 110, 111, 112, 113, 114, 115, 116, 117, 118, 119, 120, 121, 122, 123, 124, 125, 126, 127, 128, 129, 130, 131, 132, 133, 134, 135, 136, 137, 138, 139, 140, 141, 142, 143, 144, 145, 146, 147, 148, 149, 150, 151, 152, 153, 154, 155, 156, 157, 158, 159, 160, 161, 162, 163, 164, 165, 166, 167, 168, 169, 170, 171, 172, 173, 174, 175, 176, 177, 178, 179, 180, 181, 182, 183, 184, 185, 186, 187, 188, 189, 190, 191, 192, 193, 194, 195, 196, 197, 198, 199, 200, 201, 202, 203, 204, 205, 206, 207, 208, 209, 210, 211, 212, 213, 214, 215, 216, 217, 218, 219, 220, 221, 222, 223, 224, 225, 226, 227, 228, 229, 230, 231, 232, 233, 234, 235, 236, 237, 238, 239, 240, 241, 242, 243, 244, 245, 246, 247, 248, 249, 250, 251, 252, 253, 254, 255, 256, 257, 258, 259, 260, 261, 262, 263, 264, 265, 266, 267, 268, 269, 270, 271, 272, 273, 274, 275, 276, 277, 278, 279, 280, 281, 282, 283, 284, 285, 286, 287, 288, 289, 290, 291, 292, 293, 294, 295, 296, 297, 298, 299, 300, 301, 302, 303, 304, 305, 306, 307, 308, 309, 310, 311, 312, 313, 314, 315, 316, 317, 318, 319, 320, 321, 322, 323, 324, 325, 326, 327, 328, 329, 330, 331, 332, 333, 334, 335, 336, 337, 338, 339, 340, 341, 342, 343, 344, 345, 346, 347, 348, 349, 350, 351, 352, 353, 354, 355, 356, 357, 358, 359, 360, 361, 362, 363, 364, 365, 366, 367, 368, 369, 370, 371, 372, 373, 374, 375, 376, 377, 378, 379, 380, 381, 382, 383, 384, 385, 386, 387, 388, 389, 390, 391, 392, 393, 394, 395, 396, 397, 398, 399, 400]","{1: [<function expanding_mean at 0x000002C58F7A04A0>], 7: [<function rolling_mean_14 at 0x000002C5930FAA20>], 30: [<function expanding_mean at 0x000002C58F7A04A0>]}",lags_400_features_400,57.193856170842814,67.55525799654384,80.26062878492594,81.57597716869032,77.47317035607061,78.73601996020473,80.17457704498324,93.18994745184142,122.69079682172742,148.79355645455234,148.41034075384837
SGD_ElasticNet,LocalStandardScaler(stats_=[[47.42372721 38.3630083 ]]),"[1, 2, 3, 4, 5, 6, 7, 8, 9, 10, 11, 12, 13, 14, 15, 16, 17, 18, 19, 20, 21, 22, 23, 24, 25, 26, 27, 28, 29, 30, 31, 32, 33, 34, 35, 36, 37, 38, 39, 40, 41, 42, 43, 44, 45, 46, 47, 48, 49, 50, 51, 52, 53, 54, 55, 56, 57, 58, 59, 60, 61, 62, 63, 64, 65, 66, 67, 68, 69, 70, 71, 72, 73, 74, 75, 76, 77, 78, 79, 80, 81, 82, 83, 84, 85, 86, 87, 88, 89, 90, 91, 92, 93, 94, 95, 96, 97, 98, 99, 100, 101, 102, 103, 104, 105, 106, 107, 108, 109, 110, 111, 112, 113, 114, 115, 116, 117, 118, 119, 120, 121, 122, 123, 124, 125, 126, 127, 128, 129, 130, 131, 132, 133, 134, 135, 136, 137, 138, 139, 140, 141, 142, 143, 144, 145, 146, 147, 148, 149, 150, 151, 152, 153, 154, 155, 156, 157, 158, 159, 160, 161, 162, 163, 164, 165, 166, 167, 168, 169, 170, 171, 172, 173, 174, 175, 176, 177, 178, 179, 180, 181, 182, 183, 184, 185, 186, 187, 188, 189, 190, 191, 192, 193, 194, 195, 196, 197, 198, 199, 200, 201, 202, 203, 204, 205, 206, 207, 208, 209, 210, 211, 212, 213, 214, 215, 216, 217, 218, 219, 220, 221, 222, 223, 224, 225, 226, 227, 228, 229, 230, 231, 232, 233, 234, 235, 236, 237, 238, 239, 240, 241, 242, 243, 244, 245, 246, 247, 248, 249, 250, 251, 252, 253, 254, 255, 256, 257, 258, 259, 260, 261, 262, 263, 264, 265, 266, 267, 268, 269, 270, 271, 272, 273, 274, 275, 276, 277, 278, 279, 280, 281, 282, 283, 284, 285, 286, 287, 288, 289, 290, 291, 292, 293, 294, 295, 296, 297, 298, 299, 300, 301, 302, 303, 304, 305, 306, 307, 308, 309, 310, 311, 312, 313, 314, 315, 316, 317, 318, 319, 320, 321, 322, 323, 324, 325, 326, 327, 328, 329, 330, 331, 332, 333, 334, 335, 336, 337, 338, 339, 340, 341, 342, 343, 344, 345, 346, 347, 348, 349, 350, 351, 352, 353, 354, 355, 356, 357, 358, 359, 360, 361, 362, 363, 364, 365, 366, 367, 368, 369, 370, 371, 372, 373, 374, 375, 376, 377, 378, 379, 380, 381, 382, 383, 384, 385, 386, 387, 388, 389, 390, 391, 392, 393, 394, 395, 396, 397, 398, 399, 400]","{1: [<function expanding_mean at 0x000002C58F7A04A0>], 7: [<function rolling_mean_14 at 0x000002C5930FAA20>], 30: [<function expanding_mean at 0x000002C58F7A04A0>]}",lags_400_features_400,83.77562439879266,69.31477558604146,86.79735929306743,82.59449010119869,76.99454167441263,81.73232065772892,79.33497180614943,77.92915347781346,97.97588151649649,141.21672082488774,143.67030613926806
SGD_Lasso,LocalStandardScaler(stats_=[[47.42372721 38.3630083 ]]),"[1, 2, 3, 4, 5, 6, 7, 8, 9, 10, 11, 12, 13, 14, 15, 16, 17, 18, 19, 20, 21, 22, 23, 24, 25, 26, 27, 28, 29, 30, 31, 32, 33, 34, 35, 36, 37, 38, 39, 40, 41, 42, 43, 44, 45, 46, 47, 48, 49, 50, 51, 52, 53, 54, 55, 56, 57, 58, 59, 60, 61, 62, 63, 64, 65, 66, 67, 68, 69, 70, 71, 72, 73, 74, 75, 76, 77, 78, 79, 80, 81, 82, 83, 84, 85, 86, 87, 88, 89, 90, 91, 92, 93, 94, 95, 96, 97, 98, 99, 100, 101, 102, 103, 104, 105, 106, 107, 108, 109, 110, 111, 112, 113, 114, 115, 116, 117, 118, 119, 120, 121, 122, 123, 124, 125, 126, 127, 128, 129, 130, 131, 132, 133, 134, 135, 136, 137, 138, 139, 140, 141, 142, 143, 144, 145, 146, 147, 148, 149, 150, 151, 152, 153, 154, 155, 156, 157, 158, 159, 160, 161, 162, 163, 164, 165, 166, 167, 168, 169, 170, 171, 172, 173, 174, 175, 176, 177, 178, 179, 180, 181, 182, 183, 184, 185, 186, 187, 188, 189, 190, 191, 192, 193, 194, 195, 196, 197, 198, 199, 200, 201, 202, 203, 204, 205, 206, 207, 208, 209, 210, 211, 212, 213, 214, 215, 216, 217, 218, 219, 220, 221, 222, 223, 224, 225, 226, 227, 228, 229, 230, 231, 232, 233, 234, 235, 236, 237, 238, 239, 240, 241, 242, 243, 244, 245, 246, 247, 248, 249, 250, 251, 252, 253, 254, 255, 256, 257, 258, 259, 260, 261, 262, 263, 264, 265, 266, 267, 268, 269, 270, 271, 272, 273, 274, 275, 276, 277, 278, 279, 280, 281, 282, 283, 284, 285, 286, 287, 288, 289, 290, 291, 292, 293, 294, 295, 296, 297, 298, 299, 300, 301, 302, 303, 304, 305, 306, 307, 308, 309, 310, 311, 312, 313, 314, 315, 316, 317, 318, 319, 320, 321, 322, 323, 324, 325, 326, 327, 328, 329, 330, 331, 332, 333, 334, 335, 336, 337, 338, 339, 340, 341, 342, 343, 344, 345, 346, 347, 348, 349, 350, 351, 352, 353, 354, 355, 356, 357, 358, 359, 360, 361, 362, 363, 364, 365, 366, 367, 368, 369, 370, 371, 372, 373, 374, 375, 376, 377, 378, 379, 380, 381, 382, 383, 384, 385, 386, 387, 388, 389, 390, 391, 392, 393, 394, 395, 396, 397, 398, 399, 400]","{1: [<function expanding_mean at 0x000002C58F7A04A0>], 7: [<function rolling_mean_14 at 0x000002C5930FAA20>], 30: [<function expanding_mean at 0x000002C58F7A04A0>]}",lags_400_features_400,119.44920188330022,104.05390465661806,102.36402919660006,91.3140402506384,76.71551477149504,67.91246565956575,62.06094727448195,56.29280386242539,72.33834079954104,97.90546375599347,97.3598933615318
SGD_Ridge,LocalStandardScaler(stats_=[[47.42372721 38.3630083 ]]),"[1, 2, 3, 4, 5, 6, 7, 8, 9, 10, 11, 12, 13, 14, 15, 16, 17, 18, 19, 20, 21, 22, 23, 24, 25, 26, 27, 28, 29, 30, 31, 32, 33, 34, 35, 36, 37, 38, 39, 40, 41, 42, 43, 44, 45, 46, 47, 48, 49, 50, 51, 52, 53, 54, 55, 56, 57, 58, 59, 60, 61, 62, 63, 64, 65, 66, 67, 68, 69, 70, 71, 72, 73, 74, 75, 76, 77, 78, 79, 80, 81, 82, 83, 84, 85, 86, 87, 88, 89, 90, 91, 92, 93, 94, 95, 96, 97, 98, 99, 100, 101, 102, 103, 104, 105, 106, 107, 108, 109, 110, 111, 112, 113, 114, 115, 116, 117, 118, 119, 120, 121, 122, 123, 124, 125, 126, 127, 128, 129, 130, 131, 132, 133, 134, 135, 136, 137, 138, 139, 140, 141, 142, 143, 144, 145, 146, 147, 148, 149, 150, 151, 152, 153, 154, 155, 156, 157, 158, 159, 160, 161, 162, 163, 164, 165, 166, 167, 168, 169, 170, 171, 172, 173, 174, 175, 176, 177, 178, 179, 180, 181, 182, 183, 184, 185, 186, 187, 188, 189, 190, 191, 192, 193, 194, 195, 196, 197, 198, 199, 200, 201, 202, 203, 204, 205, 206, 207, 208, 209, 210, 211, 212, 213, 214, 215, 216, 217, 218, 219, 220, 221, 222, 223, 224, 225, 226, 227, 228, 229, 230, 231, 232, 233, 234, 235, 236, 237, 238, 239, 240, 241, 242, 243, 244, 245, 246, 247, 248, 249, 250, 251, 252, 253, 254, 255, 256, 257, 258, 259, 260, 261, 262, 263, 264, 265, 266, 267, 268, 269, 270, 271, 272, 273, 274, 275, 276, 277, 278, 279, 280, 281, 282, 283, 284, 285, 286, 287, 288, 289, 290, 291, 292, 293, 294, 295, 296, 297, 298, 299, 300, 301, 302, 303, 304, 305, 306, 307, 308, 309, 310, 311, 312, 313, 314, 315, 316, 317, 318, 319, 320, 321, 322, 323, 324, 325, 326, 327, 328, 329, 330, 331, 332, 333, 334, 335, 336, 337, 338, 339, 340, 341, 342, 343, 344, 345, 346, 347, 348, 349, 350, 351, 352, 353, 354, 355, 356, 357, 358, 359, 360, 361, 362, 363, 364, 365, 366, 367, 368, 369, 370, 371, 372, 373, 374, 375, 376, 377, 378, 379, 380, 381, 382, 383, 384, 385, 386, 387, 388, 389, 390, 391, 392, 393, 394, 395, 396, 397, 398, 399, 400]","{1: [<function expanding_mean at 0x000002C58F7A04A0>], 7: [<function rolling_mean_14 at 0x000002C5930FAA20>], 30: [<function expanding_mean at 0x000002C58F7A04A0>]}",lags_400_features_400,22.603828729783864,35.68017089274512,37.16765529613896,41.31746756578335,40.106989046463084,42.49435772389949,45.48985114907101,51.22800324219391,59.27397906001488,60.30456365519288,60.53661755248852
SGDRegressor,LocalStandardScaler(stats_=[[47.42372721 38.3630083 ]]),"[1, 2, 3, 4, 5, 6, 7, 8, 9, 10, 11, 12, 13, 14, 15, 16, 17, 18, 19, 20, 21, 22, 23, 24, 25, 26, 27, 28, 29, 30, 31, 32, 33, 34, 35, 36, 37, 38, 39, 40, 41, 42, 43, 44, 45, 46, 47, 48, 49, 50, 51, 52, 53, 54, 55, 56, 57, 58, 59, 60, 61, 62, 63, 64, 65, 66, 67, 68, 69, 70, 71, 72, 73, 74, 75, 76, 77, 78, 79, 80, 81, 82, 83, 84, 85, 86, 87, 88, 89, 90, 91, 92, 93, 94, 95, 96, 97, 98, 99, 100, 101, 102, 103, 104, 105, 106, 107, 108, 109, 110, 111, 112, 113, 114, 115, 116, 117, 118, 119, 120, 121, 122, 123, 124, 125, 126, 127, 128, 129, 130, 131, 132, 133, 134, 135, 136, 137, 138, 139, 140, 141, 142, 143, 144, 145, 146, 147, 148, 149, 150, 151, 152, 153, 154, 155, 156, 157, 158, 159, 160, 161, 162, 163, 164, 165, 166, 167, 168, 169, 170, 171, 172, 173, 174, 175, 176, 177, 178, 179, 180, 181, 182, 183, 184, 185, 186, 187, 188, 189, 190, 191, 192, 193, 194, 195, 196, 197, 198, 199, 200, 201, 202, 203, 204, 205, 206, 207, 208, 209, 210, 211, 212, 213, 214, 215, 216, 217, 218, 219, 220, 221, 222, 223, 224, 225, 226, 227, 228, 229, 230, 231, 232, 233, 234, 235, 236, 237, 238, 239, 240, 241, 242, 243, 244, 245, 246, 247, 248, 249, 250, 251, 252, 253, 254, 255, 256, 257, 258, 259, 260, 261, 262, 263, 264, 265, 266, 267, 268, 269, 270, 271, 272, 273, 274, 275, 276, 277, 278, 279, 280, 281, 282, 283, 284, 285, 286, 287, 288, 289, 290, 291, 292, 293, 294, 295, 296, 297, 298, 299, 300, 301, 302, 303, 304, 305, 306, 307, 308, 309, 310, 311, 312, 313, 314, 315, 316, 317, 318, 319, 320, 321, 322, 323, 324, 325, 326, 327, 328, 329, 330, 331, 332, 333, 334, 335, 336, 337, 338, 339, 340, 341, 342, 343, 344, 345, 346, 347, 348, 349, 350, 351, 352, 353, 354, 355, 356, 357, 358, 359, 360, 361, 362, 363, 364, 365, 366, 367, 368, 369, 370, 371, 372, 373, 374, 375, 376, 377, 378, 379, 380, 381, 382, 383, 384, 385, 386, 387, 388, 389, 390, 391, 392, 393, 394, 395, 396, 397, 398, 399, 400]","{1: [<function expanding_mean at 0x000002C58F7A04A0>], 7: [<function rolling_mean_14 at 0x000002C5930FAA20>], 30: [<function expanding_mean at 0x000002C58F7A04A0>]}",lags_400_features_400,96.38743364324142,77.03940600461846,94.57132082069074,89.61728443480716,82.69355250770988,86.63403284901308,83.39871063992457,81.57234474072953,103.52909072143856,156.30557106175658,159.42818554477756
XGBRegressor,LocalStandardScaler(stats_=[[47.42372721 38.3630083 ]]),"[1, 2, 3, 4, 5, 6, 7, 8, 9, 10, 11, 12, 13, 14, 15, 16, 17, 18, 19, 20, 21, 22, 23, 24, 25, 26, 27, 28, 29, 30, 31, 32, 33, 34, 35, 36, 37, 38, 39, 40, 41, 42, 43, 44, 45, 46, 47, 48, 49, 50, 51, 52, 53, 54, 55, 56, 57, 58, 59, 60, 61, 62, 63, 64, 65, 66, 67, 68, 69, 70, 71, 72, 73, 74, 75, 76, 77, 78, 79, 80, 81, 82, 83, 84, 85, 86, 87, 88, 89, 90, 91, 92, 93, 94, 95, 96, 97, 98, 99, 100, 101, 102, 103, 104, 105, 106, 107, 108, 109, 110, 111, 112, 113, 114, 115, 116, 117, 118, 119, 120, 121, 122, 123, 124, 125, 126, 127, 128, 129, 130, 131, 132, 133, 134, 135, 136, 137, 138, 139, 140, 141, 142, 143, 144, 145, 146, 147, 148, 149, 150, 151, 152, 153, 154, 155, 156, 157, 158, 159, 160, 161, 162, 163, 164, 165, 166, 167, 168, 169, 170, 171, 172, 173, 174, 175, 176, 177, 178, 179, 180, 181, 182, 183, 184, 185, 186, 187, 188, 189, 190, 191, 192, 193, 194, 195, 196, 197, 198, 199, 200, 201, 202, 203, 204, 205, 206, 207, 208, 209, 210, 211, 212, 213, 214, 215, 216, 217, 218, 219, 220, 221, 222, 223, 224, 225, 226, 227, 228, 229, 230, 231, 232, 233, 234, 235, 236, 237, 238, 239, 240, 241, 242, 243, 244, 245, 246, 247, 248, 249, 250, 251, 252, 253, 254, 255, 256, 257, 258, 259, 260, 261, 262, 263, 264, 265, 266, 267, 268, 269, 270, 271, 272, 273, 274, 275, 276, 277, 278, 279, 280, 281, 282, 283, 284, 285, 286, 287, 288, 289, 290, 291, 292, 293, 294, 295, 296, 297, 298, 299, 300, 301, 302, 303, 304, 305, 306, 307, 308, 309, 310, 311, 312, 313, 314, 315, 316, 317, 318, 319, 320, 321, 322, 323, 324, 325, 326, 327, 328, 329, 330, 331, 332, 333, 334, 335, 336, 337, 338, 339, 340, 341, 342, 343, 344, 345, 346, 347, 348, 349, 350, 351, 352, 353, 354, 355, 356, 357, 358, 359, 360, 361, 362, 363, 364, 365, 366, 367, 368, 369, 370, 371, 372, 373, 374, 375, 376, 377, 378, 379, 380, 381, 382, 383, 384, 385, 386, 387, 388, 389, 390, 391, 392, 393, 394, 395, 396, 397, 398, 399, 400]","{1: [<function expanding_mean at 0x000002C58F7A04A0>], 7: [<function rolling_mean_14 at 0x000002C5930FAA20>], 30: [<function expanding_mean at 0x000002C58F7A04A0>]}",lags_400_features_400,14.575418195256038,18.61878369001771,20.607852822792275,19.766467257521615,19.72378303675715,27.33854874224192,37.975490365516215,40.487681341724254,49.71449022318467,55.738628185946204,55.23552244969265
LGBMRegressor,LocalStandardScaler(stats_=[[47.42372721 38.3630083 ]]),"[1, 2, 3, 4, 5, 6, 7, 8, 9, 10, 11, 12, 13, 14, 15, 16, 17, 18, 19, 20, 21, 22, 23, 24, 25, 26, 27, 28, 29, 30, 31, 32, 33, 34, 35, 36, 37, 38, 39, 40, 41, 42, 43, 44, 45, 46, 47, 48, 49, 50, 51, 52, 53, 54, 55, 56, 57, 58, 59, 60, 61, 62, 63, 64, 65, 66, 67, 68, 69, 70, 71, 72, 73, 74, 75, 76, 77, 78, 79, 80, 81, 82, 83, 84, 85, 86, 87, 88, 89, 90, 91, 92, 93, 94, 95, 96, 97, 98, 99, 100, 101, 102, 103, 104, 105, 106, 107, 108, 109, 110, 111, 112, 113, 114, 115, 116, 117, 118, 119, 120, 121, 122, 123, 124, 125, 126, 127, 128, 129, 130, 131, 132, 133, 134, 135, 136, 137, 138, 139, 140, 141, 142, 143, 144, 145, 146, 147, 148, 149, 150, 151, 152, 153, 154, 155, 156, 157, 158, 159, 160, 161, 162, 163, 164, 165, 166, 167, 168, 169, 170, 171, 172, 173, 174, 175, 176, 177, 178, 179, 180, 181, 182, 183, 184, 185, 186, 187, 188, 189, 190, 191, 192, 193, 194, 195, 196, 197, 198, 199, 200, 201, 202, 203, 204, 205, 206, 207, 208, 209, 210, 211, 212, 213, 214, 215, 216, 217, 218, 219, 220, 221, 222, 223, 224, 225, 226, 227, 228, 229, 230, 231, 232, 233, 234, 235, 236, 237, 238, 239, 240, 241, 242, 243, 244, 245, 246, 247, 248, 249, 250, 251, 252, 253, 254, 255, 256, 257, 258, 259, 260, 261, 262, 263, 264, 265, 266, 267, 268, 269, 270, 271, 272, 273, 274, 275, 276, 277, 278, 279, 280, 281, 282, 283, 284, 285, 286, 287, 288, 289, 290, 291, 292, 293, 294, 295, 296, 297, 298, 299, 300, 301, 302, 303, 304, 305, 306, 307, 308, 309, 310, 311, 312, 313, 314, 315, 316, 317, 318, 319, 320, 321, 322, 323, 324, 325, 326, 327, 328, 329, 330, 331, 332, 333, 334, 335, 336, 337, 338, 339, 340, 341, 342, 343, 344, 345, 346, 347, 348, 349, 350, 351, 352, 353, 354, 355, 356, 357, 358, 359, 360, 361, 362, 363, 364, 365, 366, 367, 368, 369, 370, 371, 372, 373, 374, 375, 376, 377, 378, 379, 380, 381, 382, 383, 384, 385, 386, 387, 388, 389, 390, 391, 392, 393, 394, 395, 396, 397, 398, 399, 400]","{1: [<function expanding_mean at 0x000002C58F7A04A0>], 7: [<function rolling_mean_14 at 0x000002C5930FAA20>], 30: [<function expanding_mean at 0x000002C58F7A04A0>]}",lags_400_features_400,10.04976714107875,18.903756950926304,20.55635250600284,20.750704839126907,20.92925463014676,24.35186600249506,31.246610168101167,35.78620346617229,45.70868150564849,46.36996518315363,45.572092289545196
SGD_EarlyStopping,LocalStandardScaler(stats_=[[47.42372721 38.3630083 ]]),"[1, 2, 3, 4, 5, 6, 7, 8, 9, 10, 11, 12, 13, 14, 15, 16, 17, 18, 19, 20, 21, 22, 23, 24, 25, 26, 27, 28, 29, 30, 31, 32, 33, 34, 35, 36, 37, 38, 39, 40, 41, 42, 43, 44, 45, 46, 47, 48, 49, 50, 51, 52, 53, 54, 55, 56, 57, 58, 59, 60, 61, 62, 63, 64, 65, 66, 67, 68, 69, 70, 71, 72, 73, 74, 75, 76, 77, 78, 79, 80, 81, 82, 83, 84, 85, 86, 87, 88, 89, 90, 91, 92, 93, 94, 95, 96, 97, 98, 99, 100, 101, 102, 103, 104, 105, 106, 107, 108, 109, 110, 111, 112, 113, 114, 115, 116, 117, 118, 119, 120, 121, 122, 123, 124, 125, 126, 127, 128, 129, 130, 131, 132, 133, 134, 135, 136, 137, 138, 139, 140, 141, 142, 143, 144, 145, 146, 147, 148, 149, 150, 151, 152, 153, 154, 155, 156, 157, 158, 159, 160, 161, 162, 163, 164, 165, 166, 167, 168, 169, 170, 171, 172, 173, 174, 175, 176, 177, 178, 179, 180, 181, 182, 183, 184, 185, 186, 187, 188, 189, 190, 191, 192, 193, 194, 195, 196, 197, 198, 199, 200, 201, 202, 203, 204, 205, 206, 207, 208, 209, 210, 211, 212, 213, 214, 215, 216, 217, 218, 219, 220, 221, 222, 223, 224, 225, 226, 227, 228, 229, 230, 231, 232, 233, 234, 235, 236, 237, 238, 239, 240, 241, 242, 243, 244, 245, 246, 247, 248, 249, 250, 251, 252, 253, 254, 255, 256, 257, 258, 259, 260, 261, 262, 263, 264, 265, 266, 267, 268, 269, 270, 271, 272, 273, 274, 275, 276, 277, 278, 279, 280, 281, 282, 283, 284, 285, 286, 287, 288, 289, 290, 291, 292, 293, 294, 295, 296, 297, 298, 299, 300, 301, 302, 303, 304, 305, 306, 307, 308, 309, 310, 311, 312, 313, 314, 315, 316, 317, 318, 319, 320, 321, 322, 323, 324, 325, 326, 327, 328, 329, 330, 331, 332, 333, 334, 335, 336, 337, 338, 339, 340, 341, 342, 343, 344, 345, 346, 347, 348, 349, 350, 351, 352, 353, 354, 355, 356, 357, 358, 359, 360, 361, 362, 363, 364, 365, 366, 367, 368, 369, 370, 371, 372, 373, 374, 375, 376, 377, 378, 379, 380, 381, 382, 383, 384, 385, 386, 387, 388, 389, 390, 391, 392, 393, 394, 395, 396, 397, 398, 399, 400]","{1: [<function rolling_mean_14 at 0x000002C5930FAA20>], 7: [<function rolling_mean_30 at 0x000002C58DBF9260>], 30: [<function expanding_mean at 0x000002C58F7A04A0>]}",lags_400_features_400,57.375176091650204,67.68448074463154,80.39745012262756,81.75738201416027,77.6675701741112,78.9079679576629,80.3839235858826,93.58293348043823,123.40046030593123,149.50461714348324,149.12754424634093
SGD_ElasticNet,LocalStandardScaler(stats_=[[47.42372721 38.3630083 ]]),"[1, 2, 3, 4, 5, 6, 7, 8, 9, 10, 11, 12, 13, 14, 15, 16, 17, 18, 19, 20, 21, 22, 23, 24, 25, 26, 27, 28, 29, 30, 31, 32, 33, 34, 35, 36, 37, 38, 39, 40, 41, 42, 43, 44, 45, 46, 47, 48, 49, 50, 51, 52, 53, 54, 55, 56, 57, 58, 59, 60, 61, 62, 63, 64, 65, 66, 67, 68, 69, 70, 71, 72, 73, 74, 75, 76, 77, 78, 79, 80, 81, 82, 83, 84, 85, 86, 87, 88, 89, 90, 91, 92, 93, 94, 95, 96, 97, 98, 99, 100, 101, 102, 103, 104, 105, 106, 107, 108, 109, 110, 111, 112, 113, 114, 115, 116, 117, 118, 119, 120, 121, 122, 123, 124, 125, 126, 127, 128, 129, 130, 131, 132, 133, 134, 135, 136, 137, 138, 139, 140, 141, 142, 143, 144, 145, 146, 147, 148, 149, 150, 151, 152, 153, 154, 155, 156, 157, 158, 159, 160, 161, 162, 163, 164, 165, 166, 167, 168, 169, 170, 171, 172, 173, 174, 175, 176, 177, 178, 179, 180, 181, 182, 183, 184, 185, 186, 187, 188, 189, 190, 191, 192, 193, 194, 195, 196, 197, 198, 199, 200, 201, 202, 203, 204, 205, 206, 207, 208, 209, 210, 211, 212, 213, 214, 215, 216, 217, 218, 219, 220, 221, 222, 223, 224, 225, 226, 227, 228, 229, 230, 231, 232, 233, 234, 235, 236, 237, 238, 239, 240, 241, 242, 243, 244, 245, 246, 247, 248, 249, 250, 251, 252, 253, 254, 255, 256, 257, 258, 259, 260, 261, 262, 263, 264, 265, 266, 267, 268, 269, 270, 271, 272, 273, 274, 275, 276, 277, 278, 279, 280, 281, 282, 283, 284, 285, 286, 287, 288, 289, 290, 291, 292, 293, 294, 295, 296, 297, 298, 299, 300, 301, 302, 303, 304, 305, 306, 307, 308, 309, 310, 311, 312, 313, 314, 315, 316, 317, 318, 319, 320, 321, 322, 323, 324, 325, 326, 327, 328, 329, 330, 331, 332, 333, 334, 335, 336, 337, 338, 339, 340, 341, 342, 343, 344, 345, 346, 347, 348, 349, 350, 351, 352, 353, 354, 355, 356, 357, 358, 359, 360, 361, 362, 363, 364, 365, 366, 367, 368, 369, 370, 371, 372, 373, 374, 375, 376, 377, 378, 379, 380, 381, 382, 383, 384, 385, 386, 387, 388, 389, 390, 391, 392, 393, 394, 395, 396, 397, 398, 399, 400]","{1: [<function rolling_mean_14 at 0x000002C5930FAA20>], 7: [<function rolling_mean_30 at 0x000002C58DBF9260>], 30: [<function expanding_mean at 0x000002C58F7A04A0>]}",lags_400_features_400,83.7764969254986,69.32616912231299,86.82503358645934,82.61804563263989,77.01759669919991,81.74841248619514,79.346433374314,77.93401916161052,97.9919598049675,141.24972425456215,143.70494216970974
SGD_Lasso,LocalStandardScaler(stats_=[[47.42372721 38.3630083 ]]),"[1, 2, 3, 4, 5, 6, 7, 8, 9, 10, 11, 12, 13, 14, 15, 16, 17, 18, 19, 20, 21, 22, 23, 24, 25, 26, 27, 28, 29, 30, 31, 32, 33, 34, 35, 36, 37, 38, 39, 40, 41, 42, 43, 44, 45, 46, 47, 48, 49, 50, 51, 52, 53, 54, 55, 56, 57, 58, 59, 60, 61, 62, 63, 64, 65, 66, 67, 68, 69, 70, 71, 72, 73, 74, 75, 76, 77, 78, 79, 80, 81, 82, 83, 84, 85, 86, 87, 88, 89, 90, 91, 92, 93, 94, 95, 96, 97, 98, 99, 100, 101, 102, 103, 104, 105, 106, 107, 108, 109, 110, 111, 112, 113, 114, 115, 116, 117, 118, 119, 120, 121, 122, 123, 124, 125, 126, 127, 128, 129, 130, 131, 132, 133, 134, 135, 136, 137, 138, 139, 140, 141, 142, 143, 144, 145, 146, 147, 148, 149, 150, 151, 152, 153, 154, 155, 156, 157, 158, 159, 160, 161, 162, 163, 164, 165, 166, 167, 168, 169, 170, 171, 172, 173, 174, 175, 176, 177, 178, 179, 180, 181, 182, 183, 184, 185, 186, 187, 188, 189, 190, 191, 192, 193, 194, 195, 196, 197, 198, 199, 200, 201, 202, 203, 204, 205, 206, 207, 208, 209, 210, 211, 212, 213, 214, 215, 216, 217, 218, 219, 220, 221, 222, 223, 224, 225, 226, 227, 228, 229, 230, 231, 232, 233, 234, 235, 236, 237, 238, 239, 240, 241, 242, 243, 244, 245, 246, 247, 248, 249, 250, 251, 252, 253, 254, 255, 256, 257, 258, 259, 260, 261, 262, 263, 264, 265, 266, 267, 268, 269, 270, 271, 272, 273, 274, 275, 276, 277, 278, 279, 280, 281, 282, 283, 284, 285, 286, 287, 288, 289, 290, 291, 292, 293, 294, 295, 296, 297, 298, 299, 300, 301, 302, 303, 304, 305, 306, 307, 308, 309, 310, 311, 312, 313, 314, 315, 316, 317, 318, 319, 320, 321, 322, 323, 324, 325, 326, 327, 328, 329, 330, 331, 332, 333, 334, 335, 336, 337, 338, 339, 340, 341, 342, 343, 344, 345, 346, 347, 348, 349, 350, 351, 352, 353, 354, 355, 356, 357, 358, 359, 360, 361, 362, 363, 364, 365, 366, 367, 368, 369, 370, 371, 372, 373, 374, 375, 376, 377, 378, 379, 380, 381, 382, 383, 384, 385, 386, 387, 388, 389, 390, 391, 392, 393, 394, 395, 396, 397, 398, 399, 400]","{1: [<function rolling_mean_14 at 0x000002C5930FAA20>], 7: [<function rolling_mean_30 at 0x000002C58DBF9260>], 30: [<function expanding_mean at 0x000002C58F7A04A0>]}",lags_400_features_400,119.44920188330022,104.05390465661806,102.36402919660006,91.3140402506384,76.71551477149504,67.91246565956575,62.06094727448195,56.29280386242539,72.33834079954104,97.90546375599347,97.3598933615318
SGD_Ridge,LocalStandardScaler(stats_=[[47.42372721 38.3630083 ]]),"[1, 2, 3, 4, 5, 6, 7, 8, 9, 10, 11, 12, 13, 14, 15, 16, 17, 18, 19, 20, 21, 22, 23, 24, 25, 26, 27, 28, 29, 30, 31, 32, 33, 34, 35, 36, 37, 38, 39, 40, 41, 42, 43, 44, 45, 46, 47, 48, 49, 50, 51, 52, 53, 54, 55, 56, 57, 58, 59, 60, 61, 62, 63, 64, 65, 66, 67, 68, 69, 70, 71, 72, 73, 74, 75, 76, 77, 78, 79, 80, 81, 82, 83, 84, 85, 86, 87, 88, 89, 90, 91, 92, 93, 94, 95, 96, 97, 98, 99, 100, 101, 102, 103, 104, 105, 106, 107, 108, 109, 110, 111, 112, 113, 114, 115, 116, 117, 118, 119, 120, 121, 122, 123, 124, 125, 126, 127, 128, 129, 130, 131, 132, 133, 134, 135, 136, 137, 138, 139, 140, 141, 142, 143, 144, 145, 146, 147, 148, 149, 150, 151, 152, 153, 154, 155, 156, 157, 158, 159, 160, 161, 162, 163, 164, 165, 166, 167, 168, 169, 170, 171, 172, 173, 174, 175, 176, 177, 178, 179, 180, 181, 182, 183, 184, 185, 186, 187, 188, 189, 190, 191, 192, 193, 194, 195, 196, 197, 198, 199, 200, 201, 202, 203, 204, 205, 206, 207, 208, 209, 210, 211, 212, 213, 214, 215, 216, 217, 218, 219, 220, 221, 222, 223, 224, 225, 226, 227, 228, 229, 230, 231, 232, 233, 234, 235, 236, 237, 238, 239, 240, 241, 242, 243, 244, 245, 246, 247, 248, 249, 250, 251, 252, 253, 254, 255, 256, 257, 258, 259, 260, 261, 262, 263, 264, 265, 266, 267, 268, 269, 270, 271, 272, 273, 274, 275, 276, 277, 278, 279, 280, 281, 282, 283, 284, 285, 286, 287, 288, 289, 290, 291, 292, 293, 294, 295, 296, 297, 298, 299, 300, 301, 302, 303, 304, 305, 306, 307, 308, 309, 310, 311, 312, 313, 314, 315, 316, 317, 318, 319, 320, 321, 322, 323, 324, 325, 326, 327, 328, 329, 330, 331, 332, 333, 334, 335, 336, 337, 338, 339, 340, 341, 342, 343, 344, 345, 346, 347, 348, 349, 350, 351, 352, 353, 354, 355, 356, 357, 358, 359, 360, 361, 362, 363, 364, 365, 366, 367, 368, 369, 370, 371, 372, 373, 374, 375, 376, 377, 378, 379, 380, 381, 382, 383, 384, 385, 386, 387, 388, 389, 390, 391, 392, 393, 394, 395, 396, 397, 398, 399, 400]","{1: [<function rolling_mean_14 at 0x000002C5930FAA20>], 7: [<function rolling_mean_30 at 0x000002C58DBF9260>], 30: [<function expanding_mean at 0x000002C58F7A04A0>]}",lags_400_features_400,22.660498138467695,35.79479618329813,37.28029201897486,41.46320501721503,40.25221923206268,42.61684354418762,45.60839252719621,51.36410961238099,59.42447006615465,60.5868809546118,60.837092783052604
SGDRegressor,LocalStandardScaler(stats_=[[47.42372721 38.3630083 ]]),"[1, 2, 3, 4, 5, 6, 7, 8, 9, 10, 11, 12, 13, 14, 15, 16, 17, 18, 19, 20, 21, 22, 23, 24, 25, 26, 27, 28, 29, 30, 31, 32, 33, 34, 35, 36, 37, 38, 39, 40, 41, 42, 43, 44, 45, 46, 47, 48, 49, 50, 51, 52, 53, 54, 55, 56, 57, 58, 59, 60, 61, 62, 63, 64, 65, 66, 67, 68, 69, 70, 71, 72, 73, 74, 75, 76, 77, 78, 79, 80, 81, 82, 83, 84, 85, 86, 87, 88, 89, 90, 91, 92, 93, 94, 95, 96, 97, 98, 99, 100, 101, 102, 103, 104, 105, 106, 107, 108, 109, 110, 111, 112, 113, 114, 115, 116, 117, 118, 119, 120, 121, 122, 123, 124, 125, 126, 127, 128, 129, 130, 131, 132, 133, 134, 135, 136, 137, 138, 139, 140, 141, 142, 143, 144, 145, 146, 147, 148, 149, 150, 151, 152, 153, 154, 155, 156, 157, 158, 159, 160, 161, 162, 163, 164, 165, 166, 167, 168, 169, 170, 171, 172, 173, 174, 175, 176, 177, 178, 179, 180, 181, 182, 183, 184, 185, 186, 187, 188, 189, 190, 191, 192, 193, 194, 195, 196, 197, 198, 199, 200, 201, 202, 203, 204, 205, 206, 207, 208, 209, 210, 211, 212, 213, 214, 215, 216, 217, 218, 219, 220, 221, 222, 223, 224, 225, 226, 227, 228, 229, 230, 231, 232, 233, 234, 235, 236, 237, 238, 239, 240, 241, 242, 243, 244, 245, 246, 247, 248, 249, 250, 251, 252, 253, 254, 255, 256, 257, 258, 259, 260, 261, 262, 263, 264, 265, 266, 267, 268, 269, 270, 271, 272, 273, 274, 275, 276, 277, 278, 279, 280, 281, 282, 283, 284, 285, 286, 287, 288, 289, 290, 291, 292, 293, 294, 295, 296, 297, 298, 299, 300, 301, 302, 303, 304, 305, 306, 307, 308, 309, 310, 311, 312, 313, 314, 315, 316, 317, 318, 319, 320, 321, 322, 323, 324, 325, 326, 327, 328, 329, 330, 331, 332, 333, 334, 335, 336, 337, 338, 339, 340, 341, 342, 343, 344, 345, 346, 347, 348, 349, 350, 351, 352, 353, 354, 355, 356, 357, 358, 359, 360, 361, 362, 363, 364, 365, 366, 367, 368, 369, 370, 371, 372, 373, 374, 375, 376, 377, 378, 379, 380, 381, 382, 383, 384, 385, 386, 387, 388, 389, 390, 391, 392, 393, 394, 395, 396, 397, 398, 399, 400]","{1: [<function rolling_mean_14 at 0x000002C5930FAA20>], 7: [<function rolling_mean_30 at 0x000002C58DBF9260>], 30: [<function expanding_mean at 0x000002C58F7A04A0>]}",lags_400_features_400,96.38545480705503,77.04879013746752,94.58980924736306,89.63183792822242,82.71340106749882,86.65472230323543,83.4111312682171,81.58142701473832,103.54531166149093,156.3518446196774,159.47521540035484
XGBRegressor,LocalStandardScaler(stats_=[[47.42372721 38.3630083 ]]),"[1, 2, 3, 4, 5, 6, 7, 8, 9, 10, 11, 12, 13, 14, 15, 16, 17, 18, 19, 20, 21, 22, 23, 24, 25, 26, 27, 28, 29, 30, 31, 32, 33, 34, 35, 36, 37, 38, 39, 40, 41, 42, 43, 44, 45, 46, 47, 48, 49, 50, 51, 52, 53, 54, 55, 56, 57, 58, 59, 60, 61, 62, 63, 64, 65, 66, 67, 68, 69, 70, 71, 72, 73, 74, 75, 76, 77, 78, 79, 80, 81, 82, 83, 84, 85, 86, 87, 88, 89, 90, 91, 92, 93, 94, 95, 96, 97, 98, 99, 100, 101, 102, 103, 104, 105, 106, 107, 108, 109, 110, 111, 112, 113, 114, 115, 116, 117, 118, 119, 120, 121, 122, 123, 124, 125, 126, 127, 128, 129, 130, 131, 132, 133, 134, 135, 136, 137, 138, 139, 140, 141, 142, 143, 144, 145, 146, 147, 148, 149, 150, 151, 152, 153, 154, 155, 156, 157, 158, 159, 160, 161, 162, 163, 164, 165, 166, 167, 168, 169, 170, 171, 172, 173, 174, 175, 176, 177, 178, 179, 180, 181, 182, 183, 184, 185, 186, 187, 188, 189, 190, 191, 192, 193, 194, 195, 196, 197, 198, 199, 200, 201, 202, 203, 204, 205, 206, 207, 208, 209, 210, 211, 212, 213, 214, 215, 216, 217, 218, 219, 220, 221, 222, 223, 224, 225, 226, 227, 228, 229, 230, 231, 232, 233, 234, 235, 236, 237, 238, 239, 240, 241, 242, 243, 244, 245, 246, 247, 248, 249, 250, 251, 252, 253, 254, 255, 256, 257, 258, 259, 260, 261, 262, 263, 264, 265, 266, 267, 268, 269, 270, 271, 272, 273, 274, 275, 276, 277, 278, 279, 280, 281, 282, 283, 284, 285, 286, 287, 288, 289, 290, 291, 292, 293, 294, 295, 296, 297, 298, 299, 300, 301, 302, 303, 304, 305, 306, 307, 308, 309, 310, 311, 312, 313, 314, 315, 316, 317, 318, 319, 320, 321, 322, 323, 324, 325, 326, 327, 328, 329, 330, 331, 332, 333, 334, 335, 336, 337, 338, 339, 340, 341, 342, 343, 344, 345, 346, 347, 348, 349, 350, 351, 352, 353, 354, 355, 356, 357, 358, 359, 360, 361, 362, 363, 364, 365, 366, 367, 368, 369, 370, 371, 372, 373, 374, 375, 376, 377, 378, 379, 380, 381, 382, 383, 384, 385, 386, 387, 388, 389, 390, 391, 392, 393, 394, 395, 396, 397, 398, 399, 400]","{1: [<function rolling_mean_14 at 0x000002C5930FAA20>], 7: [<function rolling_mean_30 at 0x000002C58DBF9260>], 30: [<function expanding_mean at 0x000002C58F7A04A0>]}",lags_400_features_400,11.282269506026484,18.02090356276255,19.99947531402036,19.62784577498893,20.375184941901313,19.801535442973105,26.560193077174453,34.46822824751482,44.454668158504305,44.367832611903424,43.77213541810825
LGBMRegressor,LocalStandardScaler(stats_=[[47.42372721 38.3630083 ]]),"[1, 2, 3, 4, 5, 6, 7, 8, 9, 10, 11, 12, 13, 14, 15, 16, 17, 18, 19, 20, 21, 22, 23, 24, 25, 26, 27, 28, 29, 30, 31, 32, 33, 34, 35, 36, 37, 38, 39, 40, 41, 42, 43, 44, 45, 46, 47, 48, 49, 50, 51, 52, 53, 54, 55, 56, 57, 58, 59, 60, 61, 62, 63, 64, 65, 66, 67, 68, 69, 70, 71, 72, 73, 74, 75, 76, 77, 78, 79, 80, 81, 82, 83, 84, 85, 86, 87, 88, 89, 90, 91, 92, 93, 94, 95, 96, 97, 98, 99, 100, 101, 102, 103, 104, 105, 106, 107, 108, 109, 110, 111, 112, 113, 114, 115, 116, 117, 118, 119, 120, 121, 122, 123, 124, 125, 126, 127, 128, 129, 130, 131, 132, 133, 134, 135, 136, 137, 138, 139, 140, 141, 142, 143, 144, 145, 146, 147, 148, 149, 150, 151, 152, 153, 154, 155, 156, 157, 158, 159, 160, 161, 162, 163, 164, 165, 166, 167, 168, 169, 170, 171, 172, 173, 174, 175, 176, 177, 178, 179, 180, 181, 182, 183, 184, 185, 186, 187, 188, 189, 190, 191, 192, 193, 194, 195, 196, 197, 198, 199, 200, 201, 202, 203, 204, 205, 206, 207, 208, 209, 210, 211, 212, 213, 214, 215, 216, 217, 218, 219, 220, 221, 222, 223, 224, 225, 226, 227, 228, 229, 230, 231, 232, 233, 234, 235, 236, 237, 238, 239, 240, 241, 242, 243, 244, 245, 246, 247, 248, 249, 250, 251, 252, 253, 254, 255, 256, 257, 258, 259, 260, 261, 262, 263, 264, 265, 266, 267, 268, 269, 270, 271, 272, 273, 274, 275, 276, 277, 278, 279, 280, 281, 282, 283, 284, 285, 286, 287, 288, 289, 290, 291, 292, 293, 294, 295, 296, 297, 298, 299, 300, 301, 302, 303, 304, 305, 306, 307, 308, 309, 310, 311, 312, 313, 314, 315, 316, 317, 318, 319, 320, 321, 322, 323, 324, 325, 326, 327, 328, 329, 330, 331, 332, 333, 334, 335, 336, 337, 338, 339, 340, 341, 342, 343, 344, 345, 346, 347, 348, 349, 350, 351, 352, 353, 354, 355, 356, 357, 358, 359, 360, 361, 362, 363, 364, 365, 366, 367, 368, 369, 370, 371, 372, 373, 374, 375, 376, 377, 378, 379, 380, 381, 382, 383, 384, 385, 386, 387, 388, 389, 390, 391, 392, 393, 394, 395, 396, 397, 398, 399, 400]","{1: [<function rolling_mean_14 at 0x000002C5930FAA20>], 7: [<function rolling_mean_30 at 0x000002C58DBF9260>], 30: [<function expanding_mean at 0x000002C58F7A04A0>]}",lags_400_features_400,10.229674522074097,17.25540266343119,19.002862158055212,18.39357506382089,18.54169335442455,21.48211965754479,30.384568078721514,33.89520348749028,44.44283232923338,46.04076005140014,45.844006899218016
SGD_EarlyStopping,LocalStandardScaler(stats_=[[47.42372721 38.3630083 ]]),"[1, 2, 3, 4, 5, 6, 7, 8, 9, 10, 11, 12, 13, 14, 15, 16, 17, 18, 19, 20, 21, 22, 23, 24, 25, 26, 27, 28, 29, 30, 31, 32, 33, 34, 35, 36, 37, 38, 39, 40, 41, 42, 43, 44, 45, 46, 47, 48, 49, 50, 51, 52, 53, 54, 55, 56, 57, 58, 59, 60, 61, 62, 63, 64, 65, 66, 67, 68, 69, 70, 71, 72, 73, 74, 75, 76, 77, 78, 79, 80, 81, 82, 83, 84, 85, 86, 87, 88, 89, 90, 91, 92, 93, 94, 95, 96, 97, 98, 99, 100, 101, 102, 103, 104, 105, 106, 107, 108, 109, 110, 111, 112, 113, 114, 115, 116, 117, 118, 119, 120, 121, 122, 123, 124, 125, 126, 127, 128, 129, 130, 131, 132, 133, 134, 135, 136, 137, 138, 139, 140, 141, 142, 143, 144, 145, 146, 147, 148, 149, 150, 151, 152, 153, 154, 155, 156, 157, 158, 159, 160, 161, 162, 163, 164, 165, 166, 167, 168, 169, 170, 171, 172, 173, 174, 175, 176, 177, 178, 179, 180, 181, 182, 183, 184, 185, 186, 187, 188, 189, 190, 191, 192, 193, 194, 195, 196, 197, 198, 199, 200, 201, 202, 203, 204, 205, 206, 207, 208, 209, 210, 211, 212, 213, 214, 215, 216, 217, 218, 219, 220, 221, 222, 223, 224, 225, 226, 227, 228, 229, 230, 231, 232, 233, 234, 235, 236, 237, 238, 239, 240, 241, 242, 243, 244, 245, 246, 247, 248, 249, 250, 251, 252, 253, 254, 255, 256, 257, 258, 259, 260, 261, 262, 263, 264, 265, 266, 267, 268, 269, 270, 271, 272, 273, 274, 275, 276, 277, 278, 279, 280, 281, 282, 283, 284, 285, 286, 287, 288, 289, 290, 291, 292, 293, 294, 295, 296, 297, 298, 299, 300, 301, 302, 303, 304, 305, 306, 307, 308, 309, 310, 311, 312, 313, 314, 315, 316, 317, 318, 319, 320, 321, 322, 323, 324, 325, 326, 327, 328, 329, 330, 331, 332, 333, 334, 335, 336, 337, 338, 339, 340, 341, 342, 343, 344, 345, 346, 347, 348, 349, 350, 351, 352, 353, 354, 355, 356, 357, 358, 359, 360, 361, 362, 363, 364, 365, 366, 367, 368, 369, 370, 371, 372, 373, 374, 375, 376, 377, 378, 379, 380, 381, 382, 383, 384, 385, 386, 387, 388, 389, 390, 391, 392, 393, 394, 395, 396, 397, 398, 399, 400]","{7: [RollingMean(window_size=7)], 30: [RollingMean(window_size=30)], 60: [RollingMean(window_size=60)]}",lags_400_features_400,57.70612436370202,67.63368393112195,80.7423005272122,81.99694366694669,77.88616013257645,79.18477673298622,80.66802745436978,93.79889190064705,124.27874412023678,152.02471487235542,151.7493539742151
SGD_ElasticNet,LocalStandardScaler(stats_=[[47.42372721 38.3630083 ]]),"[1, 2, 3, 4, 5, 6, 7, 8, 9, 10, 11, 12, 13, 14, 15, 16, 17, 18, 19, 20, 21, 22, 23, 24, 25, 26, 27, 28, 29, 30, 31, 32, 33, 34, 35, 36, 37, 38, 39, 40, 41, 42, 43, 44, 45, 46, 47, 48, 49, 50, 51, 52, 53, 54, 55, 56, 57, 58, 59, 60, 61, 62, 63, 64, 65, 66, 67, 68, 69, 70, 71, 72, 73, 74, 75, 76, 77, 78, 79, 80, 81, 82, 83, 84, 85, 86, 87, 88, 89, 90, 91, 92, 93, 94, 95, 96, 97, 98, 99, 100, 101, 102, 103, 104, 105, 106, 107, 108, 109, 110, 111, 112, 113, 114, 115, 116, 117, 118, 119, 120, 121, 122, 123, 124, 125, 126, 127, 128, 129, 130, 131, 132, 133, 134, 135, 136, 137, 138, 139, 140, 141, 142, 143, 144, 145, 146, 147, 148, 149, 150, 151, 152, 153, 154, 155, 156, 157, 158, 159, 160, 161, 162, 163, 164, 165, 166, 167, 168, 169, 170, 171, 172, 173, 174, 175, 176, 177, 178, 179, 180, 181, 182, 183, 184, 185, 186, 187, 188, 189, 190, 191, 192, 193, 194, 195, 196, 197, 198, 199, 200, 201, 202, 203, 204, 205, 206, 207, 208, 209, 210, 211, 212, 213, 214, 215, 216, 217, 218, 219, 220, 221, 222, 223, 224, 225, 226, 227, 228, 229, 230, 231, 232, 233, 234, 235, 236, 237, 238, 239, 240, 241, 242, 243, 244, 245, 246, 247, 248, 249, 250, 251, 252, 253, 254, 255, 256, 257, 258, 259, 260, 261, 262, 263, 264, 265, 266, 267, 268, 269, 270, 271, 272, 273, 274, 275, 276, 277, 278, 279, 280, 281, 282, 283, 284, 285, 286, 287, 288, 289, 290, 291, 292, 293, 294, 295, 296, 297, 298, 299, 300, 301, 302, 303, 304, 305, 306, 307, 308, 309, 310, 311, 312, 313, 314, 315, 316, 317, 318, 319, 320, 321, 322, 323, 324, 325, 326, 327, 328, 329, 330, 331, 332, 333, 334, 335, 336, 337, 338, 339, 340, 341, 342, 343, 344, 345, 346, 347, 348, 349, 350, 351, 352, 353, 354, 355, 356, 357, 358, 359, 360, 361, 362, 363, 364, 365, 366, 367, 368, 369, 370, 371, 372, 373, 374, 375, 376, 377, 378, 379, 380, 381, 382, 383, 384, 385, 386, 387, 388, 389, 390, 391, 392, 393, 394, 395, 396, 397, 398, 399, 400]","{7: [RollingMean(window_size=7)], 30: [RollingMean(window_size=30)], 60: [RollingMean(window_size=60)]}",lags_400_features_400,83.79308957259155,69.32180536786969,86.88390914032547,82.63209737676046,77.03179822481636,81.75160724150724,79.34270097363452,77.93271712813853,98.015684477939,141.3082912628133,143.768319503775
SGD_Lasso,LocalStandardScaler(stats_=[[47.42372721 38.3630083 ]]),"[1, 2, 3, 4, 5, 6, 7, 8, 9, 10, 11, 12, 13, 14, 15, 16, 17, 18, 19, 20, 21, 22, 23, 24, 25, 26, 27, 28, 29, 30, 31, 32, 33, 34, 35, 36, 37, 38, 39, 40, 41, 42, 43, 44, 45, 46, 47, 48, 49, 50, 51, 52, 53, 54, 55, 56, 57, 58, 59, 60, 61, 62, 63, 64, 65, 66, 67, 68, 69, 70, 71, 72, 73, 74, 75, 76, 77, 78, 79, 80, 81, 82, 83, 84, 85, 86, 87, 88, 89, 90, 91, 92, 93, 94, 95, 96, 97, 98, 99, 100, 101, 102, 103, 104, 105, 106, 107, 108, 109, 110, 111, 112, 113, 114, 115, 116, 117, 118, 119, 120, 121, 122, 123, 124, 125, 126, 127, 128, 129, 130, 131, 132, 133, 134, 135, 136, 137, 138, 139, 140, 141, 142, 143, 144, 145, 146, 147, 148, 149, 150, 151, 152, 153, 154, 155, 156, 157, 158, 159, 160, 161, 162, 163, 164, 165, 166, 167, 168, 169, 170, 171, 172, 173, 174, 175, 176, 177, 178, 179, 180, 181, 182, 183, 184, 185, 186, 187, 188, 189, 190, 191, 192, 193, 194, 195, 196, 197, 198, 199, 200, 201, 202, 203, 204, 205, 206, 207, 208, 209, 210, 211, 212, 213, 214, 215, 216, 217, 218, 219, 220, 221, 222, 223, 224, 225, 226, 227, 228, 229, 230, 231, 232, 233, 234, 235, 236, 237, 238, 239, 240, 241, 242, 243, 244, 245, 246, 247, 248, 249, 250, 251, 252, 253, 254, 255, 256, 257, 258, 259, 260, 261, 262, 263, 264, 265, 266, 267, 268, 269, 270, 271, 272, 273, 274, 275, 276, 277, 278, 279, 280, 281, 282, 283, 284, 285, 286, 287, 288, 289, 290, 291, 292, 293, 294, 295, 296, 297, 298, 299, 300, 301, 302, 303, 304, 305, 306, 307, 308, 309, 310, 311, 312, 313, 314, 315, 316, 317, 318, 319, 320, 321, 322, 323, 324, 325, 326, 327, 328, 329, 330, 331, 332, 333, 334, 335, 336, 337, 338, 339, 340, 341, 342, 343, 344, 345, 346, 347, 348, 349, 350, 351, 352, 353, 354, 355, 356, 357, 358, 359, 360, 361, 362, 363, 364, 365, 366, 367, 368, 369, 370, 371, 372, 373, 374, 375, 376, 377, 378, 379, 380, 381, 382, 383, 384, 385, 386, 387, 388, 389, 390, 391, 392, 393, 394, 395, 396, 397, 398, 399, 400]","{7: [RollingMean(window_size=7)], 30: [RollingMean(window_size=30)], 60: [RollingMean(window_size=60)]}",lags_400_features_400,119.44920188330022,104.05390465661806,102.36402919660006,91.3140402506384,76.71551477149504,67.91246565956575,62.06094727448195,56.29280386242539,72.33834079954104,97.90546375599347,97.3598933615318
SGD_Ridge,LocalStandardScaler(stats_=[[47.42372721 38.3630083 ]]),"[1, 2, 3, 4, 5, 6, 7, 8, 9, 10, 11, 12, 13, 14, 15, 16, 17, 18, 19, 20, 21, 22, 23, 24, 25, 26, 27, 28, 29, 30, 31, 32, 33, 34, 35, 36, 37, 38, 39, 40, 41, 42, 43, 44, 45, 46, 47, 48, 49, 50, 51, 52, 53, 54, 55, 56, 57, 58, 59, 60, 61, 62, 63, 64, 65, 66, 67, 68, 69, 70, 71, 72, 73, 74, 75, 76, 77, 78, 79, 80, 81, 82, 83, 84, 85, 86, 87, 88, 89, 90, 91, 92, 93, 94, 95, 96, 97, 98, 99, 100, 101, 102, 103, 104, 105, 106, 107, 108, 109, 110, 111, 112, 113, 114, 115, 116, 117, 118, 119, 120, 121, 122, 123, 124, 125, 126, 127, 128, 129, 130, 131, 132, 133, 134, 135, 136, 137, 138, 139, 140, 141, 142, 143, 144, 145, 146, 147, 148, 149, 150, 151, 152, 153, 154, 155, 156, 157, 158, 159, 160, 161, 162, 163, 164, 165, 166, 167, 168, 169, 170, 171, 172, 173, 174, 175, 176, 177, 178, 179, 180, 181, 182, 183, 184, 185, 186, 187, 188, 189, 190, 191, 192, 193, 194, 195, 196, 197, 198, 199, 200, 201, 202, 203, 204, 205, 206, 207, 208, 209, 210, 211, 212, 213, 214, 215, 216, 217, 218, 219, 220, 221, 222, 223, 224, 225, 226, 227, 228, 229, 230, 231, 232, 233, 234, 235, 236, 237, 238, 239, 240, 241, 242, 243, 244, 245, 246, 247, 248, 249, 250, 251, 252, 253, 254, 255, 256, 257, 258, 259, 260, 261, 262, 263, 264, 265, 266, 267, 268, 269, 270, 271, 272, 273, 274, 275, 276, 277, 278, 279, 280, 281, 282, 283, 284, 285, 286, 287, 288, 289, 290, 291, 292, 293, 294, 295, 296, 297, 298, 299, 300, 301, 302, 303, 304, 305, 306, 307, 308, 309, 310, 311, 312, 313, 314, 315, 316, 317, 318, 319, 320, 321, 322, 323, 324, 325, 326, 327, 328, 329, 330, 331, 332, 333, 334, 335, 336, 337, 338, 339, 340, 341, 342, 343, 344, 345, 346, 347, 348, 349, 350, 351, 352, 353, 354, 355, 356, 357, 358, 359, 360, 361, 362, 363, 364, 365, 366, 367, 368, 369, 370, 371, 372, 373, 374, 375, 376, 377, 378, 379, 380, 381, 382, 383, 384, 385, 386, 387, 388, 389, 390, 391, 392, 393, 394, 395, 396, 397, 398, 399, 400]","{7: [RollingMean(window_size=7)], 30: [RollingMean(window_size=30)], 60: [RollingMean(window_size=60)]}",lags_400_features_400,22.515401643390437,35.57018203113548,37.08915856829143,41.26230107578809,40.06772840570029,42.47814572565386,45.50605343770588,51.26217196588664,59.3116756374668,60.35564787123714,60.5977575331774
SGDRegressor,LocalStandardScaler(stats_=[[47.42372721 38.3630083 ]]),"[1, 2, 3, 4, 5, 6, 7, 8, 9, 10, 11, 12, 13, 14, 15, 16, 17, 18, 19, 20, 21, 22, 23, 24, 25, 26, 27, 28, 29, 30, 31, 32, 33, 34, 35, 36, 37, 38, 39, 40, 41, 42, 43, 44, 45, 46, 47, 48, 49, 50, 51, 52, 53, 54, 55, 56, 57, 58, 59, 60, 61, 62, 63, 64, 65, 66, 67, 68, 69, 70, 71, 72, 73, 74, 75, 76, 77, 78, 79, 80, 81, 82, 83, 84, 85, 86, 87, 88, 89, 90, 91, 92, 93, 94, 95, 96, 97, 98, 99, 100, 101, 102, 103, 104, 105, 106, 107, 108, 109, 110, 111, 112, 113, 114, 115, 116, 117, 118, 119, 120, 121, 122, 123, 124, 125, 126, 127, 128, 129, 130, 131, 132, 133, 134, 135, 136, 137, 138, 139, 140, 141, 142, 143, 144, 145, 146, 147, 148, 149, 150, 151, 152, 153, 154, 155, 156, 157, 158, 159, 160, 161, 162, 163, 164, 165, 166, 167, 168, 169, 170, 171, 172, 173, 174, 175, 176, 177, 178, 179, 180, 181, 182, 183, 184, 185, 186, 187, 188, 189, 190, 191, 192, 193, 194, 195, 196, 197, 198, 199, 200, 201, 202, 203, 204, 205, 206, 207, 208, 209, 210, 211, 212, 213, 214, 215, 216, 217, 218, 219, 220, 221, 222, 223, 224, 225, 226, 227, 228, 229, 230, 231, 232, 233, 234, 235, 236, 237, 238, 239, 240, 241, 242, 243, 244, 245, 246, 247, 248, 249, 250, 251, 252, 253, 254, 255, 256, 257, 258, 259, 260, 261, 262, 263, 264, 265, 266, 267, 268, 269, 270, 271, 272, 273, 274, 275, 276, 277, 278, 279, 280, 281, 282, 283, 284, 285, 286, 287, 288, 289, 290, 291, 292, 293, 294, 295, 296, 297, 298, 299, 300, 301, 302, 303, 304, 305, 306, 307, 308, 309, 310, 311, 312, 313, 314, 315, 316, 317, 318, 319, 320, 321, 322, 323, 324, 325, 326, 327, 328, 329, 330, 331, 332, 333, 334, 335, 336, 337, 338, 339, 340, 341, 342, 343, 344, 345, 346, 347, 348, 349, 350, 351, 352, 353, 354, 355, 356, 357, 358, 359, 360, 361, 362, 363, 364, 365, 366, 367, 368, 369, 370, 371, 372, 373, 374, 375, 376, 377, 378, 379, 380, 381, 382, 383, 384, 385, 386, 387, 388, 389, 390, 391, 392, 393, 394, 395, 396, 397, 398, 399, 400]","{7: [RollingMean(window_size=7)], 30: [RollingMean(window_size=30)], 60: [RollingMean(window_size=60)]}",lags_400_features_400,96.43319986315345,77.04453826643119,94.59961463586404,89.62004032254666,82.71535244173107,86.6383748384137,83.39975324203235,81.57691661721694,103.56076825988725,156.39724668739683,159.520710695177
XGBRegressor,LocalStandardScaler(stats_=[[47.42372721 38.3630083 ]]),"[1, 2, 3, 4, 5, 6, 7, 8, 9, 10, 11, 12, 13, 14, 15, 16, 17, 18, 19, 20, 21, 22, 23, 24, 25, 26, 27, 28, 29, 30, 31, 32, 33, 34, 35, 36, 37, 38, 39, 40, 41, 42, 43, 44, 45, 46, 47, 48, 49, 50, 51, 52, 53, 54, 55, 56, 57, 58, 59, 60, 61, 62, 63, 64, 65, 66, 67, 68, 69, 70, 71, 72, 73, 74, 75, 76, 77, 78, 79, 80, 81, 82, 83, 84, 85, 86, 87, 88, 89, 90, 91, 92, 93, 94, 95, 96, 97, 98, 99, 100, 101, 102, 103, 104, 105, 106, 107, 108, 109, 110, 111, 112, 113, 114, 115, 116, 117, 118, 119, 120, 121, 122, 123, 124, 125, 126, 127, 128, 129, 130, 131, 132, 133, 134, 135, 136, 137, 138, 139, 140, 141, 142, 143, 144, 145, 146, 147, 148, 149, 150, 151, 152, 153, 154, 155, 156, 157, 158, 159, 160, 161, 162, 163, 164, 165, 166, 167, 168, 169, 170, 171, 172, 173, 174, 175, 176, 177, 178, 179, 180, 181, 182, 183, 184, 185, 186, 187, 188, 189, 190, 191, 192, 193, 194, 195, 196, 197, 198, 199, 200, 201, 202, 203, 204, 205, 206, 207, 208, 209, 210, 211, 212, 213, 214, 215, 216, 217, 218, 219, 220, 221, 222, 223, 224, 225, 226, 227, 228, 229, 230, 231, 232, 233, 234, 235, 236, 237, 238, 239, 240, 241, 242, 243, 244, 245, 246, 247, 248, 249, 250, 251, 252, 253, 254, 255, 256, 257, 258, 259, 260, 261, 262, 263, 264, 265, 266, 267, 268, 269, 270, 271, 272, 273, 274, 275, 276, 277, 278, 279, 280, 281, 282, 283, 284, 285, 286, 287, 288, 289, 290, 291, 292, 293, 294, 295, 296, 297, 298, 299, 300, 301, 302, 303, 304, 305, 306, 307, 308, 309, 310, 311, 312, 313, 314, 315, 316, 317, 318, 319, 320, 321, 322, 323, 324, 325, 326, 327, 328, 329, 330, 331, 332, 333, 334, 335, 336, 337, 338, 339, 340, 341, 342, 343, 344, 345, 346, 347, 348, 349, 350, 351, 352, 353, 354, 355, 356, 357, 358, 359, 360, 361, 362, 363, 364, 365, 366, 367, 368, 369, 370, 371, 372, 373, 374, 375, 376, 377, 378, 379, 380, 381, 382, 383, 384, 385, 386, 387, 388, 389, 390, 391, 392, 393, 394, 395, 396, 397, 398, 399, 400]","{7: [RollingMean(window_size=7)], 30: [RollingMean(window_size=30)], 60: [RollingMean(window_size=60)]}",lags_400_features_400,12.163025631549397,17.571407479117003,18.958243618523454,18.205463250741836,18.88741147182975,20.72581430057369,31.284113415220105,35.982497805815086,48.05497907376707,53.86798844417346,53.00680689664975
LGBMRegressor,LocalStandardScaler(stats_=[[47.42372721 38.3630083 ]]),"[1, 2, 3, 4, 5, 6, 7, 8, 9, 10, 11, 12, 13, 14, 15, 16, 17, 18, 19, 20, 21, 22, 23, 24, 25, 26, 27, 28, 29, 30, 31, 32, 33, 34, 35, 36, 37, 38, 39, 40, 41, 42, 43, 44, 45, 46, 47, 48, 49, 50, 51, 52, 53, 54, 55, 56, 57, 58, 59, 60, 61, 62, 63, 64, 65, 66, 67, 68, 69, 70, 71, 72, 73, 74, 75, 76, 77, 78, 79, 80, 81, 82, 83, 84, 85, 86, 87, 88, 89, 90, 91, 92, 93, 94, 95, 96, 97, 98, 99, 100, 101, 102, 103, 104, 105, 106, 107, 108, 109, 110, 111, 112, 113, 114, 115, 116, 117, 118, 119, 120, 121, 122, 123, 124, 125, 126, 127, 128, 129, 130, 131, 132, 133, 134, 135, 136, 137, 138, 139, 140, 141, 142, 143, 144, 145, 146, 147, 148, 149, 150, 151, 152, 153, 154, 155, 156, 157, 158, 159, 160, 161, 162, 163, 164, 165, 166, 167, 168, 169, 170, 171, 172, 173, 174, 175, 176, 177, 178, 179, 180, 181, 182, 183, 184, 185, 186, 187, 188, 189, 190, 191, 192, 193, 194, 195, 196, 197, 198, 199, 200, 201, 202, 203, 204, 205, 206, 207, 208, 209, 210, 211, 212, 213, 214, 215, 216, 217, 218, 219, 220, 221, 222, 223, 224, 225, 226, 227, 228, 229, 230, 231, 232, 233, 234, 235, 236, 237, 238, 239, 240, 241, 242, 243, 244, 245, 246, 247, 248, 249, 250, 251, 252, 253, 254, 255, 256, 257, 258, 259, 260, 261, 262, 263, 264, 265, 266, 267, 268, 269, 270, 271, 272, 273, 274, 275, 276, 277, 278, 279, 280, 281, 282, 283, 284, 285, 286, 287, 288, 289, 290, 291, 292, 293, 294, 295, 296, 297, 298, 299, 300, 301, 302, 303, 304, 305, 306, 307, 308, 309, 310, 311, 312, 313, 314, 315, 316, 317, 318, 319, 320, 321, 322, 323, 324, 325, 326, 327, 328, 329, 330, 331, 332, 333, 334, 335, 336, 337, 338, 339, 340, 341, 342, 343, 344, 345, 346, 347, 348, 349, 350, 351, 352, 353, 354, 355, 356, 357, 358, 359, 360, 361, 362, 363, 364, 365, 366, 367, 368, 369, 370, 371, 372, 373, 374, 375, 376, 377, 378, 379, 380, 381, 382, 383, 384, 385, 386, 387, 388, 389, 390, 391, 392, 393, 394, 395, 396, 397, 398, 399, 400]","{7: [RollingMean(window_size=7)], 30: [RollingMean(window_size=30)], 60: [RollingMean(window_size=60)]}",lags_400_features_400,10.314293216245444,17.855887937895336,19.550170430050713,19.106797029157054,18.751553607437437,22.83864690427152,29.45063174335442,32.55572137232,43.77002078688841,46.61443011779394,46.053684795622175
SGD_EarlyStopping,LocalStandardScaler(stats_=[[47.42372721 38.3630083 ]]),"[1, 2, 3, 4, 5, 6, 7, 8, 9, 10, 11, 12, 13, 14, 15, 16, 17, 18, 19, 20, 21, 22, 23, 24, 25, 26, 27, 28, 29, 30, 31, 32, 33, 34, 35, 36, 37, 38, 39, 40, 41, 42, 43, 44, 45, 46, 47, 48, 49, 50, 51, 52, 53, 54, 55, 56, 57, 58, 59, 60, 61, 62, 63, 64, 65, 66, 67, 68, 69, 70, 71, 72, 73, 74, 75, 76, 77, 78, 79, 80, 81, 82, 83, 84, 85, 86, 87, 88, 89, 90, 91, 92, 93, 94, 95, 96, 97, 98, 99, 100, 101, 102, 103, 104, 105, 106, 107, 108, 109, 110, 111, 112, 113, 114, 115, 116, 117, 118, 119, 120, 121, 122, 123, 124, 125, 126, 127, 128, 129, 130, 131, 132, 133, 134, 135, 136, 137, 138, 139, 140, 141, 142, 143, 144, 145, 146, 147, 148, 149, 150, 151, 152, 153, 154, 155, 156, 157, 158, 159, 160, 161, 162, 163, 164, 165, 166, 167, 168, 169, 170, 171, 172, 173, 174, 175, 176, 177, 178, 179, 180, 181, 182, 183, 184, 185, 186, 187, 188, 189, 190, 191, 192, 193, 194, 195, 196, 197, 198, 199, 200, 201, 202, 203, 204, 205, 206, 207, 208, 209, 210, 211, 212, 213, 214, 215, 216, 217, 218, 219, 220, 221, 222, 223, 224, 225, 226, 227, 228, 229, 230, 231, 232, 233, 234, 235, 236, 237, 238, 239, 240, 241, 242, 243, 244, 245, 246, 247, 248, 249, 250, 251, 252, 253, 254, 255, 256, 257, 258, 259, 260, 261, 262, 263, 264, 265, 266, 267, 268, 269, 270, 271, 272, 273, 274, 275, 276, 277, 278, 279, 280, 281, 282, 283, 284, 285, 286, 287, 288, 289, 290, 291, 292, 293, 294, 295, 296, 297, 298, 299, 300, 301, 302, 303, 304, 305, 306, 307, 308, 309, 310, 311, 312, 313, 314, 315, 316, 317, 318, 319, 320, 321, 322, 323, 324, 325, 326, 327, 328, 329, 330, 331, 332, 333, 334, 335, 336, 337, 338, 339, 340, 341, 342, 343, 344, 345, 346, 347, 348, 349, 350, 351, 352, 353, 354, 355, 356, 357, 358, 359, 360, 361, 362, 363, 364, 365, 366, 367, 368, 369, 370, 371, 372, 373, 374, 375, 376, 377, 378, 379, 380, 381, 382, 383, 384, 385, 386, 387, 388, 389, 390, 391, 392, 393, 394, 395, 396, 397, 398, 399, 400]","{7: [RollingMean(window_size=7), RollingStd(window_size=7)], 30: [RollingMean(window_size=30)], 60: [ExpandingMean()], 14: [ExponentiallyWeightedMean(alpha=0.3)]}",lags_400_features_400,57.673019083431534,68.47078771556386,80.37736708564196,81.6223788963693,77.59219382784983,78.85960573640416,80.48061733127149,94.14897866268942,124.19670396715688,149.01308570124186,148.54786795170452
SGD_ElasticNet,LocalStandardScaler(stats_=[[47.42372721 38.3630083 ]]),"[1, 2, 3, 4, 5, 6, 7, 8, 9, 10, 11, 12, 13, 14, 15, 16, 17, 18, 19, 20, 21, 22, 23, 24, 25, 26, 27, 28, 29, 30, 31, 32, 33, 34, 35, 36, 37, 38, 39, 40, 41, 42, 43, 44, 45, 46, 47, 48, 49, 50, 51, 52, 53, 54, 55, 56, 57, 58, 59, 60, 61, 62, 63, 64, 65, 66, 67, 68, 69, 70, 71, 72, 73, 74, 75, 76, 77, 78, 79, 80, 81, 82, 83, 84, 85, 86, 87, 88, 89, 90, 91, 92, 93, 94, 95, 96, 97, 98, 99, 100, 101, 102, 103, 104, 105, 106, 107, 108, 109, 110, 111, 112, 113, 114, 115, 116, 117, 118, 119, 120, 121, 122, 123, 124, 125, 126, 127, 128, 129, 130, 131, 132, 133, 134, 135, 136, 137, 138, 139, 140, 141, 142, 143, 144, 145, 146, 147, 148, 149, 150, 151, 152, 153, 154, 155, 156, 157, 158, 159, 160, 161, 162, 163, 164, 165, 166, 167, 168, 169, 170, 171, 172, 173, 174, 175, 176, 177, 178, 179, 180, 181, 182, 183, 184, 185, 186, 187, 188, 189, 190, 191, 192, 193, 194, 195, 196, 197, 198, 199, 200, 201, 202, 203, 204, 205, 206, 207, 208, 209, 210, 211, 212, 213, 214, 215, 216, 217, 218, 219, 220, 221, 222, 223, 224, 225, 226, 227, 228, 229, 230, 231, 232, 233, 234, 235, 236, 237, 238, 239, 240, 241, 242, 243, 244, 245, 246, 247, 248, 249, 250, 251, 252, 253, 254, 255, 256, 257, 258, 259, 260, 261, 262, 263, 264, 265, 266, 267, 268, 269, 270, 271, 272, 273, 274, 275, 276, 277, 278, 279, 280, 281, 282, 283, 284, 285, 286, 287, 288, 289, 290, 291, 292, 293, 294, 295, 296, 297, 298, 299, 300, 301, 302, 303, 304, 305, 306, 307, 308, 309, 310, 311, 312, 313, 314, 315, 316, 317, 318, 319, 320, 321, 322, 323, 324, 325, 326, 327, 328, 329, 330, 331, 332, 333, 334, 335, 336, 337, 338, 339, 340, 341, 342, 343, 344, 345, 346, 347, 348, 349, 350, 351, 352, 353, 354, 355, 356, 357, 358, 359, 360, 361, 362, 363, 364, 365, 366, 367, 368, 369, 370, 371, 372, 373, 374, 375, 376, 377, 378, 379, 380, 381, 382, 383, 384, 385, 386, 387, 388, 389, 390, 391, 392, 393, 394, 395, 396, 397, 398, 399, 400]","{7: [RollingMean(window_size=7), RollingStd(window_size=7)], 30: [RollingMean(window_size=30)], 60: [ExpandingMean()], 14: [ExponentiallyWeightedMean(alpha=0.3)]}",lags_400_features_400,83.74414039821511,69.28728491900783,86.78181350566263,82.58490101635208,77.01951903806302,81.72529241885746,79.29304853285602,77.85473647925367,97.8877092278715,140.97598498023157,143.44935182886346
SGD_Lasso,LocalStandardScaler(stats_=[[47.42372721 38.3630083 ]]),"[1, 2, 3, 4, 5, 6, 7, 8, 9, 10, 11, 12, 13, 14, 15, 16, 17, 18, 19, 20, 21, 22, 23, 24, 25, 26, 27, 28, 29, 30, 31, 32, 33, 34, 35, 36, 37, 38, 39, 40, 41, 42, 43, 44, 45, 46, 47, 48, 49, 50, 51, 52, 53, 54, 55, 56, 57, 58, 59, 60, 61, 62, 63, 64, 65, 66, 67, 68, 69, 70, 71, 72, 73, 74, 75, 76, 77, 78, 79, 80, 81, 82, 83, 84, 85, 86, 87, 88, 89, 90, 91, 92, 93, 94, 95, 96, 97, 98, 99, 100, 101, 102, 103, 104, 105, 106, 107, 108, 109, 110, 111, 112, 113, 114, 115, 116, 117, 118, 119, 120, 121, 122, 123, 124, 125, 126, 127, 128, 129, 130, 131, 132, 133, 134, 135, 136, 137, 138, 139, 140, 141, 142, 143, 144, 145, 146, 147, 148, 149, 150, 151, 152, 153, 154, 155, 156, 157, 158, 159, 160, 161, 162, 163, 164, 165, 166, 167, 168, 169, 170, 171, 172, 173, 174, 175, 176, 177, 178, 179, 180, 181, 182, 183, 184, 185, 186, 187, 188, 189, 190, 191, 192, 193, 194, 195, 196, 197, 198, 199, 200, 201, 202, 203, 204, 205, 206, 207, 208, 209, 210, 211, 212, 213, 214, 215, 216, 217, 218, 219, 220, 221, 222, 223, 224, 225, 226, 227, 228, 229, 230, 231, 232, 233, 234, 235, 236, 237, 238, 239, 240, 241, 242, 243, 244, 245, 246, 247, 248, 249, 250, 251, 252, 253, 254, 255, 256, 257, 258, 259, 260, 261, 262, 263, 264, 265, 266, 267, 268, 269, 270, 271, 272, 273, 274, 275, 276, 277, 278, 279, 280, 281, 282, 283, 284, 285, 286, 287, 288, 289, 290, 291, 292, 293, 294, 295, 296, 297, 298, 299, 300, 301, 302, 303, 304, 305, 306, 307, 308, 309, 310, 311, 312, 313, 314, 315, 316, 317, 318, 319, 320, 321, 322, 323, 324, 325, 326, 327, 328, 329, 330, 331, 332, 333, 334, 335, 336, 337, 338, 339, 340, 341, 342, 343, 344, 345, 346, 347, 348, 349, 350, 351, 352, 353, 354, 355, 356, 357, 358, 359, 360, 361, 362, 363, 364, 365, 366, 367, 368, 369, 370, 371, 372, 373, 374, 375, 376, 377, 378, 379, 380, 381, 382, 383, 384, 385, 386, 387, 388, 389, 390, 391, 392, 393, 394, 395, 396, 397, 398, 399, 400]","{7: [RollingMean(window_size=7), RollingStd(window_size=7)], 30: [RollingMean(window_size=30)], 60: [ExpandingMean()], 14: [ExponentiallyWeightedMean(alpha=0.3)]}",lags_400_features_400,119.44920188330022,104.05390465661806,102.36402919660006,91.3140402506384,76.71551477149504,67.91246565956575,62.06094727448195,56.29280386242539,72.33834079954104,97.90546375599347,97.3598933615318
SGD_Ridge,LocalStandardScaler(stats_=[[47.42372721 38.3630083 ]]),"[1, 2, 3, 4, 5, 6, 7, 8, 9, 10, 11, 12, 13, 14, 15, 16, 17, 18, 19, 20, 21, 22, 23, 24, 25, 26, 27, 28, 29, 30, 31, 32, 33, 34, 35, 36, 37, 38, 39, 40, 41, 42, 43, 44, 45, 46, 47, 48, 49, 50, 51, 52, 53, 54, 55, 56, 57, 58, 59, 60, 61, 62, 63, 64, 65, 66, 67, 68, 69, 70, 71, 72, 73, 74, 75, 76, 77, 78, 79, 80, 81, 82, 83, 84, 85, 86, 87, 88, 89, 90, 91, 92, 93, 94, 95, 96, 97, 98, 99, 100, 101, 102, 103, 104, 105, 106, 107, 108, 109, 110, 111, 112, 113, 114, 115, 116, 117, 118, 119, 120, 121, 122, 123, 124, 125, 126, 127, 128, 129, 130, 131, 132, 133, 134, 135, 136, 137, 138, 139, 140, 141, 142, 143, 144, 145, 146, 147, 148, 149, 150, 151, 152, 153, 154, 155, 156, 157, 158, 159, 160, 161, 162, 163, 164, 165, 166, 167, 168, 169, 170, 171, 172, 173, 174, 175, 176, 177, 178, 179, 180, 181, 182, 183, 184, 185, 186, 187, 188, 189, 190, 191, 192, 193, 194, 195, 196, 197, 198, 199, 200, 201, 202, 203, 204, 205, 206, 207, 208, 209, 210, 211, 212, 213, 214, 215, 216, 217, 218, 219, 220, 221, 222, 223, 224, 225, 226, 227, 228, 229, 230, 231, 232, 233, 234, 235, 236, 237, 238, 239, 240, 241, 242, 243, 244, 245, 246, 247, 248, 249, 250, 251, 252, 253, 254, 255, 256, 257, 258, 259, 260, 261, 262, 263, 264, 265, 266, 267, 268, 269, 270, 271, 272, 273, 274, 275, 276, 277, 278, 279, 280, 281, 282, 283, 284, 285, 286, 287, 288, 289, 290, 291, 292, 293, 294, 295, 296, 297, 298, 299, 300, 301, 302, 303, 304, 305, 306, 307, 308, 309, 310, 311, 312, 313, 314, 315, 316, 317, 318, 319, 320, 321, 322, 323, 324, 325, 326, 327, 328, 329, 330, 331, 332, 333, 334, 335, 336, 337, 338, 339, 340, 341, 342, 343, 344, 345, 346, 347, 348, 349, 350, 351, 352, 353, 354, 355, 356, 357, 358, 359, 360, 361, 362, 363, 364, 365, 366, 367, 368, 369, 370, 371, 372, 373, 374, 375, 376, 377, 378, 379, 380, 381, 382, 383, 384, 385, 386, 387, 388, 389, 390, 391, 392, 393, 394, 395, 396, 397, 398, 399, 400]","{7: [RollingMean(window_size=7), RollingStd(window_size=7)], 30: [RollingMean(window_size=30)], 60: [ExpandingMean()], 14: [ExponentiallyWeightedMean(alpha=0.3)]}",lags_400_features_400,22.794840417985597,36.070225578063805,37.53054598561103,41.7648912861405,40.5627119471578,42.86946345314222,45.850141461321506,51.683253057786395,59.840310142707686,61.26152620155483,61.55488288027586
SGDRegressor,LocalStandardScaler(stats_=[[47.42372721 38.3630083 ]]),"[1, 2, 3, 4, 5, 6, 7, 8, 9, 10, 11, 12, 13, 14, 15, 16, 17, 18, 19, 20, 21, 22, 23, 24, 25, 26, 27, 28, 29, 30, 31, 32, 33, 34, 35, 36, 37, 38, 39, 40, 41, 42, 43, 44, 45, 46, 47, 48, 49, 50, 51, 52, 53, 54, 55, 56, 57, 58, 59, 60, 61, 62, 63, 64, 65, 66, 67, 68, 69, 70, 71, 72, 73, 74, 75, 76, 77, 78, 79, 80, 81, 82, 83, 84, 85, 86, 87, 88, 89, 90, 91, 92, 93, 94, 95, 96, 97, 98, 99, 100, 101, 102, 103, 104, 105, 106, 107, 108, 109, 110, 111, 112, 113, 114, 115, 116, 117, 118, 119, 120, 121, 122, 123, 124, 125, 126, 127, 128, 129, 130, 131, 132, 133, 134, 135, 136, 137, 138, 139, 140, 141, 142, 143, 144, 145, 146, 147, 148, 149, 150, 151, 152, 153, 154, 155, 156, 157, 158, 159, 160, 161, 162, 163, 164, 165, 166, 167, 168, 169, 170, 171, 172, 173, 174, 175, 176, 177, 178, 179, 180, 181, 182, 183, 184, 185, 186, 187, 188, 189, 190, 191, 192, 193, 194, 195, 196, 197, 198, 199, 200, 201, 202, 203, 204, 205, 206, 207, 208, 209, 210, 211, 212, 213, 214, 215, 216, 217, 218, 219, 220, 221, 222, 223, 224, 225, 226, 227, 228, 229, 230, 231, 232, 233, 234, 235, 236, 237, 238, 239, 240, 241, 242, 243, 244, 245, 246, 247, 248, 249, 250, 251, 252, 253, 254, 255, 256, 257, 258, 259, 260, 261, 262, 263, 264, 265, 266, 267, 268, 269, 270, 271, 272, 273, 274, 275, 276, 277, 278, 279, 280, 281, 282, 283, 284, 285, 286, 287, 288, 289, 290, 291, 292, 293, 294, 295, 296, 297, 298, 299, 300, 301, 302, 303, 304, 305, 306, 307, 308, 309, 310, 311, 312, 313, 314, 315, 316, 317, 318, 319, 320, 321, 322, 323, 324, 325, 326, 327, 328, 329, 330, 331, 332, 333, 334, 335, 336, 337, 338, 339, 340, 341, 342, 343, 344, 345, 346, 347, 348, 349, 350, 351, 352, 353, 354, 355, 356, 357, 358, 359, 360, 361, 362, 363, 364, 365, 366, 367, 368, 369, 370, 371, 372, 373, 374, 375, 376, 377, 378, 379, 380, 381, 382, 383, 384, 385, 386, 387, 388, 389, 390, 391, 392, 393, 394, 395, 396, 397, 398, 399, 400]","{7: [RollingMean(window_size=7), RollingStd(window_size=7)], 30: [RollingMean(window_size=30)], 60: [ExpandingMean()], 14: [ExponentiallyWeightedMean(alpha=0.3)]}",lags_400_features_400,96.38414037832376,76.94629083192265,94.28036106997035,89.40542330271526,82.58243873324393,86.51735235356648,83.25903243514044,81.39297862021512,103.16428076252502,155.46442517936362,158.5880296331239
XGBRegressor,LocalStandardScaler(stats_=[[47.42372721 38.3630083 ]]),"[1, 2, 3, 4, 5, 6, 7, 8, 9, 10, 11, 12, 13, 14, 15, 16, 17, 18, 19, 20, 21, 22, 23, 24, 25, 26, 27, 28, 29, 30, 31, 32, 33, 34, 35, 36, 37, 38, 39, 40, 41, 42, 43, 44, 45, 46, 47, 48, 49, 50, 51, 52, 53, 54, 55, 56, 57, 58, 59, 60, 61, 62, 63, 64, 65, 66, 67, 68, 69, 70, 71, 72, 73, 74, 75, 76, 77, 78, 79, 80, 81, 82, 83, 84, 85, 86, 87, 88, 89, 90, 91, 92, 93, 94, 95, 96, 97, 98, 99, 100, 101, 102, 103, 104, 105, 106, 107, 108, 109, 110, 111, 112, 113, 114, 115, 116, 117, 118, 119, 120, 121, 122, 123, 124, 125, 126, 127, 128, 129, 130, 131, 132, 133, 134, 135, 136, 137, 138, 139, 140, 141, 142, 143, 144, 145, 146, 147, 148, 149, 150, 151, 152, 153, 154, 155, 156, 157, 158, 159, 160, 161, 162, 163, 164, 165, 166, 167, 168, 169, 170, 171, 172, 173, 174, 175, 176, 177, 178, 179, 180, 181, 182, 183, 184, 185, 186, 187, 188, 189, 190, 191, 192, 193, 194, 195, 196, 197, 198, 199, 200, 201, 202, 203, 204, 205, 206, 207, 208, 209, 210, 211, 212, 213, 214, 215, 216, 217, 218, 219, 220, 221, 222, 223, 224, 225, 226, 227, 228, 229, 230, 231, 232, 233, 234, 235, 236, 237, 238, 239, 240, 241, 242, 243, 244, 245, 246, 247, 248, 249, 250, 251, 252, 253, 254, 255, 256, 257, 258, 259, 260, 261, 262, 263, 264, 265, 266, 267, 268, 269, 270, 271, 272, 273, 274, 275, 276, 277, 278, 279, 280, 281, 282, 283, 284, 285, 286, 287, 288, 289, 290, 291, 292, 293, 294, 295, 296, 297, 298, 299, 300, 301, 302, 303, 304, 305, 306, 307, 308, 309, 310, 311, 312, 313, 314, 315, 316, 317, 318, 319, 320, 321, 322, 323, 324, 325, 326, 327, 328, 329, 330, 331, 332, 333, 334, 335, 336, 337, 338, 339, 340, 341, 342, 343, 344, 345, 346, 347, 348, 349, 350, 351, 352, 353, 354, 355, 356, 357, 358, 359, 360, 361, 362, 363, 364, 365, 366, 367, 368, 369, 370, 371, 372, 373, 374, 375, 376, 377, 378, 379, 380, 381, 382, 383, 384, 385, 386, 387, 388, 389, 390, 391, 392, 393, 394, 395, 396, 397, 398, 399, 400]","{7: [RollingMean(window_size=7), RollingStd(window_size=7)], 30: [RollingMean(window_size=30)], 60: [ExpandingMean()], 14: [ExponentiallyWeightedMean(alpha=0.3)]}",lags_400_features_400,11.496749740329951,16.728733237868042,18.804072011041402,18.321349649394378,19.232492032948485,21.102337861445715,30.929526332184853,36.241779673772875,48.53213581916319,54.617673126645236,53.631299028901516
LGBMRegressor,LocalStandardScaler(stats_=[[47.42372721 38.3630083 ]]),"[1, 2, 3, 4, 5, 6, 7, 8, 9, 10, 11, 12, 13, 14, 15, 16, 17, 18, 19, 20, 21, 22, 23, 24, 25, 26, 27, 28, 29, 30, 31, 32, 33, 34, 35, 36, 37, 38, 39, 40, 41, 42, 43, 44, 45, 46, 47, 48, 49, 50, 51, 52, 53, 54, 55, 56, 57, 58, 59, 60, 61, 62, 63, 64, 65, 66, 67, 68, 69, 70, 71, 72, 73, 74, 75, 76, 77, 78, 79, 80, 81, 82, 83, 84, 85, 86, 87, 88, 89, 90, 91, 92, 93, 94, 95, 96, 97, 98, 99, 100, 101, 102, 103, 104, 105, 106, 107, 108, 109, 110, 111, 112, 113, 114, 115, 116, 117, 118, 119, 120, 121, 122, 123, 124, 125, 126, 127, 128, 129, 130, 131, 132, 133, 134, 135, 136, 137, 138, 139, 140, 141, 142, 143, 144, 145, 146, 147, 148, 149, 150, 151, 152, 153, 154, 155, 156, 157, 158, 159, 160, 161, 162, 163, 164, 165, 166, 167, 168, 169, 170, 171, 172, 173, 174, 175, 176, 177, 178, 179, 180, 181, 182, 183, 184, 185, 186, 187, 188, 189, 190, 191, 192, 193, 194, 195, 196, 197, 198, 199, 200, 201, 202, 203, 204, 205, 206, 207, 208, 209, 210, 211, 212, 213, 214, 215, 216, 217, 218, 219, 220, 221, 222, 223, 224, 225, 226, 227, 228, 229, 230, 231, 232, 233, 234, 235, 236, 237, 238, 239, 240, 241, 242, 243, 244, 245, 246, 247, 248, 249, 250, 251, 252, 253, 254, 255, 256, 257, 258, 259, 260, 261, 262, 263, 264, 265, 266, 267, 268, 269, 270, 271, 272, 273, 274, 275, 276, 277, 278, 279, 280, 281, 282, 283, 284, 285, 286, 287, 288, 289, 290, 291, 292, 293, 294, 295, 296, 297, 298, 299, 300, 301, 302, 303, 304, 305, 306, 307, 308, 309, 310, 311, 312, 313, 314, 315, 316, 317, 318, 319, 320, 321, 322, 323, 324, 325, 326, 327, 328, 329, 330, 331, 332, 333, 334, 335, 336, 337, 338, 339, 340, 341, 342, 343, 344, 345, 346, 347, 348, 349, 350, 351, 352, 353, 354, 355, 356, 357, 358, 359, 360, 361, 362, 363, 364, 365, 366, 367, 368, 369, 370, 371, 372, 373, 374, 375, 376, 377, 378, 379, 380, 381, 382, 383, 384, 385, 386, 387, 388, 389, 390, 391, 392, 393, 394, 395, 396, 397, 398, 399, 400]","{7: [RollingMean(window_size=7), RollingStd(window_size=7)], 30: [RollingMean(window_size=30)], 60: [ExpandingMean()], 14: [ExponentiallyWeightedMean(alpha=0.3)]}",lags_400_features_400,10.364791247359213,17.023724788193796,19.146399494734222,18.458119512015355,18.429537275774734,22.846962686469624,29.62267794958256,32.77435793193886,45.292003815154295,51.42400367288733,50.89910453463061
SGD_EarlyStopping,LocalMinMaxScaler(stats_=[[  5.11211699 325.92896936]]),"[1, 2, 3, 4, 5, 6, 7, 8, 9, 10, 11, 12, 13, 14, 15, 16, 17, 18, 19, 20, 21, 22, 23, 24, 25, 26, 27, 28, 29, 30, 31, 32, 33, 34, 35, 36, 37, 38, 39, 40, 41, 42, 43, 44, 45, 46, 47, 48, 49, 50, 51, 52, 53, 54, 55, 56, 57, 58, 59, 60, 61, 62, 63, 64, 65, 66, 67, 68, 69, 70, 71, 72, 73, 74, 75, 76, 77, 78, 79, 80, 81, 82, 83, 84, 85, 86, 87, 88, 89, 90, 91, 92, 93, 94, 95, 96, 97, 98, 99, 100, 101, 102, 103, 104, 105, 106, 107, 108, 109, 110, 111, 112, 113, 114, 115, 116, 117, 118, 119, 120, 121, 122, 123, 124, 125, 126, 127, 128, 129, 130, 131, 132, 133, 134, 135, 136, 137, 138, 139, 140, 141, 142, 143, 144, 145, 146, 147, 148, 149, 150, 151, 152, 153, 154, 155, 156, 157, 158, 159, 160, 161, 162, 163, 164, 165, 166, 167, 168, 169, 170, 171, 172, 173, 174, 175, 176, 177, 178, 179, 180, 181, 182, 183, 184, 185, 186, 187, 188, 189, 190, 191, 192, 193, 194, 195, 196, 197, 198, 199, 200, 201, 202, 203, 204, 205, 206, 207, 208, 209, 210, 211, 212, 213, 214, 215, 216, 217, 218, 219, 220, 221, 222, 223, 224, 225, 226, 227, 228, 229, 230, 231, 232, 233, 234, 235, 236, 237, 238, 239, 240, 241, 242, 243, 244, 245, 246, 247, 248, 249, 250, 251, 252, 253, 254, 255, 256, 257, 258, 259, 260, 261, 262, 263, 264, 265, 266, 267, 268, 269, 270, 271, 272, 273, 274, 275, 276, 277, 278, 279, 280, 281, 282, 283, 284, 285, 286, 287, 288, 289, 290, 291, 292, 293, 294, 295, 296, 297, 298, 299, 300, 301, 302, 303, 304, 305, 306, 307, 308, 309, 310, 311, 312, 313, 314, 315, 316, 317, 318, 319, 320, 321, 322, 323, 324, 325, 326, 327, 328, 329, 330, 331, 332, 333, 334, 335, 336, 337, 338, 339, 340, 341, 342, 343, 344, 345, 346, 347, 348, 349, 350, 351, 352, 353, 354, 355, 356, 357, 358, 359, 360, 361, 362, 363, 364, 365, 366, 367, 368, 369, 370, 371, 372, 373, 374, 375, 376, 377, 378, 379, 380, 381, 382, 383, 384, 385, 386, 387, 388, 389, 390, 391, 392, 393, 394, 395, 396, 397, 398, 399, 400]","{1: [<function expanding_mean at 0x000002C58F7A04A0>], 7: [<function rolling_mean_14 at 0x000002C5930FAA20>], 30: [<function expanding_mean at 0x000002C58F7A04A0>]}",lags_400_features_400,15.999084711415668,17.766388720161295,21.670508489519143,21.941506026258125,21.448903575272368,26.033466700798808,31.608575293241387,38.97192541738323,52.32542608635706,58.32595976983067,57.244061483909604
SGD_ElasticNet,LocalMinMaxScaler(stats_=[[  5.11211699 325.92896936]]),"[1, 2, 3, 4, 5, 6, 7, 8, 9, 10, 11, 12, 13, 14, 15, 16, 17, 18, 19, 20, 21, 22, 23, 24, 25, 26, 27, 28, 29, 30, 31, 32, 33, 34, 35, 36, 37, 38, 39, 40, 41, 42, 43, 44, 45, 46, 47, 48, 49, 50, 51, 52, 53, 54, 55, 56, 57, 58, 59, 60, 61, 62, 63, 64, 65, 66, 67, 68, 69, 70, 71, 72, 73, 74, 75, 76, 77, 78, 79, 80, 81, 82, 83, 84, 85, 86, 87, 88, 89, 90, 91, 92, 93, 94, 95, 96, 97, 98, 99, 100, 101, 102, 103, 104, 105, 106, 107, 108, 109, 110, 111, 112, 113, 114, 115, 116, 117, 118, 119, 120, 121, 122, 123, 124, 125, 126, 127, 128, 129, 130, 131, 132, 133, 134, 135, 136, 137, 138, 139, 140, 141, 142, 143, 144, 145, 146, 147, 148, 149, 150, 151, 152, 153, 154, 155, 156, 157, 158, 159, 160, 161, 162, 163, 164, 165, 166, 167, 168, 169, 170, 171, 172, 173, 174, 175, 176, 177, 178, 179, 180, 181, 182, 183, 184, 185, 186, 187, 188, 189, 190, 191, 192, 193, 194, 195, 196, 197, 198, 199, 200, 201, 202, 203, 204, 205, 206, 207, 208, 209, 210, 211, 212, 213, 214, 215, 216, 217, 218, 219, 220, 221, 222, 223, 224, 225, 226, 227, 228, 229, 230, 231, 232, 233, 234, 235, 236, 237, 238, 239, 240, 241, 242, 243, 244, 245, 246, 247, 248, 249, 250, 251, 252, 253, 254, 255, 256, 257, 258, 259, 260, 261, 262, 263, 264, 265, 266, 267, 268, 269, 270, 271, 272, 273, 274, 275, 276, 277, 278, 279, 280, 281, 282, 283, 284, 285, 286, 287, 288, 289, 290, 291, 292, 293, 294, 295, 296, 297, 298, 299, 300, 301, 302, 303, 304, 305, 306, 307, 308, 309, 310, 311, 312, 313, 314, 315, 316, 317, 318, 319, 320, 321, 322, 323, 324, 325, 326, 327, 328, 329, 330, 331, 332, 333, 334, 335, 336, 337, 338, 339, 340, 341, 342, 343, 344, 345, 346, 347, 348, 349, 350, 351, 352, 353, 354, 355, 356, 357, 358, 359, 360, 361, 362, 363, 364, 365, 366, 367, 368, 369, 370, 371, 372, 373, 374, 375, 376, 377, 378, 379, 380, 381, 382, 383, 384, 385, 386, 387, 388, 389, 390, 391, 392, 393, 394, 395, 396, 397, 398, 399, 400]","{1: [<function expanding_mean at 0x000002C58F7A04A0>], 7: [<function rolling_mean_14 at 0x000002C5930FAA20>], 30: [<function expanding_mean at 0x000002C58F7A04A0>]}",lags_400_features_400,10.245860827831816,16.39524739753959,18.566492606752444,18.108078745692385,17.944923897398223,23.373410631300473,28.290493911698572,35.35884971586539,49.146015592758545,52.01035647833743,52.051212970154616
SGD_Lasso,LocalMinMaxScaler(stats_=[[  5.11211699 325.92896936]]),"[1, 2, 3, 4, 5, 6, 7, 8, 9, 10, 11, 12, 13, 14, 15, 16, 17, 18, 19, 20, 21, 22, 23, 24, 25, 26, 27, 28, 29, 30, 31, 32, 33, 34, 35, 36, 37, 38, 39, 40, 41, 42, 43, 44, 45, 46, 47, 48, 49, 50, 51, 52, 53, 54, 55, 56, 57, 58, 59, 60, 61, 62, 63, 64, 65, 66, 67, 68, 69, 70, 71, 72, 73, 74, 75, 76, 77, 78, 79, 80, 81, 82, 83, 84, 85, 86, 87, 88, 89, 90, 91, 92, 93, 94, 95, 96, 97, 98, 99, 100, 101, 102, 103, 104, 105, 106, 107, 108, 109, 110, 111, 112, 113, 114, 115, 116, 117, 118, 119, 120, 121, 122, 123, 124, 125, 126, 127, 128, 129, 130, 131, 132, 133, 134, 135, 136, 137, 138, 139, 140, 141, 142, 143, 144, 145, 146, 147, 148, 149, 150, 151, 152, 153, 154, 155, 156, 157, 158, 159, 160, 161, 162, 163, 164, 165, 166, 167, 168, 169, 170, 171, 172, 173, 174, 175, 176, 177, 178, 179, 180, 181, 182, 183, 184, 185, 186, 187, 188, 189, 190, 191, 192, 193, 194, 195, 196, 197, 198, 199, 200, 201, 202, 203, 204, 205, 206, 207, 208, 209, 210, 211, 212, 213, 214, 215, 216, 217, 218, 219, 220, 221, 222, 223, 224, 225, 226, 227, 228, 229, 230, 231, 232, 233, 234, 235, 236, 237, 238, 239, 240, 241, 242, 243, 244, 245, 246, 247, 248, 249, 250, 251, 252, 253, 254, 255, 256, 257, 258, 259, 260, 261, 262, 263, 264, 265, 266, 267, 268, 269, 270, 271, 272, 273, 274, 275, 276, 277, 278, 279, 280, 281, 282, 283, 284, 285, 286, 287, 288, 289, 290, 291, 292, 293, 294, 295, 296, 297, 298, 299, 300, 301, 302, 303, 304, 305, 306, 307, 308, 309, 310, 311, 312, 313, 314, 315, 316, 317, 318, 319, 320, 321, 322, 323, 324, 325, 326, 327, 328, 329, 330, 331, 332, 333, 334, 335, 336, 337, 338, 339, 340, 341, 342, 343, 344, 345, 346, 347, 348, 349, 350, 351, 352, 353, 354, 355, 356, 357, 358, 359, 360, 361, 362, 363, 364, 365, 366, 367, 368, 369, 370, 371, 372, 373, 374, 375, 376, 377, 378, 379, 380, 381, 382, 383, 384, 385, 386, 387, 388, 389, 390, 391, 392, 393, 394, 395, 396, 397, 398, 399, 400]","{1: [<function expanding_mean at 0x000002C58F7A04A0>], 7: [<function rolling_mean_14 at 0x000002C5930FAA20>], 30: [<function expanding_mean at 0x000002C58F7A04A0>]}",lags_400_features_400,118.05932069664766,102.761529561556,101.08235692519607,90.10235306743208,75.66384464435117,67.01788560628155,61.462045658613974,55.78004717885552,71.64443914013108,96.95023202215106,96.40223009131486
SGD_Ridge,LocalMinMaxScaler(stats_=[[  5.11211699 325.92896936]]),"[1, 2, 3, 4, 5, 6, 7, 8, 9, 10, 11, 12, 13, 14, 15, 16, 17, 18, 19, 20, 21, 22, 23, 24, 25, 26, 27, 28, 29, 30, 31, 32, 33, 34, 35, 36, 37, 38, 39, 40, 41, 42, 43, 44, 45, 46, 47, 48, 49, 50, 51, 52, 53, 54, 55, 56, 57, 58, 59, 60, 61, 62, 63, 64, 65, 66, 67, 68, 69, 70, 71, 72, 73, 74, 75, 76, 77, 78, 79, 80, 81, 82, 83, 84, 85, 86, 87, 88, 89, 90, 91, 92, 93, 94, 95, 96, 97, 98, 99, 100, 101, 102, 103, 104, 105, 106, 107, 108, 109, 110, 111, 112, 113, 114, 115, 116, 117, 118, 119, 120, 121, 122, 123, 124, 125, 126, 127, 128, 129, 130, 131, 132, 133, 134, 135, 136, 137, 138, 139, 140, 141, 142, 143, 144, 145, 146, 147, 148, 149, 150, 151, 152, 153, 154, 155, 156, 157, 158, 159, 160, 161, 162, 163, 164, 165, 166, 167, 168, 169, 170, 171, 172, 173, 174, 175, 176, 177, 178, 179, 180, 181, 182, 183, 184, 185, 186, 187, 188, 189, 190, 191, 192, 193, 194, 195, 196, 197, 198, 199, 200, 201, 202, 203, 204, 205, 206, 207, 208, 209, 210, 211, 212, 213, 214, 215, 216, 217, 218, 219, 220, 221, 222, 223, 224, 225, 226, 227, 228, 229, 230, 231, 232, 233, 234, 235, 236, 237, 238, 239, 240, 241, 242, 243, 244, 245, 246, 247, 248, 249, 250, 251, 252, 253, 254, 255, 256, 257, 258, 259, 260, 261, 262, 263, 264, 265, 266, 267, 268, 269, 270, 271, 272, 273, 274, 275, 276, 277, 278, 279, 280, 281, 282, 283, 284, 285, 286, 287, 288, 289, 290, 291, 292, 293, 294, 295, 296, 297, 298, 299, 300, 301, 302, 303, 304, 305, 306, 307, 308, 309, 310, 311, 312, 313, 314, 315, 316, 317, 318, 319, 320, 321, 322, 323, 324, 325, 326, 327, 328, 329, 330, 331, 332, 333, 334, 335, 336, 337, 338, 339, 340, 341, 342, 343, 344, 345, 346, 347, 348, 349, 350, 351, 352, 353, 354, 355, 356, 357, 358, 359, 360, 361, 362, 363, 364, 365, 366, 367, 368, 369, 370, 371, 372, 373, 374, 375, 376, 377, 378, 379, 380, 381, 382, 383, 384, 385, 386, 387, 388, 389, 390, 391, 392, 393, 394, 395, 396, 397, 398, 399, 400]","{1: [<function expanding_mean at 0x000002C58F7A04A0>], 7: [<function rolling_mean_14 at 0x000002C5930FAA20>], 30: [<function expanding_mean at 0x000002C58F7A04A0>]}",lags_400_features_400,24.49813550016394,23.25348927527358,24.582419681997795,24.417737291024455,23.5685500049871,26.846602770777174,28.97313617010253,30.653615523074546,43.27858498281294,59.60569026329452,60.30910889648751
SGDRegressor,LocalMinMaxScaler(stats_=[[  5.11211699 325.92896936]]),"[1, 2, 3, 4, 5, 6, 7, 8, 9, 10, 11, 12, 13, 14, 15, 16, 17, 18, 19, 20, 21, 22, 23, 24, 25, 26, 27, 28, 29, 30, 31, 32, 33, 34, 35, 36, 37, 38, 39, 40, 41, 42, 43, 44, 45, 46, 47, 48, 49, 50, 51, 52, 53, 54, 55, 56, 57, 58, 59, 60, 61, 62, 63, 64, 65, 66, 67, 68, 69, 70, 71, 72, 73, 74, 75, 76, 77, 78, 79, 80, 81, 82, 83, 84, 85, 86, 87, 88, 89, 90, 91, 92, 93, 94, 95, 96, 97, 98, 99, 100, 101, 102, 103, 104, 105, 106, 107, 108, 109, 110, 111, 112, 113, 114, 115, 116, 117, 118, 119, 120, 121, 122, 123, 124, 125, 126, 127, 128, 129, 130, 131, 132, 133, 134, 135, 136, 137, 138, 139, 140, 141, 142, 143, 144, 145, 146, 147, 148, 149, 150, 151, 152, 153, 154, 155, 156, 157, 158, 159, 160, 161, 162, 163, 164, 165, 166, 167, 168, 169, 170, 171, 172, 173, 174, 175, 176, 177, 178, 179, 180, 181, 182, 183, 184, 185, 186, 187, 188, 189, 190, 191, 192, 193, 194, 195, 196, 197, 198, 199, 200, 201, 202, 203, 204, 205, 206, 207, 208, 209, 210, 211, 212, 213, 214, 215, 216, 217, 218, 219, 220, 221, 222, 223, 224, 225, 226, 227, 228, 229, 230, 231, 232, 233, 234, 235, 236, 237, 238, 239, 240, 241, 242, 243, 244, 245, 246, 247, 248, 249, 250, 251, 252, 253, 254, 255, 256, 257, 258, 259, 260, 261, 262, 263, 264, 265, 266, 267, 268, 269, 270, 271, 272, 273, 274, 275, 276, 277, 278, 279, 280, 281, 282, 283, 284, 285, 286, 287, 288, 289, 290, 291, 292, 293, 294, 295, 296, 297, 298, 299, 300, 301, 302, 303, 304, 305, 306, 307, 308, 309, 310, 311, 312, 313, 314, 315, 316, 317, 318, 319, 320, 321, 322, 323, 324, 325, 326, 327, 328, 329, 330, 331, 332, 333, 334, 335, 336, 337, 338, 339, 340, 341, 342, 343, 344, 345, 346, 347, 348, 349, 350, 351, 352, 353, 354, 355, 356, 357, 358, 359, 360, 361, 362, 363, 364, 365, 366, 367, 368, 369, 370, 371, 372, 373, 374, 375, 376, 377, 378, 379, 380, 381, 382, 383, 384, 385, 386, 387, 388, 389, 390, 391, 392, 393, 394, 395, 396, 397, 398, 399, 400]","{1: [<function expanding_mean at 0x000002C58F7A04A0>], 7: [<function rolling_mean_14 at 0x000002C5930FAA20>], 30: [<function expanding_mean at 0x000002C58F7A04A0>]}",lags_400_features_400,10.253011236420937,19.165667321153276,22.24343451576694,22.96859913490333,21.993833842992316,27.022026221700962,31.97423528806553,39.12033186070681,51.57945082367651,48.89140996404999,48.1475923089814
XGBRegressor,LocalMinMaxScaler(stats_=[[  5.11211699 325.92896936]]),"[1, 2, 3, 4, 5, 6, 7, 8, 9, 10, 11, 12, 13, 14, 15, 16, 17, 18, 19, 20, 21, 22, 23, 24, 25, 26, 27, 28, 29, 30, 31, 32, 33, 34, 35, 36, 37, 38, 39, 40, 41, 42, 43, 44, 45, 46, 47, 48, 49, 50, 51, 52, 53, 54, 55, 56, 57, 58, 59, 60, 61, 62, 63, 64, 65, 66, 67, 68, 69, 70, 71, 72, 73, 74, 75, 76, 77, 78, 79, 80, 81, 82, 83, 84, 85, 86, 87, 88, 89, 90, 91, 92, 93, 94, 95, 96, 97, 98, 99, 100, 101, 102, 103, 104, 105, 106, 107, 108, 109, 110, 111, 112, 113, 114, 115, 116, 117, 118, 119, 120, 121, 122, 123, 124, 125, 126, 127, 128, 129, 130, 131, 132, 133, 134, 135, 136, 137, 138, 139, 140, 141, 142, 143, 144, 145, 146, 147, 148, 149, 150, 151, 152, 153, 154, 155, 156, 157, 158, 159, 160, 161, 162, 163, 164, 165, 166, 167, 168, 169, 170, 171, 172, 173, 174, 175, 176, 177, 178, 179, 180, 181, 182, 183, 184, 185, 186, 187, 188, 189, 190, 191, 192, 193, 194, 195, 196, 197, 198, 199, 200, 201, 202, 203, 204, 205, 206, 207, 208, 209, 210, 211, 212, 213, 214, 215, 216, 217, 218, 219, 220, 221, 222, 223, 224, 225, 226, 227, 228, 229, 230, 231, 232, 233, 234, 235, 236, 237, 238, 239, 240, 241, 242, 243, 244, 245, 246, 247, 248, 249, 250, 251, 252, 253, 254, 255, 256, 257, 258, 259, 260, 261, 262, 263, 264, 265, 266, 267, 268, 269, 270, 271, 272, 273, 274, 275, 276, 277, 278, 279, 280, 281, 282, 283, 284, 285, 286, 287, 288, 289, 290, 291, 292, 293, 294, 295, 296, 297, 298, 299, 300, 301, 302, 303, 304, 305, 306, 307, 308, 309, 310, 311, 312, 313, 314, 315, 316, 317, 318, 319, 320, 321, 322, 323, 324, 325, 326, 327, 328, 329, 330, 331, 332, 333, 334, 335, 336, 337, 338, 339, 340, 341, 342, 343, 344, 345, 346, 347, 348, 349, 350, 351, 352, 353, 354, 355, 356, 357, 358, 359, 360, 361, 362, 363, 364, 365, 366, 367, 368, 369, 370, 371, 372, 373, 374, 375, 376, 377, 378, 379, 380, 381, 382, 383, 384, 385, 386, 387, 388, 389, 390, 391, 392, 393, 394, 395, 396, 397, 398, 399, 400]","{1: [<function expanding_mean at 0x000002C58F7A04A0>], 7: [<function rolling_mean_14 at 0x000002C5930FAA20>], 30: [<function expanding_mean at 0x000002C58F7A04A0>]}",lags_400_features_400,14.289528544409865,18.798072460819036,20.796116136301183,19.850683789757362,19.751869010313435,27.160376629679007,37.05643129055839,40.4769616866953,50.02278722654398,56.13145569032816,55.601554585972615
LGBMRegressor,LocalMinMaxScaler(stats_=[[  5.11211699 325.92896936]]),"[1, 2, 3, 4, 5, 6, 7, 8, 9, 10, 11, 12, 13, 14, 15, 16, 17, 18, 19, 20, 21, 22, 23, 24, 25, 26, 27, 28, 29, 30, 31, 32, 33, 34, 35, 36, 37, 38, 39, 40, 41, 42, 43, 44, 45, 46, 47, 48, 49, 50, 51, 52, 53, 54, 55, 56, 57, 58, 59, 60, 61, 62, 63, 64, 65, 66, 67, 68, 69, 70, 71, 72, 73, 74, 75, 76, 77, 78, 79, 80, 81, 82, 83, 84, 85, 86, 87, 88, 89, 90, 91, 92, 93, 94, 95, 96, 97, 98, 99, 100, 101, 102, 103, 104, 105, 106, 107, 108, 109, 110, 111, 112, 113, 114, 115, 116, 117, 118, 119, 120, 121, 122, 123, 124, 125, 126, 127, 128, 129, 130, 131, 132, 133, 134, 135, 136, 137, 138, 139, 140, 141, 142, 143, 144, 145, 146, 147, 148, 149, 150, 151, 152, 153, 154, 155, 156, 157, 158, 159, 160, 161, 162, 163, 164, 165, 166, 167, 168, 169, 170, 171, 172, 173, 174, 175, 176, 177, 178, 179, 180, 181, 182, 183, 184, 185, 186, 187, 188, 189, 190, 191, 192, 193, 194, 195, 196, 197, 198, 199, 200, 201, 202, 203, 204, 205, 206, 207, 208, 209, 210, 211, 212, 213, 214, 215, 216, 217, 218, 219, 220, 221, 222, 223, 224, 225, 226, 227, 228, 229, 230, 231, 232, 233, 234, 235, 236, 237, 238, 239, 240, 241, 242, 243, 244, 245, 246, 247, 248, 249, 250, 251, 252, 253, 254, 255, 256, 257, 258, 259, 260, 261, 262, 263, 264, 265, 266, 267, 268, 269, 270, 271, 272, 273, 274, 275, 276, 277, 278, 279, 280, 281, 282, 283, 284, 285, 286, 287, 288, 289, 290, 291, 292, 293, 294, 295, 296, 297, 298, 299, 300, 301, 302, 303, 304, 305, 306, 307, 308, 309, 310, 311, 312, 313, 314, 315, 316, 317, 318, 319, 320, 321, 322, 323, 324, 325, 326, 327, 328, 329, 330, 331, 332, 333, 334, 335, 336, 337, 338, 339, 340, 341, 342, 343, 344, 345, 346, 347, 348, 349, 350, 351, 352, 353, 354, 355, 356, 357, 358, 359, 360, 361, 362, 363, 364, 365, 366, 367, 368, 369, 370, 371, 372, 373, 374, 375, 376, 377, 378, 379, 380, 381, 382, 383, 384, 385, 386, 387, 388, 389, 390, 391, 392, 393, 394, 395, 396, 397, 398, 399, 400]","{1: [<function expanding_mean at 0x000002C58F7A04A0>], 7: [<function rolling_mean_14 at 0x000002C5930FAA20>], 30: [<function expanding_mean at 0x000002C58F7A04A0>]}",lags_400_features_400,11.149376340547773,18.62364948963583,19.828314722357224,19.36252538198402,18.892918736925015,21.879523336434193,28.633570082780285,33.3742788785524,45.63550792646652,50.27597838069598,49.621789144277884
SGD_EarlyStopping,LocalMinMaxScaler(stats_=[[  5.11211699 325.92896936]]),"[1, 2, 3, 4, 5, 6, 7, 8, 9, 10, 11, 12, 13, 14, 15, 16, 17, 18, 19, 20, 21, 22, 23, 24, 25, 26, 27, 28, 29, 30, 31, 32, 33, 34, 35, 36, 37, 38, 39, 40, 41, 42, 43, 44, 45, 46, 47, 48, 49, 50, 51, 52, 53, 54, 55, 56, 57, 58, 59, 60, 61, 62, 63, 64, 65, 66, 67, 68, 69, 70, 71, 72, 73, 74, 75, 76, 77, 78, 79, 80, 81, 82, 83, 84, 85, 86, 87, 88, 89, 90, 91, 92, 93, 94, 95, 96, 97, 98, 99, 100, 101, 102, 103, 104, 105, 106, 107, 108, 109, 110, 111, 112, 113, 114, 115, 116, 117, 118, 119, 120, 121, 122, 123, 124, 125, 126, 127, 128, 129, 130, 131, 132, 133, 134, 135, 136, 137, 138, 139, 140, 141, 142, 143, 144, 145, 146, 147, 148, 149, 150, 151, 152, 153, 154, 155, 156, 157, 158, 159, 160, 161, 162, 163, 164, 165, 166, 167, 168, 169, 170, 171, 172, 173, 174, 175, 176, 177, 178, 179, 180, 181, 182, 183, 184, 185, 186, 187, 188, 189, 190, 191, 192, 193, 194, 195, 196, 197, 198, 199, 200, 201, 202, 203, 204, 205, 206, 207, 208, 209, 210, 211, 212, 213, 214, 215, 216, 217, 218, 219, 220, 221, 222, 223, 224, 225, 226, 227, 228, 229, 230, 231, 232, 233, 234, 235, 236, 237, 238, 239, 240, 241, 242, 243, 244, 245, 246, 247, 248, 249, 250, 251, 252, 253, 254, 255, 256, 257, 258, 259, 260, 261, 262, 263, 264, 265, 266, 267, 268, 269, 270, 271, 272, 273, 274, 275, 276, 277, 278, 279, 280, 281, 282, 283, 284, 285, 286, 287, 288, 289, 290, 291, 292, 293, 294, 295, 296, 297, 298, 299, 300, 301, 302, 303, 304, 305, 306, 307, 308, 309, 310, 311, 312, 313, 314, 315, 316, 317, 318, 319, 320, 321, 322, 323, 324, 325, 326, 327, 328, 329, 330, 331, 332, 333, 334, 335, 336, 337, 338, 339, 340, 341, 342, 343, 344, 345, 346, 347, 348, 349, 350, 351, 352, 353, 354, 355, 356, 357, 358, 359, 360, 361, 362, 363, 364, 365, 366, 367, 368, 369, 370, 371, 372, 373, 374, 375, 376, 377, 378, 379, 380, 381, 382, 383, 384, 385, 386, 387, 388, 389, 390, 391, 392, 393, 394, 395, 396, 397, 398, 399, 400]","{1: [<function rolling_mean_14 at 0x000002C5930FAA20>], 7: [<function rolling_mean_30 at 0x000002C58DBF9260>], 30: [<function expanding_mean at 0x000002C58F7A04A0>]}",lags_400_features_400,15.984487414125603,17.762743144996627,21.66638644590987,21.93861790490404,21.447799925201092,26.024548661896326,31.60250023044537,38.965407673437085,52.33223294839229,58.31838767236942,57.23412682384301
SGD_ElasticNet,LocalMinMaxScaler(stats_=[[  5.11211699 325.92896936]]),"[1, 2, 3, 4, 5, 6, 7, 8, 9, 10, 11, 12, 13, 14, 15, 16, 17, 18, 19, 20, 21, 22, 23, 24, 25, 26, 27, 28, 29, 30, 31, 32, 33, 34, 35, 36, 37, 38, 39, 40, 41, 42, 43, 44, 45, 46, 47, 48, 49, 50, 51, 52, 53, 54, 55, 56, 57, 58, 59, 60, 61, 62, 63, 64, 65, 66, 67, 68, 69, 70, 71, 72, 73, 74, 75, 76, 77, 78, 79, 80, 81, 82, 83, 84, 85, 86, 87, 88, 89, 90, 91, 92, 93, 94, 95, 96, 97, 98, 99, 100, 101, 102, 103, 104, 105, 106, 107, 108, 109, 110, 111, 112, 113, 114, 115, 116, 117, 118, 119, 120, 121, 122, 123, 124, 125, 126, 127, 128, 129, 130, 131, 132, 133, 134, 135, 136, 137, 138, 139, 140, 141, 142, 143, 144, 145, 146, 147, 148, 149, 150, 151, 152, 153, 154, 155, 156, 157, 158, 159, 160, 161, 162, 163, 164, 165, 166, 167, 168, 169, 170, 171, 172, 173, 174, 175, 176, 177, 178, 179, 180, 181, 182, 183, 184, 185, 186, 187, 188, 189, 190, 191, 192, 193, 194, 195, 196, 197, 198, 199, 200, 201, 202, 203, 204, 205, 206, 207, 208, 209, 210, 211, 212, 213, 214, 215, 216, 217, 218, 219, 220, 221, 222, 223, 224, 225, 226, 227, 228, 229, 230, 231, 232, 233, 234, 235, 236, 237, 238, 239, 240, 241, 242, 243, 244, 245, 246, 247, 248, 249, 250, 251, 252, 253, 254, 255, 256, 257, 258, 259, 260, 261, 262, 263, 264, 265, 266, 267, 268, 269, 270, 271, 272, 273, 274, 275, 276, 277, 278, 279, 280, 281, 282, 283, 284, 285, 286, 287, 288, 289, 290, 291, 292, 293, 294, 295, 296, 297, 298, 299, 300, 301, 302, 303, 304, 305, 306, 307, 308, 309, 310, 311, 312, 313, 314, 315, 316, 317, 318, 319, 320, 321, 322, 323, 324, 325, 326, 327, 328, 329, 330, 331, 332, 333, 334, 335, 336, 337, 338, 339, 340, 341, 342, 343, 344, 345, 346, 347, 348, 349, 350, 351, 352, 353, 354, 355, 356, 357, 358, 359, 360, 361, 362, 363, 364, 365, 366, 367, 368, 369, 370, 371, 372, 373, 374, 375, 376, 377, 378, 379, 380, 381, 382, 383, 384, 385, 386, 387, 388, 389, 390, 391, 392, 393, 394, 395, 396, 397, 398, 399, 400]","{1: [<function rolling_mean_14 at 0x000002C5930FAA20>], 7: [<function rolling_mean_30 at 0x000002C58DBF9260>], 30: [<function expanding_mean at 0x000002C58F7A04A0>]}",lags_400_features_400,10.238994291403337,16.391693435071055,18.56599756822072,18.10688510087873,17.94324318762595,23.368777022156102,28.2859876432349,35.351092209882296,49.146582733077494,52.012289265083936,52.0524481979585
SGD_Lasso,LocalMinMaxScaler(stats_=[[  5.11211699 325.92896936]]),"[1, 2, 3, 4, 5, 6, 7, 8, 9, 10, 11, 12, 13, 14, 15, 16, 17, 18, 19, 20, 21, 22, 23, 24, 25, 26, 27, 28, 29, 30, 31, 32, 33, 34, 35, 36, 37, 38, 39, 40, 41, 42, 43, 44, 45, 46, 47, 48, 49, 50, 51, 52, 53, 54, 55, 56, 57, 58, 59, 60, 61, 62, 63, 64, 65, 66, 67, 68, 69, 70, 71, 72, 73, 74, 75, 76, 77, 78, 79, 80, 81, 82, 83, 84, 85, 86, 87, 88, 89, 90, 91, 92, 93, 94, 95, 96, 97, 98, 99, 100, 101, 102, 103, 104, 105, 106, 107, 108, 109, 110, 111, 112, 113, 114, 115, 116, 117, 118, 119, 120, 121, 122, 123, 124, 125, 126, 127, 128, 129, 130, 131, 132, 133, 134, 135, 136, 137, 138, 139, 140, 141, 142, 143, 144, 145, 146, 147, 148, 149, 150, 151, 152, 153, 154, 155, 156, 157, 158, 159, 160, 161, 162, 163, 164, 165, 166, 167, 168, 169, 170, 171, 172, 173, 174, 175, 176, 177, 178, 179, 180, 181, 182, 183, 184, 185, 186, 187, 188, 189, 190, 191, 192, 193, 194, 195, 196, 197, 198, 199, 200, 201, 202, 203, 204, 205, 206, 207, 208, 209, 210, 211, 212, 213, 214, 215, 216, 217, 218, 219, 220, 221, 222, 223, 224, 225, 226, 227, 228, 229, 230, 231, 232, 233, 234, 235, 236, 237, 238, 239, 240, 241, 242, 243, 244, 245, 246, 247, 248, 249, 250, 251, 252, 253, 254, 255, 256, 257, 258, 259, 260, 261, 262, 263, 264, 265, 266, 267, 268, 269, 270, 271, 272, 273, 274, 275, 276, 277, 278, 279, 280, 281, 282, 283, 284, 285, 286, 287, 288, 289, 290, 291, 292, 293, 294, 295, 296, 297, 298, 299, 300, 301, 302, 303, 304, 305, 306, 307, 308, 309, 310, 311, 312, 313, 314, 315, 316, 317, 318, 319, 320, 321, 322, 323, 324, 325, 326, 327, 328, 329, 330, 331, 332, 333, 334, 335, 336, 337, 338, 339, 340, 341, 342, 343, 344, 345, 346, 347, 348, 349, 350, 351, 352, 353, 354, 355, 356, 357, 358, 359, 360, 361, 362, 363, 364, 365, 366, 367, 368, 369, 370, 371, 372, 373, 374, 375, 376, 377, 378, 379, 380, 381, 382, 383, 384, 385, 386, 387, 388, 389, 390, 391, 392, 393, 394, 395, 396, 397, 398, 399, 400]","{1: [<function rolling_mean_14 at 0x000002C5930FAA20>], 7: [<function rolling_mean_30 at 0x000002C58DBF9260>], 30: [<function expanding_mean at 0x000002C58F7A04A0>]}",lags_400_features_400,118.05932069664766,102.761529561556,101.08235692519607,90.10235306743208,75.66384464435117,67.01788560628155,61.462045658613974,55.78004717885552,71.64443914013108,96.95023202215106,96.40223009131486
SGD_Ridge,LocalMinMaxScaler(stats_=[[  5.11211699 325.92896936]]),"[1, 2, 3, 4, 5, 6, 7, 8, 9, 10, 11, 12, 13, 14, 15, 16, 17, 18, 19, 20, 21, 22, 23, 24, 25, 26, 27, 28, 29, 30, 31, 32, 33, 34, 35, 36, 37, 38, 39, 40, 41, 42, 43, 44, 45, 46, 47, 48, 49, 50, 51, 52, 53, 54, 55, 56, 57, 58, 59, 60, 61, 62, 63, 64, 65, 66, 67, 68, 69, 70, 71, 72, 73, 74, 75, 76, 77, 78, 79, 80, 81, 82, 83, 84, 85, 86, 87, 88, 89, 90, 91, 92, 93, 94, 95, 96, 97, 98, 99, 100, 101, 102, 103, 104, 105, 106, 107, 108, 109, 110, 111, 112, 113, 114, 115, 116, 117, 118, 119, 120, 121, 122, 123, 124, 125, 126, 127, 128, 129, 130, 131, 132, 133, 134, 135, 136, 137, 138, 139, 140, 141, 142, 143, 144, 145, 146, 147, 148, 149, 150, 151, 152, 153, 154, 155, 156, 157, 158, 159, 160, 161, 162, 163, 164, 165, 166, 167, 168, 169, 170, 171, 172, 173, 174, 175, 176, 177, 178, 179, 180, 181, 182, 183, 184, 185, 186, 187, 188, 189, 190, 191, 192, 193, 194, 195, 196, 197, 198, 199, 200, 201, 202, 203, 204, 205, 206, 207, 208, 209, 210, 211, 212, 213, 214, 215, 216, 217, 218, 219, 220, 221, 222, 223, 224, 225, 226, 227, 228, 229, 230, 231, 232, 233, 234, 235, 236, 237, 238, 239, 240, 241, 242, 243, 244, 245, 246, 247, 248, 249, 250, 251, 252, 253, 254, 255, 256, 257, 258, 259, 260, 261, 262, 263, 264, 265, 266, 267, 268, 269, 270, 271, 272, 273, 274, 275, 276, 277, 278, 279, 280, 281, 282, 283, 284, 285, 286, 287, 288, 289, 290, 291, 292, 293, 294, 295, 296, 297, 298, 299, 300, 301, 302, 303, 304, 305, 306, 307, 308, 309, 310, 311, 312, 313, 314, 315, 316, 317, 318, 319, 320, 321, 322, 323, 324, 325, 326, 327, 328, 329, 330, 331, 332, 333, 334, 335, 336, 337, 338, 339, 340, 341, 342, 343, 344, 345, 346, 347, 348, 349, 350, 351, 352, 353, 354, 355, 356, 357, 358, 359, 360, 361, 362, 363, 364, 365, 366, 367, 368, 369, 370, 371, 372, 373, 374, 375, 376, 377, 378, 379, 380, 381, 382, 383, 384, 385, 386, 387, 388, 389, 390, 391, 392, 393, 394, 395, 396, 397, 398, 399, 400]","{1: [<function rolling_mean_14 at 0x000002C5930FAA20>], 7: [<function rolling_mean_30 at 0x000002C58DBF9260>], 30: [<function expanding_mean at 0x000002C58F7A04A0>]}",lags_400_features_400,24.426539572297347,23.206499331175056,24.544829085970267,24.388183753925084,23.545078099718438,26.829408372927766,28.962121710425837,30.64236088357063,43.25890870652282,59.57747525108971,60.28260738308278
SGDRegressor,LocalMinMaxScaler(stats_=[[  5.11211699 325.92896936]]),"[1, 2, 3, 4, 5, 6, 7, 8, 9, 10, 11, 12, 13, 14, 15, 16, 17, 18, 19, 20, 21, 22, 23, 24, 25, 26, 27, 28, 29, 30, 31, 32, 33, 34, 35, 36, 37, 38, 39, 40, 41, 42, 43, 44, 45, 46, 47, 48, 49, 50, 51, 52, 53, 54, 55, 56, 57, 58, 59, 60, 61, 62, 63, 64, 65, 66, 67, 68, 69, 70, 71, 72, 73, 74, 75, 76, 77, 78, 79, 80, 81, 82, 83, 84, 85, 86, 87, 88, 89, 90, 91, 92, 93, 94, 95, 96, 97, 98, 99, 100, 101, 102, 103, 104, 105, 106, 107, 108, 109, 110, 111, 112, 113, 114, 115, 116, 117, 118, 119, 120, 121, 122, 123, 124, 125, 126, 127, 128, 129, 130, 131, 132, 133, 134, 135, 136, 137, 138, 139, 140, 141, 142, 143, 144, 145, 146, 147, 148, 149, 150, 151, 152, 153, 154, 155, 156, 157, 158, 159, 160, 161, 162, 163, 164, 165, 166, 167, 168, 169, 170, 171, 172, 173, 174, 175, 176, 177, 178, 179, 180, 181, 182, 183, 184, 185, 186, 187, 188, 189, 190, 191, 192, 193, 194, 195, 196, 197, 198, 199, 200, 201, 202, 203, 204, 205, 206, 207, 208, 209, 210, 211, 212, 213, 214, 215, 216, 217, 218, 219, 220, 221, 222, 223, 224, 225, 226, 227, 228, 229, 230, 231, 232, 233, 234, 235, 236, 237, 238, 239, 240, 241, 242, 243, 244, 245, 246, 247, 248, 249, 250, 251, 252, 253, 254, 255, 256, 257, 258, 259, 260, 261, 262, 263, 264, 265, 266, 267, 268, 269, 270, 271, 272, 273, 274, 275, 276, 277, 278, 279, 280, 281, 282, 283, 284, 285, 286, 287, 288, 289, 290, 291, 292, 293, 294, 295, 296, 297, 298, 299, 300, 301, 302, 303, 304, 305, 306, 307, 308, 309, 310, 311, 312, 313, 314, 315, 316, 317, 318, 319, 320, 321, 322, 323, 324, 325, 326, 327, 328, 329, 330, 331, 332, 333, 334, 335, 336, 337, 338, 339, 340, 341, 342, 343, 344, 345, 346, 347, 348, 349, 350, 351, 352, 353, 354, 355, 356, 357, 358, 359, 360, 361, 362, 363, 364, 365, 366, 367, 368, 369, 370, 371, 372, 373, 374, 375, 376, 377, 378, 379, 380, 381, 382, 383, 384, 385, 386, 387, 388, 389, 390, 391, 392, 393, 394, 395, 396, 397, 398, 399, 400]","{1: [<function rolling_mean_14 at 0x000002C5930FAA20>], 7: [<function rolling_mean_30 at 0x000002C58DBF9260>], 30: [<function expanding_mean at 0x000002C58F7A04A0>]}",lags_400_features_400,10.265248342770278,19.187461234406957,22.274969455040427,23.009992507949466,22.027991329542996,27.0438461484453,31.995143018510873,39.135065410503444,51.59604928272379,48.90304973364653,48.152593483154185
XGBRegressor,LocalMinMaxScaler(stats_=[[  5.11211699 325.92896936]]),"[1, 2, 3, 4, 5, 6, 7, 8, 9, 10, 11, 12, 13, 14, 15, 16, 17, 18, 19, 20, 21, 22, 23, 24, 25, 26, 27, 28, 29, 30, 31, 32, 33, 34, 35, 36, 37, 38, 39, 40, 41, 42, 43, 44, 45, 46, 47, 48, 49, 50, 51, 52, 53, 54, 55, 56, 57, 58, 59, 60, 61, 62, 63, 64, 65, 66, 67, 68, 69, 70, 71, 72, 73, 74, 75, 76, 77, 78, 79, 80, 81, 82, 83, 84, 85, 86, 87, 88, 89, 90, 91, 92, 93, 94, 95, 96, 97, 98, 99, 100, 101, 102, 103, 104, 105, 106, 107, 108, 109, 110, 111, 112, 113, 114, 115, 116, 117, 118, 119, 120, 121, 122, 123, 124, 125, 126, 127, 128, 129, 130, 131, 132, 133, 134, 135, 136, 137, 138, 139, 140, 141, 142, 143, 144, 145, 146, 147, 148, 149, 150, 151, 152, 153, 154, 155, 156, 157, 158, 159, 160, 161, 162, 163, 164, 165, 166, 167, 168, 169, 170, 171, 172, 173, 174, 175, 176, 177, 178, 179, 180, 181, 182, 183, 184, 185, 186, 187, 188, 189, 190, 191, 192, 193, 194, 195, 196, 197, 198, 199, 200, 201, 202, 203, 204, 205, 206, 207, 208, 209, 210, 211, 212, 213, 214, 215, 216, 217, 218, 219, 220, 221, 222, 223, 224, 225, 226, 227, 228, 229, 230, 231, 232, 233, 234, 235, 236, 237, 238, 239, 240, 241, 242, 243, 244, 245, 246, 247, 248, 249, 250, 251, 252, 253, 254, 255, 256, 257, 258, 259, 260, 261, 262, 263, 264, 265, 266, 267, 268, 269, 270, 271, 272, 273, 274, 275, 276, 277, 278, 279, 280, 281, 282, 283, 284, 285, 286, 287, 288, 289, 290, 291, 292, 293, 294, 295, 296, 297, 298, 299, 300, 301, 302, 303, 304, 305, 306, 307, 308, 309, 310, 311, 312, 313, 314, 315, 316, 317, 318, 319, 320, 321, 322, 323, 324, 325, 326, 327, 328, 329, 330, 331, 332, 333, 334, 335, 336, 337, 338, 339, 340, 341, 342, 343, 344, 345, 346, 347, 348, 349, 350, 351, 352, 353, 354, 355, 356, 357, 358, 359, 360, 361, 362, 363, 364, 365, 366, 367, 368, 369, 370, 371, 372, 373, 374, 375, 376, 377, 378, 379, 380, 381, 382, 383, 384, 385, 386, 387, 388, 389, 390, 391, 392, 393, 394, 395, 396, 397, 398, 399, 400]","{1: [<function rolling_mean_14 at 0x000002C5930FAA20>], 7: [<function rolling_mean_30 at 0x000002C58DBF9260>], 30: [<function expanding_mean at 0x000002C58F7A04A0>]}",lags_400_features_400,13.193359377052166,19.060613177053447,20.437319535951875,20.320891287951095,20.77039561405539,20.15058581644999,28.382786381723836,35.484679197565846,44.80740587801378,45.92248387765741,45.2120568069496
LGBMRegressor,LocalMinMaxScaler(stats_=[[  5.11211699 325.92896936]]),"[1, 2, 3, 4, 5, 6, 7, 8, 9, 10, 11, 12, 13, 14, 15, 16, 17, 18, 19, 20, 21, 22, 23, 24, 25, 26, 27, 28, 29, 30, 31, 32, 33, 34, 35, 36, 37, 38, 39, 40, 41, 42, 43, 44, 45, 46, 47, 48, 49, 50, 51, 52, 53, 54, 55, 56, 57, 58, 59, 60, 61, 62, 63, 64, 65, 66, 67, 68, 69, 70, 71, 72, 73, 74, 75, 76, 77, 78, 79, 80, 81, 82, 83, 84, 85, 86, 87, 88, 89, 90, 91, 92, 93, 94, 95, 96, 97, 98, 99, 100, 101, 102, 103, 104, 105, 106, 107, 108, 109, 110, 111, 112, 113, 114, 115, 116, 117, 118, 119, 120, 121, 122, 123, 124, 125, 126, 127, 128, 129, 130, 131, 132, 133, 134, 135, 136, 137, 138, 139, 140, 141, 142, 143, 144, 145, 146, 147, 148, 149, 150, 151, 152, 153, 154, 155, 156, 157, 158, 159, 160, 161, 162, 163, 164, 165, 166, 167, 168, 169, 170, 171, 172, 173, 174, 175, 176, 177, 178, 179, 180, 181, 182, 183, 184, 185, 186, 187, 188, 189, 190, 191, 192, 193, 194, 195, 196, 197, 198, 199, 200, 201, 202, 203, 204, 205, 206, 207, 208, 209, 210, 211, 212, 213, 214, 215, 216, 217, 218, 219, 220, 221, 222, 223, 224, 225, 226, 227, 228, 229, 230, 231, 232, 233, 234, 235, 236, 237, 238, 239, 240, 241, 242, 243, 244, 245, 246, 247, 248, 249, 250, 251, 252, 253, 254, 255, 256, 257, 258, 259, 260, 261, 262, 263, 264, 265, 266, 267, 268, 269, 270, 271, 272, 273, 274, 275, 276, 277, 278, 279, 280, 281, 282, 283, 284, 285, 286, 287, 288, 289, 290, 291, 292, 293, 294, 295, 296, 297, 298, 299, 300, 301, 302, 303, 304, 305, 306, 307, 308, 309, 310, 311, 312, 313, 314, 315, 316, 317, 318, 319, 320, 321, 322, 323, 324, 325, 326, 327, 328, 329, 330, 331, 332, 333, 334, 335, 336, 337, 338, 339, 340, 341, 342, 343, 344, 345, 346, 347, 348, 349, 350, 351, 352, 353, 354, 355, 356, 357, 358, 359, 360, 361, 362, 363, 364, 365, 366, 367, 368, 369, 370, 371, 372, 373, 374, 375, 376, 377, 378, 379, 380, 381, 382, 383, 384, 385, 386, 387, 388, 389, 390, 391, 392, 393, 394, 395, 396, 397, 398, 399, 400]","{1: [<function rolling_mean_14 at 0x000002C5930FAA20>], 7: [<function rolling_mean_30 at 0x000002C58DBF9260>], 30: [<function expanding_mean at 0x000002C58F7A04A0>]}",lags_400_features_400,9.60691053441521,17.677727879240717,19.03922677276346,18.847845413243437,18.699335474317166,20.294853768428663,28.43470400278522,34.02715053097109,43.84549100642091,45.41046029654734,44.89192535018587
SGD_EarlyStopping,LocalMinMaxScaler(stats_=[[  5.11211699 325.92896936]]),"[1, 2, 3, 4, 5, 6, 7, 8, 9, 10, 11, 12, 13, 14, 15, 16, 17, 18, 19, 20, 21, 22, 23, 24, 25, 26, 27, 28, 29, 30, 31, 32, 33, 34, 35, 36, 37, 38, 39, 40, 41, 42, 43, 44, 45, 46, 47, 48, 49, 50, 51, 52, 53, 54, 55, 56, 57, 58, 59, 60, 61, 62, 63, 64, 65, 66, 67, 68, 69, 70, 71, 72, 73, 74, 75, 76, 77, 78, 79, 80, 81, 82, 83, 84, 85, 86, 87, 88, 89, 90, 91, 92, 93, 94, 95, 96, 97, 98, 99, 100, 101, 102, 103, 104, 105, 106, 107, 108, 109, 110, 111, 112, 113, 114, 115, 116, 117, 118, 119, 120, 121, 122, 123, 124, 125, 126, 127, 128, 129, 130, 131, 132, 133, 134, 135, 136, 137, 138, 139, 140, 141, 142, 143, 144, 145, 146, 147, 148, 149, 150, 151, 152, 153, 154, 155, 156, 157, 158, 159, 160, 161, 162, 163, 164, 165, 166, 167, 168, 169, 170, 171, 172, 173, 174, 175, 176, 177, 178, 179, 180, 181, 182, 183, 184, 185, 186, 187, 188, 189, 190, 191, 192, 193, 194, 195, 196, 197, 198, 199, 200, 201, 202, 203, 204, 205, 206, 207, 208, 209, 210, 211, 212, 213, 214, 215, 216, 217, 218, 219, 220, 221, 222, 223, 224, 225, 226, 227, 228, 229, 230, 231, 232, 233, 234, 235, 236, 237, 238, 239, 240, 241, 242, 243, 244, 245, 246, 247, 248, 249, 250, 251, 252, 253, 254, 255, 256, 257, 258, 259, 260, 261, 262, 263, 264, 265, 266, 267, 268, 269, 270, 271, 272, 273, 274, 275, 276, 277, 278, 279, 280, 281, 282, 283, 284, 285, 286, 287, 288, 289, 290, 291, 292, 293, 294, 295, 296, 297, 298, 299, 300, 301, 302, 303, 304, 305, 306, 307, 308, 309, 310, 311, 312, 313, 314, 315, 316, 317, 318, 319, 320, 321, 322, 323, 324, 325, 326, 327, 328, 329, 330, 331, 332, 333, 334, 335, 336, 337, 338, 339, 340, 341, 342, 343, 344, 345, 346, 347, 348, 349, 350, 351, 352, 353, 354, 355, 356, 357, 358, 359, 360, 361, 362, 363, 364, 365, 366, 367, 368, 369, 370, 371, 372, 373, 374, 375, 376, 377, 378, 379, 380, 381, 382, 383, 384, 385, 386, 387, 388, 389, 390, 391, 392, 393, 394, 395, 396, 397, 398, 399, 400]","{7: [RollingMean(window_size=7)], 30: [RollingMean(window_size=30)], 60: [RollingMean(window_size=60)]}",lags_400_features_400,15.984557422333983,17.762093566456976,21.663864812943892,21.94766905015392,21.457063510386444,26.041232515984746,31.61184203141676,38.968472676083614,52.33002836661477,58.29659951048838,57.21352844703844
SGD_ElasticNet,LocalMinMaxScaler(stats_=[[  5.11211699 325.92896936]]),"[1, 2, 3, 4, 5, 6, 7, 8, 9, 10, 11, 12, 13, 14, 15, 16, 17, 18, 19, 20, 21, 22, 23, 24, 25, 26, 27, 28, 29, 30, 31, 32, 33, 34, 35, 36, 37, 38, 39, 40, 41, 42, 43, 44, 45, 46, 47, 48, 49, 50, 51, 52, 53, 54, 55, 56, 57, 58, 59, 60, 61, 62, 63, 64, 65, 66, 67, 68, 69, 70, 71, 72, 73, 74, 75, 76, 77, 78, 79, 80, 81, 82, 83, 84, 85, 86, 87, 88, 89, 90, 91, 92, 93, 94, 95, 96, 97, 98, 99, 100, 101, 102, 103, 104, 105, 106, 107, 108, 109, 110, 111, 112, 113, 114, 115, 116, 117, 118, 119, 120, 121, 122, 123, 124, 125, 126, 127, 128, 129, 130, 131, 132, 133, 134, 135, 136, 137, 138, 139, 140, 141, 142, 143, 144, 145, 146, 147, 148, 149, 150, 151, 152, 153, 154, 155, 156, 157, 158, 159, 160, 161, 162, 163, 164, 165, 166, 167, 168, 169, 170, 171, 172, 173, 174, 175, 176, 177, 178, 179, 180, 181, 182, 183, 184, 185, 186, 187, 188, 189, 190, 191, 192, 193, 194, 195, 196, 197, 198, 199, 200, 201, 202, 203, 204, 205, 206, 207, 208, 209, 210, 211, 212, 213, 214, 215, 216, 217, 218, 219, 220, 221, 222, 223, 224, 225, 226, 227, 228, 229, 230, 231, 232, 233, 234, 235, 236, 237, 238, 239, 240, 241, 242, 243, 244, 245, 246, 247, 248, 249, 250, 251, 252, 253, 254, 255, 256, 257, 258, 259, 260, 261, 262, 263, 264, 265, 266, 267, 268, 269, 270, 271, 272, 273, 274, 275, 276, 277, 278, 279, 280, 281, 282, 283, 284, 285, 286, 287, 288, 289, 290, 291, 292, 293, 294, 295, 296, 297, 298, 299, 300, 301, 302, 303, 304, 305, 306, 307, 308, 309, 310, 311, 312, 313, 314, 315, 316, 317, 318, 319, 320, 321, 322, 323, 324, 325, 326, 327, 328, 329, 330, 331, 332, 333, 334, 335, 336, 337, 338, 339, 340, 341, 342, 343, 344, 345, 346, 347, 348, 349, 350, 351, 352, 353, 354, 355, 356, 357, 358, 359, 360, 361, 362, 363, 364, 365, 366, 367, 368, 369, 370, 371, 372, 373, 374, 375, 376, 377, 378, 379, 380, 381, 382, 383, 384, 385, 386, 387, 388, 389, 390, 391, 392, 393, 394, 395, 396, 397, 398, 399, 400]","{7: [RollingMean(window_size=7)], 30: [RollingMean(window_size=30)], 60: [RollingMean(window_size=60)]}",lags_400_features_400,10.239750702263718,16.401970616486935,18.57636490017019,18.11594895147783,17.951164904262527,23.379042407524967,28.291091917778694,35.35380074611619,49.14889436628281,52.000993453002934,52.04095796432839
SGD_Lasso,LocalMinMaxScaler(stats_=[[  5.11211699 325.92896936]]),"[1, 2, 3, 4, 5, 6, 7, 8, 9, 10, 11, 12, 13, 14, 15, 16, 17, 18, 19, 20, 21, 22, 23, 24, 25, 26, 27, 28, 29, 30, 31, 32, 33, 34, 35, 36, 37, 38, 39, 40, 41, 42, 43, 44, 45, 46, 47, 48, 49, 50, 51, 52, 53, 54, 55, 56, 57, 58, 59, 60, 61, 62, 63, 64, 65, 66, 67, 68, 69, 70, 71, 72, 73, 74, 75, 76, 77, 78, 79, 80, 81, 82, 83, 84, 85, 86, 87, 88, 89, 90, 91, 92, 93, 94, 95, 96, 97, 98, 99, 100, 101, 102, 103, 104, 105, 106, 107, 108, 109, 110, 111, 112, 113, 114, 115, 116, 117, 118, 119, 120, 121, 122, 123, 124, 125, 126, 127, 128, 129, 130, 131, 132, 133, 134, 135, 136, 137, 138, 139, 140, 141, 142, 143, 144, 145, 146, 147, 148, 149, 150, 151, 152, 153, 154, 155, 156, 157, 158, 159, 160, 161, 162, 163, 164, 165, 166, 167, 168, 169, 170, 171, 172, 173, 174, 175, 176, 177, 178, 179, 180, 181, 182, 183, 184, 185, 186, 187, 188, 189, 190, 191, 192, 193, 194, 195, 196, 197, 198, 199, 200, 201, 202, 203, 204, 205, 206, 207, 208, 209, 210, 211, 212, 213, 214, 215, 216, 217, 218, 219, 220, 221, 222, 223, 224, 225, 226, 227, 228, 229, 230, 231, 232, 233, 234, 235, 236, 237, 238, 239, 240, 241, 242, 243, 244, 245, 246, 247, 248, 249, 250, 251, 252, 253, 254, 255, 256, 257, 258, 259, 260, 261, 262, 263, 264, 265, 266, 267, 268, 269, 270, 271, 272, 273, 274, 275, 276, 277, 278, 279, 280, 281, 282, 283, 284, 285, 286, 287, 288, 289, 290, 291, 292, 293, 294, 295, 296, 297, 298, 299, 300, 301, 302, 303, 304, 305, 306, 307, 308, 309, 310, 311, 312, 313, 314, 315, 316, 317, 318, 319, 320, 321, 322, 323, 324, 325, 326, 327, 328, 329, 330, 331, 332, 333, 334, 335, 336, 337, 338, 339, 340, 341, 342, 343, 344, 345, 346, 347, 348, 349, 350, 351, 352, 353, 354, 355, 356, 357, 358, 359, 360, 361, 362, 363, 364, 365, 366, 367, 368, 369, 370, 371, 372, 373, 374, 375, 376, 377, 378, 379, 380, 381, 382, 383, 384, 385, 386, 387, 388, 389, 390, 391, 392, 393, 394, 395, 396, 397, 398, 399, 400]","{7: [RollingMean(window_size=7)], 30: [RollingMean(window_size=30)], 60: [RollingMean(window_size=60)]}",lags_400_features_400,118.05932069664766,102.761529561556,101.08235692519607,90.10235306743208,75.66384464435117,67.01788560628155,61.462045658613974,55.78004717885552,71.64443914013108,96.95023202215106,96.40223009131486
SGD_Ridge,LocalMinMaxScaler(stats_=[[  5.11211699 325.92896936]]),"[1, 2, 3, 4, 5, 6, 7, 8, 9, 10, 11, 12, 13, 14, 15, 16, 17, 18, 19, 20, 21, 22, 23, 24, 25, 26, 27, 28, 29, 30, 31, 32, 33, 34, 35, 36, 37, 38, 39, 40, 41, 42, 43, 44, 45, 46, 47, 48, 49, 50, 51, 52, 53, 54, 55, 56, 57, 58, 59, 60, 61, 62, 63, 64, 65, 66, 67, 68, 69, 70, 71, 72, 73, 74, 75, 76, 77, 78, 79, 80, 81, 82, 83, 84, 85, 86, 87, 88, 89, 90, 91, 92, 93, 94, 95, 96, 97, 98, 99, 100, 101, 102, 103, 104, 105, 106, 107, 108, 109, 110, 111, 112, 113, 114, 115, 116, 117, 118, 119, 120, 121, 122, 123, 124, 125, 126, 127, 128, 129, 130, 131, 132, 133, 134, 135, 136, 137, 138, 139, 140, 141, 142, 143, 144, 145, 146, 147, 148, 149, 150, 151, 152, 153, 154, 155, 156, 157, 158, 159, 160, 161, 162, 163, 164, 165, 166, 167, 168, 169, 170, 171, 172, 173, 174, 175, 176, 177, 178, 179, 180, 181, 182, 183, 184, 185, 186, 187, 188, 189, 190, 191, 192, 193, 194, 195, 196, 197, 198, 199, 200, 201, 202, 203, 204, 205, 206, 207, 208, 209, 210, 211, 212, 213, 214, 215, 216, 217, 218, 219, 220, 221, 222, 223, 224, 225, 226, 227, 228, 229, 230, 231, 232, 233, 234, 235, 236, 237, 238, 239, 240, 241, 242, 243, 244, 245, 246, 247, 248, 249, 250, 251, 252, 253, 254, 255, 256, 257, 258, 259, 260, 261, 262, 263, 264, 265, 266, 267, 268, 269, 270, 271, 272, 273, 274, 275, 276, 277, 278, 279, 280, 281, 282, 283, 284, 285, 286, 287, 288, 289, 290, 291, 292, 293, 294, 295, 296, 297, 298, 299, 300, 301, 302, 303, 304, 305, 306, 307, 308, 309, 310, 311, 312, 313, 314, 315, 316, 317, 318, 319, 320, 321, 322, 323, 324, 325, 326, 327, 328, 329, 330, 331, 332, 333, 334, 335, 336, 337, 338, 339, 340, 341, 342, 343, 344, 345, 346, 347, 348, 349, 350, 351, 352, 353, 354, 355, 356, 357, 358, 359, 360, 361, 362, 363, 364, 365, 366, 367, 368, 369, 370, 371, 372, 373, 374, 375, 376, 377, 378, 379, 380, 381, 382, 383, 384, 385, 386, 387, 388, 389, 390, 391, 392, 393, 394, 395, 396, 397, 398, 399, 400]","{7: [RollingMean(window_size=7)], 30: [RollingMean(window_size=30)], 60: [RollingMean(window_size=60)]}",lags_400_features_400,24.436245947935735,23.213391921457063,24.546097600304357,24.387659222151143,23.544951693533573,26.830536828264968,28.965183998908937,30.646603984028577,43.26664196815293,59.577756976806384,60.28276030285953
SGDRegressor,LocalMinMaxScaler(stats_=[[  5.11211699 325.92896936]]),"[1, 2, 3, 4, 5, 6, 7, 8, 9, 10, 11, 12, 13, 14, 15, 16, 17, 18, 19, 20, 21, 22, 23, 24, 25, 26, 27, 28, 29, 30, 31, 32, 33, 34, 35, 36, 37, 38, 39, 40, 41, 42, 43, 44, 45, 46, 47, 48, 49, 50, 51, 52, 53, 54, 55, 56, 57, 58, 59, 60, 61, 62, 63, 64, 65, 66, 67, 68, 69, 70, 71, 72, 73, 74, 75, 76, 77, 78, 79, 80, 81, 82, 83, 84, 85, 86, 87, 88, 89, 90, 91, 92, 93, 94, 95, 96, 97, 98, 99, 100, 101, 102, 103, 104, 105, 106, 107, 108, 109, 110, 111, 112, 113, 114, 115, 116, 117, 118, 119, 120, 121, 122, 123, 124, 125, 126, 127, 128, 129, 130, 131, 132, 133, 134, 135, 136, 137, 138, 139, 140, 141, 142, 143, 144, 145, 146, 147, 148, 149, 150, 151, 152, 153, 154, 155, 156, 157, 158, 159, 160, 161, 162, 163, 164, 165, 166, 167, 168, 169, 170, 171, 172, 173, 174, 175, 176, 177, 178, 179, 180, 181, 182, 183, 184, 185, 186, 187, 188, 189, 190, 191, 192, 193, 194, 195, 196, 197, 198, 199, 200, 201, 202, 203, 204, 205, 206, 207, 208, 209, 210, 211, 212, 213, 214, 215, 216, 217, 218, 219, 220, 221, 222, 223, 224, 225, 226, 227, 228, 229, 230, 231, 232, 233, 234, 235, 236, 237, 238, 239, 240, 241, 242, 243, 244, 245, 246, 247, 248, 249, 250, 251, 252, 253, 254, 255, 256, 257, 258, 259, 260, 261, 262, 263, 264, 265, 266, 267, 268, 269, 270, 271, 272, 273, 274, 275, 276, 277, 278, 279, 280, 281, 282, 283, 284, 285, 286, 287, 288, 289, 290, 291, 292, 293, 294, 295, 296, 297, 298, 299, 300, 301, 302, 303, 304, 305, 306, 307, 308, 309, 310, 311, 312, 313, 314, 315, 316, 317, 318, 319, 320, 321, 322, 323, 324, 325, 326, 327, 328, 329, 330, 331, 332, 333, 334, 335, 336, 337, 338, 339, 340, 341, 342, 343, 344, 345, 346, 347, 348, 349, 350, 351, 352, 353, 354, 355, 356, 357, 358, 359, 360, 361, 362, 363, 364, 365, 366, 367, 368, 369, 370, 371, 372, 373, 374, 375, 376, 377, 378, 379, 380, 381, 382, 383, 384, 385, 386, 387, 388, 389, 390, 391, 392, 393, 394, 395, 396, 397, 398, 399, 400]","{7: [RollingMean(window_size=7)], 30: [RollingMean(window_size=30)], 60: [RollingMean(window_size=60)]}",lags_400_features_400,10.249761188760665,19.1633065045313,22.248861803567358,22.980660895441076,22.004056996285122,27.025133763623632,31.974061608303757,39.10826842648453,51.56775683142693,48.89065937932007,48.14390147546945
XGBRegressor,LocalMinMaxScaler(stats_=[[  5.11211699 325.92896936]]),"[1, 2, 3, 4, 5, 6, 7, 8, 9, 10, 11, 12, 13, 14, 15, 16, 17, 18, 19, 20, 21, 22, 23, 24, 25, 26, 27, 28, 29, 30, 31, 32, 33, 34, 35, 36, 37, 38, 39, 40, 41, 42, 43, 44, 45, 46, 47, 48, 49, 50, 51, 52, 53, 54, 55, 56, 57, 58, 59, 60, 61, 62, 63, 64, 65, 66, 67, 68, 69, 70, 71, 72, 73, 74, 75, 76, 77, 78, 79, 80, 81, 82, 83, 84, 85, 86, 87, 88, 89, 90, 91, 92, 93, 94, 95, 96, 97, 98, 99, 100, 101, 102, 103, 104, 105, 106, 107, 108, 109, 110, 111, 112, 113, 114, 115, 116, 117, 118, 119, 120, 121, 122, 123, 124, 125, 126, 127, 128, 129, 130, 131, 132, 133, 134, 135, 136, 137, 138, 139, 140, 141, 142, 143, 144, 145, 146, 147, 148, 149, 150, 151, 152, 153, 154, 155, 156, 157, 158, 159, 160, 161, 162, 163, 164, 165, 166, 167, 168, 169, 170, 171, 172, 173, 174, 175, 176, 177, 178, 179, 180, 181, 182, 183, 184, 185, 186, 187, 188, 189, 190, 191, 192, 193, 194, 195, 196, 197, 198, 199, 200, 201, 202, 203, 204, 205, 206, 207, 208, 209, 210, 211, 212, 213, 214, 215, 216, 217, 218, 219, 220, 221, 222, 223, 224, 225, 226, 227, 228, 229, 230, 231, 232, 233, 234, 235, 236, 237, 238, 239, 240, 241, 242, 243, 244, 245, 246, 247, 248, 249, 250, 251, 252, 253, 254, 255, 256, 257, 258, 259, 260, 261, 262, 263, 264, 265, 266, 267, 268, 269, 270, 271, 272, 273, 274, 275, 276, 277, 278, 279, 280, 281, 282, 283, 284, 285, 286, 287, 288, 289, 290, 291, 292, 293, 294, 295, 296, 297, 298, 299, 300, 301, 302, 303, 304, 305, 306, 307, 308, 309, 310, 311, 312, 313, 314, 315, 316, 317, 318, 319, 320, 321, 322, 323, 324, 325, 326, 327, 328, 329, 330, 331, 332, 333, 334, 335, 336, 337, 338, 339, 340, 341, 342, 343, 344, 345, 346, 347, 348, 349, 350, 351, 352, 353, 354, 355, 356, 357, 358, 359, 360, 361, 362, 363, 364, 365, 366, 367, 368, 369, 370, 371, 372, 373, 374, 375, 376, 377, 378, 379, 380, 381, 382, 383, 384, 385, 386, 387, 388, 389, 390, 391, 392, 393, 394, 395, 396, 397, 398, 399, 400]","{7: [RollingMean(window_size=7)], 30: [RollingMean(window_size=30)], 60: [RollingMean(window_size=60)]}",lags_400_features_400,10.941277419376068,16.93813434534369,18.640883367882704,18.045278358967433,18.63251556264504,20.648335278569746,30.098252228478856,35.128552869686395,47.34904926050084,51.83099414320053,50.90639818004291
LGBMRegressor,LocalMinMaxScaler(stats_=[[  5.11211699 325.92896936]]),"[1, 2, 3, 4, 5, 6, 7, 8, 9, 10, 11, 12, 13, 14, 15, 16, 17, 18, 19, 20, 21, 22, 23, 24, 25, 26, 27, 28, 29, 30, 31, 32, 33, 34, 35, 36, 37, 38, 39, 40, 41, 42, 43, 44, 45, 46, 47, 48, 49, 50, 51, 52, 53, 54, 55, 56, 57, 58, 59, 60, 61, 62, 63, 64, 65, 66, 67, 68, 69, 70, 71, 72, 73, 74, 75, 76, 77, 78, 79, 80, 81, 82, 83, 84, 85, 86, 87, 88, 89, 90, 91, 92, 93, 94, 95, 96, 97, 98, 99, 100, 101, 102, 103, 104, 105, 106, 107, 108, 109, 110, 111, 112, 113, 114, 115, 116, 117, 118, 119, 120, 121, 122, 123, 124, 125, 126, 127, 128, 129, 130, 131, 132, 133, 134, 135, 136, 137, 138, 139, 140, 141, 142, 143, 144, 145, 146, 147, 148, 149, 150, 151, 152, 153, 154, 155, 156, 157, 158, 159, 160, 161, 162, 163, 164, 165, 166, 167, 168, 169, 170, 171, 172, 173, 174, 175, 176, 177, 178, 179, 180, 181, 182, 183, 184, 185, 186, 187, 188, 189, 190, 191, 192, 193, 194, 195, 196, 197, 198, 199, 200, 201, 202, 203, 204, 205, 206, 207, 208, 209, 210, 211, 212, 213, 214, 215, 216, 217, 218, 219, 220, 221, 222, 223, 224, 225, 226, 227, 228, 229, 230, 231, 232, 233, 234, 235, 236, 237, 238, 239, 240, 241, 242, 243, 244, 245, 246, 247, 248, 249, 250, 251, 252, 253, 254, 255, 256, 257, 258, 259, 260, 261, 262, 263, 264, 265, 266, 267, 268, 269, 270, 271, 272, 273, 274, 275, 276, 277, 278, 279, 280, 281, 282, 283, 284, 285, 286, 287, 288, 289, 290, 291, 292, 293, 294, 295, 296, 297, 298, 299, 300, 301, 302, 303, 304, 305, 306, 307, 308, 309, 310, 311, 312, 313, 314, 315, 316, 317, 318, 319, 320, 321, 322, 323, 324, 325, 326, 327, 328, 329, 330, 331, 332, 333, 334, 335, 336, 337, 338, 339, 340, 341, 342, 343, 344, 345, 346, 347, 348, 349, 350, 351, 352, 353, 354, 355, 356, 357, 358, 359, 360, 361, 362, 363, 364, 365, 366, 367, 368, 369, 370, 371, 372, 373, 374, 375, 376, 377, 378, 379, 380, 381, 382, 383, 384, 385, 386, 387, 388, 389, 390, 391, 392, 393, 394, 395, 396, 397, 398, 399, 400]","{7: [RollingMean(window_size=7)], 30: [RollingMean(window_size=30)], 60: [RollingMean(window_size=60)]}",lags_400_features_400,11.147206291826055,18.45583208681186,20.12911386972832,19.605405515621875,19.49814619023564,22.975620339700814,30.125131049704436,33.81519411036638,43.779638260646024,46.26484183891771,45.604646160396456
SGD_EarlyStopping,LocalMinMaxScaler(stats_=[[  5.11211699 325.92896936]]),"[1, 2, 3, 4, 5, 6, 7, 8, 9, 10, 11, 12, 13, 14, 15, 16, 17, 18, 19, 20, 21, 22, 23, 24, 25, 26, 27, 28, 29, 30, 31, 32, 33, 34, 35, 36, 37, 38, 39, 40, 41, 42, 43, 44, 45, 46, 47, 48, 49, 50, 51, 52, 53, 54, 55, 56, 57, 58, 59, 60, 61, 62, 63, 64, 65, 66, 67, 68, 69, 70, 71, 72, 73, 74, 75, 76, 77, 78, 79, 80, 81, 82, 83, 84, 85, 86, 87, 88, 89, 90, 91, 92, 93, 94, 95, 96, 97, 98, 99, 100, 101, 102, 103, 104, 105, 106, 107, 108, 109, 110, 111, 112, 113, 114, 115, 116, 117, 118, 119, 120, 121, 122, 123, 124, 125, 126, 127, 128, 129, 130, 131, 132, 133, 134, 135, 136, 137, 138, 139, 140, 141, 142, 143, 144, 145, 146, 147, 148, 149, 150, 151, 152, 153, 154, 155, 156, 157, 158, 159, 160, 161, 162, 163, 164, 165, 166, 167, 168, 169, 170, 171, 172, 173, 174, 175, 176, 177, 178, 179, 180, 181, 182, 183, 184, 185, 186, 187, 188, 189, 190, 191, 192, 193, 194, 195, 196, 197, 198, 199, 200, 201, 202, 203, 204, 205, 206, 207, 208, 209, 210, 211, 212, 213, 214, 215, 216, 217, 218, 219, 220, 221, 222, 223, 224, 225, 226, 227, 228, 229, 230, 231, 232, 233, 234, 235, 236, 237, 238, 239, 240, 241, 242, 243, 244, 245, 246, 247, 248, 249, 250, 251, 252, 253, 254, 255, 256, 257, 258, 259, 260, 261, 262, 263, 264, 265, 266, 267, 268, 269, 270, 271, 272, 273, 274, 275, 276, 277, 278, 279, 280, 281, 282, 283, 284, 285, 286, 287, 288, 289, 290, 291, 292, 293, 294, 295, 296, 297, 298, 299, 300, 301, 302, 303, 304, 305, 306, 307, 308, 309, 310, 311, 312, 313, 314, 315, 316, 317, 318, 319, 320, 321, 322, 323, 324, 325, 326, 327, 328, 329, 330, 331, 332, 333, 334, 335, 336, 337, 338, 339, 340, 341, 342, 343, 344, 345, 346, 347, 348, 349, 350, 351, 352, 353, 354, 355, 356, 357, 358, 359, 360, 361, 362, 363, 364, 365, 366, 367, 368, 369, 370, 371, 372, 373, 374, 375, 376, 377, 378, 379, 380, 381, 382, 383, 384, 385, 386, 387, 388, 389, 390, 391, 392, 393, 394, 395, 396, 397, 398, 399, 400]","{7: [RollingMean(window_size=7), RollingStd(window_size=7)], 30: [RollingMean(window_size=30)], 60: [ExpandingMean()], 14: [ExponentiallyWeightedMean(alpha=0.3)]}",lags_400_features_400,15.964548416519955,17.750787679603512,21.641657876690445,21.934702990728425,21.446396157332526,26.00467197644797,31.563139315947737,38.930110874467495,52.31795169679192,58.28064707194142,57.1982729531627
SGD_ElasticNet,LocalMinMaxScaler(stats_=[[  5.11211699 325.92896936]]),"[1, 2, 3, 4, 5, 6, 7, 8, 9, 10, 11, 12, 13, 14, 15, 16, 17, 18, 19, 20, 21, 22, 23, 24, 25, 26, 27, 28, 29, 30, 31, 32, 33, 34, 35, 36, 37, 38, 39, 40, 41, 42, 43, 44, 45, 46, 47, 48, 49, 50, 51, 52, 53, 54, 55, 56, 57, 58, 59, 60, 61, 62, 63, 64, 65, 66, 67, 68, 69, 70, 71, 72, 73, 74, 75, 76, 77, 78, 79, 80, 81, 82, 83, 84, 85, 86, 87, 88, 89, 90, 91, 92, 93, 94, 95, 96, 97, 98, 99, 100, 101, 102, 103, 104, 105, 106, 107, 108, 109, 110, 111, 112, 113, 114, 115, 116, 117, 118, 119, 120, 121, 122, 123, 124, 125, 126, 127, 128, 129, 130, 131, 132, 133, 134, 135, 136, 137, 138, 139, 140, 141, 142, 143, 144, 145, 146, 147, 148, 149, 150, 151, 152, 153, 154, 155, 156, 157, 158, 159, 160, 161, 162, 163, 164, 165, 166, 167, 168, 169, 170, 171, 172, 173, 174, 175, 176, 177, 178, 179, 180, 181, 182, 183, 184, 185, 186, 187, 188, 189, 190, 191, 192, 193, 194, 195, 196, 197, 198, 199, 200, 201, 202, 203, 204, 205, 206, 207, 208, 209, 210, 211, 212, 213, 214, 215, 216, 217, 218, 219, 220, 221, 222, 223, 224, 225, 226, 227, 228, 229, 230, 231, 232, 233, 234, 235, 236, 237, 238, 239, 240, 241, 242, 243, 244, 245, 246, 247, 248, 249, 250, 251, 252, 253, 254, 255, 256, 257, 258, 259, 260, 261, 262, 263, 264, 265, 266, 267, 268, 269, 270, 271, 272, 273, 274, 275, 276, 277, 278, 279, 280, 281, 282, 283, 284, 285, 286, 287, 288, 289, 290, 291, 292, 293, 294, 295, 296, 297, 298, 299, 300, 301, 302, 303, 304, 305, 306, 307, 308, 309, 310, 311, 312, 313, 314, 315, 316, 317, 318, 319, 320, 321, 322, 323, 324, 325, 326, 327, 328, 329, 330, 331, 332, 333, 334, 335, 336, 337, 338, 339, 340, 341, 342, 343, 344, 345, 346, 347, 348, 349, 350, 351, 352, 353, 354, 355, 356, 357, 358, 359, 360, 361, 362, 363, 364, 365, 366, 367, 368, 369, 370, 371, 372, 373, 374, 375, 376, 377, 378, 379, 380, 381, 382, 383, 384, 385, 386, 387, 388, 389, 390, 391, 392, 393, 394, 395, 396, 397, 398, 399, 400]","{7: [RollingMean(window_size=7), RollingStd(window_size=7)], 30: [RollingMean(window_size=30)], 60: [ExpandingMean()], 14: [ExponentiallyWeightedMean(alpha=0.3)]}",lags_400_features_400,10.270848075300625,16.395208450503645,18.562408530707295,18.10335616955149,17.940524761276265,23.3702154247905,28.283277625806306,35.341636069558625,49.15386250996185,52.06249991914671,52.10584583359711
SGD_Lasso,LocalMinMaxScaler(stats_=[[  5.11211699 325.92896936]]),"[1, 2, 3, 4, 5, 6, 7, 8, 9, 10, 11, 12, 13, 14, 15, 16, 17, 18, 19, 20, 21, 22, 23, 24, 25, 26, 27, 28, 29, 30, 31, 32, 33, 34, 35, 36, 37, 38, 39, 40, 41, 42, 43, 44, 45, 46, 47, 48, 49, 50, 51, 52, 53, 54, 55, 56, 57, 58, 59, 60, 61, 62, 63, 64, 65, 66, 67, 68, 69, 70, 71, 72, 73, 74, 75, 76, 77, 78, 79, 80, 81, 82, 83, 84, 85, 86, 87, 88, 89, 90, 91, 92, 93, 94, 95, 96, 97, 98, 99, 100, 101, 102, 103, 104, 105, 106, 107, 108, 109, 110, 111, 112, 113, 114, 115, 116, 117, 118, 119, 120, 121, 122, 123, 124, 125, 126, 127, 128, 129, 130, 131, 132, 133, 134, 135, 136, 137, 138, 139, 140, 141, 142, 143, 144, 145, 146, 147, 148, 149, 150, 151, 152, 153, 154, 155, 156, 157, 158, 159, 160, 161, 162, 163, 164, 165, 166, 167, 168, 169, 170, 171, 172, 173, 174, 175, 176, 177, 178, 179, 180, 181, 182, 183, 184, 185, 186, 187, 188, 189, 190, 191, 192, 193, 194, 195, 196, 197, 198, 199, 200, 201, 202, 203, 204, 205, 206, 207, 208, 209, 210, 211, 212, 213, 214, 215, 216, 217, 218, 219, 220, 221, 222, 223, 224, 225, 226, 227, 228, 229, 230, 231, 232, 233, 234, 235, 236, 237, 238, 239, 240, 241, 242, 243, 244, 245, 246, 247, 248, 249, 250, 251, 252, 253, 254, 255, 256, 257, 258, 259, 260, 261, 262, 263, 264, 265, 266, 267, 268, 269, 270, 271, 272, 273, 274, 275, 276, 277, 278, 279, 280, 281, 282, 283, 284, 285, 286, 287, 288, 289, 290, 291, 292, 293, 294, 295, 296, 297, 298, 299, 300, 301, 302, 303, 304, 305, 306, 307, 308, 309, 310, 311, 312, 313, 314, 315, 316, 317, 318, 319, 320, 321, 322, 323, 324, 325, 326, 327, 328, 329, 330, 331, 332, 333, 334, 335, 336, 337, 338, 339, 340, 341, 342, 343, 344, 345, 346, 347, 348, 349, 350, 351, 352, 353, 354, 355, 356, 357, 358, 359, 360, 361, 362, 363, 364, 365, 366, 367, 368, 369, 370, 371, 372, 373, 374, 375, 376, 377, 378, 379, 380, 381, 382, 383, 384, 385, 386, 387, 388, 389, 390, 391, 392, 393, 394, 395, 396, 397, 398, 399, 400]","{7: [RollingMean(window_size=7), RollingStd(window_size=7)], 30: [RollingMean(window_size=30)], 60: [ExpandingMean()], 14: [ExponentiallyWeightedMean(alpha=0.3)]}",lags_400_features_400,118.05932069664766,102.761529561556,101.08235692519607,90.10235306743208,75.66384464435117,67.01788560628155,61.462045658613974,55.78004717885552,71.64443914013108,96.95023202215106,96.40223009131486
SGD_Ridge,LocalMinMaxScaler(stats_=[[  5.11211699 325.92896936]]),"[1, 2, 3, 4, 5, 6, 7, 8, 9, 10, 11, 12, 13, 14, 15, 16, 17, 18, 19, 20, 21, 22, 23, 24, 25, 26, 27, 28, 29, 30, 31, 32, 33, 34, 35, 36, 37, 38, 39, 40, 41, 42, 43, 44, 45, 46, 47, 48, 49, 50, 51, 52, 53, 54, 55, 56, 57, 58, 59, 60, 61, 62, 63, 64, 65, 66, 67, 68, 69, 70, 71, 72, 73, 74, 75, 76, 77, 78, 79, 80, 81, 82, 83, 84, 85, 86, 87, 88, 89, 90, 91, 92, 93, 94, 95, 96, 97, 98, 99, 100, 101, 102, 103, 104, 105, 106, 107, 108, 109, 110, 111, 112, 113, 114, 115, 116, 117, 118, 119, 120, 121, 122, 123, 124, 125, 126, 127, 128, 129, 130, 131, 132, 133, 134, 135, 136, 137, 138, 139, 140, 141, 142, 143, 144, 145, 146, 147, 148, 149, 150, 151, 152, 153, 154, 155, 156, 157, 158, 159, 160, 161, 162, 163, 164, 165, 166, 167, 168, 169, 170, 171, 172, 173, 174, 175, 176, 177, 178, 179, 180, 181, 182, 183, 184, 185, 186, 187, 188, 189, 190, 191, 192, 193, 194, 195, 196, 197, 198, 199, 200, 201, 202, 203, 204, 205, 206, 207, 208, 209, 210, 211, 212, 213, 214, 215, 216, 217, 218, 219, 220, 221, 222, 223, 224, 225, 226, 227, 228, 229, 230, 231, 232, 233, 234, 235, 236, 237, 238, 239, 240, 241, 242, 243, 244, 245, 246, 247, 248, 249, 250, 251, 252, 253, 254, 255, 256, 257, 258, 259, 260, 261, 262, 263, 264, 265, 266, 267, 268, 269, 270, 271, 272, 273, 274, 275, 276, 277, 278, 279, 280, 281, 282, 283, 284, 285, 286, 287, 288, 289, 290, 291, 292, 293, 294, 295, 296, 297, 298, 299, 300, 301, 302, 303, 304, 305, 306, 307, 308, 309, 310, 311, 312, 313, 314, 315, 316, 317, 318, 319, 320, 321, 322, 323, 324, 325, 326, 327, 328, 329, 330, 331, 332, 333, 334, 335, 336, 337, 338, 339, 340, 341, 342, 343, 344, 345, 346, 347, 348, 349, 350, 351, 352, 353, 354, 355, 356, 357, 358, 359, 360, 361, 362, 363, 364, 365, 366, 367, 368, 369, 370, 371, 372, 373, 374, 375, 376, 377, 378, 379, 380, 381, 382, 383, 384, 385, 386, 387, 388, 389, 390, 391, 392, 393, 394, 395, 396, 397, 398, 399, 400]","{7: [RollingMean(window_size=7), RollingStd(window_size=7)], 30: [RollingMean(window_size=30)], 60: [ExpandingMean()], 14: [ExponentiallyWeightedMean(alpha=0.3)]}",lags_400_features_400,24.399392036504537,23.183384138316182,24.533447600232147,24.386953270136566,23.545649547528402,26.8334349598147,28.96720269056246,30.644483037156682,43.25923250196706,59.58718897719494,60.29451442789649
SGDRegressor,LocalMinMaxScaler(stats_=[[  5.11211699 325.92896936]]),"[1, 2, 3, 4, 5, 6, 7, 8, 9, 10, 11, 12, 13, 14, 15, 16, 17, 18, 19, 20, 21, 22, 23, 24, 25, 26, 27, 28, 29, 30, 31, 32, 33, 34, 35, 36, 37, 38, 39, 40, 41, 42, 43, 44, 45, 46, 47, 48, 49, 50, 51, 52, 53, 54, 55, 56, 57, 58, 59, 60, 61, 62, 63, 64, 65, 66, 67, 68, 69, 70, 71, 72, 73, 74, 75, 76, 77, 78, 79, 80, 81, 82, 83, 84, 85, 86, 87, 88, 89, 90, 91, 92, 93, 94, 95, 96, 97, 98, 99, 100, 101, 102, 103, 104, 105, 106, 107, 108, 109, 110, 111, 112, 113, 114, 115, 116, 117, 118, 119, 120, 121, 122, 123, 124, 125, 126, 127, 128, 129, 130, 131, 132, 133, 134, 135, 136, 137, 138, 139, 140, 141, 142, 143, 144, 145, 146, 147, 148, 149, 150, 151, 152, 153, 154, 155, 156, 157, 158, 159, 160, 161, 162, 163, 164, 165, 166, 167, 168, 169, 170, 171, 172, 173, 174, 175, 176, 177, 178, 179, 180, 181, 182, 183, 184, 185, 186, 187, 188, 189, 190, 191, 192, 193, 194, 195, 196, 197, 198, 199, 200, 201, 202, 203, 204, 205, 206, 207, 208, 209, 210, 211, 212, 213, 214, 215, 216, 217, 218, 219, 220, 221, 222, 223, 224, 225, 226, 227, 228, 229, 230, 231, 232, 233, 234, 235, 236, 237, 238, 239, 240, 241, 242, 243, 244, 245, 246, 247, 248, 249, 250, 251, 252, 253, 254, 255, 256, 257, 258, 259, 260, 261, 262, 263, 264, 265, 266, 267, 268, 269, 270, 271, 272, 273, 274, 275, 276, 277, 278, 279, 280, 281, 282, 283, 284, 285, 286, 287, 288, 289, 290, 291, 292, 293, 294, 295, 296, 297, 298, 299, 300, 301, 302, 303, 304, 305, 306, 307, 308, 309, 310, 311, 312, 313, 314, 315, 316, 317, 318, 319, 320, 321, 322, 323, 324, 325, 326, 327, 328, 329, 330, 331, 332, 333, 334, 335, 336, 337, 338, 339, 340, 341, 342, 343, 344, 345, 346, 347, 348, 349, 350, 351, 352, 353, 354, 355, 356, 357, 358, 359, 360, 361, 362, 363, 364, 365, 366, 367, 368, 369, 370, 371, 372, 373, 374, 375, 376, 377, 378, 379, 380, 381, 382, 383, 384, 385, 386, 387, 388, 389, 390, 391, 392, 393, 394, 395, 396, 397, 398, 399, 400]","{7: [RollingMean(window_size=7), RollingStd(window_size=7)], 30: [RollingMean(window_size=30)], 60: [ExpandingMean()], 14: [ExponentiallyWeightedMean(alpha=0.3)]}",lags_400_features_400,10.260511213120918,19.175475899755888,22.25897710898445,22.98832300423425,22.009146846425153,27.019726729220718,31.963471579249774,39.08259791650615,51.54626930767332,48.8789739047114,48.13129949282623
XGBRegressor,LocalMinMaxScaler(stats_=[[  5.11211699 325.92896936]]),"[1, 2, 3, 4, 5, 6, 7, 8, 9, 10, 11, 12, 13, 14, 15, 16, 17, 18, 19, 20, 21, 22, 23, 24, 25, 26, 27, 28, 29, 30, 31, 32, 33, 34, 35, 36, 37, 38, 39, 40, 41, 42, 43, 44, 45, 46, 47, 48, 49, 50, 51, 52, 53, 54, 55, 56, 57, 58, 59, 60, 61, 62, 63, 64, 65, 66, 67, 68, 69, 70, 71, 72, 73, 74, 75, 76, 77, 78, 79, 80, 81, 82, 83, 84, 85, 86, 87, 88, 89, 90, 91, 92, 93, 94, 95, 96, 97, 98, 99, 100, 101, 102, 103, 104, 105, 106, 107, 108, 109, 110, 111, 112, 113, 114, 115, 116, 117, 118, 119, 120, 121, 122, 123, 124, 125, 126, 127, 128, 129, 130, 131, 132, 133, 134, 135, 136, 137, 138, 139, 140, 141, 142, 143, 144, 145, 146, 147, 148, 149, 150, 151, 152, 153, 154, 155, 156, 157, 158, 159, 160, 161, 162, 163, 164, 165, 166, 167, 168, 169, 170, 171, 172, 173, 174, 175, 176, 177, 178, 179, 180, 181, 182, 183, 184, 185, 186, 187, 188, 189, 190, 191, 192, 193, 194, 195, 196, 197, 198, 199, 200, 201, 202, 203, 204, 205, 206, 207, 208, 209, 210, 211, 212, 213, 214, 215, 216, 217, 218, 219, 220, 221, 222, 223, 224, 225, 226, 227, 228, 229, 230, 231, 232, 233, 234, 235, 236, 237, 238, 239, 240, 241, 242, 243, 244, 245, 246, 247, 248, 249, 250, 251, 252, 253, 254, 255, 256, 257, 258, 259, 260, 261, 262, 263, 264, 265, 266, 267, 268, 269, 270, 271, 272, 273, 274, 275, 276, 277, 278, 279, 280, 281, 282, 283, 284, 285, 286, 287, 288, 289, 290, 291, 292, 293, 294, 295, 296, 297, 298, 299, 300, 301, 302, 303, 304, 305, 306, 307, 308, 309, 310, 311, 312, 313, 314, 315, 316, 317, 318, 319, 320, 321, 322, 323, 324, 325, 326, 327, 328, 329, 330, 331, 332, 333, 334, 335, 336, 337, 338, 339, 340, 341, 342, 343, 344, 345, 346, 347, 348, 349, 350, 351, 352, 353, 354, 355, 356, 357, 358, 359, 360, 361, 362, 363, 364, 365, 366, 367, 368, 369, 370, 371, 372, 373, 374, 375, 376, 377, 378, 379, 380, 381, 382, 383, 384, 385, 386, 387, 388, 389, 390, 391, 392, 393, 394, 395, 396, 397, 398, 399, 400]","{7: [RollingMean(window_size=7), RollingStd(window_size=7)], 30: [RollingMean(window_size=30)], 60: [ExpandingMean()], 14: [ExponentiallyWeightedMean(alpha=0.3)]}",lags_400_features_400,11.206941033069743,16.77290157941636,18.843529543971176,18.363038700939622,19.21537260952711,21.00870964799196,30.775964987199135,35.42337374406465,47.8001133424935,54.20863953817857,53.309949217350386
LGBMRegressor,LocalMinMaxScaler(stats_=[[  5.11211699 325.92896936]]),"[1, 2, 3, 4, 5, 6, 7, 8, 9, 10, 11, 12, 13, 14, 15, 16, 17, 18, 19, 20, 21, 22, 23, 24, 25, 26, 27, 28, 29, 30, 31, 32, 33, 34, 35, 36, 37, 38, 39, 40, 41, 42, 43, 44, 45, 46, 47, 48, 49, 50, 51, 52, 53, 54, 55, 56, 57, 58, 59, 60, 61, 62, 63, 64, 65, 66, 67, 68, 69, 70, 71, 72, 73, 74, 75, 76, 77, 78, 79, 80, 81, 82, 83, 84, 85, 86, 87, 88, 89, 90, 91, 92, 93, 94, 95, 96, 97, 98, 99, 100, 101, 102, 103, 104, 105, 106, 107, 108, 109, 110, 111, 112, 113, 114, 115, 116, 117, 118, 119, 120, 121, 122, 123, 124, 125, 126, 127, 128, 129, 130, 131, 132, 133, 134, 135, 136, 137, 138, 139, 140, 141, 142, 143, 144, 145, 146, 147, 148, 149, 150, 151, 152, 153, 154, 155, 156, 157, 158, 159, 160, 161, 162, 163, 164, 165, 166, 167, 168, 169, 170, 171, 172, 173, 174, 175, 176, 177, 178, 179, 180, 181, 182, 183, 184, 185, 186, 187, 188, 189, 190, 191, 192, 193, 194, 195, 196, 197, 198, 199, 200, 201, 202, 203, 204, 205, 206, 207, 208, 209, 210, 211, 212, 213, 214, 215, 216, 217, 218, 219, 220, 221, 222, 223, 224, 225, 226, 227, 228, 229, 230, 231, 232, 233, 234, 235, 236, 237, 238, 239, 240, 241, 242, 243, 244, 245, 246, 247, 248, 249, 250, 251, 252, 253, 254, 255, 256, 257, 258, 259, 260, 261, 262, 263, 264, 265, 266, 267, 268, 269, 270, 271, 272, 273, 274, 275, 276, 277, 278, 279, 280, 281, 282, 283, 284, 285, 286, 287, 288, 289, 290, 291, 292, 293, 294, 295, 296, 297, 298, 299, 300, 301, 302, 303, 304, 305, 306, 307, 308, 309, 310, 311, 312, 313, 314, 315, 316, 317, 318, 319, 320, 321, 322, 323, 324, 325, 326, 327, 328, 329, 330, 331, 332, 333, 334, 335, 336, 337, 338, 339, 340, 341, 342, 343, 344, 345, 346, 347, 348, 349, 350, 351, 352, 353, 354, 355, 356, 357, 358, 359, 360, 361, 362, 363, 364, 365, 366, 367, 368, 369, 370, 371, 372, 373, 374, 375, 376, 377, 378, 379, 380, 381, 382, 383, 384, 385, 386, 387, 388, 389, 390, 391, 392, 393, 394, 395, 396, 397, 398, 399, 400]","{7: [RollingMean(window_size=7), RollingStd(window_size=7)], 30: [RollingMean(window_size=30)], 60: [ExpandingMean()], 14: [ExponentiallyWeightedMean(alpha=0.3)]}",lags_400_features_400,11.513124950730326,18.21401488314581,19.676081753389695,19.08889079775996,18.894442318233317,22.365175170937654,29.466677679582443,33.13841543740913,43.471008404438074,46.25031828700841,45.66683936340506
XGBRegressor,"LocalBoxCox(lower=0.0, method=loglik, season_length=None, stats_=[[4.10226185e-05 0.00000000e+00]], upper=2.0)","[1, 2, 3, 4, 5, 6, 7, 8, 9, 10, 11, 12, 13, 14, 15, 16, 17, 18, 19, 20, 21, 22, 23, 24, 25, 26, 27, 28, 29, 30, 31, 32, 33, 34, 35, 36, 37, 38, 39, 40, 41, 42, 43, 44, 45, 46, 47, 48, 49, 50, 51, 52, 53, 54, 55, 56, 57, 58, 59, 60, 61, 62, 63, 64, 65, 66, 67, 68, 69, 70, 71, 72, 73, 74, 75, 76, 77, 78, 79, 80, 81, 82, 83, 84, 85, 86, 87, 88, 89, 90, 91, 92, 93, 94, 95, 96, 97, 98, 99, 100, 101, 102, 103, 104, 105, 106, 107, 108, 109, 110, 111, 112, 113, 114, 115, 116, 117, 118, 119, 120, 121, 122, 123, 124, 125, 126, 127, 128, 129, 130, 131, 132, 133, 134, 135, 136, 137, 138, 139, 140, 141, 142, 143, 144, 145, 146, 147, 148, 149, 150, 151, 152, 153, 154, 155, 156, 157, 158, 159, 160, 161, 162, 163, 164, 165, 166, 167, 168, 169, 170, 171, 172, 173, 174, 175, 176, 177, 178, 179, 180, 181, 182, 183, 184, 185, 186, 187, 188, 189, 190, 191, 192, 193, 194, 195, 196, 197, 198, 199, 200, 201, 202, 203, 204, 205, 206, 207, 208, 209, 210, 211, 212, 213, 214, 215, 216, 217, 218, 219, 220, 221, 222, 223, 224, 225, 226, 227, 228, 229, 230, 231, 232, 233, 234, 235, 236, 237, 238, 239, 240, 241, 242, 243, 244, 245, 246, 247, 248, 249, 250, 251, 252, 253, 254, 255, 256, 257, 258, 259, 260, 261, 262, 263, 264, 265, 266, 267, 268, 269, 270, 271, 272, 273, 274, 275, 276, 277, 278, 279, 280, 281, 282, 283, 284, 285, 286, 287, 288, 289, 290, 291, 292, 293, 294, 295, 296, 297, 298, 299, 300, 301, 302, 303, 304, 305, 306, 307, 308, 309, 310, 311, 312, 313, 314, 315, 316, 317, 318, 319, 320, 321, 322, 323, 324, 325, 326, 327, 328, 329, 330, 331, 332, 333, 334, 335, 336, 337, 338, 339, 340, 341, 342, 343, 344, 345, 346, 347, 348, 349, 350, 351, 352, 353, 354, 355, 356, 357, 358, 359, 360, 361, 362, 363, 364, 365, 366, 367, 368, 369, 370, 371, 372, 373, 374, 375, 376, 377, 378, 379, 380, 381, 382, 383, 384, 385, 386, 387, 388, 389, 390, 391, 392, 393, 394, 395, 396, 397, 398, 399, 400]","{1: [<function expanding_mean at 0x000002C58F7A04A0>], 7: [<function rolling_mean_14 at 0x000002C5930FAA20>], 30: [<function expanding_mean at 0x000002C58F7A04A0>]}",lags_400_features_400,15.14793845299468,20.60147773143728,21.09548354214588,20.595989696934947,19.675080503490747,20.24330682448908,25.68747605207331,30.088948038844183,43.37360004666542,51.43086546162125,51.02681157788881
LGBMRegressor,"LocalBoxCox(lower=0.0, method=loglik, season_length=None, stats_=[[4.10226185e-05 0.00000000e+00]], upper=2.0)","[1, 2, 3, 4, 5, 6, 7, 8, 9, 10, 11, 12, 13, 14, 15, 16, 17, 18, 19, 20, 21, 22, 23, 24, 25, 26, 27, 28, 29, 30, 31, 32, 33, 34, 35, 36, 37, 38, 39, 40, 41, 42, 43, 44, 45, 46, 47, 48, 49, 50, 51, 52, 53, 54, 55, 56, 57, 58, 59, 60, 61, 62, 63, 64, 65, 66, 67, 68, 69, 70, 71, 72, 73, 74, 75, 76, 77, 78, 79, 80, 81, 82, 83, 84, 85, 86, 87, 88, 89, 90, 91, 92, 93, 94, 95, 96, 97, 98, 99, 100, 101, 102, 103, 104, 105, 106, 107, 108, 109, 110, 111, 112, 113, 114, 115, 116, 117, 118, 119, 120, 121, 122, 123, 124, 125, 126, 127, 128, 129, 130, 131, 132, 133, 134, 135, 136, 137, 138, 139, 140, 141, 142, 143, 144, 145, 146, 147, 148, 149, 150, 151, 152, 153, 154, 155, 156, 157, 158, 159, 160, 161, 162, 163, 164, 165, 166, 167, 168, 169, 170, 171, 172, 173, 174, 175, 176, 177, 178, 179, 180, 181, 182, 183, 184, 185, 186, 187, 188, 189, 190, 191, 192, 193, 194, 195, 196, 197, 198, 199, 200, 201, 202, 203, 204, 205, 206, 207, 208, 209, 210, 211, 212, 213, 214, 215, 216, 217, 218, 219, 220, 221, 222, 223, 224, 225, 226, 227, 228, 229, 230, 231, 232, 233, 234, 235, 236, 237, 238, 239, 240, 241, 242, 243, 244, 245, 246, 247, 248, 249, 250, 251, 252, 253, 254, 255, 256, 257, 258, 259, 260, 261, 262, 263, 264, 265, 266, 267, 268, 269, 270, 271, 272, 273, 274, 275, 276, 277, 278, 279, 280, 281, 282, 283, 284, 285, 286, 287, 288, 289, 290, 291, 292, 293, 294, 295, 296, 297, 298, 299, 300, 301, 302, 303, 304, 305, 306, 307, 308, 309, 310, 311, 312, 313, 314, 315, 316, 317, 318, 319, 320, 321, 322, 323, 324, 325, 326, 327, 328, 329, 330, 331, 332, 333, 334, 335, 336, 337, 338, 339, 340, 341, 342, 343, 344, 345, 346, 347, 348, 349, 350, 351, 352, 353, 354, 355, 356, 357, 358, 359, 360, 361, 362, 363, 364, 365, 366, 367, 368, 369, 370, 371, 372, 373, 374, 375, 376, 377, 378, 379, 380, 381, 382, 383, 384, 385, 386, 387, 388, 389, 390, 391, 392, 393, 394, 395, 396, 397, 398, 399, 400]","{1: [<function expanding_mean at 0x000002C58F7A04A0>], 7: [<function rolling_mean_14 at 0x000002C5930FAA20>], 30: [<function expanding_mean at 0x000002C58F7A04A0>]}",lags_400_features_400,8.715701816573672,16.351219915948516,18.378988951177462,18.048659241925687,18.16172256495352,20.705990939964106,28.07467609633872,31.34942975705057,44.90384149576229,48.90924176261629,48.030387272356826
XGBRegressor,"LocalBoxCox(lower=0.0, method=loglik, season_length=None, stats_=[[4.10226185e-05 0.00000000e+00]], upper=2.0)","[1, 2, 3, 4, 5, 6, 7, 8, 9, 10, 11, 12, 13, 14, 15, 16, 17, 18, 19, 20, 21, 22, 23, 24, 25, 26, 27, 28, 29, 30, 31, 32, 33, 34, 35, 36, 37, 38, 39, 40, 41, 42, 43, 44, 45, 46, 47, 48, 49, 50, 51, 52, 53, 54, 55, 56, 57, 58, 59, 60, 61, 62, 63, 64, 65, 66, 67, 68, 69, 70, 71, 72, 73, 74, 75, 76, 77, 78, 79, 80, 81, 82, 83, 84, 85, 86, 87, 88, 89, 90, 91, 92, 93, 94, 95, 96, 97, 98, 99, 100, 101, 102, 103, 104, 105, 106, 107, 108, 109, 110, 111, 112, 113, 114, 115, 116, 117, 118, 119, 120, 121, 122, 123, 124, 125, 126, 127, 128, 129, 130, 131, 132, 133, 134, 135, 136, 137, 138, 139, 140, 141, 142, 143, 144, 145, 146, 147, 148, 149, 150, 151, 152, 153, 154, 155, 156, 157, 158, 159, 160, 161, 162, 163, 164, 165, 166, 167, 168, 169, 170, 171, 172, 173, 174, 175, 176, 177, 178, 179, 180, 181, 182, 183, 184, 185, 186, 187, 188, 189, 190, 191, 192, 193, 194, 195, 196, 197, 198, 199, 200, 201, 202, 203, 204, 205, 206, 207, 208, 209, 210, 211, 212, 213, 214, 215, 216, 217, 218, 219, 220, 221, 222, 223, 224, 225, 226, 227, 228, 229, 230, 231, 232, 233, 234, 235, 236, 237, 238, 239, 240, 241, 242, 243, 244, 245, 246, 247, 248, 249, 250, 251, 252, 253, 254, 255, 256, 257, 258, 259, 260, 261, 262, 263, 264, 265, 266, 267, 268, 269, 270, 271, 272, 273, 274, 275, 276, 277, 278, 279, 280, 281, 282, 283, 284, 285, 286, 287, 288, 289, 290, 291, 292, 293, 294, 295, 296, 297, 298, 299, 300, 301, 302, 303, 304, 305, 306, 307, 308, 309, 310, 311, 312, 313, 314, 315, 316, 317, 318, 319, 320, 321, 322, 323, 324, 325, 326, 327, 328, 329, 330, 331, 332, 333, 334, 335, 336, 337, 338, 339, 340, 341, 342, 343, 344, 345, 346, 347, 348, 349, 350, 351, 352, 353, 354, 355, 356, 357, 358, 359, 360, 361, 362, 363, 364, 365, 366, 367, 368, 369, 370, 371, 372, 373, 374, 375, 376, 377, 378, 379, 380, 381, 382, 383, 384, 385, 386, 387, 388, 389, 390, 391, 392, 393, 394, 395, 396, 397, 398, 399, 400]","{1: [<function rolling_mean_14 at 0x000002C5930FAA20>], 7: [<function rolling_mean_30 at 0x000002C58DBF9260>], 30: [<function expanding_mean at 0x000002C58F7A04A0>]}",lags_400_features_400,13.61723209995269,19.387403450722182,20.56553802355656,19.756882797673033,20.031047063441974,20.046605678543862,26.1800889437715,35.81891421540902,47.07556002332785,53.61748436748196,52.83435644895079
LGBMRegressor,"LocalBoxCox(lower=0.0, method=loglik, season_length=None, stats_=[[4.10226185e-05 0.00000000e+00]], upper=2.0)","[1, 2, 3, 4, 5, 6, 7, 8, 9, 10, 11, 12, 13, 14, 15, 16, 17, 18, 19, 20, 21, 22, 23, 24, 25, 26, 27, 28, 29, 30, 31, 32, 33, 34, 35, 36, 37, 38, 39, 40, 41, 42, 43, 44, 45, 46, 47, 48, 49, 50, 51, 52, 53, 54, 55, 56, 57, 58, 59, 60, 61, 62, 63, 64, 65, 66, 67, 68, 69, 70, 71, 72, 73, 74, 75, 76, 77, 78, 79, 80, 81, 82, 83, 84, 85, 86, 87, 88, 89, 90, 91, 92, 93, 94, 95, 96, 97, 98, 99, 100, 101, 102, 103, 104, 105, 106, 107, 108, 109, 110, 111, 112, 113, 114, 115, 116, 117, 118, 119, 120, 121, 122, 123, 124, 125, 126, 127, 128, 129, 130, 131, 132, 133, 134, 135, 136, 137, 138, 139, 140, 141, 142, 143, 144, 145, 146, 147, 148, 149, 150, 151, 152, 153, 154, 155, 156, 157, 158, 159, 160, 161, 162, 163, 164, 165, 166, 167, 168, 169, 170, 171, 172, 173, 174, 175, 176, 177, 178, 179, 180, 181, 182, 183, 184, 185, 186, 187, 188, 189, 190, 191, 192, 193, 194, 195, 196, 197, 198, 199, 200, 201, 202, 203, 204, 205, 206, 207, 208, 209, 210, 211, 212, 213, 214, 215, 216, 217, 218, 219, 220, 221, 222, 223, 224, 225, 226, 227, 228, 229, 230, 231, 232, 233, 234, 235, 236, 237, 238, 239, 240, 241, 242, 243, 244, 245, 246, 247, 248, 249, 250, 251, 252, 253, 254, 255, 256, 257, 258, 259, 260, 261, 262, 263, 264, 265, 266, 267, 268, 269, 270, 271, 272, 273, 274, 275, 276, 277, 278, 279, 280, 281, 282, 283, 284, 285, 286, 287, 288, 289, 290, 291, 292, 293, 294, 295, 296, 297, 298, 299, 300, 301, 302, 303, 304, 305, 306, 307, 308, 309, 310, 311, 312, 313, 314, 315, 316, 317, 318, 319, 320, 321, 322, 323, 324, 325, 326, 327, 328, 329, 330, 331, 332, 333, 334, 335, 336, 337, 338, 339, 340, 341, 342, 343, 344, 345, 346, 347, 348, 349, 350, 351, 352, 353, 354, 355, 356, 357, 358, 359, 360, 361, 362, 363, 364, 365, 366, 367, 368, 369, 370, 371, 372, 373, 374, 375, 376, 377, 378, 379, 380, 381, 382, 383, 384, 385, 386, 387, 388, 389, 390, 391, 392, 393, 394, 395, 396, 397, 398, 399, 400]","{1: [<function rolling_mean_14 at 0x000002C5930FAA20>], 7: [<function rolling_mean_30 at 0x000002C58DBF9260>], 30: [<function expanding_mean at 0x000002C58F7A04A0>]}",lags_400_features_400,10.309758840402242,17.03986165633164,18.621221715422294,18.08709132478563,17.936238863055927,19.696043454902156,25.992173245601464,31.092533175507548,43.88355888056407,51.620221071013994,51.371134721452485
XGBRegressor,"LocalBoxCox(lower=0.0, method=loglik, season_length=None, stats_=[[4.10226185e-05 0.00000000e+00]], upper=2.0)","[1, 2, 3, 4, 5, 6, 7, 8, 9, 10, 11, 12, 13, 14, 15, 16, 17, 18, 19, 20, 21, 22, 23, 24, 25, 26, 27, 28, 29, 30, 31, 32, 33, 34, 35, 36, 37, 38, 39, 40, 41, 42, 43, 44, 45, 46, 47, 48, 49, 50, 51, 52, 53, 54, 55, 56, 57, 58, 59, 60, 61, 62, 63, 64, 65, 66, 67, 68, 69, 70, 71, 72, 73, 74, 75, 76, 77, 78, 79, 80, 81, 82, 83, 84, 85, 86, 87, 88, 89, 90, 91, 92, 93, 94, 95, 96, 97, 98, 99, 100, 101, 102, 103, 104, 105, 106, 107, 108, 109, 110, 111, 112, 113, 114, 115, 116, 117, 118, 119, 120, 121, 122, 123, 124, 125, 126, 127, 128, 129, 130, 131, 132, 133, 134, 135, 136, 137, 138, 139, 140, 141, 142, 143, 144, 145, 146, 147, 148, 149, 150, 151, 152, 153, 154, 155, 156, 157, 158, 159, 160, 161, 162, 163, 164, 165, 166, 167, 168, 169, 170, 171, 172, 173, 174, 175, 176, 177, 178, 179, 180, 181, 182, 183, 184, 185, 186, 187, 188, 189, 190, 191, 192, 193, 194, 195, 196, 197, 198, 199, 200, 201, 202, 203, 204, 205, 206, 207, 208, 209, 210, 211, 212, 213, 214, 215, 216, 217, 218, 219, 220, 221, 222, 223, 224, 225, 226, 227, 228, 229, 230, 231, 232, 233, 234, 235, 236, 237, 238, 239, 240, 241, 242, 243, 244, 245, 246, 247, 248, 249, 250, 251, 252, 253, 254, 255, 256, 257, 258, 259, 260, 261, 262, 263, 264, 265, 266, 267, 268, 269, 270, 271, 272, 273, 274, 275, 276, 277, 278, 279, 280, 281, 282, 283, 284, 285, 286, 287, 288, 289, 290, 291, 292, 293, 294, 295, 296, 297, 298, 299, 300, 301, 302, 303, 304, 305, 306, 307, 308, 309, 310, 311, 312, 313, 314, 315, 316, 317, 318, 319, 320, 321, 322, 323, 324, 325, 326, 327, 328, 329, 330, 331, 332, 333, 334, 335, 336, 337, 338, 339, 340, 341, 342, 343, 344, 345, 346, 347, 348, 349, 350, 351, 352, 353, 354, 355, 356, 357, 358, 359, 360, 361, 362, 363, 364, 365, 366, 367, 368, 369, 370, 371, 372, 373, 374, 375, 376, 377, 378, 379, 380, 381, 382, 383, 384, 385, 386, 387, 388, 389, 390, 391, 392, 393, 394, 395, 396, 397, 398, 399, 400]","{7: [RollingMean(window_size=7)], 30: [RollingMean(window_size=30)], 60: [RollingMean(window_size=60)]}",lags_400_features_400,12.803345606818347,19.92377843116605,20.850424631587032,20.069112287214747,19.912958398681212,20.426003891986706,25.19057811488882,30.909991325853,44.46950390567866,48.35749193013433,47.837560689002785
LGBMRegressor,"LocalBoxCox(lower=0.0, method=loglik, season_length=None, stats_=[[4.10226185e-05 0.00000000e+00]], upper=2.0)","[1, 2, 3, 4, 5, 6, 7, 8, 9, 10, 11, 12, 13, 14, 15, 16, 17, 18, 19, 20, 21, 22, 23, 24, 25, 26, 27, 28, 29, 30, 31, 32, 33, 34, 35, 36, 37, 38, 39, 40, 41, 42, 43, 44, 45, 46, 47, 48, 49, 50, 51, 52, 53, 54, 55, 56, 57, 58, 59, 60, 61, 62, 63, 64, 65, 66, 67, 68, 69, 70, 71, 72, 73, 74, 75, 76, 77, 78, 79, 80, 81, 82, 83, 84, 85, 86, 87, 88, 89, 90, 91, 92, 93, 94, 95, 96, 97, 98, 99, 100, 101, 102, 103, 104, 105, 106, 107, 108, 109, 110, 111, 112, 113, 114, 115, 116, 117, 118, 119, 120, 121, 122, 123, 124, 125, 126, 127, 128, 129, 130, 131, 132, 133, 134, 135, 136, 137, 138, 139, 140, 141, 142, 143, 144, 145, 146, 147, 148, 149, 150, 151, 152, 153, 154, 155, 156, 157, 158, 159, 160, 161, 162, 163, 164, 165, 166, 167, 168, 169, 170, 171, 172, 173, 174, 175, 176, 177, 178, 179, 180, 181, 182, 183, 184, 185, 186, 187, 188, 189, 190, 191, 192, 193, 194, 195, 196, 197, 198, 199, 200, 201, 202, 203, 204, 205, 206, 207, 208, 209, 210, 211, 212, 213, 214, 215, 216, 217, 218, 219, 220, 221, 222, 223, 224, 225, 226, 227, 228, 229, 230, 231, 232, 233, 234, 235, 236, 237, 238, 239, 240, 241, 242, 243, 244, 245, 246, 247, 248, 249, 250, 251, 252, 253, 254, 255, 256, 257, 258, 259, 260, 261, 262, 263, 264, 265, 266, 267, 268, 269, 270, 271, 272, 273, 274, 275, 276, 277, 278, 279, 280, 281, 282, 283, 284, 285, 286, 287, 288, 289, 290, 291, 292, 293, 294, 295, 296, 297, 298, 299, 300, 301, 302, 303, 304, 305, 306, 307, 308, 309, 310, 311, 312, 313, 314, 315, 316, 317, 318, 319, 320, 321, 322, 323, 324, 325, 326, 327, 328, 329, 330, 331, 332, 333, 334, 335, 336, 337, 338, 339, 340, 341, 342, 343, 344, 345, 346, 347, 348, 349, 350, 351, 352, 353, 354, 355, 356, 357, 358, 359, 360, 361, 362, 363, 364, 365, 366, 367, 368, 369, 370, 371, 372, 373, 374, 375, 376, 377, 378, 379, 380, 381, 382, 383, 384, 385, 386, 387, 388, 389, 390, 391, 392, 393, 394, 395, 396, 397, 398, 399, 400]","{7: [RollingMean(window_size=7)], 30: [RollingMean(window_size=30)], 60: [RollingMean(window_size=60)]}",lags_400_features_400,9.68206640664076,16.418777832411692,17.92432346537619,17.742176553254918,17.654939298147966,19.44600898498912,24.291796779412095,28.39723118914113,42.56970090458795,52.19893743518409,51.783580091147755
XGBRegressor,"LocalBoxCox(lower=0.0, method=loglik, season_length=None, stats_=[[4.10226185e-05 0.00000000e+00]], upper=2.0)","[1, 2, 3, 4, 5, 6, 7, 8, 9, 10, 11, 12, 13, 14, 15, 16, 17, 18, 19, 20, 21, 22, 23, 24, 25, 26, 27, 28, 29, 30, 31, 32, 33, 34, 35, 36, 37, 38, 39, 40, 41, 42, 43, 44, 45, 46, 47, 48, 49, 50, 51, 52, 53, 54, 55, 56, 57, 58, 59, 60, 61, 62, 63, 64, 65, 66, 67, 68, 69, 70, 71, 72, 73, 74, 75, 76, 77, 78, 79, 80, 81, 82, 83, 84, 85, 86, 87, 88, 89, 90, 91, 92, 93, 94, 95, 96, 97, 98, 99, 100, 101, 102, 103, 104, 105, 106, 107, 108, 109, 110, 111, 112, 113, 114, 115, 116, 117, 118, 119, 120, 121, 122, 123, 124, 125, 126, 127, 128, 129, 130, 131, 132, 133, 134, 135, 136, 137, 138, 139, 140, 141, 142, 143, 144, 145, 146, 147, 148, 149, 150, 151, 152, 153, 154, 155, 156, 157, 158, 159, 160, 161, 162, 163, 164, 165, 166, 167, 168, 169, 170, 171, 172, 173, 174, 175, 176, 177, 178, 179, 180, 181, 182, 183, 184, 185, 186, 187, 188, 189, 190, 191, 192, 193, 194, 195, 196, 197, 198, 199, 200, 201, 202, 203, 204, 205, 206, 207, 208, 209, 210, 211, 212, 213, 214, 215, 216, 217, 218, 219, 220, 221, 222, 223, 224, 225, 226, 227, 228, 229, 230, 231, 232, 233, 234, 235, 236, 237, 238, 239, 240, 241, 242, 243, 244, 245, 246, 247, 248, 249, 250, 251, 252, 253, 254, 255, 256, 257, 258, 259, 260, 261, 262, 263, 264, 265, 266, 267, 268, 269, 270, 271, 272, 273, 274, 275, 276, 277, 278, 279, 280, 281, 282, 283, 284, 285, 286, 287, 288, 289, 290, 291, 292, 293, 294, 295, 296, 297, 298, 299, 300, 301, 302, 303, 304, 305, 306, 307, 308, 309, 310, 311, 312, 313, 314, 315, 316, 317, 318, 319, 320, 321, 322, 323, 324, 325, 326, 327, 328, 329, 330, 331, 332, 333, 334, 335, 336, 337, 338, 339, 340, 341, 342, 343, 344, 345, 346, 347, 348, 349, 350, 351, 352, 353, 354, 355, 356, 357, 358, 359, 360, 361, 362, 363, 364, 365, 366, 367, 368, 369, 370, 371, 372, 373, 374, 375, 376, 377, 378, 379, 380, 381, 382, 383, 384, 385, 386, 387, 388, 389, 390, 391, 392, 393, 394, 395, 396, 397, 398, 399, 400]","{7: [RollingMean(window_size=7), RollingStd(window_size=7)], 30: [RollingMean(window_size=30)], 60: [ExpandingMean()], 14: [ExponentiallyWeightedMean(alpha=0.3)]}",lags_400_features_400,13.405210255446542,20.21421305936922,21.13231995033085,20.474251723654564,20.116988039535887,20.479071921911757,24.600945851525157,29.76426945574189,43.29242685082043,46.191386874932235,45.67290325835421
LGBMRegressor,"LocalBoxCox(lower=0.0, method=loglik, season_length=None, stats_=[[4.10226185e-05 0.00000000e+00]], upper=2.0)","[1, 2, 3, 4, 5, 6, 7, 8, 9, 10, 11, 12, 13, 14, 15, 16, 17, 18, 19, 20, 21, 22, 23, 24, 25, 26, 27, 28, 29, 30, 31, 32, 33, 34, 35, 36, 37, 38, 39, 40, 41, 42, 43, 44, 45, 46, 47, 48, 49, 50, 51, 52, 53, 54, 55, 56, 57, 58, 59, 60, 61, 62, 63, 64, 65, 66, 67, 68, 69, 70, 71, 72, 73, 74, 75, 76, 77, 78, 79, 80, 81, 82, 83, 84, 85, 86, 87, 88, 89, 90, 91, 92, 93, 94, 95, 96, 97, 98, 99, 100, 101, 102, 103, 104, 105, 106, 107, 108, 109, 110, 111, 112, 113, 114, 115, 116, 117, 118, 119, 120, 121, 122, 123, 124, 125, 126, 127, 128, 129, 130, 131, 132, 133, 134, 135, 136, 137, 138, 139, 140, 141, 142, 143, 144, 145, 146, 147, 148, 149, 150, 151, 152, 153, 154, 155, 156, 157, 158, 159, 160, 161, 162, 163, 164, 165, 166, 167, 168, 169, 170, 171, 172, 173, 174, 175, 176, 177, 178, 179, 180, 181, 182, 183, 184, 185, 186, 187, 188, 189, 190, 191, 192, 193, 194, 195, 196, 197, 198, 199, 200, 201, 202, 203, 204, 205, 206, 207, 208, 209, 210, 211, 212, 213, 214, 215, 216, 217, 218, 219, 220, 221, 222, 223, 224, 225, 226, 227, 228, 229, 230, 231, 232, 233, 234, 235, 236, 237, 238, 239, 240, 241, 242, 243, 244, 245, 246, 247, 248, 249, 250, 251, 252, 253, 254, 255, 256, 257, 258, 259, 260, 261, 262, 263, 264, 265, 266, 267, 268, 269, 270, 271, 272, 273, 274, 275, 276, 277, 278, 279, 280, 281, 282, 283, 284, 285, 286, 287, 288, 289, 290, 291, 292, 293, 294, 295, 296, 297, 298, 299, 300, 301, 302, 303, 304, 305, 306, 307, 308, 309, 310, 311, 312, 313, 314, 315, 316, 317, 318, 319, 320, 321, 322, 323, 324, 325, 326, 327, 328, 329, 330, 331, 332, 333, 334, 335, 336, 337, 338, 339, 340, 341, 342, 343, 344, 345, 346, 347, 348, 349, 350, 351, 352, 353, 354, 355, 356, 357, 358, 359, 360, 361, 362, 363, 364, 365, 366, 367, 368, 369, 370, 371, 372, 373, 374, 375, 376, 377, 378, 379, 380, 381, 382, 383, 384, 385, 386, 387, 388, 389, 390, 391, 392, 393, 394, 395, 396, 397, 398, 399, 400]","{7: [RollingMean(window_size=7), RollingStd(window_size=7)], 30: [RollingMean(window_size=30)], 60: [ExpandingMean()], 14: [ExponentiallyWeightedMean(alpha=0.3)]}",lags_400_features_400,10.066616551038573,16.35432726730893,18.163609638621487,18.512460722809752,18.087630635967077,20.60790363425995,26.162862386712327,29.827303610748146,43.27011930608568,52.54074901675666,52.25506236005465
SGD_EarlyStopping,AutoDifferences(max_diffs=380) | LocalStandardScaler(stats_=[[-2.09155811e-02  2.20585897e+01]]),"[1, 2, 3, 4, 5, 6, 7, 8, 9, 10, 11, 12, 13, 14, 15, 16, 17, 18, 19, 20, 21, 22, 23, 24, 25, 26, 27, 28, 29, 30, 31, 32, 33, 34, 35, 36, 37, 38, 39, 40, 41, 42, 43, 44, 45, 46, 47, 48, 49, 50, 51, 52, 53, 54, 55, 56, 57, 58, 59, 60, 61, 62, 63, 64, 65, 66, 67, 68, 69, 70, 71, 72, 73, 74, 75, 76, 77, 78, 79, 80, 81, 82, 83, 84, 85, 86, 87, 88, 89, 90, 91, 92, 93, 94, 95, 96, 97, 98, 99, 100, 101, 102, 103, 104, 105, 106, 107, 108, 109, 110, 111, 112, 113, 114, 115, 116, 117, 118, 119, 120, 121, 122, 123, 124, 125, 126, 127, 128, 129, 130, 131, 132, 133, 134, 135, 136, 137, 138, 139, 140, 141, 142, 143, 144, 145, 146, 147, 148, 149, 150, 151, 152, 153, 154, 155, 156, 157, 158, 159, 160, 161, 162, 163, 164, 165, 166, 167, 168, 169, 170, 171, 172, 173, 174, 175, 176, 177, 178, 179, 180, 181, 182, 183, 184, 185, 186, 187, 188, 189, 190, 191, 192, 193, 194, 195, 196, 197, 198, 199, 200, 201, 202, 203, 204, 205, 206, 207, 208, 209, 210, 211, 212, 213, 214, 215, 216, 217, 218, 219, 220, 221, 222, 223, 224, 225, 226, 227, 228, 229, 230, 231, 232, 233, 234, 235, 236, 237, 238, 239, 240, 241, 242, 243, 244, 245, 246, 247, 248, 249, 250, 251, 252, 253, 254, 255, 256, 257, 258, 259, 260, 261, 262, 263, 264, 265, 266, 267, 268, 269, 270, 271, 272, 273, 274, 275, 276, 277, 278, 279, 280, 281, 282, 283, 284, 285, 286, 287, 288, 289, 290, 291, 292, 293, 294, 295, 296, 297, 298, 299, 300, 301, 302, 303, 304, 305, 306, 307, 308, 309, 310, 311, 312, 313, 314, 315, 316, 317, 318, 319, 320, 321, 322, 323, 324, 325, 326, 327, 328, 329, 330, 331, 332, 333, 334, 335, 336, 337, 338, 339, 340, 341, 342, 343, 344, 345, 346, 347, 348, 349, 350, 351, 352, 353, 354, 355, 356, 357, 358, 359, 360, 361, 362, 363, 364, 365, 366, 367, 368, 369, 370, 371, 372, 373, 374, 375, 376, 377, 378, 379, 380, 381, 382, 383, 384, 385, 386, 387, 388, 389, 390, 391, 392, 393, 394, 395, 396, 397, 398, 399, 400]","{1: [<function expanding_mean at 0x000002C58F7A04A0>], 7: [<function rolling_mean_14 at 0x000002C5930FAA20>], 30: [<function expanding_mean at 0x000002C58F7A04A0>]}",lags_400_features_400,139.63418964212485,102.78647727698005,107.92727927440478,107.92895758456618,107.49070277181181,107.91821830943842,103.16089824965611,103.0534098707017,151.22311179264764,289.3936762962888,300.52651233929066
SGD_ElasticNet,AutoDifferences(max_diffs=380) | LocalStandardScaler(stats_=[[-2.09155811e-02  2.20585897e+01]]),"[1, 2, 3, 4, 5, 6, 7, 8, 9, 10, 11, 12, 13, 14, 15, 16, 17, 18, 19, 20, 21, 22, 23, 24, 25, 26, 27, 28, 29, 30, 31, 32, 33, 34, 35, 36, 37, 38, 39, 40, 41, 42, 43, 44, 45, 46, 47, 48, 49, 50, 51, 52, 53, 54, 55, 56, 57, 58, 59, 60, 61, 62, 63, 64, 65, 66, 67, 68, 69, 70, 71, 72, 73, 74, 75, 76, 77, 78, 79, 80, 81, 82, 83, 84, 85, 86, 87, 88, 89, 90, 91, 92, 93, 94, 95, 96, 97, 98, 99, 100, 101, 102, 103, 104, 105, 106, 107, 108, 109, 110, 111, 112, 113, 114, 115, 116, 117, 118, 119, 120, 121, 122, 123, 124, 125, 126, 127, 128, 129, 130, 131, 132, 133, 134, 135, 136, 137, 138, 139, 140, 141, 142, 143, 144, 145, 146, 147, 148, 149, 150, 151, 152, 153, 154, 155, 156, 157, 158, 159, 160, 161, 162, 163, 164, 165, 166, 167, 168, 169, 170, 171, 172, 173, 174, 175, 176, 177, 178, 179, 180, 181, 182, 183, 184, 185, 186, 187, 188, 189, 190, 191, 192, 193, 194, 195, 196, 197, 198, 199, 200, 201, 202, 203, 204, 205, 206, 207, 208, 209, 210, 211, 212, 213, 214, 215, 216, 217, 218, 219, 220, 221, 222, 223, 224, 225, 226, 227, 228, 229, 230, 231, 232, 233, 234, 235, 236, 237, 238, 239, 240, 241, 242, 243, 244, 245, 246, 247, 248, 249, 250, 251, 252, 253, 254, 255, 256, 257, 258, 259, 260, 261, 262, 263, 264, 265, 266, 267, 268, 269, 270, 271, 272, 273, 274, 275, 276, 277, 278, 279, 280, 281, 282, 283, 284, 285, 286, 287, 288, 289, 290, 291, 292, 293, 294, 295, 296, 297, 298, 299, 300, 301, 302, 303, 304, 305, 306, 307, 308, 309, 310, 311, 312, 313, 314, 315, 316, 317, 318, 319, 320, 321, 322, 323, 324, 325, 326, 327, 328, 329, 330, 331, 332, 333, 334, 335, 336, 337, 338, 339, 340, 341, 342, 343, 344, 345, 346, 347, 348, 349, 350, 351, 352, 353, 354, 355, 356, 357, 358, 359, 360, 361, 362, 363, 364, 365, 366, 367, 368, 369, 370, 371, 372, 373, 374, 375, 376, 377, 378, 379, 380, 381, 382, 383, 384, 385, 386, 387, 388, 389, 390, 391, 392, 393, 394, 395, 396, 397, 398, 399, 400]","{1: [<function expanding_mean at 0x000002C58F7A04A0>], 7: [<function rolling_mean_14 at 0x000002C5930FAA20>], 30: [<function expanding_mean at 0x000002C58F7A04A0>]}",lags_400_features_400,127.39952018488812,107.92621582529891,137.75635909204155,142.7965407423934,144.80206094212812,151.40934609889675,149.37305418862357,163.40568161001164,230.46873838890107,394.09593312092977,403.4380593284749
SGD_Lasso,AutoDifferences(max_diffs=380) | LocalStandardScaler(stats_=[[-2.09155811e-02  2.20585897e+01]]),"[1, 2, 3, 4, 5, 6, 7, 8, 9, 10, 11, 12, 13, 14, 15, 16, 17, 18, 19, 20, 21, 22, 23, 24, 25, 26, 27, 28, 29, 30, 31, 32, 33, 34, 35, 36, 37, 38, 39, 40, 41, 42, 43, 44, 45, 46, 47, 48, 49, 50, 51, 52, 53, 54, 55, 56, 57, 58, 59, 60, 61, 62, 63, 64, 65, 66, 67, 68, 69, 70, 71, 72, 73, 74, 75, 76, 77, 78, 79, 80, 81, 82, 83, 84, 85, 86, 87, 88, 89, 90, 91, 92, 93, 94, 95, 96, 97, 98, 99, 100, 101, 102, 103, 104, 105, 106, 107, 108, 109, 110, 111, 112, 113, 114, 115, 116, 117, 118, 119, 120, 121, 122, 123, 124, 125, 126, 127, 128, 129, 130, 131, 132, 133, 134, 135, 136, 137, 138, 139, 140, 141, 142, 143, 144, 145, 146, 147, 148, 149, 150, 151, 152, 153, 154, 155, 156, 157, 158, 159, 160, 161, 162, 163, 164, 165, 166, 167, 168, 169, 170, 171, 172, 173, 174, 175, 176, 177, 178, 179, 180, 181, 182, 183, 184, 185, 186, 187, 188, 189, 190, 191, 192, 193, 194, 195, 196, 197, 198, 199, 200, 201, 202, 203, 204, 205, 206, 207, 208, 209, 210, 211, 212, 213, 214, 215, 216, 217, 218, 219, 220, 221, 222, 223, 224, 225, 226, 227, 228, 229, 230, 231, 232, 233, 234, 235, 236, 237, 238, 239, 240, 241, 242, 243, 244, 245, 246, 247, 248, 249, 250, 251, 252, 253, 254, 255, 256, 257, 258, 259, 260, 261, 262, 263, 264, 265, 266, 267, 268, 269, 270, 271, 272, 273, 274, 275, 276, 277, 278, 279, 280, 281, 282, 283, 284, 285, 286, 287, 288, 289, 290, 291, 292, 293, 294, 295, 296, 297, 298, 299, 300, 301, 302, 303, 304, 305, 306, 307, 308, 309, 310, 311, 312, 313, 314, 315, 316, 317, 318, 319, 320, 321, 322, 323, 324, 325, 326, 327, 328, 329, 330, 331, 332, 333, 334, 335, 336, 337, 338, 339, 340, 341, 342, 343, 344, 345, 346, 347, 348, 349, 350, 351, 352, 353, 354, 355, 356, 357, 358, 359, 360, 361, 362, 363, 364, 365, 366, 367, 368, 369, 370, 371, 372, 373, 374, 375, 376, 377, 378, 379, 380, 381, 382, 383, 384, 385, 386, 387, 388, 389, 390, 391, 392, 393, 394, 395, 396, 397, 398, 399, 400]","{1: [<function expanding_mean at 0x000002C58F7A04A0>], 7: [<function rolling_mean_14 at 0x000002C5930FAA20>], 30: [<function expanding_mean at 0x000002C58F7A04A0>]}",lags_400_features_400,11.125641598728922,15.249348691888548,17.82986924088175,18.45517688088899,22.00642754656684,25.10548198853882,34.674597630497615,35.68215536770282,42.87160967409616,57.900657783216445,57.48215086241254
SGD_Ridge,AutoDifferences(max_diffs=380) | LocalStandardScaler(stats_=[[-2.09155811e-02  2.20585897e+01]]),"[1, 2, 3, 4, 5, 6, 7, 8, 9, 10, 11, 12, 13, 14, 15, 16, 17, 18, 19, 20, 21, 22, 23, 24, 25, 26, 27, 28, 29, 30, 31, 32, 33, 34, 35, 36, 37, 38, 39, 40, 41, 42, 43, 44, 45, 46, 47, 48, 49, 50, 51, 52, 53, 54, 55, 56, 57, 58, 59, 60, 61, 62, 63, 64, 65, 66, 67, 68, 69, 70, 71, 72, 73, 74, 75, 76, 77, 78, 79, 80, 81, 82, 83, 84, 85, 86, 87, 88, 89, 90, 91, 92, 93, 94, 95, 96, 97, 98, 99, 100, 101, 102, 103, 104, 105, 106, 107, 108, 109, 110, 111, 112, 113, 114, 115, 116, 117, 118, 119, 120, 121, 122, 123, 124, 125, 126, 127, 128, 129, 130, 131, 132, 133, 134, 135, 136, 137, 138, 139, 140, 141, 142, 143, 144, 145, 146, 147, 148, 149, 150, 151, 152, 153, 154, 155, 156, 157, 158, 159, 160, 161, 162, 163, 164, 165, 166, 167, 168, 169, 170, 171, 172, 173, 174, 175, 176, 177, 178, 179, 180, 181, 182, 183, 184, 185, 186, 187, 188, 189, 190, 191, 192, 193, 194, 195, 196, 197, 198, 199, 200, 201, 202, 203, 204, 205, 206, 207, 208, 209, 210, 211, 212, 213, 214, 215, 216, 217, 218, 219, 220, 221, 222, 223, 224, 225, 226, 227, 228, 229, 230, 231, 232, 233, 234, 235, 236, 237, 238, 239, 240, 241, 242, 243, 244, 245, 246, 247, 248, 249, 250, 251, 252, 253, 254, 255, 256, 257, 258, 259, 260, 261, 262, 263, 264, 265, 266, 267, 268, 269, 270, 271, 272, 273, 274, 275, 276, 277, 278, 279, 280, 281, 282, 283, 284, 285, 286, 287, 288, 289, 290, 291, 292, 293, 294, 295, 296, 297, 298, 299, 300, 301, 302, 303, 304, 305, 306, 307, 308, 309, 310, 311, 312, 313, 314, 315, 316, 317, 318, 319, 320, 321, 322, 323, 324, 325, 326, 327, 328, 329, 330, 331, 332, 333, 334, 335, 336, 337, 338, 339, 340, 341, 342, 343, 344, 345, 346, 347, 348, 349, 350, 351, 352, 353, 354, 355, 356, 357, 358, 359, 360, 361, 362, 363, 364, 365, 366, 367, 368, 369, 370, 371, 372, 373, 374, 375, 376, 377, 378, 379, 380, 381, 382, 383, 384, 385, 386, 387, 388, 389, 390, 391, 392, 393, 394, 395, 396, 397, 398, 399, 400]","{1: [<function expanding_mean at 0x000002C58F7A04A0>], 7: [<function rolling_mean_14 at 0x000002C5930FAA20>], 30: [<function expanding_mean at 0x000002C58F7A04A0>]}",lags_400_features_400,91.75205290652985,180.36478012465702,276.29900798302145,351.0920153559405,395.25292292486665,437.3747568902426,463.5783072621712,564.1822422955292,901.4870068365333,1534.1812726583703,1567.3269405997987
SGDRegressor,AutoDifferences(max_diffs=380) | LocalStandardScaler(stats_=[[-2.09155811e-02  2.20585897e+01]]),"[1, 2, 3, 4, 5, 6, 7, 8, 9, 10, 11, 12, 13, 14, 15, 16, 17, 18, 19, 20, 21, 22, 23, 24, 25, 26, 27, 28, 29, 30, 31, 32, 33, 34, 35, 36, 37, 38, 39, 40, 41, 42, 43, 44, 45, 46, 47, 48, 49, 50, 51, 52, 53, 54, 55, 56, 57, 58, 59, 60, 61, 62, 63, 64, 65, 66, 67, 68, 69, 70, 71, 72, 73, 74, 75, 76, 77, 78, 79, 80, 81, 82, 83, 84, 85, 86, 87, 88, 89, 90, 91, 92, 93, 94, 95, 96, 97, 98, 99, 100, 101, 102, 103, 104, 105, 106, 107, 108, 109, 110, 111, 112, 113, 114, 115, 116, 117, 118, 119, 120, 121, 122, 123, 124, 125, 126, 127, 128, 129, 130, 131, 132, 133, 134, 135, 136, 137, 138, 139, 140, 141, 142, 143, 144, 145, 146, 147, 148, 149, 150, 151, 152, 153, 154, 155, 156, 157, 158, 159, 160, 161, 162, 163, 164, 165, 166, 167, 168, 169, 170, 171, 172, 173, 174, 175, 176, 177, 178, 179, 180, 181, 182, 183, 184, 185, 186, 187, 188, 189, 190, 191, 192, 193, 194, 195, 196, 197, 198, 199, 200, 201, 202, 203, 204, 205, 206, 207, 208, 209, 210, 211, 212, 213, 214, 215, 216, 217, 218, 219, 220, 221, 222, 223, 224, 225, 226, 227, 228, 229, 230, 231, 232, 233, 234, 235, 236, 237, 238, 239, 240, 241, 242, 243, 244, 245, 246, 247, 248, 249, 250, 251, 252, 253, 254, 255, 256, 257, 258, 259, 260, 261, 262, 263, 264, 265, 266, 267, 268, 269, 270, 271, 272, 273, 274, 275, 276, 277, 278, 279, 280, 281, 282, 283, 284, 285, 286, 287, 288, 289, 290, 291, 292, 293, 294, 295, 296, 297, 298, 299, 300, 301, 302, 303, 304, 305, 306, 307, 308, 309, 310, 311, 312, 313, 314, 315, 316, 317, 318, 319, 320, 321, 322, 323, 324, 325, 326, 327, 328, 329, 330, 331, 332, 333, 334, 335, 336, 337, 338, 339, 340, 341, 342, 343, 344, 345, 346, 347, 348, 349, 350, 351, 352, 353, 354, 355, 356, 357, 358, 359, 360, 361, 362, 363, 364, 365, 366, 367, 368, 369, 370, 371, 372, 373, 374, 375, 376, 377, 378, 379, 380, 381, 382, 383, 384, 385, 386, 387, 388, 389, 390, 391, 392, 393, 394, 395, 396, 397, 398, 399, 400]","{1: [<function expanding_mean at 0x000002C58F7A04A0>], 7: [<function rolling_mean_14 at 0x000002C5930FAA20>], 30: [<function expanding_mean at 0x000002C58F7A04A0>]}",lags_400_features_400,135.24135842602325,115.2485015644342,146.37479132723934,151.06422968983156,152.64623332825633,158.74598546998052,156.1850447285786,171.12557406134948,244.63808982702992,429.3165184447943,439.52433604246613
XGBRegressor,AutoDifferences(max_diffs=380) | LocalStandardScaler(stats_=[[-2.09155811e-02  2.20585897e+01]]),"[1, 2, 3, 4, 5, 6, 7, 8, 9, 10, 11, 12, 13, 14, 15, 16, 17, 18, 19, 20, 21, 22, 23, 24, 25, 26, 27, 28, 29, 30, 31, 32, 33, 34, 35, 36, 37, 38, 39, 40, 41, 42, 43, 44, 45, 46, 47, 48, 49, 50, 51, 52, 53, 54, 55, 56, 57, 58, 59, 60, 61, 62, 63, 64, 65, 66, 67, 68, 69, 70, 71, 72, 73, 74, 75, 76, 77, 78, 79, 80, 81, 82, 83, 84, 85, 86, 87, 88, 89, 90, 91, 92, 93, 94, 95, 96, 97, 98, 99, 100, 101, 102, 103, 104, 105, 106, 107, 108, 109, 110, 111, 112, 113, 114, 115, 116, 117, 118, 119, 120, 121, 122, 123, 124, 125, 126, 127, 128, 129, 130, 131, 132, 133, 134, 135, 136, 137, 138, 139, 140, 141, 142, 143, 144, 145, 146, 147, 148, 149, 150, 151, 152, 153, 154, 155, 156, 157, 158, 159, 160, 161, 162, 163, 164, 165, 166, 167, 168, 169, 170, 171, 172, 173, 174, 175, 176, 177, 178, 179, 180, 181, 182, 183, 184, 185, 186, 187, 188, 189, 190, 191, 192, 193, 194, 195, 196, 197, 198, 199, 200, 201, 202, 203, 204, 205, 206, 207, 208, 209, 210, 211, 212, 213, 214, 215, 216, 217, 218, 219, 220, 221, 222, 223, 224, 225, 226, 227, 228, 229, 230, 231, 232, 233, 234, 235, 236, 237, 238, 239, 240, 241, 242, 243, 244, 245, 246, 247, 248, 249, 250, 251, 252, 253, 254, 255, 256, 257, 258, 259, 260, 261, 262, 263, 264, 265, 266, 267, 268, 269, 270, 271, 272, 273, 274, 275, 276, 277, 278, 279, 280, 281, 282, 283, 284, 285, 286, 287, 288, 289, 290, 291, 292, 293, 294, 295, 296, 297, 298, 299, 300, 301, 302, 303, 304, 305, 306, 307, 308, 309, 310, 311, 312, 313, 314, 315, 316, 317, 318, 319, 320, 321, 322, 323, 324, 325, 326, 327, 328, 329, 330, 331, 332, 333, 334, 335, 336, 337, 338, 339, 340, 341, 342, 343, 344, 345, 346, 347, 348, 349, 350, 351, 352, 353, 354, 355, 356, 357, 358, 359, 360, 361, 362, 363, 364, 365, 366, 367, 368, 369, 370, 371, 372, 373, 374, 375, 376, 377, 378, 379, 380, 381, 382, 383, 384, 385, 386, 387, 388, 389, 390, 391, 392, 393, 394, 395, 396, 397, 398, 399, 400]","{1: [<function expanding_mean at 0x000002C58F7A04A0>], 7: [<function rolling_mean_14 at 0x000002C5930FAA20>], 30: [<function expanding_mean at 0x000002C58F7A04A0>]}",lags_400_features_400,57.26303955928495,56.60282670443403,50.3859724735812,52.86893180066593,57.51718814254093,58.43996384651191,56.16404541757868,76.9640011082146,92.37242769847434,88.50029311759745,86.75487512936823
LGBMRegressor,AutoDifferences(max_diffs=380) | LocalStandardScaler(stats_=[[-2.09155811e-02  2.20585897e+01]]),"[1, 2, 3, 4, 5, 6, 7, 8, 9, 10, 11, 12, 13, 14, 15, 16, 17, 18, 19, 20, 21, 22, 23, 24, 25, 26, 27, 28, 29, 30, 31, 32, 33, 34, 35, 36, 37, 38, 39, 40, 41, 42, 43, 44, 45, 46, 47, 48, 49, 50, 51, 52, 53, 54, 55, 56, 57, 58, 59, 60, 61, 62, 63, 64, 65, 66, 67, 68, 69, 70, 71, 72, 73, 74, 75, 76, 77, 78, 79, 80, 81, 82, 83, 84, 85, 86, 87, 88, 89, 90, 91, 92, 93, 94, 95, 96, 97, 98, 99, 100, 101, 102, 103, 104, 105, 106, 107, 108, 109, 110, 111, 112, 113, 114, 115, 116, 117, 118, 119, 120, 121, 122, 123, 124, 125, 126, 127, 128, 129, 130, 131, 132, 133, 134, 135, 136, 137, 138, 139, 140, 141, 142, 143, 144, 145, 146, 147, 148, 149, 150, 151, 152, 153, 154, 155, 156, 157, 158, 159, 160, 161, 162, 163, 164, 165, 166, 167, 168, 169, 170, 171, 172, 173, 174, 175, 176, 177, 178, 179, 180, 181, 182, 183, 184, 185, 186, 187, 188, 189, 190, 191, 192, 193, 194, 195, 196, 197, 198, 199, 200, 201, 202, 203, 204, 205, 206, 207, 208, 209, 210, 211, 212, 213, 214, 215, 216, 217, 218, 219, 220, 221, 222, 223, 224, 225, 226, 227, 228, 229, 230, 231, 232, 233, 234, 235, 236, 237, 238, 239, 240, 241, 242, 243, 244, 245, 246, 247, 248, 249, 250, 251, 252, 253, 254, 255, 256, 257, 258, 259, 260, 261, 262, 263, 264, 265, 266, 267, 268, 269, 270, 271, 272, 273, 274, 275, 276, 277, 278, 279, 280, 281, 282, 283, 284, 285, 286, 287, 288, 289, 290, 291, 292, 293, 294, 295, 296, 297, 298, 299, 300, 301, 302, 303, 304, 305, 306, 307, 308, 309, 310, 311, 312, 313, 314, 315, 316, 317, 318, 319, 320, 321, 322, 323, 324, 325, 326, 327, 328, 329, 330, 331, 332, 333, 334, 335, 336, 337, 338, 339, 340, 341, 342, 343, 344, 345, 346, 347, 348, 349, 350, 351, 352, 353, 354, 355, 356, 357, 358, 359, 360, 361, 362, 363, 364, 365, 366, 367, 368, 369, 370, 371, 372, 373, 374, 375, 376, 377, 378, 379, 380, 381, 382, 383, 384, 385, 386, 387, 388, 389, 390, 391, 392, 393, 394, 395, 396, 397, 398, 399, 400]","{1: [<function expanding_mean at 0x000002C58F7A04A0>], 7: [<function rolling_mean_14 at 0x000002C5930FAA20>], 30: [<function expanding_mean at 0x000002C58F7A04A0>]}",lags_400_features_400,17.29134448384305,39.2128485315867,48.905534346705934,55.23185479713818,48.93782853788289,48.44909270010685,53.177713215525955,65.64574539927119,69.5375131561746,79.08199872039626,79.82648514080296
SGD_EarlyStopping,AutoDifferences(max_diffs=380) | LocalStandardScaler(stats_=[[-2.09155811e-02  2.20585897e+01]]),"[1, 2, 3, 4, 5, 6, 7, 8, 9, 10, 11, 12, 13, 14, 15, 16, 17, 18, 19, 20, 21, 22, 23, 24, 25, 26, 27, 28, 29, 30, 31, 32, 33, 34, 35, 36, 37, 38, 39, 40, 41, 42, 43, 44, 45, 46, 47, 48, 49, 50, 51, 52, 53, 54, 55, 56, 57, 58, 59, 60, 61, 62, 63, 64, 65, 66, 67, 68, 69, 70, 71, 72, 73, 74, 75, 76, 77, 78, 79, 80, 81, 82, 83, 84, 85, 86, 87, 88, 89, 90, 91, 92, 93, 94, 95, 96, 97, 98, 99, 100, 101, 102, 103, 104, 105, 106, 107, 108, 109, 110, 111, 112, 113, 114, 115, 116, 117, 118, 119, 120, 121, 122, 123, 124, 125, 126, 127, 128, 129, 130, 131, 132, 133, 134, 135, 136, 137, 138, 139, 140, 141, 142, 143, 144, 145, 146, 147, 148, 149, 150, 151, 152, 153, 154, 155, 156, 157, 158, 159, 160, 161, 162, 163, 164, 165, 166, 167, 168, 169, 170, 171, 172, 173, 174, 175, 176, 177, 178, 179, 180, 181, 182, 183, 184, 185, 186, 187, 188, 189, 190, 191, 192, 193, 194, 195, 196, 197, 198, 199, 200, 201, 202, 203, 204, 205, 206, 207, 208, 209, 210, 211, 212, 213, 214, 215, 216, 217, 218, 219, 220, 221, 222, 223, 224, 225, 226, 227, 228, 229, 230, 231, 232, 233, 234, 235, 236, 237, 238, 239, 240, 241, 242, 243, 244, 245, 246, 247, 248, 249, 250, 251, 252, 253, 254, 255, 256, 257, 258, 259, 260, 261, 262, 263, 264, 265, 266, 267, 268, 269, 270, 271, 272, 273, 274, 275, 276, 277, 278, 279, 280, 281, 282, 283, 284, 285, 286, 287, 288, 289, 290, 291, 292, 293, 294, 295, 296, 297, 298, 299, 300, 301, 302, 303, 304, 305, 306, 307, 308, 309, 310, 311, 312, 313, 314, 315, 316, 317, 318, 319, 320, 321, 322, 323, 324, 325, 326, 327, 328, 329, 330, 331, 332, 333, 334, 335, 336, 337, 338, 339, 340, 341, 342, 343, 344, 345, 346, 347, 348, 349, 350, 351, 352, 353, 354, 355, 356, 357, 358, 359, 360, 361, 362, 363, 364, 365, 366, 367, 368, 369, 370, 371, 372, 373, 374, 375, 376, 377, 378, 379, 380, 381, 382, 383, 384, 385, 386, 387, 388, 389, 390, 391, 392, 393, 394, 395, 396, 397, 398, 399, 400]","{1: [<function rolling_mean_14 at 0x000002C5930FAA20>], 7: [<function rolling_mean_30 at 0x000002C58DBF9260>], 30: [<function expanding_mean at 0x000002C58F7A04A0>]}",lags_400_features_400,138.92456756182239,102.41255658643091,107.60105649888965,107.232484198609,106.71644080188905,107.3293891491139,102.70081727061158,102.73857591328948,150.56994088203408,288.14950531984545,299.1638493140894
SGD_ElasticNet,AutoDifferences(max_diffs=380) | LocalStandardScaler(stats_=[[-2.09155811e-02  2.20585897e+01]]),"[1, 2, 3, 4, 5, 6, 7, 8, 9, 10, 11, 12, 13, 14, 15, 16, 17, 18, 19, 20, 21, 22, 23, 24, 25, 26, 27, 28, 29, 30, 31, 32, 33, 34, 35, 36, 37, 38, 39, 40, 41, 42, 43, 44, 45, 46, 47, 48, 49, 50, 51, 52, 53, 54, 55, 56, 57, 58, 59, 60, 61, 62, 63, 64, 65, 66, 67, 68, 69, 70, 71, 72, 73, 74, 75, 76, 77, 78, 79, 80, 81, 82, 83, 84, 85, 86, 87, 88, 89, 90, 91, 92, 93, 94, 95, 96, 97, 98, 99, 100, 101, 102, 103, 104, 105, 106, 107, 108, 109, 110, 111, 112, 113, 114, 115, 116, 117, 118, 119, 120, 121, 122, 123, 124, 125, 126, 127, 128, 129, 130, 131, 132, 133, 134, 135, 136, 137, 138, 139, 140, 141, 142, 143, 144, 145, 146, 147, 148, 149, 150, 151, 152, 153, 154, 155, 156, 157, 158, 159, 160, 161, 162, 163, 164, 165, 166, 167, 168, 169, 170, 171, 172, 173, 174, 175, 176, 177, 178, 179, 180, 181, 182, 183, 184, 185, 186, 187, 188, 189, 190, 191, 192, 193, 194, 195, 196, 197, 198, 199, 200, 201, 202, 203, 204, 205, 206, 207, 208, 209, 210, 211, 212, 213, 214, 215, 216, 217, 218, 219, 220, 221, 222, 223, 224, 225, 226, 227, 228, 229, 230, 231, 232, 233, 234, 235, 236, 237, 238, 239, 240, 241, 242, 243, 244, 245, 246, 247, 248, 249, 250, 251, 252, 253, 254, 255, 256, 257, 258, 259, 260, 261, 262, 263, 264, 265, 266, 267, 268, 269, 270, 271, 272, 273, 274, 275, 276, 277, 278, 279, 280, 281, 282, 283, 284, 285, 286, 287, 288, 289, 290, 291, 292, 293, 294, 295, 296, 297, 298, 299, 300, 301, 302, 303, 304, 305, 306, 307, 308, 309, 310, 311, 312, 313, 314, 315, 316, 317, 318, 319, 320, 321, 322, 323, 324, 325, 326, 327, 328, 329, 330, 331, 332, 333, 334, 335, 336, 337, 338, 339, 340, 341, 342, 343, 344, 345, 346, 347, 348, 349, 350, 351, 352, 353, 354, 355, 356, 357, 358, 359, 360, 361, 362, 363, 364, 365, 366, 367, 368, 369, 370, 371, 372, 373, 374, 375, 376, 377, 378, 379, 380, 381, 382, 383, 384, 385, 386, 387, 388, 389, 390, 391, 392, 393, 394, 395, 396, 397, 398, 399, 400]","{1: [<function rolling_mean_14 at 0x000002C5930FAA20>], 7: [<function rolling_mean_30 at 0x000002C58DBF9260>], 30: [<function expanding_mean at 0x000002C58F7A04A0>]}",lags_400_features_400,127.06934345378788,107.29548963334163,136.43744966836354,141.1344513223983,142.93648514392103,149.38521392719503,147.32927199030195,160.79670025472404,226.72959659033225,389.22277038737616,398.51115845399494
SGD_Lasso,AutoDifferences(max_diffs=380) | LocalStandardScaler(stats_=[[-2.09155811e-02  2.20585897e+01]]),"[1, 2, 3, 4, 5, 6, 7, 8, 9, 10, 11, 12, 13, 14, 15, 16, 17, 18, 19, 20, 21, 22, 23, 24, 25, 26, 27, 28, 29, 30, 31, 32, 33, 34, 35, 36, 37, 38, 39, 40, 41, 42, 43, 44, 45, 46, 47, 48, 49, 50, 51, 52, 53, 54, 55, 56, 57, 58, 59, 60, 61, 62, 63, 64, 65, 66, 67, 68, 69, 70, 71, 72, 73, 74, 75, 76, 77, 78, 79, 80, 81, 82, 83, 84, 85, 86, 87, 88, 89, 90, 91, 92, 93, 94, 95, 96, 97, 98, 99, 100, 101, 102, 103, 104, 105, 106, 107, 108, 109, 110, 111, 112, 113, 114, 115, 116, 117, 118, 119, 120, 121, 122, 123, 124, 125, 126, 127, 128, 129, 130, 131, 132, 133, 134, 135, 136, 137, 138, 139, 140, 141, 142, 143, 144, 145, 146, 147, 148, 149, 150, 151, 152, 153, 154, 155, 156, 157, 158, 159, 160, 161, 162, 163, 164, 165, 166, 167, 168, 169, 170, 171, 172, 173, 174, 175, 176, 177, 178, 179, 180, 181, 182, 183, 184, 185, 186, 187, 188, 189, 190, 191, 192, 193, 194, 195, 196, 197, 198, 199, 200, 201, 202, 203, 204, 205, 206, 207, 208, 209, 210, 211, 212, 213, 214, 215, 216, 217, 218, 219, 220, 221, 222, 223, 224, 225, 226, 227, 228, 229, 230, 231, 232, 233, 234, 235, 236, 237, 238, 239, 240, 241, 242, 243, 244, 245, 246, 247, 248, 249, 250, 251, 252, 253, 254, 255, 256, 257, 258, 259, 260, 261, 262, 263, 264, 265, 266, 267, 268, 269, 270, 271, 272, 273, 274, 275, 276, 277, 278, 279, 280, 281, 282, 283, 284, 285, 286, 287, 288, 289, 290, 291, 292, 293, 294, 295, 296, 297, 298, 299, 300, 301, 302, 303, 304, 305, 306, 307, 308, 309, 310, 311, 312, 313, 314, 315, 316, 317, 318, 319, 320, 321, 322, 323, 324, 325, 326, 327, 328, 329, 330, 331, 332, 333, 334, 335, 336, 337, 338, 339, 340, 341, 342, 343, 344, 345, 346, 347, 348, 349, 350, 351, 352, 353, 354, 355, 356, 357, 358, 359, 360, 361, 362, 363, 364, 365, 366, 367, 368, 369, 370, 371, 372, 373, 374, 375, 376, 377, 378, 379, 380, 381, 382, 383, 384, 385, 386, 387, 388, 389, 390, 391, 392, 393, 394, 395, 396, 397, 398, 399, 400]","{1: [<function rolling_mean_14 at 0x000002C5930FAA20>], 7: [<function rolling_mean_30 at 0x000002C58DBF9260>], 30: [<function expanding_mean at 0x000002C58F7A04A0>]}",lags_400_features_400,11.125628696148256,15.249349374791569,17.829874711224697,18.45519484851365,22.006456762700406,25.105518394878608,34.67463874854301,35.68220437507688,42.871590518724325,57.900510508506784,57.481996786503274
SGD_Ridge,AutoDifferences(max_diffs=380) | LocalStandardScaler(stats_=[[-2.09155811e-02  2.20585897e+01]]),"[1, 2, 3, 4, 5, 6, 7, 8, 9, 10, 11, 12, 13, 14, 15, 16, 17, 18, 19, 20, 21, 22, 23, 24, 25, 26, 27, 28, 29, 30, 31, 32, 33, 34, 35, 36, 37, 38, 39, 40, 41, 42, 43, 44, 45, 46, 47, 48, 49, 50, 51, 52, 53, 54, 55, 56, 57, 58, 59, 60, 61, 62, 63, 64, 65, 66, 67, 68, 69, 70, 71, 72, 73, 74, 75, 76, 77, 78, 79, 80, 81, 82, 83, 84, 85, 86, 87, 88, 89, 90, 91, 92, 93, 94, 95, 96, 97, 98, 99, 100, 101, 102, 103, 104, 105, 106, 107, 108, 109, 110, 111, 112, 113, 114, 115, 116, 117, 118, 119, 120, 121, 122, 123, 124, 125, 126, 127, 128, 129, 130, 131, 132, 133, 134, 135, 136, 137, 138, 139, 140, 141, 142, 143, 144, 145, 146, 147, 148, 149, 150, 151, 152, 153, 154, 155, 156, 157, 158, 159, 160, 161, 162, 163, 164, 165, 166, 167, 168, 169, 170, 171, 172, 173, 174, 175, 176, 177, 178, 179, 180, 181, 182, 183, 184, 185, 186, 187, 188, 189, 190, 191, 192, 193, 194, 195, 196, 197, 198, 199, 200, 201, 202, 203, 204, 205, 206, 207, 208, 209, 210, 211, 212, 213, 214, 215, 216, 217, 218, 219, 220, 221, 222, 223, 224, 225, 226, 227, 228, 229, 230, 231, 232, 233, 234, 235, 236, 237, 238, 239, 240, 241, 242, 243, 244, 245, 246, 247, 248, 249, 250, 251, 252, 253, 254, 255, 256, 257, 258, 259, 260, 261, 262, 263, 264, 265, 266, 267, 268, 269, 270, 271, 272, 273, 274, 275, 276, 277, 278, 279, 280, 281, 282, 283, 284, 285, 286, 287, 288, 289, 290, 291, 292, 293, 294, 295, 296, 297, 298, 299, 300, 301, 302, 303, 304, 305, 306, 307, 308, 309, 310, 311, 312, 313, 314, 315, 316, 317, 318, 319, 320, 321, 322, 323, 324, 325, 326, 327, 328, 329, 330, 331, 332, 333, 334, 335, 336, 337, 338, 339, 340, 341, 342, 343, 344, 345, 346, 347, 348, 349, 350, 351, 352, 353, 354, 355, 356, 357, 358, 359, 360, 361, 362, 363, 364, 365, 366, 367, 368, 369, 370, 371, 372, 373, 374, 375, 376, 377, 378, 379, 380, 381, 382, 383, 384, 385, 386, 387, 388, 389, 390, 391, 392, 393, 394, 395, 396, 397, 398, 399, 400]","{1: [<function rolling_mean_14 at 0x000002C5930FAA20>], 7: [<function rolling_mean_30 at 0x000002C58DBF9260>], 30: [<function expanding_mean at 0x000002C58F7A04A0>]}",lags_400_features_400,90.71186750842209,177.99150128218466,272.2884977047326,345.79952931968006,389.18180268238063,430.49798340008624,456.17449930708034,554.9621867896286,886.3572879928089,1508.3059021529232,1540.8896712591056
SGDRegressor,AutoDifferences(max_diffs=380) | LocalStandardScaler(stats_=[[-2.09155811e-02  2.20585897e+01]]),"[1, 2, 3, 4, 5, 6, 7, 8, 9, 10, 11, 12, 13, 14, 15, 16, 17, 18, 19, 20, 21, 22, 23, 24, 25, 26, 27, 28, 29, 30, 31, 32, 33, 34, 35, 36, 37, 38, 39, 40, 41, 42, 43, 44, 45, 46, 47, 48, 49, 50, 51, 52, 53, 54, 55, 56, 57, 58, 59, 60, 61, 62, 63, 64, 65, 66, 67, 68, 69, 70, 71, 72, 73, 74, 75, 76, 77, 78, 79, 80, 81, 82, 83, 84, 85, 86, 87, 88, 89, 90, 91, 92, 93, 94, 95, 96, 97, 98, 99, 100, 101, 102, 103, 104, 105, 106, 107, 108, 109, 110, 111, 112, 113, 114, 115, 116, 117, 118, 119, 120, 121, 122, 123, 124, 125, 126, 127, 128, 129, 130, 131, 132, 133, 134, 135, 136, 137, 138, 139, 140, 141, 142, 143, 144, 145, 146, 147, 148, 149, 150, 151, 152, 153, 154, 155, 156, 157, 158, 159, 160, 161, 162, 163, 164, 165, 166, 167, 168, 169, 170, 171, 172, 173, 174, 175, 176, 177, 178, 179, 180, 181, 182, 183, 184, 185, 186, 187, 188, 189, 190, 191, 192, 193, 194, 195, 196, 197, 198, 199, 200, 201, 202, 203, 204, 205, 206, 207, 208, 209, 210, 211, 212, 213, 214, 215, 216, 217, 218, 219, 220, 221, 222, 223, 224, 225, 226, 227, 228, 229, 230, 231, 232, 233, 234, 235, 236, 237, 238, 239, 240, 241, 242, 243, 244, 245, 246, 247, 248, 249, 250, 251, 252, 253, 254, 255, 256, 257, 258, 259, 260, 261, 262, 263, 264, 265, 266, 267, 268, 269, 270, 271, 272, 273, 274, 275, 276, 277, 278, 279, 280, 281, 282, 283, 284, 285, 286, 287, 288, 289, 290, 291, 292, 293, 294, 295, 296, 297, 298, 299, 300, 301, 302, 303, 304, 305, 306, 307, 308, 309, 310, 311, 312, 313, 314, 315, 316, 317, 318, 319, 320, 321, 322, 323, 324, 325, 326, 327, 328, 329, 330, 331, 332, 333, 334, 335, 336, 337, 338, 339, 340, 341, 342, 343, 344, 345, 346, 347, 348, 349, 350, 351, 352, 353, 354, 355, 356, 357, 358, 359, 360, 361, 362, 363, 364, 365, 366, 367, 368, 369, 370, 371, 372, 373, 374, 375, 376, 377, 378, 379, 380, 381, 382, 383, 384, 385, 386, 387, 388, 389, 390, 391, 392, 393, 394, 395, 396, 397, 398, 399, 400]","{1: [<function rolling_mean_14 at 0x000002C5930FAA20>], 7: [<function rolling_mean_30 at 0x000002C58DBF9260>], 30: [<function expanding_mean at 0x000002C58F7A04A0>]}",lags_400_features_400,134.87540188207814,114.55951689104647,145.07200745154606,149.46702579736936,150.87369891584504,156.82744689893443,154.295293715877,168.8279490819749,241.38387702831122,424.8098878864023,434.95169791976485
XGBRegressor,AutoDifferences(max_diffs=380) | LocalStandardScaler(stats_=[[-2.09155811e-02  2.20585897e+01]]),"[1, 2, 3, 4, 5, 6, 7, 8, 9, 10, 11, 12, 13, 14, 15, 16, 17, 18, 19, 20, 21, 22, 23, 24, 25, 26, 27, 28, 29, 30, 31, 32, 33, 34, 35, 36, 37, 38, 39, 40, 41, 42, 43, 44, 45, 46, 47, 48, 49, 50, 51, 52, 53, 54, 55, 56, 57, 58, 59, 60, 61, 62, 63, 64, 65, 66, 67, 68, 69, 70, 71, 72, 73, 74, 75, 76, 77, 78, 79, 80, 81, 82, 83, 84, 85, 86, 87, 88, 89, 90, 91, 92, 93, 94, 95, 96, 97, 98, 99, 100, 101, 102, 103, 104, 105, 106, 107, 108, 109, 110, 111, 112, 113, 114, 115, 116, 117, 118, 119, 120, 121, 122, 123, 124, 125, 126, 127, 128, 129, 130, 131, 132, 133, 134, 135, 136, 137, 138, 139, 140, 141, 142, 143, 144, 145, 146, 147, 148, 149, 150, 151, 152, 153, 154, 155, 156, 157, 158, 159, 160, 161, 162, 163, 164, 165, 166, 167, 168, 169, 170, 171, 172, 173, 174, 175, 176, 177, 178, 179, 180, 181, 182, 183, 184, 185, 186, 187, 188, 189, 190, 191, 192, 193, 194, 195, 196, 197, 198, 199, 200, 201, 202, 203, 204, 205, 206, 207, 208, 209, 210, 211, 212, 213, 214, 215, 216, 217, 218, 219, 220, 221, 222, 223, 224, 225, 226, 227, 228, 229, 230, 231, 232, 233, 234, 235, 236, 237, 238, 239, 240, 241, 242, 243, 244, 245, 246, 247, 248, 249, 250, 251, 252, 253, 254, 255, 256, 257, 258, 259, 260, 261, 262, 263, 264, 265, 266, 267, 268, 269, 270, 271, 272, 273, 274, 275, 276, 277, 278, 279, 280, 281, 282, 283, 284, 285, 286, 287, 288, 289, 290, 291, 292, 293, 294, 295, 296, 297, 298, 299, 300, 301, 302, 303, 304, 305, 306, 307, 308, 309, 310, 311, 312, 313, 314, 315, 316, 317, 318, 319, 320, 321, 322, 323, 324, 325, 326, 327, 328, 329, 330, 331, 332, 333, 334, 335, 336, 337, 338, 339, 340, 341, 342, 343, 344, 345, 346, 347, 348, 349, 350, 351, 352, 353, 354, 355, 356, 357, 358, 359, 360, 361, 362, 363, 364, 365, 366, 367, 368, 369, 370, 371, 372, 373, 374, 375, 376, 377, 378, 379, 380, 381, 382, 383, 384, 385, 386, 387, 388, 389, 390, 391, 392, 393, 394, 395, 396, 397, 398, 399, 400]","{1: [<function rolling_mean_14 at 0x000002C5930FAA20>], 7: [<function rolling_mean_30 at 0x000002C58DBF9260>], 30: [<function expanding_mean at 0x000002C58F7A04A0>]}",lags_400_features_400,20.87469455214387,29.152104135682144,32.007860294823836,34.86190525296795,36.6560775708381,35.79743283045775,49.8098910582985,98.26972070168351,220.84287402919637,395.24903383568477,399.97777199737595
LGBMRegressor,AutoDifferences(max_diffs=380) | LocalStandardScaler(stats_=[[-2.09155811e-02  2.20585897e+01]]),"[1, 2, 3, 4, 5, 6, 7, 8, 9, 10, 11, 12, 13, 14, 15, 16, 17, 18, 19, 20, 21, 22, 23, 24, 25, 26, 27, 28, 29, 30, 31, 32, 33, 34, 35, 36, 37, 38, 39, 40, 41, 42, 43, 44, 45, 46, 47, 48, 49, 50, 51, 52, 53, 54, 55, 56, 57, 58, 59, 60, 61, 62, 63, 64, 65, 66, 67, 68, 69, 70, 71, 72, 73, 74, 75, 76, 77, 78, 79, 80, 81, 82, 83, 84, 85, 86, 87, 88, 89, 90, 91, 92, 93, 94, 95, 96, 97, 98, 99, 100, 101, 102, 103, 104, 105, 106, 107, 108, 109, 110, 111, 112, 113, 114, 115, 116, 117, 118, 119, 120, 121, 122, 123, 124, 125, 126, 127, 128, 129, 130, 131, 132, 133, 134, 135, 136, 137, 138, 139, 140, 141, 142, 143, 144, 145, 146, 147, 148, 149, 150, 151, 152, 153, 154, 155, 156, 157, 158, 159, 160, 161, 162, 163, 164, 165, 166, 167, 168, 169, 170, 171, 172, 173, 174, 175, 176, 177, 178, 179, 180, 181, 182, 183, 184, 185, 186, 187, 188, 189, 190, 191, 192, 193, 194, 195, 196, 197, 198, 199, 200, 201, 202, 203, 204, 205, 206, 207, 208, 209, 210, 211, 212, 213, 214, 215, 216, 217, 218, 219, 220, 221, 222, 223, 224, 225, 226, 227, 228, 229, 230, 231, 232, 233, 234, 235, 236, 237, 238, 239, 240, 241, 242, 243, 244, 245, 246, 247, 248, 249, 250, 251, 252, 253, 254, 255, 256, 257, 258, 259, 260, 261, 262, 263, 264, 265, 266, 267, 268, 269, 270, 271, 272, 273, 274, 275, 276, 277, 278, 279, 280, 281, 282, 283, 284, 285, 286, 287, 288, 289, 290, 291, 292, 293, 294, 295, 296, 297, 298, 299, 300, 301, 302, 303, 304, 305, 306, 307, 308, 309, 310, 311, 312, 313, 314, 315, 316, 317, 318, 319, 320, 321, 322, 323, 324, 325, 326, 327, 328, 329, 330, 331, 332, 333, 334, 335, 336, 337, 338, 339, 340, 341, 342, 343, 344, 345, 346, 347, 348, 349, 350, 351, 352, 353, 354, 355, 356, 357, 358, 359, 360, 361, 362, 363, 364, 365, 366, 367, 368, 369, 370, 371, 372, 373, 374, 375, 376, 377, 378, 379, 380, 381, 382, 383, 384, 385, 386, 387, 388, 389, 390, 391, 392, 393, 394, 395, 396, 397, 398, 399, 400]","{1: [<function rolling_mean_14 at 0x000002C5930FAA20>], 7: [<function rolling_mean_30 at 0x000002C58DBF9260>], 30: [<function expanding_mean at 0x000002C58F7A04A0>]}",lags_400_features_400,13.016512591731008,16.562950673638852,18.560337717400333,18.39826602039287,22.213821338546754,35.843216718040054,49.92709960685351,105.52839621653236,225.97856569306947,363.40280763598025,364.3946664359988
SGD_EarlyStopping,AutoDifferences(max_diffs=380) | LocalStandardScaler(stats_=[[-2.09155811e-02  2.20585897e+01]]),"[1, 2, 3, 4, 5, 6, 7, 8, 9, 10, 11, 12, 13, 14, 15, 16, 17, 18, 19, 20, 21, 22, 23, 24, 25, 26, 27, 28, 29, 30, 31, 32, 33, 34, 35, 36, 37, 38, 39, 40, 41, 42, 43, 44, 45, 46, 47, 48, 49, 50, 51, 52, 53, 54, 55, 56, 57, 58, 59, 60, 61, 62, 63, 64, 65, 66, 67, 68, 69, 70, 71, 72, 73, 74, 75, 76, 77, 78, 79, 80, 81, 82, 83, 84, 85, 86, 87, 88, 89, 90, 91, 92, 93, 94, 95, 96, 97, 98, 99, 100, 101, 102, 103, 104, 105, 106, 107, 108, 109, 110, 111, 112, 113, 114, 115, 116, 117, 118, 119, 120, 121, 122, 123, 124, 125, 126, 127, 128, 129, 130, 131, 132, 133, 134, 135, 136, 137, 138, 139, 140, 141, 142, 143, 144, 145, 146, 147, 148, 149, 150, 151, 152, 153, 154, 155, 156, 157, 158, 159, 160, 161, 162, 163, 164, 165, 166, 167, 168, 169, 170, 171, 172, 173, 174, 175, 176, 177, 178, 179, 180, 181, 182, 183, 184, 185, 186, 187, 188, 189, 190, 191, 192, 193, 194, 195, 196, 197, 198, 199, 200, 201, 202, 203, 204, 205, 206, 207, 208, 209, 210, 211, 212, 213, 214, 215, 216, 217, 218, 219, 220, 221, 222, 223, 224, 225, 226, 227, 228, 229, 230, 231, 232, 233, 234, 235, 236, 237, 238, 239, 240, 241, 242, 243, 244, 245, 246, 247, 248, 249, 250, 251, 252, 253, 254, 255, 256, 257, 258, 259, 260, 261, 262, 263, 264, 265, 266, 267, 268, 269, 270, 271, 272, 273, 274, 275, 276, 277, 278, 279, 280, 281, 282, 283, 284, 285, 286, 287, 288, 289, 290, 291, 292, 293, 294, 295, 296, 297, 298, 299, 300, 301, 302, 303, 304, 305, 306, 307, 308, 309, 310, 311, 312, 313, 314, 315, 316, 317, 318, 319, 320, 321, 322, 323, 324, 325, 326, 327, 328, 329, 330, 331, 332, 333, 334, 335, 336, 337, 338, 339, 340, 341, 342, 343, 344, 345, 346, 347, 348, 349, 350, 351, 352, 353, 354, 355, 356, 357, 358, 359, 360, 361, 362, 363, 364, 365, 366, 367, 368, 369, 370, 371, 372, 373, 374, 375, 376, 377, 378, 379, 380, 381, 382, 383, 384, 385, 386, 387, 388, 389, 390, 391, 392, 393, 394, 395, 396, 397, 398, 399, 400]","{7: [RollingMean(window_size=7)], 30: [RollingMean(window_size=30)], 60: [RollingMean(window_size=60)]}",lags_400_features_400,139.19976444861146,102.60627875127604,107.80504372690503,107.82461121944331,107.43543438022715,107.82521090760339,102.93582675921982,102.73155575330195,150.27884961953234,287.87810104101703,299.0082335639483
SGD_ElasticNet,AutoDifferences(max_diffs=380) | LocalStandardScaler(stats_=[[-2.09155811e-02  2.20585897e+01]]),"[1, 2, 3, 4, 5, 6, 7, 8, 9, 10, 11, 12, 13, 14, 15, 16, 17, 18, 19, 20, 21, 22, 23, 24, 25, 26, 27, 28, 29, 30, 31, 32, 33, 34, 35, 36, 37, 38, 39, 40, 41, 42, 43, 44, 45, 46, 47, 48, 49, 50, 51, 52, 53, 54, 55, 56, 57, 58, 59, 60, 61, 62, 63, 64, 65, 66, 67, 68, 69, 70, 71, 72, 73, 74, 75, 76, 77, 78, 79, 80, 81, 82, 83, 84, 85, 86, 87, 88, 89, 90, 91, 92, 93, 94, 95, 96, 97, 98, 99, 100, 101, 102, 103, 104, 105, 106, 107, 108, 109, 110, 111, 112, 113, 114, 115, 116, 117, 118, 119, 120, 121, 122, 123, 124, 125, 126, 127, 128, 129, 130, 131, 132, 133, 134, 135, 136, 137, 138, 139, 140, 141, 142, 143, 144, 145, 146, 147, 148, 149, 150, 151, 152, 153, 154, 155, 156, 157, 158, 159, 160, 161, 162, 163, 164, 165, 166, 167, 168, 169, 170, 171, 172, 173, 174, 175, 176, 177, 178, 179, 180, 181, 182, 183, 184, 185, 186, 187, 188, 189, 190, 191, 192, 193, 194, 195, 196, 197, 198, 199, 200, 201, 202, 203, 204, 205, 206, 207, 208, 209, 210, 211, 212, 213, 214, 215, 216, 217, 218, 219, 220, 221, 222, 223, 224, 225, 226, 227, 228, 229, 230, 231, 232, 233, 234, 235, 236, 237, 238, 239, 240, 241, 242, 243, 244, 245, 246, 247, 248, 249, 250, 251, 252, 253, 254, 255, 256, 257, 258, 259, 260, 261, 262, 263, 264, 265, 266, 267, 268, 269, 270, 271, 272, 273, 274, 275, 276, 277, 278, 279, 280, 281, 282, 283, 284, 285, 286, 287, 288, 289, 290, 291, 292, 293, 294, 295, 296, 297, 298, 299, 300, 301, 302, 303, 304, 305, 306, 307, 308, 309, 310, 311, 312, 313, 314, 315, 316, 317, 318, 319, 320, 321, 322, 323, 324, 325, 326, 327, 328, 329, 330, 331, 332, 333, 334, 335, 336, 337, 338, 339, 340, 341, 342, 343, 344, 345, 346, 347, 348, 349, 350, 351, 352, 353, 354, 355, 356, 357, 358, 359, 360, 361, 362, 363, 364, 365, 366, 367, 368, 369, 370, 371, 372, 373, 374, 375, 376, 377, 378, 379, 380, 381, 382, 383, 384, 385, 386, 387, 388, 389, 390, 391, 392, 393, 394, 395, 396, 397, 398, 399, 400]","{7: [RollingMean(window_size=7)], 30: [RollingMean(window_size=30)], 60: [RollingMean(window_size=60)]}",lags_400_features_400,127.17438592528522,107.44049374377622,136.7668861798668,141.55784781717676,143.42716105083412,149.9113047361004,147.84431193269845,161.44644995214367,227.68079707121336,390.4740098486575,399.7767061470132
SGD_Lasso,AutoDifferences(max_diffs=380) | LocalStandardScaler(stats_=[[-2.09155811e-02  2.20585897e+01]]),"[1, 2, 3, 4, 5, 6, 7, 8, 9, 10, 11, 12, 13, 14, 15, 16, 17, 18, 19, 20, 21, 22, 23, 24, 25, 26, 27, 28, 29, 30, 31, 32, 33, 34, 35, 36, 37, 38, 39, 40, 41, 42, 43, 44, 45, 46, 47, 48, 49, 50, 51, 52, 53, 54, 55, 56, 57, 58, 59, 60, 61, 62, 63, 64, 65, 66, 67, 68, 69, 70, 71, 72, 73, 74, 75, 76, 77, 78, 79, 80, 81, 82, 83, 84, 85, 86, 87, 88, 89, 90, 91, 92, 93, 94, 95, 96, 97, 98, 99, 100, 101, 102, 103, 104, 105, 106, 107, 108, 109, 110, 111, 112, 113, 114, 115, 116, 117, 118, 119, 120, 121, 122, 123, 124, 125, 126, 127, 128, 129, 130, 131, 132, 133, 134, 135, 136, 137, 138, 139, 140, 141, 142, 143, 144, 145, 146, 147, 148, 149, 150, 151, 152, 153, 154, 155, 156, 157, 158, 159, 160, 161, 162, 163, 164, 165, 166, 167, 168, 169, 170, 171, 172, 173, 174, 175, 176, 177, 178, 179, 180, 181, 182, 183, 184, 185, 186, 187, 188, 189, 190, 191, 192, 193, 194, 195, 196, 197, 198, 199, 200, 201, 202, 203, 204, 205, 206, 207, 208, 209, 210, 211, 212, 213, 214, 215, 216, 217, 218, 219, 220, 221, 222, 223, 224, 225, 226, 227, 228, 229, 230, 231, 232, 233, 234, 235, 236, 237, 238, 239, 240, 241, 242, 243, 244, 245, 246, 247, 248, 249, 250, 251, 252, 253, 254, 255, 256, 257, 258, 259, 260, 261, 262, 263, 264, 265, 266, 267, 268, 269, 270, 271, 272, 273, 274, 275, 276, 277, 278, 279, 280, 281, 282, 283, 284, 285, 286, 287, 288, 289, 290, 291, 292, 293, 294, 295, 296, 297, 298, 299, 300, 301, 302, 303, 304, 305, 306, 307, 308, 309, 310, 311, 312, 313, 314, 315, 316, 317, 318, 319, 320, 321, 322, 323, 324, 325, 326, 327, 328, 329, 330, 331, 332, 333, 334, 335, 336, 337, 338, 339, 340, 341, 342, 343, 344, 345, 346, 347, 348, 349, 350, 351, 352, 353, 354, 355, 356, 357, 358, 359, 360, 361, 362, 363, 364, 365, 366, 367, 368, 369, 370, 371, 372, 373, 374, 375, 376, 377, 378, 379, 380, 381, 382, 383, 384, 385, 386, 387, 388, 389, 390, 391, 392, 393, 394, 395, 396, 397, 398, 399, 400]","{7: [RollingMean(window_size=7)], 30: [RollingMean(window_size=30)], 60: [RollingMean(window_size=60)]}",lags_400_features_400,11.125665240912072,15.249347440563813,17.829859217239704,18.455143957717713,22.006374012068665,25.105415278988545,34.674522287402674,35.68206556851123,42.87164477364824,57.90092764362027,57.48243318506784
SGD_Ridge,AutoDifferences(max_diffs=380) | LocalStandardScaler(stats_=[[-2.09155811e-02  2.20585897e+01]]),"[1, 2, 3, 4, 5, 6, 7, 8, 9, 10, 11, 12, 13, 14, 15, 16, 17, 18, 19, 20, 21, 22, 23, 24, 25, 26, 27, 28, 29, 30, 31, 32, 33, 34, 35, 36, 37, 38, 39, 40, 41, 42, 43, 44, 45, 46, 47, 48, 49, 50, 51, 52, 53, 54, 55, 56, 57, 58, 59, 60, 61, 62, 63, 64, 65, 66, 67, 68, 69, 70, 71, 72, 73, 74, 75, 76, 77, 78, 79, 80, 81, 82, 83, 84, 85, 86, 87, 88, 89, 90, 91, 92, 93, 94, 95, 96, 97, 98, 99, 100, 101, 102, 103, 104, 105, 106, 107, 108, 109, 110, 111, 112, 113, 114, 115, 116, 117, 118, 119, 120, 121, 122, 123, 124, 125, 126, 127, 128, 129, 130, 131, 132, 133, 134, 135, 136, 137, 138, 139, 140, 141, 142, 143, 144, 145, 146, 147, 148, 149, 150, 151, 152, 153, 154, 155, 156, 157, 158, 159, 160, 161, 162, 163, 164, 165, 166, 167, 168, 169, 170, 171, 172, 173, 174, 175, 176, 177, 178, 179, 180, 181, 182, 183, 184, 185, 186, 187, 188, 189, 190, 191, 192, 193, 194, 195, 196, 197, 198, 199, 200, 201, 202, 203, 204, 205, 206, 207, 208, 209, 210, 211, 212, 213, 214, 215, 216, 217, 218, 219, 220, 221, 222, 223, 224, 225, 226, 227, 228, 229, 230, 231, 232, 233, 234, 235, 236, 237, 238, 239, 240, 241, 242, 243, 244, 245, 246, 247, 248, 249, 250, 251, 252, 253, 254, 255, 256, 257, 258, 259, 260, 261, 262, 263, 264, 265, 266, 267, 268, 269, 270, 271, 272, 273, 274, 275, 276, 277, 278, 279, 280, 281, 282, 283, 284, 285, 286, 287, 288, 289, 290, 291, 292, 293, 294, 295, 296, 297, 298, 299, 300, 301, 302, 303, 304, 305, 306, 307, 308, 309, 310, 311, 312, 313, 314, 315, 316, 317, 318, 319, 320, 321, 322, 323, 324, 325, 326, 327, 328, 329, 330, 331, 332, 333, 334, 335, 336, 337, 338, 339, 340, 341, 342, 343, 344, 345, 346, 347, 348, 349, 350, 351, 352, 353, 354, 355, 356, 357, 358, 359, 360, 361, 362, 363, 364, 365, 366, 367, 368, 369, 370, 371, 372, 373, 374, 375, 376, 377, 378, 379, 380, 381, 382, 383, 384, 385, 386, 387, 388, 389, 390, 391, 392, 393, 394, 395, 396, 397, 398, 399, 400]","{7: [RollingMean(window_size=7)], 30: [RollingMean(window_size=30)], 60: [RollingMean(window_size=60)]}",lags_400_features_400,91.27317273859283,179.2286489894121,274.3873542366486,348.5926854388409,392.40799287554194,434.17657801310537,460.1627174197958,559.9542203425793,894.5597461185057,1522.3477836706668,1555.2426395311716
SGDRegressor,AutoDifferences(max_diffs=380) | LocalStandardScaler(stats_=[[-2.09155811e-02  2.20585897e+01]]),"[1, 2, 3, 4, 5, 6, 7, 8, 9, 10, 11, 12, 13, 14, 15, 16, 17, 18, 19, 20, 21, 22, 23, 24, 25, 26, 27, 28, 29, 30, 31, 32, 33, 34, 35, 36, 37, 38, 39, 40, 41, 42, 43, 44, 45, 46, 47, 48, 49, 50, 51, 52, 53, 54, 55, 56, 57, 58, 59, 60, 61, 62, 63, 64, 65, 66, 67, 68, 69, 70, 71, 72, 73, 74, 75, 76, 77, 78, 79, 80, 81, 82, 83, 84, 85, 86, 87, 88, 89, 90, 91, 92, 93, 94, 95, 96, 97, 98, 99, 100, 101, 102, 103, 104, 105, 106, 107, 108, 109, 110, 111, 112, 113, 114, 115, 116, 117, 118, 119, 120, 121, 122, 123, 124, 125, 126, 127, 128, 129, 130, 131, 132, 133, 134, 135, 136, 137, 138, 139, 140, 141, 142, 143, 144, 145, 146, 147, 148, 149, 150, 151, 152, 153, 154, 155, 156, 157, 158, 159, 160, 161, 162, 163, 164, 165, 166, 167, 168, 169, 170, 171, 172, 173, 174, 175, 176, 177, 178, 179, 180, 181, 182, 183, 184, 185, 186, 187, 188, 189, 190, 191, 192, 193, 194, 195, 196, 197, 198, 199, 200, 201, 202, 203, 204, 205, 206, 207, 208, 209, 210, 211, 212, 213, 214, 215, 216, 217, 218, 219, 220, 221, 222, 223, 224, 225, 226, 227, 228, 229, 230, 231, 232, 233, 234, 235, 236, 237, 238, 239, 240, 241, 242, 243, 244, 245, 246, 247, 248, 249, 250, 251, 252, 253, 254, 255, 256, 257, 258, 259, 260, 261, 262, 263, 264, 265, 266, 267, 268, 269, 270, 271, 272, 273, 274, 275, 276, 277, 278, 279, 280, 281, 282, 283, 284, 285, 286, 287, 288, 289, 290, 291, 292, 293, 294, 295, 296, 297, 298, 299, 300, 301, 302, 303, 304, 305, 306, 307, 308, 309, 310, 311, 312, 313, 314, 315, 316, 317, 318, 319, 320, 321, 322, 323, 324, 325, 326, 327, 328, 329, 330, 331, 332, 333, 334, 335, 336, 337, 338, 339, 340, 341, 342, 343, 344, 345, 346, 347, 348, 349, 350, 351, 352, 353, 354, 355, 356, 357, 358, 359, 360, 361, 362, 363, 364, 365, 366, 367, 368, 369, 370, 371, 372, 373, 374, 375, 376, 377, 378, 379, 380, 381, 382, 383, 384, 385, 386, 387, 388, 389, 390, 391, 392, 393, 394, 395, 396, 397, 398, 399, 400]","{7: [RollingMean(window_size=7)], 30: [RollingMean(window_size=30)], 60: [RollingMean(window_size=60)]}",lags_400_features_400,134.96396279784346,114.73175302202256,145.44444491670987,149.9564789292522,151.46043624265647,157.46035198964233,154.91515109753578,169.60262172764914,242.4641612001334,426.2868488132712,436.4585997063292
XGBRegressor,AutoDifferences(max_diffs=380) | LocalStandardScaler(stats_=[[-2.09155811e-02  2.20585897e+01]]),"[1, 2, 3, 4, 5, 6, 7, 8, 9, 10, 11, 12, 13, 14, 15, 16, 17, 18, 19, 20, 21, 22, 23, 24, 25, 26, 27, 28, 29, 30, 31, 32, 33, 34, 35, 36, 37, 38, 39, 40, 41, 42, 43, 44, 45, 46, 47, 48, 49, 50, 51, 52, 53, 54, 55, 56, 57, 58, 59, 60, 61, 62, 63, 64, 65, 66, 67, 68, 69, 70, 71, 72, 73, 74, 75, 76, 77, 78, 79, 80, 81, 82, 83, 84, 85, 86, 87, 88, 89, 90, 91, 92, 93, 94, 95, 96, 97, 98, 99, 100, 101, 102, 103, 104, 105, 106, 107, 108, 109, 110, 111, 112, 113, 114, 115, 116, 117, 118, 119, 120, 121, 122, 123, 124, 125, 126, 127, 128, 129, 130, 131, 132, 133, 134, 135, 136, 137, 138, 139, 140, 141, 142, 143, 144, 145, 146, 147, 148, 149, 150, 151, 152, 153, 154, 155, 156, 157, 158, 159, 160, 161, 162, 163, 164, 165, 166, 167, 168, 169, 170, 171, 172, 173, 174, 175, 176, 177, 178, 179, 180, 181, 182, 183, 184, 185, 186, 187, 188, 189, 190, 191, 192, 193, 194, 195, 196, 197, 198, 199, 200, 201, 202, 203, 204, 205, 206, 207, 208, 209, 210, 211, 212, 213, 214, 215, 216, 217, 218, 219, 220, 221, 222, 223, 224, 225, 226, 227, 228, 229, 230, 231, 232, 233, 234, 235, 236, 237, 238, 239, 240, 241, 242, 243, 244, 245, 246, 247, 248, 249, 250, 251, 252, 253, 254, 255, 256, 257, 258, 259, 260, 261, 262, 263, 264, 265, 266, 267, 268, 269, 270, 271, 272, 273, 274, 275, 276, 277, 278, 279, 280, 281, 282, 283, 284, 285, 286, 287, 288, 289, 290, 291, 292, 293, 294, 295, 296, 297, 298, 299, 300, 301, 302, 303, 304, 305, 306, 307, 308, 309, 310, 311, 312, 313, 314, 315, 316, 317, 318, 319, 320, 321, 322, 323, 324, 325, 326, 327, 328, 329, 330, 331, 332, 333, 334, 335, 336, 337, 338, 339, 340, 341, 342, 343, 344, 345, 346, 347, 348, 349, 350, 351, 352, 353, 354, 355, 356, 357, 358, 359, 360, 361, 362, 363, 364, 365, 366, 367, 368, 369, 370, 371, 372, 373, 374, 375, 376, 377, 378, 379, 380, 381, 382, 383, 384, 385, 386, 387, 388, 389, 390, 391, 392, 393, 394, 395, 396, 397, 398, 399, 400]","{7: [RollingMean(window_size=7)], 30: [RollingMean(window_size=30)], 60: [RollingMean(window_size=60)]}",lags_400_features_400,11.75473188272252,21.269401116695203,50.346266000521126,64.02861010201309,69.17800484043437,94.63777446362523,127.33692124522398,143.97498255450802,275.6688073665258,487.0988431012506,493.59426435890026
LGBMRegressor,AutoDifferences(max_diffs=380) | LocalStandardScaler(stats_=[[-2.09155811e-02  2.20585897e+01]]),"[1, 2, 3, 4, 5, 6, 7, 8, 9, 10, 11, 12, 13, 14, 15, 16, 17, 18, 19, 20, 21, 22, 23, 24, 25, 26, 27, 28, 29, 30, 31, 32, 33, 34, 35, 36, 37, 38, 39, 40, 41, 42, 43, 44, 45, 46, 47, 48, 49, 50, 51, 52, 53, 54, 55, 56, 57, 58, 59, 60, 61, 62, 63, 64, 65, 66, 67, 68, 69, 70, 71, 72, 73, 74, 75, 76, 77, 78, 79, 80, 81, 82, 83, 84, 85, 86, 87, 88, 89, 90, 91, 92, 93, 94, 95, 96, 97, 98, 99, 100, 101, 102, 103, 104, 105, 106, 107, 108, 109, 110, 111, 112, 113, 114, 115, 116, 117, 118, 119, 120, 121, 122, 123, 124, 125, 126, 127, 128, 129, 130, 131, 132, 133, 134, 135, 136, 137, 138, 139, 140, 141, 142, 143, 144, 145, 146, 147, 148, 149, 150, 151, 152, 153, 154, 155, 156, 157, 158, 159, 160, 161, 162, 163, 164, 165, 166, 167, 168, 169, 170, 171, 172, 173, 174, 175, 176, 177, 178, 179, 180, 181, 182, 183, 184, 185, 186, 187, 188, 189, 190, 191, 192, 193, 194, 195, 196, 197, 198, 199, 200, 201, 202, 203, 204, 205, 206, 207, 208, 209, 210, 211, 212, 213, 214, 215, 216, 217, 218, 219, 220, 221, 222, 223, 224, 225, 226, 227, 228, 229, 230, 231, 232, 233, 234, 235, 236, 237, 238, 239, 240, 241, 242, 243, 244, 245, 246, 247, 248, 249, 250, 251, 252, 253, 254, 255, 256, 257, 258, 259, 260, 261, 262, 263, 264, 265, 266, 267, 268, 269, 270, 271, 272, 273, 274, 275, 276, 277, 278, 279, 280, 281, 282, 283, 284, 285, 286, 287, 288, 289, 290, 291, 292, 293, 294, 295, 296, 297, 298, 299, 300, 301, 302, 303, 304, 305, 306, 307, 308, 309, 310, 311, 312, 313, 314, 315, 316, 317, 318, 319, 320, 321, 322, 323, 324, 325, 326, 327, 328, 329, 330, 331, 332, 333, 334, 335, 336, 337, 338, 339, 340, 341, 342, 343, 344, 345, 346, 347, 348, 349, 350, 351, 352, 353, 354, 355, 356, 357, 358, 359, 360, 361, 362, 363, 364, 365, 366, 367, 368, 369, 370, 371, 372, 373, 374, 375, 376, 377, 378, 379, 380, 381, 382, 383, 384, 385, 386, 387, 388, 389, 390, 391, 392, 393, 394, 395, 396, 397, 398, 399, 400]","{7: [RollingMean(window_size=7)], 30: [RollingMean(window_size=30)], 60: [RollingMean(window_size=60)]}",lags_400_features_400,40.82601974574839,43.67083399493012,56.997574586711906,60.458639355197384,60.891025074801995,75.15959160626842,86.19229823352387,191.38870248774424,550.231800926779,1258.0271900526004,1296.800996691953
SGD_EarlyStopping,AutoDifferences(max_diffs=380) | LocalStandardScaler(stats_=[[-2.09155811e-02  2.20585897e+01]]),"[1, 2, 3, 4, 5, 6, 7, 8, 9, 10, 11, 12, 13, 14, 15, 16, 17, 18, 19, 20, 21, 22, 23, 24, 25, 26, 27, 28, 29, 30, 31, 32, 33, 34, 35, 36, 37, 38, 39, 40, 41, 42, 43, 44, 45, 46, 47, 48, 49, 50, 51, 52, 53, 54, 55, 56, 57, 58, 59, 60, 61, 62, 63, 64, 65, 66, 67, 68, 69, 70, 71, 72, 73, 74, 75, 76, 77, 78, 79, 80, 81, 82, 83, 84, 85, 86, 87, 88, 89, 90, 91, 92, 93, 94, 95, 96, 97, 98, 99, 100, 101, 102, 103, 104, 105, 106, 107, 108, 109, 110, 111, 112, 113, 114, 115, 116, 117, 118, 119, 120, 121, 122, 123, 124, 125, 126, 127, 128, 129, 130, 131, 132, 133, 134, 135, 136, 137, 138, 139, 140, 141, 142, 143, 144, 145, 146, 147, 148, 149, 150, 151, 152, 153, 154, 155, 156, 157, 158, 159, 160, 161, 162, 163, 164, 165, 166, 167, 168, 169, 170, 171, 172, 173, 174, 175, 176, 177, 178, 179, 180, 181, 182, 183, 184, 185, 186, 187, 188, 189, 190, 191, 192, 193, 194, 195, 196, 197, 198, 199, 200, 201, 202, 203, 204, 205, 206, 207, 208, 209, 210, 211, 212, 213, 214, 215, 216, 217, 218, 219, 220, 221, 222, 223, 224, 225, 226, 227, 228, 229, 230, 231, 232, 233, 234, 235, 236, 237, 238, 239, 240, 241, 242, 243, 244, 245, 246, 247, 248, 249, 250, 251, 252, 253, 254, 255, 256, 257, 258, 259, 260, 261, 262, 263, 264, 265, 266, 267, 268, 269, 270, 271, 272, 273, 274, 275, 276, 277, 278, 279, 280, 281, 282, 283, 284, 285, 286, 287, 288, 289, 290, 291, 292, 293, 294, 295, 296, 297, 298, 299, 300, 301, 302, 303, 304, 305, 306, 307, 308, 309, 310, 311, 312, 313, 314, 315, 316, 317, 318, 319, 320, 321, 322, 323, 324, 325, 326, 327, 328, 329, 330, 331, 332, 333, 334, 335, 336, 337, 338, 339, 340, 341, 342, 343, 344, 345, 346, 347, 348, 349, 350, 351, 352, 353, 354, 355, 356, 357, 358, 359, 360, 361, 362, 363, 364, 365, 366, 367, 368, 369, 370, 371, 372, 373, 374, 375, 376, 377, 378, 379, 380, 381, 382, 383, 384, 385, 386, 387, 388, 389, 390, 391, 392, 393, 394, 395, 396, 397, 398, 399, 400]","{7: [RollingMean(window_size=7), RollingStd(window_size=7)], 30: [RollingMean(window_size=30)], 60: [ExpandingMean()], 14: [ExponentiallyWeightedMean(alpha=0.3)]}",lags_400_features_400,140.28631349012898,103.17216474775704,108.36277128264274,108.8669388430039,108.55257453483367,108.40526269311957,102.24395010264948,99.95599576509913,138.80495797049278,281.07657568192735,296.4761417886435
SGD_ElasticNet,AutoDifferences(max_diffs=380) | LocalStandardScaler(stats_=[[-2.09155811e-02  2.20585897e+01]]),"[1, 2, 3, 4, 5, 6, 7, 8, 9, 10, 11, 12, 13, 14, 15, 16, 17, 18, 19, 20, 21, 22, 23, 24, 25, 26, 27, 28, 29, 30, 31, 32, 33, 34, 35, 36, 37, 38, 39, 40, 41, 42, 43, 44, 45, 46, 47, 48, 49, 50, 51, 52, 53, 54, 55, 56, 57, 58, 59, 60, 61, 62, 63, 64, 65, 66, 67, 68, 69, 70, 71, 72, 73, 74, 75, 76, 77, 78, 79, 80, 81, 82, 83, 84, 85, 86, 87, 88, 89, 90, 91, 92, 93, 94, 95, 96, 97, 98, 99, 100, 101, 102, 103, 104, 105, 106, 107, 108, 109, 110, 111, 112, 113, 114, 115, 116, 117, 118, 119, 120, 121, 122, 123, 124, 125, 126, 127, 128, 129, 130, 131, 132, 133, 134, 135, 136, 137, 138, 139, 140, 141, 142, 143, 144, 145, 146, 147, 148, 149, 150, 151, 152, 153, 154, 155, 156, 157, 158, 159, 160, 161, 162, 163, 164, 165, 166, 167, 168, 169, 170, 171, 172, 173, 174, 175, 176, 177, 178, 179, 180, 181, 182, 183, 184, 185, 186, 187, 188, 189, 190, 191, 192, 193, 194, 195, 196, 197, 198, 199, 200, 201, 202, 203, 204, 205, 206, 207, 208, 209, 210, 211, 212, 213, 214, 215, 216, 217, 218, 219, 220, 221, 222, 223, 224, 225, 226, 227, 228, 229, 230, 231, 232, 233, 234, 235, 236, 237, 238, 239, 240, 241, 242, 243, 244, 245, 246, 247, 248, 249, 250, 251, 252, 253, 254, 255, 256, 257, 258, 259, 260, 261, 262, 263, 264, 265, 266, 267, 268, 269, 270, 271, 272, 273, 274, 275, 276, 277, 278, 279, 280, 281, 282, 283, 284, 285, 286, 287, 288, 289, 290, 291, 292, 293, 294, 295, 296, 297, 298, 299, 300, 301, 302, 303, 304, 305, 306, 307, 308, 309, 310, 311, 312, 313, 314, 315, 316, 317, 318, 319, 320, 321, 322, 323, 324, 325, 326, 327, 328, 329, 330, 331, 332, 333, 334, 335, 336, 337, 338, 339, 340, 341, 342, 343, 344, 345, 346, 347, 348, 349, 350, 351, 352, 353, 354, 355, 356, 357, 358, 359, 360, 361, 362, 363, 364, 365, 366, 367, 368, 369, 370, 371, 372, 373, 374, 375, 376, 377, 378, 379, 380, 381, 382, 383, 384, 385, 386, 387, 388, 389, 390, 391, 392, 393, 394, 395, 396, 397, 398, 399, 400]","{7: [RollingMean(window_size=7), RollingStd(window_size=7)], 30: [RollingMean(window_size=30)], 60: [ExpandingMean()], 14: [ExponentiallyWeightedMean(alpha=0.3)]}",lags_400_features_400,126.77442737042072,104.54228193582065,129.62350381816276,132.24919770818536,131.76015340322357,135.3104658736074,131.10064857396227,135.24501479322967,180.91793547131994,316.88749195141344,324.2096281870568
SGD_Lasso,AutoDifferences(max_diffs=380) | LocalStandardScaler(stats_=[[-2.09155811e-02  2.20585897e+01]]),"[1, 2, 3, 4, 5, 6, 7, 8, 9, 10, 11, 12, 13, 14, 15, 16, 17, 18, 19, 20, 21, 22, 23, 24, 25, 26, 27, 28, 29, 30, 31, 32, 33, 34, 35, 36, 37, 38, 39, 40, 41, 42, 43, 44, 45, 46, 47, 48, 49, 50, 51, 52, 53, 54, 55, 56, 57, 58, 59, 60, 61, 62, 63, 64, 65, 66, 67, 68, 69, 70, 71, 72, 73, 74, 75, 76, 77, 78, 79, 80, 81, 82, 83, 84, 85, 86, 87, 88, 89, 90, 91, 92, 93, 94, 95, 96, 97, 98, 99, 100, 101, 102, 103, 104, 105, 106, 107, 108, 109, 110, 111, 112, 113, 114, 115, 116, 117, 118, 119, 120, 121, 122, 123, 124, 125, 126, 127, 128, 129, 130, 131, 132, 133, 134, 135, 136, 137, 138, 139, 140, 141, 142, 143, 144, 145, 146, 147, 148, 149, 150, 151, 152, 153, 154, 155, 156, 157, 158, 159, 160, 161, 162, 163, 164, 165, 166, 167, 168, 169, 170, 171, 172, 173, 174, 175, 176, 177, 178, 179, 180, 181, 182, 183, 184, 185, 186, 187, 188, 189, 190, 191, 192, 193, 194, 195, 196, 197, 198, 199, 200, 201, 202, 203, 204, 205, 206, 207, 208, 209, 210, 211, 212, 213, 214, 215, 216, 217, 218, 219, 220, 221, 222, 223, 224, 225, 226, 227, 228, 229, 230, 231, 232, 233, 234, 235, 236, 237, 238, 239, 240, 241, 242, 243, 244, 245, 246, 247, 248, 249, 250, 251, 252, 253, 254, 255, 256, 257, 258, 259, 260, 261, 262, 263, 264, 265, 266, 267, 268, 269, 270, 271, 272, 273, 274, 275, 276, 277, 278, 279, 280, 281, 282, 283, 284, 285, 286, 287, 288, 289, 290, 291, 292, 293, 294, 295, 296, 297, 298, 299, 300, 301, 302, 303, 304, 305, 306, 307, 308, 309, 310, 311, 312, 313, 314, 315, 316, 317, 318, 319, 320, 321, 322, 323, 324, 325, 326, 327, 328, 329, 330, 331, 332, 333, 334, 335, 336, 337, 338, 339, 340, 341, 342, 343, 344, 345, 346, 347, 348, 349, 350, 351, 352, 353, 354, 355, 356, 357, 358, 359, 360, 361, 362, 363, 364, 365, 366, 367, 368, 369, 370, 371, 372, 373, 374, 375, 376, 377, 378, 379, 380, 381, 382, 383, 384, 385, 386, 387, 388, 389, 390, 391, 392, 393, 394, 395, 396, 397, 398, 399, 400]","{7: [RollingMean(window_size=7), RollingStd(window_size=7)], 30: [RollingMean(window_size=30)], 60: [ExpandingMean()], 14: [ExponentiallyWeightedMean(alpha=0.3)]}",lags_400_features_400,11.12078679616622,15.249605645084502,17.83192754500456,18.461937487355396,22.017420584613394,25.119180456803754,34.690068953432295,35.700595176865185,42.86440215881458,57.84524331595503,57.42417733492354
SGD_Ridge,AutoDifferences(max_diffs=380) | LocalStandardScaler(stats_=[[-2.09155811e-02  2.20585897e+01]]),"[1, 2, 3, 4, 5, 6, 7, 8, 9, 10, 11, 12, 13, 14, 15, 16, 17, 18, 19, 20, 21, 22, 23, 24, 25, 26, 27, 28, 29, 30, 31, 32, 33, 34, 35, 36, 37, 38, 39, 40, 41, 42, 43, 44, 45, 46, 47, 48, 49, 50, 51, 52, 53, 54, 55, 56, 57, 58, 59, 60, 61, 62, 63, 64, 65, 66, 67, 68, 69, 70, 71, 72, 73, 74, 75, 76, 77, 78, 79, 80, 81, 82, 83, 84, 85, 86, 87, 88, 89, 90, 91, 92, 93, 94, 95, 96, 97, 98, 99, 100, 101, 102, 103, 104, 105, 106, 107, 108, 109, 110, 111, 112, 113, 114, 115, 116, 117, 118, 119, 120, 121, 122, 123, 124, 125, 126, 127, 128, 129, 130, 131, 132, 133, 134, 135, 136, 137, 138, 139, 140, 141, 142, 143, 144, 145, 146, 147, 148, 149, 150, 151, 152, 153, 154, 155, 156, 157, 158, 159, 160, 161, 162, 163, 164, 165, 166, 167, 168, 169, 170, 171, 172, 173, 174, 175, 176, 177, 178, 179, 180, 181, 182, 183, 184, 185, 186, 187, 188, 189, 190, 191, 192, 193, 194, 195, 196, 197, 198, 199, 200, 201, 202, 203, 204, 205, 206, 207, 208, 209, 210, 211, 212, 213, 214, 215, 216, 217, 218, 219, 220, 221, 222, 223, 224, 225, 226, 227, 228, 229, 230, 231, 232, 233, 234, 235, 236, 237, 238, 239, 240, 241, 242, 243, 244, 245, 246, 247, 248, 249, 250, 251, 252, 253, 254, 255, 256, 257, 258, 259, 260, 261, 262, 263, 264, 265, 266, 267, 268, 269, 270, 271, 272, 273, 274, 275, 276, 277, 278, 279, 280, 281, 282, 283, 284, 285, 286, 287, 288, 289, 290, 291, 292, 293, 294, 295, 296, 297, 298, 299, 300, 301, 302, 303, 304, 305, 306, 307, 308, 309, 310, 311, 312, 313, 314, 315, 316, 317, 318, 319, 320, 321, 322, 323, 324, 325, 326, 327, 328, 329, 330, 331, 332, 333, 334, 335, 336, 337, 338, 339, 340, 341, 342, 343, 344, 345, 346, 347, 348, 349, 350, 351, 352, 353, 354, 355, 356, 357, 358, 359, 360, 361, 362, 363, 364, 365, 366, 367, 368, 369, 370, 371, 372, 373, 374, 375, 376, 377, 378, 379, 380, 381, 382, 383, 384, 385, 386, 387, 388, 389, 390, 391, 392, 393, 394, 395, 396, 397, 398, 399, 400]","{7: [RollingMean(window_size=7), RollingStd(window_size=7)], 30: [RollingMean(window_size=30)], 60: [ExpandingMean()], 14: [ExponentiallyWeightedMean(alpha=0.3)]}",lags_400_features_400,93.6410083521368,183.57845019163227,282.71239086894116,360.194192594192,406.14923122069627,449.6549054329598,475.03727838410157,570.6104606603408,895.8967593004,1509.0474970745452,1541.1335580903553
SGDRegressor,AutoDifferences(max_diffs=380) | LocalStandardScaler(stats_=[[-2.09155811e-02  2.20585897e+01]]),"[1, 2, 3, 4, 5, 6, 7, 8, 9, 10, 11, 12, 13, 14, 15, 16, 17, 18, 19, 20, 21, 22, 23, 24, 25, 26, 27, 28, 29, 30, 31, 32, 33, 34, 35, 36, 37, 38, 39, 40, 41, 42, 43, 44, 45, 46, 47, 48, 49, 50, 51, 52, 53, 54, 55, 56, 57, 58, 59, 60, 61, 62, 63, 64, 65, 66, 67, 68, 69, 70, 71, 72, 73, 74, 75, 76, 77, 78, 79, 80, 81, 82, 83, 84, 85, 86, 87, 88, 89, 90, 91, 92, 93, 94, 95, 96, 97, 98, 99, 100, 101, 102, 103, 104, 105, 106, 107, 108, 109, 110, 111, 112, 113, 114, 115, 116, 117, 118, 119, 120, 121, 122, 123, 124, 125, 126, 127, 128, 129, 130, 131, 132, 133, 134, 135, 136, 137, 138, 139, 140, 141, 142, 143, 144, 145, 146, 147, 148, 149, 150, 151, 152, 153, 154, 155, 156, 157, 158, 159, 160, 161, 162, 163, 164, 165, 166, 167, 168, 169, 170, 171, 172, 173, 174, 175, 176, 177, 178, 179, 180, 181, 182, 183, 184, 185, 186, 187, 188, 189, 190, 191, 192, 193, 194, 195, 196, 197, 198, 199, 200, 201, 202, 203, 204, 205, 206, 207, 208, 209, 210, 211, 212, 213, 214, 215, 216, 217, 218, 219, 220, 221, 222, 223, 224, 225, 226, 227, 228, 229, 230, 231, 232, 233, 234, 235, 236, 237, 238, 239, 240, 241, 242, 243, 244, 245, 246, 247, 248, 249, 250, 251, 252, 253, 254, 255, 256, 257, 258, 259, 260, 261, 262, 263, 264, 265, 266, 267, 268, 269, 270, 271, 272, 273, 274, 275, 276, 277, 278, 279, 280, 281, 282, 283, 284, 285, 286, 287, 288, 289, 290, 291, 292, 293, 294, 295, 296, 297, 298, 299, 300, 301, 302, 303, 304, 305, 306, 307, 308, 309, 310, 311, 312, 313, 314, 315, 316, 317, 318, 319, 320, 321, 322, 323, 324, 325, 326, 327, 328, 329, 330, 331, 332, 333, 334, 335, 336, 337, 338, 339, 340, 341, 342, 343, 344, 345, 346, 347, 348, 349, 350, 351, 352, 353, 354, 355, 356, 357, 358, 359, 360, 361, 362, 363, 364, 365, 366, 367, 368, 369, 370, 371, 372, 373, 374, 375, 376, 377, 378, 379, 380, 381, 382, 383, 384, 385, 386, 387, 388, 389, 390, 391, 392, 393, 394, 395, 396, 397, 398, 399, 400]","{7: [RollingMean(window_size=7), RollingStd(window_size=7)], 30: [RollingMean(window_size=30)], 60: [ExpandingMean()], 14: [ExponentiallyWeightedMean(alpha=0.3)]}",lags_400_features_400,134.48857499938794,111.2683220283695,136.70713254540036,138.836422812667,137.4463697489789,140.18313700676836,135.20837577389554,139.38512238150952,189.47198560269987,344.75339465590633,352.6157952093308
XGBRegressor,AutoDifferences(max_diffs=380) | LocalStandardScaler(stats_=[[-2.09155811e-02  2.20585897e+01]]),"[1, 2, 3, 4, 5, 6, 7, 8, 9, 10, 11, 12, 13, 14, 15, 16, 17, 18, 19, 20, 21, 22, 23, 24, 25, 26, 27, 28, 29, 30, 31, 32, 33, 34, 35, 36, 37, 38, 39, 40, 41, 42, 43, 44, 45, 46, 47, 48, 49, 50, 51, 52, 53, 54, 55, 56, 57, 58, 59, 60, 61, 62, 63, 64, 65, 66, 67, 68, 69, 70, 71, 72, 73, 74, 75, 76, 77, 78, 79, 80, 81, 82, 83, 84, 85, 86, 87, 88, 89, 90, 91, 92, 93, 94, 95, 96, 97, 98, 99, 100, 101, 102, 103, 104, 105, 106, 107, 108, 109, 110, 111, 112, 113, 114, 115, 116, 117, 118, 119, 120, 121, 122, 123, 124, 125, 126, 127, 128, 129, 130, 131, 132, 133, 134, 135, 136, 137, 138, 139, 140, 141, 142, 143, 144, 145, 146, 147, 148, 149, 150, 151, 152, 153, 154, 155, 156, 157, 158, 159, 160, 161, 162, 163, 164, 165, 166, 167, 168, 169, 170, 171, 172, 173, 174, 175, 176, 177, 178, 179, 180, 181, 182, 183, 184, 185, 186, 187, 188, 189, 190, 191, 192, 193, 194, 195, 196, 197, 198, 199, 200, 201, 202, 203, 204, 205, 206, 207, 208, 209, 210, 211, 212, 213, 214, 215, 216, 217, 218, 219, 220, 221, 222, 223, 224, 225, 226, 227, 228, 229, 230, 231, 232, 233, 234, 235, 236, 237, 238, 239, 240, 241, 242, 243, 244, 245, 246, 247, 248, 249, 250, 251, 252, 253, 254, 255, 256, 257, 258, 259, 260, 261, 262, 263, 264, 265, 266, 267, 268, 269, 270, 271, 272, 273, 274, 275, 276, 277, 278, 279, 280, 281, 282, 283, 284, 285, 286, 287, 288, 289, 290, 291, 292, 293, 294, 295, 296, 297, 298, 299, 300, 301, 302, 303, 304, 305, 306, 307, 308, 309, 310, 311, 312, 313, 314, 315, 316, 317, 318, 319, 320, 321, 322, 323, 324, 325, 326, 327, 328, 329, 330, 331, 332, 333, 334, 335, 336, 337, 338, 339, 340, 341, 342, 343, 344, 345, 346, 347, 348, 349, 350, 351, 352, 353, 354, 355, 356, 357, 358, 359, 360, 361, 362, 363, 364, 365, 366, 367, 368, 369, 370, 371, 372, 373, 374, 375, 376, 377, 378, 379, 380, 381, 382, 383, 384, 385, 386, 387, 388, 389, 390, 391, 392, 393, 394, 395, 396, 397, 398, 399, 400]","{7: [RollingMean(window_size=7), RollingStd(window_size=7)], 30: [RollingMean(window_size=30)], 60: [ExpandingMean()], 14: [ExponentiallyWeightedMean(alpha=0.3)]}",lags_400_features_400,32.22035221634198,29.95355959693867,54.85157525853911,64.80837464458612,71.20540552972142,99.68648783705662,109.42371252093834,100.75075671946698,135.51978170090436,225.7830034534455,229.45586596689367
LGBMRegressor,AutoDifferences(max_diffs=380) | LocalStandardScaler(stats_=[[-2.09155811e-02  2.20585897e+01]]),"[1, 2, 3, 4, 5, 6, 7, 8, 9, 10, 11, 12, 13, 14, 15, 16, 17, 18, 19, 20, 21, 22, 23, 24, 25, 26, 27, 28, 29, 30, 31, 32, 33, 34, 35, 36, 37, 38, 39, 40, 41, 42, 43, 44, 45, 46, 47, 48, 49, 50, 51, 52, 53, 54, 55, 56, 57, 58, 59, 60, 61, 62, 63, 64, 65, 66, 67, 68, 69, 70, 71, 72, 73, 74, 75, 76, 77, 78, 79, 80, 81, 82, 83, 84, 85, 86, 87, 88, 89, 90, 91, 92, 93, 94, 95, 96, 97, 98, 99, 100, 101, 102, 103, 104, 105, 106, 107, 108, 109, 110, 111, 112, 113, 114, 115, 116, 117, 118, 119, 120, 121, 122, 123, 124, 125, 126, 127, 128, 129, 130, 131, 132, 133, 134, 135, 136, 137, 138, 139, 140, 141, 142, 143, 144, 145, 146, 147, 148, 149, 150, 151, 152, 153, 154, 155, 156, 157, 158, 159, 160, 161, 162, 163, 164, 165, 166, 167, 168, 169, 170, 171, 172, 173, 174, 175, 176, 177, 178, 179, 180, 181, 182, 183, 184, 185, 186, 187, 188, 189, 190, 191, 192, 193, 194, 195, 196, 197, 198, 199, 200, 201, 202, 203, 204, 205, 206, 207, 208, 209, 210, 211, 212, 213, 214, 215, 216, 217, 218, 219, 220, 221, 222, 223, 224, 225, 226, 227, 228, 229, 230, 231, 232, 233, 234, 235, 236, 237, 238, 239, 240, 241, 242, 243, 244, 245, 246, 247, 248, 249, 250, 251, 252, 253, 254, 255, 256, 257, 258, 259, 260, 261, 262, 263, 264, 265, 266, 267, 268, 269, 270, 271, 272, 273, 274, 275, 276, 277, 278, 279, 280, 281, 282, 283, 284, 285, 286, 287, 288, 289, 290, 291, 292, 293, 294, 295, 296, 297, 298, 299, 300, 301, 302, 303, 304, 305, 306, 307, 308, 309, 310, 311, 312, 313, 314, 315, 316, 317, 318, 319, 320, 321, 322, 323, 324, 325, 326, 327, 328, 329, 330, 331, 332, 333, 334, 335, 336, 337, 338, 339, 340, 341, 342, 343, 344, 345, 346, 347, 348, 349, 350, 351, 352, 353, 354, 355, 356, 357, 358, 359, 360, 361, 362, 363, 364, 365, 366, 367, 368, 369, 370, 371, 372, 373, 374, 375, 376, 377, 378, 379, 380, 381, 382, 383, 384, 385, 386, 387, 388, 389, 390, 391, 392, 393, 394, 395, 396, 397, 398, 399, 400]","{7: [RollingMean(window_size=7), RollingStd(window_size=7)], 30: [RollingMean(window_size=30)], 60: [ExpandingMean()], 14: [ExponentiallyWeightedMean(alpha=0.3)]}",lags_400_features_400,24.122874936664942,24.572694441899003,40.89444255796238,47.069822956700555,54.109552655254866,82.19304336445643,145.5633164401496,406.29142493927014,1130.6045655023588,2289.998704504418,2333.718320984561
SGD_EarlyStopping,AutoDifferences(max_diffs=380) | LocalMinMaxScaler(stats_=[[-214.51499032  437.2315826 ]]),"[1, 2, 3, 4, 5, 6, 7, 8, 9, 10, 11, 12, 13, 14, 15, 16, 17, 18, 19, 20, 21, 22, 23, 24, 25, 26, 27, 28, 29, 30, 31, 32, 33, 34, 35, 36, 37, 38, 39, 40, 41, 42, 43, 44, 45, 46, 47, 48, 49, 50, 51, 52, 53, 54, 55, 56, 57, 58, 59, 60, 61, 62, 63, 64, 65, 66, 67, 68, 69, 70, 71, 72, 73, 74, 75, 76, 77, 78, 79, 80, 81, 82, 83, 84, 85, 86, 87, 88, 89, 90, 91, 92, 93, 94, 95, 96, 97, 98, 99, 100, 101, 102, 103, 104, 105, 106, 107, 108, 109, 110, 111, 112, 113, 114, 115, 116, 117, 118, 119, 120, 121, 122, 123, 124, 125, 126, 127, 128, 129, 130, 131, 132, 133, 134, 135, 136, 137, 138, 139, 140, 141, 142, 143, 144, 145, 146, 147, 148, 149, 150, 151, 152, 153, 154, 155, 156, 157, 158, 159, 160, 161, 162, 163, 164, 165, 166, 167, 168, 169, 170, 171, 172, 173, 174, 175, 176, 177, 178, 179, 180, 181, 182, 183, 184, 185, 186, 187, 188, 189, 190, 191, 192, 193, 194, 195, 196, 197, 198, 199, 200, 201, 202, 203, 204, 205, 206, 207, 208, 209, 210, 211, 212, 213, 214, 215, 216, 217, 218, 219, 220, 221, 222, 223, 224, 225, 226, 227, 228, 229, 230, 231, 232, 233, 234, 235, 236, 237, 238, 239, 240, 241, 242, 243, 244, 245, 246, 247, 248, 249, 250, 251, 252, 253, 254, 255, 256, 257, 258, 259, 260, 261, 262, 263, 264, 265, 266, 267, 268, 269, 270, 271, 272, 273, 274, 275, 276, 277, 278, 279, 280, 281, 282, 283, 284, 285, 286, 287, 288, 289, 290, 291, 292, 293, 294, 295, 296, 297, 298, 299, 300, 301, 302, 303, 304, 305, 306, 307, 308, 309, 310, 311, 312, 313, 314, 315, 316, 317, 318, 319, 320, 321, 322, 323, 324, 325, 326, 327, 328, 329, 330, 331, 332, 333, 334, 335, 336, 337, 338, 339, 340, 341, 342, 343, 344, 345, 346, 347, 348, 349, 350, 351, 352, 353, 354, 355, 356, 357, 358, 359, 360, 361, 362, 363, 364, 365, 366, 367, 368, 369, 370, 371, 372, 373, 374, 375, 376, 377, 378, 379, 380, 381, 382, 383, 384, 385, 386, 387, 388, 389, 390, 391, 392, 393, 394, 395, 396, 397, 398, 399, 400]","{1: [<function expanding_mean at 0x000002C58F7A04A0>], 7: [<function rolling_mean_14 at 0x000002C5930FAA20>], 30: [<function expanding_mean at 0x000002C58F7A04A0>]}",lags_400_features_400,291.6697304403977,542.993658356048,829.4630177497954,1038.169315986048,1152.9506082578603,1267.2124845683588,1331.9042834773263,1765.443452897542,3368.1406589663816,6833.340377427278,7048.790577398519
SGD_ElasticNet,AutoDifferences(max_diffs=380) | LocalMinMaxScaler(stats_=[[-214.51499032  437.2315826 ]]),"[1, 2, 3, 4, 5, 6, 7, 8, 9, 10, 11, 12, 13, 14, 15, 16, 17, 18, 19, 20, 21, 22, 23, 24, 25, 26, 27, 28, 29, 30, 31, 32, 33, 34, 35, 36, 37, 38, 39, 40, 41, 42, 43, 44, 45, 46, 47, 48, 49, 50, 51, 52, 53, 54, 55, 56, 57, 58, 59, 60, 61, 62, 63, 64, 65, 66, 67, 68, 69, 70, 71, 72, 73, 74, 75, 76, 77, 78, 79, 80, 81, 82, 83, 84, 85, 86, 87, 88, 89, 90, 91, 92, 93, 94, 95, 96, 97, 98, 99, 100, 101, 102, 103, 104, 105, 106, 107, 108, 109, 110, 111, 112, 113, 114, 115, 116, 117, 118, 119, 120, 121, 122, 123, 124, 125, 126, 127, 128, 129, 130, 131, 132, 133, 134, 135, 136, 137, 138, 139, 140, 141, 142, 143, 144, 145, 146, 147, 148, 149, 150, 151, 152, 153, 154, 155, 156, 157, 158, 159, 160, 161, 162, 163, 164, 165, 166, 167, 168, 169, 170, 171, 172, 173, 174, 175, 176, 177, 178, 179, 180, 181, 182, 183, 184, 185, 186, 187, 188, 189, 190, 191, 192, 193, 194, 195, 196, 197, 198, 199, 200, 201, 202, 203, 204, 205, 206, 207, 208, 209, 210, 211, 212, 213, 214, 215, 216, 217, 218, 219, 220, 221, 222, 223, 224, 225, 226, 227, 228, 229, 230, 231, 232, 233, 234, 235, 236, 237, 238, 239, 240, 241, 242, 243, 244, 245, 246, 247, 248, 249, 250, 251, 252, 253, 254, 255, 256, 257, 258, 259, 260, 261, 262, 263, 264, 265, 266, 267, 268, 269, 270, 271, 272, 273, 274, 275, 276, 277, 278, 279, 280, 281, 282, 283, 284, 285, 286, 287, 288, 289, 290, 291, 292, 293, 294, 295, 296, 297, 298, 299, 300, 301, 302, 303, 304, 305, 306, 307, 308, 309, 310, 311, 312, 313, 314, 315, 316, 317, 318, 319, 320, 321, 322, 323, 324, 325, 326, 327, 328, 329, 330, 331, 332, 333, 334, 335, 336, 337, 338, 339, 340, 341, 342, 343, 344, 345, 346, 347, 348, 349, 350, 351, 352, 353, 354, 355, 356, 357, 358, 359, 360, 361, 362, 363, 364, 365, 366, 367, 368, 369, 370, 371, 372, 373, 374, 375, 376, 377, 378, 379, 380, 381, 382, 383, 384, 385, 386, 387, 388, 389, 390, 391, 392, 393, 394, 395, 396, 397, 398, 399, 400]","{1: [<function expanding_mean at 0x000002C58F7A04A0>], 7: [<function rolling_mean_14 at 0x000002C5930FAA20>], 30: [<function expanding_mean at 0x000002C58F7A04A0>]}",lags_400_features_400,88.15484430477251,161.6377680852002,229.99786269500638,272.427399215138,289.90504527755496,301.81511872495463,298.707201665506,399.3989864675736,806.9975631005871,1715.3945942858809,1770.0961198976556
SGD_Lasso,AutoDifferences(max_diffs=380) | LocalMinMaxScaler(stats_=[[-214.51499032  437.2315826 ]]),"[1, 2, 3, 4, 5, 6, 7, 8, 9, 10, 11, 12, 13, 14, 15, 16, 17, 18, 19, 20, 21, 22, 23, 24, 25, 26, 27, 28, 29, 30, 31, 32, 33, 34, 35, 36, 37, 38, 39, 40, 41, 42, 43, 44, 45, 46, 47, 48, 49, 50, 51, 52, 53, 54, 55, 56, 57, 58, 59, 60, 61, 62, 63, 64, 65, 66, 67, 68, 69, 70, 71, 72, 73, 74, 75, 76, 77, 78, 79, 80, 81, 82, 83, 84, 85, 86, 87, 88, 89, 90, 91, 92, 93, 94, 95, 96, 97, 98, 99, 100, 101, 102, 103, 104, 105, 106, 107, 108, 109, 110, 111, 112, 113, 114, 115, 116, 117, 118, 119, 120, 121, 122, 123, 124, 125, 126, 127, 128, 129, 130, 131, 132, 133, 134, 135, 136, 137, 138, 139, 140, 141, 142, 143, 144, 145, 146, 147, 148, 149, 150, 151, 152, 153, 154, 155, 156, 157, 158, 159, 160, 161, 162, 163, 164, 165, 166, 167, 168, 169, 170, 171, 172, 173, 174, 175, 176, 177, 178, 179, 180, 181, 182, 183, 184, 185, 186, 187, 188, 189, 190, 191, 192, 193, 194, 195, 196, 197, 198, 199, 200, 201, 202, 203, 204, 205, 206, 207, 208, 209, 210, 211, 212, 213, 214, 215, 216, 217, 218, 219, 220, 221, 222, 223, 224, 225, 226, 227, 228, 229, 230, 231, 232, 233, 234, 235, 236, 237, 238, 239, 240, 241, 242, 243, 244, 245, 246, 247, 248, 249, 250, 251, 252, 253, 254, 255, 256, 257, 258, 259, 260, 261, 262, 263, 264, 265, 266, 267, 268, 269, 270, 271, 272, 273, 274, 275, 276, 277, 278, 279, 280, 281, 282, 283, 284, 285, 286, 287, 288, 289, 290, 291, 292, 293, 294, 295, 296, 297, 298, 299, 300, 301, 302, 303, 304, 305, 306, 307, 308, 309, 310, 311, 312, 313, 314, 315, 316, 317, 318, 319, 320, 321, 322, 323, 324, 325, 326, 327, 328, 329, 330, 331, 332, 333, 334, 335, 336, 337, 338, 339, 340, 341, 342, 343, 344, 345, 346, 347, 348, 349, 350, 351, 352, 353, 354, 355, 356, 357, 358, 359, 360, 361, 362, 363, 364, 365, 366, 367, 368, 369, 370, 371, 372, 373, 374, 375, 376, 377, 378, 379, 380, 381, 382, 383, 384, 385, 386, 387, 388, 389, 390, 391, 392, 393, 394, 395, 396, 397, 398, 399, 400]","{1: [<function expanding_mean at 0x000002C58F7A04A0>], 7: [<function rolling_mean_14 at 0x000002C5930FAA20>], 30: [<function expanding_mean at 0x000002C58F7A04A0>]}",lags_400_features_400,50.7808773650817,98.8989895781705,146.15039711494,182.16096302229266,203.76966606095408,223.05698210232617,236.28431001368634,287.6699103035541,460.01705891837037,790.3513659301158,807.6335026418152
SGD_Ridge,AutoDifferences(max_diffs=380) | LocalMinMaxScaler(stats_=[[-214.51499032  437.2315826 ]]),"[1, 2, 3, 4, 5, 6, 7, 8, 9, 10, 11, 12, 13, 14, 15, 16, 17, 18, 19, 20, 21, 22, 23, 24, 25, 26, 27, 28, 29, 30, 31, 32, 33, 34, 35, 36, 37, 38, 39, 40, 41, 42, 43, 44, 45, 46, 47, 48, 49, 50, 51, 52, 53, 54, 55, 56, 57, 58, 59, 60, 61, 62, 63, 64, 65, 66, 67, 68, 69, 70, 71, 72, 73, 74, 75, 76, 77, 78, 79, 80, 81, 82, 83, 84, 85, 86, 87, 88, 89, 90, 91, 92, 93, 94, 95, 96, 97, 98, 99, 100, 101, 102, 103, 104, 105, 106, 107, 108, 109, 110, 111, 112, 113, 114, 115, 116, 117, 118, 119, 120, 121, 122, 123, 124, 125, 126, 127, 128, 129, 130, 131, 132, 133, 134, 135, 136, 137, 138, 139, 140, 141, 142, 143, 144, 145, 146, 147, 148, 149, 150, 151, 152, 153, 154, 155, 156, 157, 158, 159, 160, 161, 162, 163, 164, 165, 166, 167, 168, 169, 170, 171, 172, 173, 174, 175, 176, 177, 178, 179, 180, 181, 182, 183, 184, 185, 186, 187, 188, 189, 190, 191, 192, 193, 194, 195, 196, 197, 198, 199, 200, 201, 202, 203, 204, 205, 206, 207, 208, 209, 210, 211, 212, 213, 214, 215, 216, 217, 218, 219, 220, 221, 222, 223, 224, 225, 226, 227, 228, 229, 230, 231, 232, 233, 234, 235, 236, 237, 238, 239, 240, 241, 242, 243, 244, 245, 246, 247, 248, 249, 250, 251, 252, 253, 254, 255, 256, 257, 258, 259, 260, 261, 262, 263, 264, 265, 266, 267, 268, 269, 270, 271, 272, 273, 274, 275, 276, 277, 278, 279, 280, 281, 282, 283, 284, 285, 286, 287, 288, 289, 290, 291, 292, 293, 294, 295, 296, 297, 298, 299, 300, 301, 302, 303, 304, 305, 306, 307, 308, 309, 310, 311, 312, 313, 314, 315, 316, 317, 318, 319, 320, 321, 322, 323, 324, 325, 326, 327, 328, 329, 330, 331, 332, 333, 334, 335, 336, 337, 338, 339, 340, 341, 342, 343, 344, 345, 346, 347, 348, 349, 350, 351, 352, 353, 354, 355, 356, 357, 358, 359, 360, 361, 362, 363, 364, 365, 366, 367, 368, 369, 370, 371, 372, 373, 374, 375, 376, 377, 378, 379, 380, 381, 382, 383, 384, 385, 386, 387, 388, 389, 390, 391, 392, 393, 394, 395, 396, 397, 398, 399, 400]","{1: [<function expanding_mean at 0x000002C58F7A04A0>], 7: [<function rolling_mean_14 at 0x000002C5930FAA20>], 30: [<function expanding_mean at 0x000002C58F7A04A0>]}",lags_400_features_400,214.12628681170958,349.31553452447173,449.69062726351217,469.8909238034334,436.3295911412433,380.40135407251233,310.25710666226354,411.4357518593787,1062.246065354095,2587.359928665134,2669.473529038519
SGDRegressor,AutoDifferences(max_diffs=380) | LocalMinMaxScaler(stats_=[[-214.51499032  437.2315826 ]]),"[1, 2, 3, 4, 5, 6, 7, 8, 9, 10, 11, 12, 13, 14, 15, 16, 17, 18, 19, 20, 21, 22, 23, 24, 25, 26, 27, 28, 29, 30, 31, 32, 33, 34, 35, 36, 37, 38, 39, 40, 41, 42, 43, 44, 45, 46, 47, 48, 49, 50, 51, 52, 53, 54, 55, 56, 57, 58, 59, 60, 61, 62, 63, 64, 65, 66, 67, 68, 69, 70, 71, 72, 73, 74, 75, 76, 77, 78, 79, 80, 81, 82, 83, 84, 85, 86, 87, 88, 89, 90, 91, 92, 93, 94, 95, 96, 97, 98, 99, 100, 101, 102, 103, 104, 105, 106, 107, 108, 109, 110, 111, 112, 113, 114, 115, 116, 117, 118, 119, 120, 121, 122, 123, 124, 125, 126, 127, 128, 129, 130, 131, 132, 133, 134, 135, 136, 137, 138, 139, 140, 141, 142, 143, 144, 145, 146, 147, 148, 149, 150, 151, 152, 153, 154, 155, 156, 157, 158, 159, 160, 161, 162, 163, 164, 165, 166, 167, 168, 169, 170, 171, 172, 173, 174, 175, 176, 177, 178, 179, 180, 181, 182, 183, 184, 185, 186, 187, 188, 189, 190, 191, 192, 193, 194, 195, 196, 197, 198, 199, 200, 201, 202, 203, 204, 205, 206, 207, 208, 209, 210, 211, 212, 213, 214, 215, 216, 217, 218, 219, 220, 221, 222, 223, 224, 225, 226, 227, 228, 229, 230, 231, 232, 233, 234, 235, 236, 237, 238, 239, 240, 241, 242, 243, 244, 245, 246, 247, 248, 249, 250, 251, 252, 253, 254, 255, 256, 257, 258, 259, 260, 261, 262, 263, 264, 265, 266, 267, 268, 269, 270, 271, 272, 273, 274, 275, 276, 277, 278, 279, 280, 281, 282, 283, 284, 285, 286, 287, 288, 289, 290, 291, 292, 293, 294, 295, 296, 297, 298, 299, 300, 301, 302, 303, 304, 305, 306, 307, 308, 309, 310, 311, 312, 313, 314, 315, 316, 317, 318, 319, 320, 321, 322, 323, 324, 325, 326, 327, 328, 329, 330, 331, 332, 333, 334, 335, 336, 337, 338, 339, 340, 341, 342, 343, 344, 345, 346, 347, 348, 349, 350, 351, 352, 353, 354, 355, 356, 357, 358, 359, 360, 361, 362, 363, 364, 365, 366, 367, 368, 369, 370, 371, 372, 373, 374, 375, 376, 377, 378, 379, 380, 381, 382, 383, 384, 385, 386, 387, 388, 389, 390, 391, 392, 393, 394, 395, 396, 397, 398, 399, 400]","{1: [<function expanding_mean at 0x000002C58F7A04A0>], 7: [<function rolling_mean_14 at 0x000002C5930FAA20>], 30: [<function expanding_mean at 0x000002C58F7A04A0>]}",lags_400_features_400,70.1413109900051,129.1578767063389,182.1946356631131,215.2723266118754,229.1623190056719,238.0783231066717,236.25079825887858,316.45094314875837,639.621904801393,1363.614234914941,1407.3448770128177
XGBRegressor,AutoDifferences(max_diffs=380) | LocalMinMaxScaler(stats_=[[-214.51499032  437.2315826 ]]),"[1, 2, 3, 4, 5, 6, 7, 8, 9, 10, 11, 12, 13, 14, 15, 16, 17, 18, 19, 20, 21, 22, 23, 24, 25, 26, 27, 28, 29, 30, 31, 32, 33, 34, 35, 36, 37, 38, 39, 40, 41, 42, 43, 44, 45, 46, 47, 48, 49, 50, 51, 52, 53, 54, 55, 56, 57, 58, 59, 60, 61, 62, 63, 64, 65, 66, 67, 68, 69, 70, 71, 72, 73, 74, 75, 76, 77, 78, 79, 80, 81, 82, 83, 84, 85, 86, 87, 88, 89, 90, 91, 92, 93, 94, 95, 96, 97, 98, 99, 100, 101, 102, 103, 104, 105, 106, 107, 108, 109, 110, 111, 112, 113, 114, 115, 116, 117, 118, 119, 120, 121, 122, 123, 124, 125, 126, 127, 128, 129, 130, 131, 132, 133, 134, 135, 136, 137, 138, 139, 140, 141, 142, 143, 144, 145, 146, 147, 148, 149, 150, 151, 152, 153, 154, 155, 156, 157, 158, 159, 160, 161, 162, 163, 164, 165, 166, 167, 168, 169, 170, 171, 172, 173, 174, 175, 176, 177, 178, 179, 180, 181, 182, 183, 184, 185, 186, 187, 188, 189, 190, 191, 192, 193, 194, 195, 196, 197, 198, 199, 200, 201, 202, 203, 204, 205, 206, 207, 208, 209, 210, 211, 212, 213, 214, 215, 216, 217, 218, 219, 220, 221, 222, 223, 224, 225, 226, 227, 228, 229, 230, 231, 232, 233, 234, 235, 236, 237, 238, 239, 240, 241, 242, 243, 244, 245, 246, 247, 248, 249, 250, 251, 252, 253, 254, 255, 256, 257, 258, 259, 260, 261, 262, 263, 264, 265, 266, 267, 268, 269, 270, 271, 272, 273, 274, 275, 276, 277, 278, 279, 280, 281, 282, 283, 284, 285, 286, 287, 288, 289, 290, 291, 292, 293, 294, 295, 296, 297, 298, 299, 300, 301, 302, 303, 304, 305, 306, 307, 308, 309, 310, 311, 312, 313, 314, 315, 316, 317, 318, 319, 320, 321, 322, 323, 324, 325, 326, 327, 328, 329, 330, 331, 332, 333, 334, 335, 336, 337, 338, 339, 340, 341, 342, 343, 344, 345, 346, 347, 348, 349, 350, 351, 352, 353, 354, 355, 356, 357, 358, 359, 360, 361, 362, 363, 364, 365, 366, 367, 368, 369, 370, 371, 372, 373, 374, 375, 376, 377, 378, 379, 380, 381, 382, 383, 384, 385, 386, 387, 388, 389, 390, 391, 392, 393, 394, 395, 396, 397, 398, 399, 400]","{1: [<function expanding_mean at 0x000002C58F7A04A0>], 7: [<function rolling_mean_14 at 0x000002C5930FAA20>], 30: [<function expanding_mean at 0x000002C58F7A04A0>]}",lags_400_features_400,43.66224935125071,44.494212851147594,44.391773335935724,39.364849160259624,38.90350635227798,56.06741105517088,58.3060836696081,71.42915243459453,94.72488755306124,162.638423589203,166.1294024468192
LGBMRegressor,AutoDifferences(max_diffs=380) | LocalMinMaxScaler(stats_=[[-214.51499032  437.2315826 ]]),"[1, 2, 3, 4, 5, 6, 7, 8, 9, 10, 11, 12, 13, 14, 15, 16, 17, 18, 19, 20, 21, 22, 23, 24, 25, 26, 27, 28, 29, 30, 31, 32, 33, 34, 35, 36, 37, 38, 39, 40, 41, 42, 43, 44, 45, 46, 47, 48, 49, 50, 51, 52, 53, 54, 55, 56, 57, 58, 59, 60, 61, 62, 63, 64, 65, 66, 67, 68, 69, 70, 71, 72, 73, 74, 75, 76, 77, 78, 79, 80, 81, 82, 83, 84, 85, 86, 87, 88, 89, 90, 91, 92, 93, 94, 95, 96, 97, 98, 99, 100, 101, 102, 103, 104, 105, 106, 107, 108, 109, 110, 111, 112, 113, 114, 115, 116, 117, 118, 119, 120, 121, 122, 123, 124, 125, 126, 127, 128, 129, 130, 131, 132, 133, 134, 135, 136, 137, 138, 139, 140, 141, 142, 143, 144, 145, 146, 147, 148, 149, 150, 151, 152, 153, 154, 155, 156, 157, 158, 159, 160, 161, 162, 163, 164, 165, 166, 167, 168, 169, 170, 171, 172, 173, 174, 175, 176, 177, 178, 179, 180, 181, 182, 183, 184, 185, 186, 187, 188, 189, 190, 191, 192, 193, 194, 195, 196, 197, 198, 199, 200, 201, 202, 203, 204, 205, 206, 207, 208, 209, 210, 211, 212, 213, 214, 215, 216, 217, 218, 219, 220, 221, 222, 223, 224, 225, 226, 227, 228, 229, 230, 231, 232, 233, 234, 235, 236, 237, 238, 239, 240, 241, 242, 243, 244, 245, 246, 247, 248, 249, 250, 251, 252, 253, 254, 255, 256, 257, 258, 259, 260, 261, 262, 263, 264, 265, 266, 267, 268, 269, 270, 271, 272, 273, 274, 275, 276, 277, 278, 279, 280, 281, 282, 283, 284, 285, 286, 287, 288, 289, 290, 291, 292, 293, 294, 295, 296, 297, 298, 299, 300, 301, 302, 303, 304, 305, 306, 307, 308, 309, 310, 311, 312, 313, 314, 315, 316, 317, 318, 319, 320, 321, 322, 323, 324, 325, 326, 327, 328, 329, 330, 331, 332, 333, 334, 335, 336, 337, 338, 339, 340, 341, 342, 343, 344, 345, 346, 347, 348, 349, 350, 351, 352, 353, 354, 355, 356, 357, 358, 359, 360, 361, 362, 363, 364, 365, 366, 367, 368, 369, 370, 371, 372, 373, 374, 375, 376, 377, 378, 379, 380, 381, 382, 383, 384, 385, 386, 387, 388, 389, 390, 391, 392, 393, 394, 395, 396, 397, 398, 399, 400]","{1: [<function expanding_mean at 0x000002C58F7A04A0>], 7: [<function rolling_mean_14 at 0x000002C5930FAA20>], 30: [<function expanding_mean at 0x000002C58F7A04A0>]}",lags_400_features_400,24.796240286447315,37.48282166843712,39.123789854375055,39.21133361297276,35.71766693074607,36.137073809170644,44.562834662730225,61.41958850628764,71.96893725487345,64.01000367881947,63.77040005593374
SGD_EarlyStopping,AutoDifferences(max_diffs=380) | LocalMinMaxScaler(stats_=[[-214.51499032  437.2315826 ]]),"[1, 2, 3, 4, 5, 6, 7, 8, 9, 10, 11, 12, 13, 14, 15, 16, 17, 18, 19, 20, 21, 22, 23, 24, 25, 26, 27, 28, 29, 30, 31, 32, 33, 34, 35, 36, 37, 38, 39, 40, 41, 42, 43, 44, 45, 46, 47, 48, 49, 50, 51, 52, 53, 54, 55, 56, 57, 58, 59, 60, 61, 62, 63, 64, 65, 66, 67, 68, 69, 70, 71, 72, 73, 74, 75, 76, 77, 78, 79, 80, 81, 82, 83, 84, 85, 86, 87, 88, 89, 90, 91, 92, 93, 94, 95, 96, 97, 98, 99, 100, 101, 102, 103, 104, 105, 106, 107, 108, 109, 110, 111, 112, 113, 114, 115, 116, 117, 118, 119, 120, 121, 122, 123, 124, 125, 126, 127, 128, 129, 130, 131, 132, 133, 134, 135, 136, 137, 138, 139, 140, 141, 142, 143, 144, 145, 146, 147, 148, 149, 150, 151, 152, 153, 154, 155, 156, 157, 158, 159, 160, 161, 162, 163, 164, 165, 166, 167, 168, 169, 170, 171, 172, 173, 174, 175, 176, 177, 178, 179, 180, 181, 182, 183, 184, 185, 186, 187, 188, 189, 190, 191, 192, 193, 194, 195, 196, 197, 198, 199, 200, 201, 202, 203, 204, 205, 206, 207, 208, 209, 210, 211, 212, 213, 214, 215, 216, 217, 218, 219, 220, 221, 222, 223, 224, 225, 226, 227, 228, 229, 230, 231, 232, 233, 234, 235, 236, 237, 238, 239, 240, 241, 242, 243, 244, 245, 246, 247, 248, 249, 250, 251, 252, 253, 254, 255, 256, 257, 258, 259, 260, 261, 262, 263, 264, 265, 266, 267, 268, 269, 270, 271, 272, 273, 274, 275, 276, 277, 278, 279, 280, 281, 282, 283, 284, 285, 286, 287, 288, 289, 290, 291, 292, 293, 294, 295, 296, 297, 298, 299, 300, 301, 302, 303, 304, 305, 306, 307, 308, 309, 310, 311, 312, 313, 314, 315, 316, 317, 318, 319, 320, 321, 322, 323, 324, 325, 326, 327, 328, 329, 330, 331, 332, 333, 334, 335, 336, 337, 338, 339, 340, 341, 342, 343, 344, 345, 346, 347, 348, 349, 350, 351, 352, 353, 354, 355, 356, 357, 358, 359, 360, 361, 362, 363, 364, 365, 366, 367, 368, 369, 370, 371, 372, 373, 374, 375, 376, 377, 378, 379, 380, 381, 382, 383, 384, 385, 386, 387, 388, 389, 390, 391, 392, 393, 394, 395, 396, 397, 398, 399, 400]","{1: [<function rolling_mean_14 at 0x000002C5930FAA20>], 7: [<function rolling_mean_30 at 0x000002C58DBF9260>], 30: [<function expanding_mean at 0x000002C58F7A04A0>]}",lags_400_features_400,291.88292744867044,543.5285615398532,830.4635325900151,1039.5597607587456,1154.592278191211,1269.1158954729326,1334.0367272919927,1768.5794017827707,3374.9564684051734,6848.960207209736,7065.041633163093
SGD_ElasticNet,AutoDifferences(max_diffs=380) | LocalMinMaxScaler(stats_=[[-214.51499032  437.2315826 ]]),"[1, 2, 3, 4, 5, 6, 7, 8, 9, 10, 11, 12, 13, 14, 15, 16, 17, 18, 19, 20, 21, 22, 23, 24, 25, 26, 27, 28, 29, 30, 31, 32, 33, 34, 35, 36, 37, 38, 39, 40, 41, 42, 43, 44, 45, 46, 47, 48, 49, 50, 51, 52, 53, 54, 55, 56, 57, 58, 59, 60, 61, 62, 63, 64, 65, 66, 67, 68, 69, 70, 71, 72, 73, 74, 75, 76, 77, 78, 79, 80, 81, 82, 83, 84, 85, 86, 87, 88, 89, 90, 91, 92, 93, 94, 95, 96, 97, 98, 99, 100, 101, 102, 103, 104, 105, 106, 107, 108, 109, 110, 111, 112, 113, 114, 115, 116, 117, 118, 119, 120, 121, 122, 123, 124, 125, 126, 127, 128, 129, 130, 131, 132, 133, 134, 135, 136, 137, 138, 139, 140, 141, 142, 143, 144, 145, 146, 147, 148, 149, 150, 151, 152, 153, 154, 155, 156, 157, 158, 159, 160, 161, 162, 163, 164, 165, 166, 167, 168, 169, 170, 171, 172, 173, 174, 175, 176, 177, 178, 179, 180, 181, 182, 183, 184, 185, 186, 187, 188, 189, 190, 191, 192, 193, 194, 195, 196, 197, 198, 199, 200, 201, 202, 203, 204, 205, 206, 207, 208, 209, 210, 211, 212, 213, 214, 215, 216, 217, 218, 219, 220, 221, 222, 223, 224, 225, 226, 227, 228, 229, 230, 231, 232, 233, 234, 235, 236, 237, 238, 239, 240, 241, 242, 243, 244, 245, 246, 247, 248, 249, 250, 251, 252, 253, 254, 255, 256, 257, 258, 259, 260, 261, 262, 263, 264, 265, 266, 267, 268, 269, 270, 271, 272, 273, 274, 275, 276, 277, 278, 279, 280, 281, 282, 283, 284, 285, 286, 287, 288, 289, 290, 291, 292, 293, 294, 295, 296, 297, 298, 299, 300, 301, 302, 303, 304, 305, 306, 307, 308, 309, 310, 311, 312, 313, 314, 315, 316, 317, 318, 319, 320, 321, 322, 323, 324, 325, 326, 327, 328, 329, 330, 331, 332, 333, 334, 335, 336, 337, 338, 339, 340, 341, 342, 343, 344, 345, 346, 347, 348, 349, 350, 351, 352, 353, 354, 355, 356, 357, 358, 359, 360, 361, 362, 363, 364, 365, 366, 367, 368, 369, 370, 371, 372, 373, 374, 375, 376, 377, 378, 379, 380, 381, 382, 383, 384, 385, 386, 387, 388, 389, 390, 391, 392, 393, 394, 395, 396, 397, 398, 399, 400]","{1: [<function rolling_mean_14 at 0x000002C5930FAA20>], 7: [<function rolling_mean_30 at 0x000002C58DBF9260>], 30: [<function expanding_mean at 0x000002C58F7A04A0>]}",lags_400_features_400,88.33459844554868,162.01721043313714,230.63544842398116,273.2656327817217,290.8622610821955,302.89374301001226,299.864199079844,400.96222831608736,810.1360912442731,1722.1966743452474,1777.1483475715697
SGD_Lasso,AutoDifferences(max_diffs=380) | LocalMinMaxScaler(stats_=[[-214.51499032  437.2315826 ]]),"[1, 2, 3, 4, 5, 6, 7, 8, 9, 10, 11, 12, 13, 14, 15, 16, 17, 18, 19, 20, 21, 22, 23, 24, 25, 26, 27, 28, 29, 30, 31, 32, 33, 34, 35, 36, 37, 38, 39, 40, 41, 42, 43, 44, 45, 46, 47, 48, 49, 50, 51, 52, 53, 54, 55, 56, 57, 58, 59, 60, 61, 62, 63, 64, 65, 66, 67, 68, 69, 70, 71, 72, 73, 74, 75, 76, 77, 78, 79, 80, 81, 82, 83, 84, 85, 86, 87, 88, 89, 90, 91, 92, 93, 94, 95, 96, 97, 98, 99, 100, 101, 102, 103, 104, 105, 106, 107, 108, 109, 110, 111, 112, 113, 114, 115, 116, 117, 118, 119, 120, 121, 122, 123, 124, 125, 126, 127, 128, 129, 130, 131, 132, 133, 134, 135, 136, 137, 138, 139, 140, 141, 142, 143, 144, 145, 146, 147, 148, 149, 150, 151, 152, 153, 154, 155, 156, 157, 158, 159, 160, 161, 162, 163, 164, 165, 166, 167, 168, 169, 170, 171, 172, 173, 174, 175, 176, 177, 178, 179, 180, 181, 182, 183, 184, 185, 186, 187, 188, 189, 190, 191, 192, 193, 194, 195, 196, 197, 198, 199, 200, 201, 202, 203, 204, 205, 206, 207, 208, 209, 210, 211, 212, 213, 214, 215, 216, 217, 218, 219, 220, 221, 222, 223, 224, 225, 226, 227, 228, 229, 230, 231, 232, 233, 234, 235, 236, 237, 238, 239, 240, 241, 242, 243, 244, 245, 246, 247, 248, 249, 250, 251, 252, 253, 254, 255, 256, 257, 258, 259, 260, 261, 262, 263, 264, 265, 266, 267, 268, 269, 270, 271, 272, 273, 274, 275, 276, 277, 278, 279, 280, 281, 282, 283, 284, 285, 286, 287, 288, 289, 290, 291, 292, 293, 294, 295, 296, 297, 298, 299, 300, 301, 302, 303, 304, 305, 306, 307, 308, 309, 310, 311, 312, 313, 314, 315, 316, 317, 318, 319, 320, 321, 322, 323, 324, 325, 326, 327, 328, 329, 330, 331, 332, 333, 334, 335, 336, 337, 338, 339, 340, 341, 342, 343, 344, 345, 346, 347, 348, 349, 350, 351, 352, 353, 354, 355, 356, 357, 358, 359, 360, 361, 362, 363, 364, 365, 366, 367, 368, 369, 370, 371, 372, 373, 374, 375, 376, 377, 378, 379, 380, 381, 382, 383, 384, 385, 386, 387, 388, 389, 390, 391, 392, 393, 394, 395, 396, 397, 398, 399, 400]","{1: [<function rolling_mean_14 at 0x000002C5930FAA20>], 7: [<function rolling_mean_30 at 0x000002C58DBF9260>], 30: [<function expanding_mean at 0x000002C58F7A04A0>]}",lags_400_features_400,50.7808773650817,98.8989895781705,146.15039711494,182.16096302229266,203.76966606095408,223.05698210232617,236.28431001368634,287.6699103035541,460.01705891837037,790.3513659301158,807.6335026418152
SGD_Ridge,AutoDifferences(max_diffs=380) | LocalMinMaxScaler(stats_=[[-214.51499032  437.2315826 ]]),"[1, 2, 3, 4, 5, 6, 7, 8, 9, 10, 11, 12, 13, 14, 15, 16, 17, 18, 19, 20, 21, 22, 23, 24, 25, 26, 27, 28, 29, 30, 31, 32, 33, 34, 35, 36, 37, 38, 39, 40, 41, 42, 43, 44, 45, 46, 47, 48, 49, 50, 51, 52, 53, 54, 55, 56, 57, 58, 59, 60, 61, 62, 63, 64, 65, 66, 67, 68, 69, 70, 71, 72, 73, 74, 75, 76, 77, 78, 79, 80, 81, 82, 83, 84, 85, 86, 87, 88, 89, 90, 91, 92, 93, 94, 95, 96, 97, 98, 99, 100, 101, 102, 103, 104, 105, 106, 107, 108, 109, 110, 111, 112, 113, 114, 115, 116, 117, 118, 119, 120, 121, 122, 123, 124, 125, 126, 127, 128, 129, 130, 131, 132, 133, 134, 135, 136, 137, 138, 139, 140, 141, 142, 143, 144, 145, 146, 147, 148, 149, 150, 151, 152, 153, 154, 155, 156, 157, 158, 159, 160, 161, 162, 163, 164, 165, 166, 167, 168, 169, 170, 171, 172, 173, 174, 175, 176, 177, 178, 179, 180, 181, 182, 183, 184, 185, 186, 187, 188, 189, 190, 191, 192, 193, 194, 195, 196, 197, 198, 199, 200, 201, 202, 203, 204, 205, 206, 207, 208, 209, 210, 211, 212, 213, 214, 215, 216, 217, 218, 219, 220, 221, 222, 223, 224, 225, 226, 227, 228, 229, 230, 231, 232, 233, 234, 235, 236, 237, 238, 239, 240, 241, 242, 243, 244, 245, 246, 247, 248, 249, 250, 251, 252, 253, 254, 255, 256, 257, 258, 259, 260, 261, 262, 263, 264, 265, 266, 267, 268, 269, 270, 271, 272, 273, 274, 275, 276, 277, 278, 279, 280, 281, 282, 283, 284, 285, 286, 287, 288, 289, 290, 291, 292, 293, 294, 295, 296, 297, 298, 299, 300, 301, 302, 303, 304, 305, 306, 307, 308, 309, 310, 311, 312, 313, 314, 315, 316, 317, 318, 319, 320, 321, 322, 323, 324, 325, 326, 327, 328, 329, 330, 331, 332, 333, 334, 335, 336, 337, 338, 339, 340, 341, 342, 343, 344, 345, 346, 347, 348, 349, 350, 351, 352, 353, 354, 355, 356, 357, 358, 359, 360, 361, 362, 363, 364, 365, 366, 367, 368, 369, 370, 371, 372, 373, 374, 375, 376, 377, 378, 379, 380, 381, 382, 383, 384, 385, 386, 387, 388, 389, 390, 391, 392, 393, 394, 395, 396, 397, 398, 399, 400]","{1: [<function rolling_mean_14 at 0x000002C5930FAA20>], 7: [<function rolling_mean_30 at 0x000002C58DBF9260>], 30: [<function expanding_mean at 0x000002C58F7A04A0>]}",lags_400_features_400,214.3396414201078,349.79373701243173,450.4573187450344,470.8042910148392,437.2628462510074,381.29041654584216,310.88827085609176,412.25783493390145,1064.5044024559913,2593.4544493251824,2675.8225056208507
SGDRegressor,AutoDifferences(max_diffs=380) | LocalMinMaxScaler(stats_=[[-214.51499032  437.2315826 ]]),"[1, 2, 3, 4, 5, 6, 7, 8, 9, 10, 11, 12, 13, 14, 15, 16, 17, 18, 19, 20, 21, 22, 23, 24, 25, 26, 27, 28, 29, 30, 31, 32, 33, 34, 35, 36, 37, 38, 39, 40, 41, 42, 43, 44, 45, 46, 47, 48, 49, 50, 51, 52, 53, 54, 55, 56, 57, 58, 59, 60, 61, 62, 63, 64, 65, 66, 67, 68, 69, 70, 71, 72, 73, 74, 75, 76, 77, 78, 79, 80, 81, 82, 83, 84, 85, 86, 87, 88, 89, 90, 91, 92, 93, 94, 95, 96, 97, 98, 99, 100, 101, 102, 103, 104, 105, 106, 107, 108, 109, 110, 111, 112, 113, 114, 115, 116, 117, 118, 119, 120, 121, 122, 123, 124, 125, 126, 127, 128, 129, 130, 131, 132, 133, 134, 135, 136, 137, 138, 139, 140, 141, 142, 143, 144, 145, 146, 147, 148, 149, 150, 151, 152, 153, 154, 155, 156, 157, 158, 159, 160, 161, 162, 163, 164, 165, 166, 167, 168, 169, 170, 171, 172, 173, 174, 175, 176, 177, 178, 179, 180, 181, 182, 183, 184, 185, 186, 187, 188, 189, 190, 191, 192, 193, 194, 195, 196, 197, 198, 199, 200, 201, 202, 203, 204, 205, 206, 207, 208, 209, 210, 211, 212, 213, 214, 215, 216, 217, 218, 219, 220, 221, 222, 223, 224, 225, 226, 227, 228, 229, 230, 231, 232, 233, 234, 235, 236, 237, 238, 239, 240, 241, 242, 243, 244, 245, 246, 247, 248, 249, 250, 251, 252, 253, 254, 255, 256, 257, 258, 259, 260, 261, 262, 263, 264, 265, 266, 267, 268, 269, 270, 271, 272, 273, 274, 275, 276, 277, 278, 279, 280, 281, 282, 283, 284, 285, 286, 287, 288, 289, 290, 291, 292, 293, 294, 295, 296, 297, 298, 299, 300, 301, 302, 303, 304, 305, 306, 307, 308, 309, 310, 311, 312, 313, 314, 315, 316, 317, 318, 319, 320, 321, 322, 323, 324, 325, 326, 327, 328, 329, 330, 331, 332, 333, 334, 335, 336, 337, 338, 339, 340, 341, 342, 343, 344, 345, 346, 347, 348, 349, 350, 351, 352, 353, 354, 355, 356, 357, 358, 359, 360, 361, 362, 363, 364, 365, 366, 367, 368, 369, 370, 371, 372, 373, 374, 375, 376, 377, 378, 379, 380, 381, 382, 383, 384, 385, 386, 387, 388, 389, 390, 391, 392, 393, 394, 395, 396, 397, 398, 399, 400]","{1: [<function rolling_mean_14 at 0x000002C5930FAA20>], 7: [<function rolling_mean_30 at 0x000002C58DBF9260>], 30: [<function expanding_mean at 0x000002C58F7A04A0>]}",lags_400_features_400,70.21956628999327,129.33555781017495,182.50660516388407,215.691028402422,229.64570964509727,238.62732540809066,236.84296844565856,317.259006658494,641.3020534534089,1367.4080367687416,1411.288822519468
XGBRegressor,AutoDifferences(max_diffs=380) | LocalMinMaxScaler(stats_=[[-214.51499032  437.2315826 ]]),"[1, 2, 3, 4, 5, 6, 7, 8, 9, 10, 11, 12, 13, 14, 15, 16, 17, 18, 19, 20, 21, 22, 23, 24, 25, 26, 27, 28, 29, 30, 31, 32, 33, 34, 35, 36, 37, 38, 39, 40, 41, 42, 43, 44, 45, 46, 47, 48, 49, 50, 51, 52, 53, 54, 55, 56, 57, 58, 59, 60, 61, 62, 63, 64, 65, 66, 67, 68, 69, 70, 71, 72, 73, 74, 75, 76, 77, 78, 79, 80, 81, 82, 83, 84, 85, 86, 87, 88, 89, 90, 91, 92, 93, 94, 95, 96, 97, 98, 99, 100, 101, 102, 103, 104, 105, 106, 107, 108, 109, 110, 111, 112, 113, 114, 115, 116, 117, 118, 119, 120, 121, 122, 123, 124, 125, 126, 127, 128, 129, 130, 131, 132, 133, 134, 135, 136, 137, 138, 139, 140, 141, 142, 143, 144, 145, 146, 147, 148, 149, 150, 151, 152, 153, 154, 155, 156, 157, 158, 159, 160, 161, 162, 163, 164, 165, 166, 167, 168, 169, 170, 171, 172, 173, 174, 175, 176, 177, 178, 179, 180, 181, 182, 183, 184, 185, 186, 187, 188, 189, 190, 191, 192, 193, 194, 195, 196, 197, 198, 199, 200, 201, 202, 203, 204, 205, 206, 207, 208, 209, 210, 211, 212, 213, 214, 215, 216, 217, 218, 219, 220, 221, 222, 223, 224, 225, 226, 227, 228, 229, 230, 231, 232, 233, 234, 235, 236, 237, 238, 239, 240, 241, 242, 243, 244, 245, 246, 247, 248, 249, 250, 251, 252, 253, 254, 255, 256, 257, 258, 259, 260, 261, 262, 263, 264, 265, 266, 267, 268, 269, 270, 271, 272, 273, 274, 275, 276, 277, 278, 279, 280, 281, 282, 283, 284, 285, 286, 287, 288, 289, 290, 291, 292, 293, 294, 295, 296, 297, 298, 299, 300, 301, 302, 303, 304, 305, 306, 307, 308, 309, 310, 311, 312, 313, 314, 315, 316, 317, 318, 319, 320, 321, 322, 323, 324, 325, 326, 327, 328, 329, 330, 331, 332, 333, 334, 335, 336, 337, 338, 339, 340, 341, 342, 343, 344, 345, 346, 347, 348, 349, 350, 351, 352, 353, 354, 355, 356, 357, 358, 359, 360, 361, 362, 363, 364, 365, 366, 367, 368, 369, 370, 371, 372, 373, 374, 375, 376, 377, 378, 379, 380, 381, 382, 383, 384, 385, 386, 387, 388, 389, 390, 391, 392, 393, 394, 395, 396, 397, 398, 399, 400]","{1: [<function rolling_mean_14 at 0x000002C5930FAA20>], 7: [<function rolling_mean_30 at 0x000002C58DBF9260>], 30: [<function expanding_mean at 0x000002C58F7A04A0>]}",lags_400_features_400,22.29617641056319,30.272785567755818,32.52394155426602,34.08088377346169,34.91292166907664,35.03433388480437,49.42116085394475,99.55154211754444,227.38041680609516,410.90489183349644,416.204174511798
LGBMRegressor,AutoDifferences(max_diffs=380) | LocalMinMaxScaler(stats_=[[-214.51499032  437.2315826 ]]),"[1, 2, 3, 4, 5, 6, 7, 8, 9, 10, 11, 12, 13, 14, 15, 16, 17, 18, 19, 20, 21, 22, 23, 24, 25, 26, 27, 28, 29, 30, 31, 32, 33, 34, 35, 36, 37, 38, 39, 40, 41, 42, 43, 44, 45, 46, 47, 48, 49, 50, 51, 52, 53, 54, 55, 56, 57, 58, 59, 60, 61, 62, 63, 64, 65, 66, 67, 68, 69, 70, 71, 72, 73, 74, 75, 76, 77, 78, 79, 80, 81, 82, 83, 84, 85, 86, 87, 88, 89, 90, 91, 92, 93, 94, 95, 96, 97, 98, 99, 100, 101, 102, 103, 104, 105, 106, 107, 108, 109, 110, 111, 112, 113, 114, 115, 116, 117, 118, 119, 120, 121, 122, 123, 124, 125, 126, 127, 128, 129, 130, 131, 132, 133, 134, 135, 136, 137, 138, 139, 140, 141, 142, 143, 144, 145, 146, 147, 148, 149, 150, 151, 152, 153, 154, 155, 156, 157, 158, 159, 160, 161, 162, 163, 164, 165, 166, 167, 168, 169, 170, 171, 172, 173, 174, 175, 176, 177, 178, 179, 180, 181, 182, 183, 184, 185, 186, 187, 188, 189, 190, 191, 192, 193, 194, 195, 196, 197, 198, 199, 200, 201, 202, 203, 204, 205, 206, 207, 208, 209, 210, 211, 212, 213, 214, 215, 216, 217, 218, 219, 220, 221, 222, 223, 224, 225, 226, 227, 228, 229, 230, 231, 232, 233, 234, 235, 236, 237, 238, 239, 240, 241, 242, 243, 244, 245, 246, 247, 248, 249, 250, 251, 252, 253, 254, 255, 256, 257, 258, 259, 260, 261, 262, 263, 264, 265, 266, 267, 268, 269, 270, 271, 272, 273, 274, 275, 276, 277, 278, 279, 280, 281, 282, 283, 284, 285, 286, 287, 288, 289, 290, 291, 292, 293, 294, 295, 296, 297, 298, 299, 300, 301, 302, 303, 304, 305, 306, 307, 308, 309, 310, 311, 312, 313, 314, 315, 316, 317, 318, 319, 320, 321, 322, 323, 324, 325, 326, 327, 328, 329, 330, 331, 332, 333, 334, 335, 336, 337, 338, 339, 340, 341, 342, 343, 344, 345, 346, 347, 348, 349, 350, 351, 352, 353, 354, 355, 356, 357, 358, 359, 360, 361, 362, 363, 364, 365, 366, 367, 368, 369, 370, 371, 372, 373, 374, 375, 376, 377, 378, 379, 380, 381, 382, 383, 384, 385, 386, 387, 388, 389, 390, 391, 392, 393, 394, 395, 396, 397, 398, 399, 400]","{1: [<function rolling_mean_14 at 0x000002C5930FAA20>], 7: [<function rolling_mean_30 at 0x000002C58DBF9260>], 30: [<function expanding_mean at 0x000002C58F7A04A0>]}",lags_400_features_400,14.952848093405708,18.522997087958604,23.07057180616764,23.35732088901705,24.48427809790718,36.672235213356416,52.56933322190872,103.66676561571353,200.77021792400723,298.6723538153265,299.77019744958096
SGD_EarlyStopping,AutoDifferences(max_diffs=380) | LocalMinMaxScaler(stats_=[[-214.51499032  437.2315826 ]]),"[1, 2, 3, 4, 5, 6, 7, 8, 9, 10, 11, 12, 13, 14, 15, 16, 17, 18, 19, 20, 21, 22, 23, 24, 25, 26, 27, 28, 29, 30, 31, 32, 33, 34, 35, 36, 37, 38, 39, 40, 41, 42, 43, 44, 45, 46, 47, 48, 49, 50, 51, 52, 53, 54, 55, 56, 57, 58, 59, 60, 61, 62, 63, 64, 65, 66, 67, 68, 69, 70, 71, 72, 73, 74, 75, 76, 77, 78, 79, 80, 81, 82, 83, 84, 85, 86, 87, 88, 89, 90, 91, 92, 93, 94, 95, 96, 97, 98, 99, 100, 101, 102, 103, 104, 105, 106, 107, 108, 109, 110, 111, 112, 113, 114, 115, 116, 117, 118, 119, 120, 121, 122, 123, 124, 125, 126, 127, 128, 129, 130, 131, 132, 133, 134, 135, 136, 137, 138, 139, 140, 141, 142, 143, 144, 145, 146, 147, 148, 149, 150, 151, 152, 153, 154, 155, 156, 157, 158, 159, 160, 161, 162, 163, 164, 165, 166, 167, 168, 169, 170, 171, 172, 173, 174, 175, 176, 177, 178, 179, 180, 181, 182, 183, 184, 185, 186, 187, 188, 189, 190, 191, 192, 193, 194, 195, 196, 197, 198, 199, 200, 201, 202, 203, 204, 205, 206, 207, 208, 209, 210, 211, 212, 213, 214, 215, 216, 217, 218, 219, 220, 221, 222, 223, 224, 225, 226, 227, 228, 229, 230, 231, 232, 233, 234, 235, 236, 237, 238, 239, 240, 241, 242, 243, 244, 245, 246, 247, 248, 249, 250, 251, 252, 253, 254, 255, 256, 257, 258, 259, 260, 261, 262, 263, 264, 265, 266, 267, 268, 269, 270, 271, 272, 273, 274, 275, 276, 277, 278, 279, 280, 281, 282, 283, 284, 285, 286, 287, 288, 289, 290, 291, 292, 293, 294, 295, 296, 297, 298, 299, 300, 301, 302, 303, 304, 305, 306, 307, 308, 309, 310, 311, 312, 313, 314, 315, 316, 317, 318, 319, 320, 321, 322, 323, 324, 325, 326, 327, 328, 329, 330, 331, 332, 333, 334, 335, 336, 337, 338, 339, 340, 341, 342, 343, 344, 345, 346, 347, 348, 349, 350, 351, 352, 353, 354, 355, 356, 357, 358, 359, 360, 361, 362, 363, 364, 365, 366, 367, 368, 369, 370, 371, 372, 373, 374, 375, 376, 377, 378, 379, 380, 381, 382, 383, 384, 385, 386, 387, 388, 389, 390, 391, 392, 393, 394, 395, 396, 397, 398, 399, 400]","{7: [RollingMean(window_size=7)], 30: [RollingMean(window_size=30)], 60: [RollingMean(window_size=60)]}",lags_400_features_400,291.95521400651484,543.4794981399286,830.4099751407929,1039.6603915939615,1154.8985793853296,1269.6647605719022,1334.9088642279035,1770.4075555687762,3380.0889719274655,6862.247658457235,7078.935954163177
SGD_ElasticNet,AutoDifferences(max_diffs=380) | LocalMinMaxScaler(stats_=[[-214.51499032  437.2315826 ]]),"[1, 2, 3, 4, 5, 6, 7, 8, 9, 10, 11, 12, 13, 14, 15, 16, 17, 18, 19, 20, 21, 22, 23, 24, 25, 26, 27, 28, 29, 30, 31, 32, 33, 34, 35, 36, 37, 38, 39, 40, 41, 42, 43, 44, 45, 46, 47, 48, 49, 50, 51, 52, 53, 54, 55, 56, 57, 58, 59, 60, 61, 62, 63, 64, 65, 66, 67, 68, 69, 70, 71, 72, 73, 74, 75, 76, 77, 78, 79, 80, 81, 82, 83, 84, 85, 86, 87, 88, 89, 90, 91, 92, 93, 94, 95, 96, 97, 98, 99, 100, 101, 102, 103, 104, 105, 106, 107, 108, 109, 110, 111, 112, 113, 114, 115, 116, 117, 118, 119, 120, 121, 122, 123, 124, 125, 126, 127, 128, 129, 130, 131, 132, 133, 134, 135, 136, 137, 138, 139, 140, 141, 142, 143, 144, 145, 146, 147, 148, 149, 150, 151, 152, 153, 154, 155, 156, 157, 158, 159, 160, 161, 162, 163, 164, 165, 166, 167, 168, 169, 170, 171, 172, 173, 174, 175, 176, 177, 178, 179, 180, 181, 182, 183, 184, 185, 186, 187, 188, 189, 190, 191, 192, 193, 194, 195, 196, 197, 198, 199, 200, 201, 202, 203, 204, 205, 206, 207, 208, 209, 210, 211, 212, 213, 214, 215, 216, 217, 218, 219, 220, 221, 222, 223, 224, 225, 226, 227, 228, 229, 230, 231, 232, 233, 234, 235, 236, 237, 238, 239, 240, 241, 242, 243, 244, 245, 246, 247, 248, 249, 250, 251, 252, 253, 254, 255, 256, 257, 258, 259, 260, 261, 262, 263, 264, 265, 266, 267, 268, 269, 270, 271, 272, 273, 274, 275, 276, 277, 278, 279, 280, 281, 282, 283, 284, 285, 286, 287, 288, 289, 290, 291, 292, 293, 294, 295, 296, 297, 298, 299, 300, 301, 302, 303, 304, 305, 306, 307, 308, 309, 310, 311, 312, 313, 314, 315, 316, 317, 318, 319, 320, 321, 322, 323, 324, 325, 326, 327, 328, 329, 330, 331, 332, 333, 334, 335, 336, 337, 338, 339, 340, 341, 342, 343, 344, 345, 346, 347, 348, 349, 350, 351, 352, 353, 354, 355, 356, 357, 358, 359, 360, 361, 362, 363, 364, 365, 366, 367, 368, 369, 370, 371, 372, 373, 374, 375, 376, 377, 378, 379, 380, 381, 382, 383, 384, 385, 386, 387, 388, 389, 390, 391, 392, 393, 394, 395, 396, 397, 398, 399, 400]","{7: [RollingMean(window_size=7)], 30: [RollingMean(window_size=30)], 60: [RollingMean(window_size=60)]}",lags_400_features_400,88.13954693061127,161.59779972293148,229.97691426547723,272.46288668534703,289.9994781021519,301.9682964087922,298.90851850504873,399.65440846230587,807.7648156966042,1718.2606839636885,1773.1516910105843
SGD_Lasso,AutoDifferences(max_diffs=380) | LocalMinMaxScaler(stats_=[[-214.51499032  437.2315826 ]]),"[1, 2, 3, 4, 5, 6, 7, 8, 9, 10, 11, 12, 13, 14, 15, 16, 17, 18, 19, 20, 21, 22, 23, 24, 25, 26, 27, 28, 29, 30, 31, 32, 33, 34, 35, 36, 37, 38, 39, 40, 41, 42, 43, 44, 45, 46, 47, 48, 49, 50, 51, 52, 53, 54, 55, 56, 57, 58, 59, 60, 61, 62, 63, 64, 65, 66, 67, 68, 69, 70, 71, 72, 73, 74, 75, 76, 77, 78, 79, 80, 81, 82, 83, 84, 85, 86, 87, 88, 89, 90, 91, 92, 93, 94, 95, 96, 97, 98, 99, 100, 101, 102, 103, 104, 105, 106, 107, 108, 109, 110, 111, 112, 113, 114, 115, 116, 117, 118, 119, 120, 121, 122, 123, 124, 125, 126, 127, 128, 129, 130, 131, 132, 133, 134, 135, 136, 137, 138, 139, 140, 141, 142, 143, 144, 145, 146, 147, 148, 149, 150, 151, 152, 153, 154, 155, 156, 157, 158, 159, 160, 161, 162, 163, 164, 165, 166, 167, 168, 169, 170, 171, 172, 173, 174, 175, 176, 177, 178, 179, 180, 181, 182, 183, 184, 185, 186, 187, 188, 189, 190, 191, 192, 193, 194, 195, 196, 197, 198, 199, 200, 201, 202, 203, 204, 205, 206, 207, 208, 209, 210, 211, 212, 213, 214, 215, 216, 217, 218, 219, 220, 221, 222, 223, 224, 225, 226, 227, 228, 229, 230, 231, 232, 233, 234, 235, 236, 237, 238, 239, 240, 241, 242, 243, 244, 245, 246, 247, 248, 249, 250, 251, 252, 253, 254, 255, 256, 257, 258, 259, 260, 261, 262, 263, 264, 265, 266, 267, 268, 269, 270, 271, 272, 273, 274, 275, 276, 277, 278, 279, 280, 281, 282, 283, 284, 285, 286, 287, 288, 289, 290, 291, 292, 293, 294, 295, 296, 297, 298, 299, 300, 301, 302, 303, 304, 305, 306, 307, 308, 309, 310, 311, 312, 313, 314, 315, 316, 317, 318, 319, 320, 321, 322, 323, 324, 325, 326, 327, 328, 329, 330, 331, 332, 333, 334, 335, 336, 337, 338, 339, 340, 341, 342, 343, 344, 345, 346, 347, 348, 349, 350, 351, 352, 353, 354, 355, 356, 357, 358, 359, 360, 361, 362, 363, 364, 365, 366, 367, 368, 369, 370, 371, 372, 373, 374, 375, 376, 377, 378, 379, 380, 381, 382, 383, 384, 385, 386, 387, 388, 389, 390, 391, 392, 393, 394, 395, 396, 397, 398, 399, 400]","{7: [RollingMean(window_size=7)], 30: [RollingMean(window_size=30)], 60: [RollingMean(window_size=60)]}",lags_400_features_400,50.7808773650817,98.8989895781705,146.15039711494,182.16096302229266,203.76966606095408,223.05698210232617,236.28431001368634,287.6699103035541,460.01705891837037,790.3513659301158,807.6335026418152
SGD_Ridge,AutoDifferences(max_diffs=380) | LocalMinMaxScaler(stats_=[[-214.51499032  437.2315826 ]]),"[1, 2, 3, 4, 5, 6, 7, 8, 9, 10, 11, 12, 13, 14, 15, 16, 17, 18, 19, 20, 21, 22, 23, 24, 25, 26, 27, 28, 29, 30, 31, 32, 33, 34, 35, 36, 37, 38, 39, 40, 41, 42, 43, 44, 45, 46, 47, 48, 49, 50, 51, 52, 53, 54, 55, 56, 57, 58, 59, 60, 61, 62, 63, 64, 65, 66, 67, 68, 69, 70, 71, 72, 73, 74, 75, 76, 77, 78, 79, 80, 81, 82, 83, 84, 85, 86, 87, 88, 89, 90, 91, 92, 93, 94, 95, 96, 97, 98, 99, 100, 101, 102, 103, 104, 105, 106, 107, 108, 109, 110, 111, 112, 113, 114, 115, 116, 117, 118, 119, 120, 121, 122, 123, 124, 125, 126, 127, 128, 129, 130, 131, 132, 133, 134, 135, 136, 137, 138, 139, 140, 141, 142, 143, 144, 145, 146, 147, 148, 149, 150, 151, 152, 153, 154, 155, 156, 157, 158, 159, 160, 161, 162, 163, 164, 165, 166, 167, 168, 169, 170, 171, 172, 173, 174, 175, 176, 177, 178, 179, 180, 181, 182, 183, 184, 185, 186, 187, 188, 189, 190, 191, 192, 193, 194, 195, 196, 197, 198, 199, 200, 201, 202, 203, 204, 205, 206, 207, 208, 209, 210, 211, 212, 213, 214, 215, 216, 217, 218, 219, 220, 221, 222, 223, 224, 225, 226, 227, 228, 229, 230, 231, 232, 233, 234, 235, 236, 237, 238, 239, 240, 241, 242, 243, 244, 245, 246, 247, 248, 249, 250, 251, 252, 253, 254, 255, 256, 257, 258, 259, 260, 261, 262, 263, 264, 265, 266, 267, 268, 269, 270, 271, 272, 273, 274, 275, 276, 277, 278, 279, 280, 281, 282, 283, 284, 285, 286, 287, 288, 289, 290, 291, 292, 293, 294, 295, 296, 297, 298, 299, 300, 301, 302, 303, 304, 305, 306, 307, 308, 309, 310, 311, 312, 313, 314, 315, 316, 317, 318, 319, 320, 321, 322, 323, 324, 325, 326, 327, 328, 329, 330, 331, 332, 333, 334, 335, 336, 337, 338, 339, 340, 341, 342, 343, 344, 345, 346, 347, 348, 349, 350, 351, 352, 353, 354, 355, 356, 357, 358, 359, 360, 361, 362, 363, 364, 365, 366, 367, 368, 369, 370, 371, 372, 373, 374, 375, 376, 377, 378, 379, 380, 381, 382, 383, 384, 385, 386, 387, 388, 389, 390, 391, 392, 393, 394, 395, 396, 397, 398, 399, 400]","{7: [RollingMean(window_size=7)], 30: [RollingMean(window_size=30)], 60: [RollingMean(window_size=60)]}",lags_400_features_400,214.09069095387926,349.2536610205656,449.7263268153928,470.0667431225713,436.59972370541584,380.7007456068745,310.47400817290065,411.22042927956903,1062.0764384614265,2590.4222023913203,2672.857945306972
SGDRegressor,AutoDifferences(max_diffs=380) | LocalMinMaxScaler(stats_=[[-214.51499032  437.2315826 ]]),"[1, 2, 3, 4, 5, 6, 7, 8, 9, 10, 11, 12, 13, 14, 15, 16, 17, 18, 19, 20, 21, 22, 23, 24, 25, 26, 27, 28, 29, 30, 31, 32, 33, 34, 35, 36, 37, 38, 39, 40, 41, 42, 43, 44, 45, 46, 47, 48, 49, 50, 51, 52, 53, 54, 55, 56, 57, 58, 59, 60, 61, 62, 63, 64, 65, 66, 67, 68, 69, 70, 71, 72, 73, 74, 75, 76, 77, 78, 79, 80, 81, 82, 83, 84, 85, 86, 87, 88, 89, 90, 91, 92, 93, 94, 95, 96, 97, 98, 99, 100, 101, 102, 103, 104, 105, 106, 107, 108, 109, 110, 111, 112, 113, 114, 115, 116, 117, 118, 119, 120, 121, 122, 123, 124, 125, 126, 127, 128, 129, 130, 131, 132, 133, 134, 135, 136, 137, 138, 139, 140, 141, 142, 143, 144, 145, 146, 147, 148, 149, 150, 151, 152, 153, 154, 155, 156, 157, 158, 159, 160, 161, 162, 163, 164, 165, 166, 167, 168, 169, 170, 171, 172, 173, 174, 175, 176, 177, 178, 179, 180, 181, 182, 183, 184, 185, 186, 187, 188, 189, 190, 191, 192, 193, 194, 195, 196, 197, 198, 199, 200, 201, 202, 203, 204, 205, 206, 207, 208, 209, 210, 211, 212, 213, 214, 215, 216, 217, 218, 219, 220, 221, 222, 223, 224, 225, 226, 227, 228, 229, 230, 231, 232, 233, 234, 235, 236, 237, 238, 239, 240, 241, 242, 243, 244, 245, 246, 247, 248, 249, 250, 251, 252, 253, 254, 255, 256, 257, 258, 259, 260, 261, 262, 263, 264, 265, 266, 267, 268, 269, 270, 271, 272, 273, 274, 275, 276, 277, 278, 279, 280, 281, 282, 283, 284, 285, 286, 287, 288, 289, 290, 291, 292, 293, 294, 295, 296, 297, 298, 299, 300, 301, 302, 303, 304, 305, 306, 307, 308, 309, 310, 311, 312, 313, 314, 315, 316, 317, 318, 319, 320, 321, 322, 323, 324, 325, 326, 327, 328, 329, 330, 331, 332, 333, 334, 335, 336, 337, 338, 339, 340, 341, 342, 343, 344, 345, 346, 347, 348, 349, 350, 351, 352, 353, 354, 355, 356, 357, 358, 359, 360, 361, 362, 363, 364, 365, 366, 367, 368, 369, 370, 371, 372, 373, 374, 375, 376, 377, 378, 379, 380, 381, 382, 383, 384, 385, 386, 387, 388, 389, 390, 391, 392, 393, 394, 395, 396, 397, 398, 399, 400]","{7: [RollingMean(window_size=7)], 30: [RollingMean(window_size=30)], 60: [RollingMean(window_size=60)]}",lags_400_features_400,70.0652968892699,129.00596061658925,181.9888605899599,215.06069735105217,228.96999914418365,237.90547917295672,236.1004367461257,316.2055090575605,639.296592231068,1363.9550892002264,1407.7768587590692
XGBRegressor,AutoDifferences(max_diffs=380) | LocalMinMaxScaler(stats_=[[-214.51499032  437.2315826 ]]),"[1, 2, 3, 4, 5, 6, 7, 8, 9, 10, 11, 12, 13, 14, 15, 16, 17, 18, 19, 20, 21, 22, 23, 24, 25, 26, 27, 28, 29, 30, 31, 32, 33, 34, 35, 36, 37, 38, 39, 40, 41, 42, 43, 44, 45, 46, 47, 48, 49, 50, 51, 52, 53, 54, 55, 56, 57, 58, 59, 60, 61, 62, 63, 64, 65, 66, 67, 68, 69, 70, 71, 72, 73, 74, 75, 76, 77, 78, 79, 80, 81, 82, 83, 84, 85, 86, 87, 88, 89, 90, 91, 92, 93, 94, 95, 96, 97, 98, 99, 100, 101, 102, 103, 104, 105, 106, 107, 108, 109, 110, 111, 112, 113, 114, 115, 116, 117, 118, 119, 120, 121, 122, 123, 124, 125, 126, 127, 128, 129, 130, 131, 132, 133, 134, 135, 136, 137, 138, 139, 140, 141, 142, 143, 144, 145, 146, 147, 148, 149, 150, 151, 152, 153, 154, 155, 156, 157, 158, 159, 160, 161, 162, 163, 164, 165, 166, 167, 168, 169, 170, 171, 172, 173, 174, 175, 176, 177, 178, 179, 180, 181, 182, 183, 184, 185, 186, 187, 188, 189, 190, 191, 192, 193, 194, 195, 196, 197, 198, 199, 200, 201, 202, 203, 204, 205, 206, 207, 208, 209, 210, 211, 212, 213, 214, 215, 216, 217, 218, 219, 220, 221, 222, 223, 224, 225, 226, 227, 228, 229, 230, 231, 232, 233, 234, 235, 236, 237, 238, 239, 240, 241, 242, 243, 244, 245, 246, 247, 248, 249, 250, 251, 252, 253, 254, 255, 256, 257, 258, 259, 260, 261, 262, 263, 264, 265, 266, 267, 268, 269, 270, 271, 272, 273, 274, 275, 276, 277, 278, 279, 280, 281, 282, 283, 284, 285, 286, 287, 288, 289, 290, 291, 292, 293, 294, 295, 296, 297, 298, 299, 300, 301, 302, 303, 304, 305, 306, 307, 308, 309, 310, 311, 312, 313, 314, 315, 316, 317, 318, 319, 320, 321, 322, 323, 324, 325, 326, 327, 328, 329, 330, 331, 332, 333, 334, 335, 336, 337, 338, 339, 340, 341, 342, 343, 344, 345, 346, 347, 348, 349, 350, 351, 352, 353, 354, 355, 356, 357, 358, 359, 360, 361, 362, 363, 364, 365, 366, 367, 368, 369, 370, 371, 372, 373, 374, 375, 376, 377, 378, 379, 380, 381, 382, 383, 384, 385, 386, 387, 388, 389, 390, 391, 392, 393, 394, 395, 396, 397, 398, 399, 400]","{7: [RollingMean(window_size=7)], 30: [RollingMean(window_size=30)], 60: [RollingMean(window_size=60)]}",lags_400_features_400,40.009374406593906,50.20645764581373,44.57111798832691,41.022332795790334,39.43519856276952,63.30129575104354,76.6277404756595,82.22725055643897,151.73146543810427,226.14353849750876,226.3764469080487
LGBMRegressor,AutoDifferences(max_diffs=380) | LocalMinMaxScaler(stats_=[[-214.51499032  437.2315826 ]]),"[1, 2, 3, 4, 5, 6, 7, 8, 9, 10, 11, 12, 13, 14, 15, 16, 17, 18, 19, 20, 21, 22, 23, 24, 25, 26, 27, 28, 29, 30, 31, 32, 33, 34, 35, 36, 37, 38, 39, 40, 41, 42, 43, 44, 45, 46, 47, 48, 49, 50, 51, 52, 53, 54, 55, 56, 57, 58, 59, 60, 61, 62, 63, 64, 65, 66, 67, 68, 69, 70, 71, 72, 73, 74, 75, 76, 77, 78, 79, 80, 81, 82, 83, 84, 85, 86, 87, 88, 89, 90, 91, 92, 93, 94, 95, 96, 97, 98, 99, 100, 101, 102, 103, 104, 105, 106, 107, 108, 109, 110, 111, 112, 113, 114, 115, 116, 117, 118, 119, 120, 121, 122, 123, 124, 125, 126, 127, 128, 129, 130, 131, 132, 133, 134, 135, 136, 137, 138, 139, 140, 141, 142, 143, 144, 145, 146, 147, 148, 149, 150, 151, 152, 153, 154, 155, 156, 157, 158, 159, 160, 161, 162, 163, 164, 165, 166, 167, 168, 169, 170, 171, 172, 173, 174, 175, 176, 177, 178, 179, 180, 181, 182, 183, 184, 185, 186, 187, 188, 189, 190, 191, 192, 193, 194, 195, 196, 197, 198, 199, 200, 201, 202, 203, 204, 205, 206, 207, 208, 209, 210, 211, 212, 213, 214, 215, 216, 217, 218, 219, 220, 221, 222, 223, 224, 225, 226, 227, 228, 229, 230, 231, 232, 233, 234, 235, 236, 237, 238, 239, 240, 241, 242, 243, 244, 245, 246, 247, 248, 249, 250, 251, 252, 253, 254, 255, 256, 257, 258, 259, 260, 261, 262, 263, 264, 265, 266, 267, 268, 269, 270, 271, 272, 273, 274, 275, 276, 277, 278, 279, 280, 281, 282, 283, 284, 285, 286, 287, 288, 289, 290, 291, 292, 293, 294, 295, 296, 297, 298, 299, 300, 301, 302, 303, 304, 305, 306, 307, 308, 309, 310, 311, 312, 313, 314, 315, 316, 317, 318, 319, 320, 321, 322, 323, 324, 325, 326, 327, 328, 329, 330, 331, 332, 333, 334, 335, 336, 337, 338, 339, 340, 341, 342, 343, 344, 345, 346, 347, 348, 349, 350, 351, 352, 353, 354, 355, 356, 357, 358, 359, 360, 361, 362, 363, 364, 365, 366, 367, 368, 369, 370, 371, 372, 373, 374, 375, 376, 377, 378, 379, 380, 381, 382, 383, 384, 385, 386, 387, 388, 389, 390, 391, 392, 393, 394, 395, 396, 397, 398, 399, 400]","{7: [RollingMean(window_size=7)], 30: [RollingMean(window_size=30)], 60: [RollingMean(window_size=60)]}",lags_400_features_400,41.51299979439039,35.63006073163872,54.57596189199981,76.34178441662786,90.69057527127067,109.34394038399378,128.48153280425575,235.31040524847805,486.3872975488456,843.6388575554216,858.1027314868222
SGD_EarlyStopping,AutoDifferences(max_diffs=380) | LocalMinMaxScaler(stats_=[[-214.51499032  437.2315826 ]]),"[1, 2, 3, 4, 5, 6, 7, 8, 9, 10, 11, 12, 13, 14, 15, 16, 17, 18, 19, 20, 21, 22, 23, 24, 25, 26, 27, 28, 29, 30, 31, 32, 33, 34, 35, 36, 37, 38, 39, 40, 41, 42, 43, 44, 45, 46, 47, 48, 49, 50, 51, 52, 53, 54, 55, 56, 57, 58, 59, 60, 61, 62, 63, 64, 65, 66, 67, 68, 69, 70, 71, 72, 73, 74, 75, 76, 77, 78, 79, 80, 81, 82, 83, 84, 85, 86, 87, 88, 89, 90, 91, 92, 93, 94, 95, 96, 97, 98, 99, 100, 101, 102, 103, 104, 105, 106, 107, 108, 109, 110, 111, 112, 113, 114, 115, 116, 117, 118, 119, 120, 121, 122, 123, 124, 125, 126, 127, 128, 129, 130, 131, 132, 133, 134, 135, 136, 137, 138, 139, 140, 141, 142, 143, 144, 145, 146, 147, 148, 149, 150, 151, 152, 153, 154, 155, 156, 157, 158, 159, 160, 161, 162, 163, 164, 165, 166, 167, 168, 169, 170, 171, 172, 173, 174, 175, 176, 177, 178, 179, 180, 181, 182, 183, 184, 185, 186, 187, 188, 189, 190, 191, 192, 193, 194, 195, 196, 197, 198, 199, 200, 201, 202, 203, 204, 205, 206, 207, 208, 209, 210, 211, 212, 213, 214, 215, 216, 217, 218, 219, 220, 221, 222, 223, 224, 225, 226, 227, 228, 229, 230, 231, 232, 233, 234, 235, 236, 237, 238, 239, 240, 241, 242, 243, 244, 245, 246, 247, 248, 249, 250, 251, 252, 253, 254, 255, 256, 257, 258, 259, 260, 261, 262, 263, 264, 265, 266, 267, 268, 269, 270, 271, 272, 273, 274, 275, 276, 277, 278, 279, 280, 281, 282, 283, 284, 285, 286, 287, 288, 289, 290, 291, 292, 293, 294, 295, 296, 297, 298, 299, 300, 301, 302, 303, 304, 305, 306, 307, 308, 309, 310, 311, 312, 313, 314, 315, 316, 317, 318, 319, 320, 321, 322, 323, 324, 325, 326, 327, 328, 329, 330, 331, 332, 333, 334, 335, 336, 337, 338, 339, 340, 341, 342, 343, 344, 345, 346, 347, 348, 349, 350, 351, 352, 353, 354, 355, 356, 357, 358, 359, 360, 361, 362, 363, 364, 365, 366, 367, 368, 369, 370, 371, 372, 373, 374, 375, 376, 377, 378, 379, 380, 381, 382, 383, 384, 385, 386, 387, 388, 389, 390, 391, 392, 393, 394, 395, 396, 397, 398, 399, 400]","{7: [RollingMean(window_size=7), RollingStd(window_size=7)], 30: [RollingMean(window_size=30)], 60: [ExpandingMean()], 14: [ExponentiallyWeightedMean(alpha=0.3)]}",lags_400_features_400,293.8379721296443,547.5513863138825,837.0180374497133,1047.9686648502516,1163.9892935044327,1279.4642696119895,1344.8338318819237,1783.2637634563941,3404.3128177329863,6910.211711184343,7128.265179046775
SGD_ElasticNet,AutoDifferences(max_diffs=380) | LocalMinMaxScaler(stats_=[[-214.51499032  437.2315826 ]]),"[1, 2, 3, 4, 5, 6, 7, 8, 9, 10, 11, 12, 13, 14, 15, 16, 17, 18, 19, 20, 21, 22, 23, 24, 25, 26, 27, 28, 29, 30, 31, 32, 33, 34, 35, 36, 37, 38, 39, 40, 41, 42, 43, 44, 45, 46, 47, 48, 49, 50, 51, 52, 53, 54, 55, 56, 57, 58, 59, 60, 61, 62, 63, 64, 65, 66, 67, 68, 69, 70, 71, 72, 73, 74, 75, 76, 77, 78, 79, 80, 81, 82, 83, 84, 85, 86, 87, 88, 89, 90, 91, 92, 93, 94, 95, 96, 97, 98, 99, 100, 101, 102, 103, 104, 105, 106, 107, 108, 109, 110, 111, 112, 113, 114, 115, 116, 117, 118, 119, 120, 121, 122, 123, 124, 125, 126, 127, 128, 129, 130, 131, 132, 133, 134, 135, 136, 137, 138, 139, 140, 141, 142, 143, 144, 145, 146, 147, 148, 149, 150, 151, 152, 153, 154, 155, 156, 157, 158, 159, 160, 161, 162, 163, 164, 165, 166, 167, 168, 169, 170, 171, 172, 173, 174, 175, 176, 177, 178, 179, 180, 181, 182, 183, 184, 185, 186, 187, 188, 189, 190, 191, 192, 193, 194, 195, 196, 197, 198, 199, 200, 201, 202, 203, 204, 205, 206, 207, 208, 209, 210, 211, 212, 213, 214, 215, 216, 217, 218, 219, 220, 221, 222, 223, 224, 225, 226, 227, 228, 229, 230, 231, 232, 233, 234, 235, 236, 237, 238, 239, 240, 241, 242, 243, 244, 245, 246, 247, 248, 249, 250, 251, 252, 253, 254, 255, 256, 257, 258, 259, 260, 261, 262, 263, 264, 265, 266, 267, 268, 269, 270, 271, 272, 273, 274, 275, 276, 277, 278, 279, 280, 281, 282, 283, 284, 285, 286, 287, 288, 289, 290, 291, 292, 293, 294, 295, 296, 297, 298, 299, 300, 301, 302, 303, 304, 305, 306, 307, 308, 309, 310, 311, 312, 313, 314, 315, 316, 317, 318, 319, 320, 321, 322, 323, 324, 325, 326, 327, 328, 329, 330, 331, 332, 333, 334, 335, 336, 337, 338, 339, 340, 341, 342, 343, 344, 345, 346, 347, 348, 349, 350, 351, 352, 353, 354, 355, 356, 357, 358, 359, 360, 361, 362, 363, 364, 365, 366, 367, 368, 369, 370, 371, 372, 373, 374, 375, 376, 377, 378, 379, 380, 381, 382, 383, 384, 385, 386, 387, 388, 389, 390, 391, 392, 393, 394, 395, 396, 397, 398, 399, 400]","{7: [RollingMean(window_size=7), RollingStd(window_size=7)], 30: [RollingMean(window_size=30)], 60: [ExpandingMean()], 14: [ExponentiallyWeightedMean(alpha=0.3)]}",lags_400_features_400,88.20451188458622,161.82325273826092,230.37992778719874,272.95117237948983,290.4928430912045,302.44558908512323,299.3071094420126,400.19195598131034,808.959743222567,1720.4394209533052,1775.3541765176717
SGD_Lasso,AutoDifferences(max_diffs=380) | LocalMinMaxScaler(stats_=[[-214.51499032  437.2315826 ]]),"[1, 2, 3, 4, 5, 6, 7, 8, 9, 10, 11, 12, 13, 14, 15, 16, 17, 18, 19, 20, 21, 22, 23, 24, 25, 26, 27, 28, 29, 30, 31, 32, 33, 34, 35, 36, 37, 38, 39, 40, 41, 42, 43, 44, 45, 46, 47, 48, 49, 50, 51, 52, 53, 54, 55, 56, 57, 58, 59, 60, 61, 62, 63, 64, 65, 66, 67, 68, 69, 70, 71, 72, 73, 74, 75, 76, 77, 78, 79, 80, 81, 82, 83, 84, 85, 86, 87, 88, 89, 90, 91, 92, 93, 94, 95, 96, 97, 98, 99, 100, 101, 102, 103, 104, 105, 106, 107, 108, 109, 110, 111, 112, 113, 114, 115, 116, 117, 118, 119, 120, 121, 122, 123, 124, 125, 126, 127, 128, 129, 130, 131, 132, 133, 134, 135, 136, 137, 138, 139, 140, 141, 142, 143, 144, 145, 146, 147, 148, 149, 150, 151, 152, 153, 154, 155, 156, 157, 158, 159, 160, 161, 162, 163, 164, 165, 166, 167, 168, 169, 170, 171, 172, 173, 174, 175, 176, 177, 178, 179, 180, 181, 182, 183, 184, 185, 186, 187, 188, 189, 190, 191, 192, 193, 194, 195, 196, 197, 198, 199, 200, 201, 202, 203, 204, 205, 206, 207, 208, 209, 210, 211, 212, 213, 214, 215, 216, 217, 218, 219, 220, 221, 222, 223, 224, 225, 226, 227, 228, 229, 230, 231, 232, 233, 234, 235, 236, 237, 238, 239, 240, 241, 242, 243, 244, 245, 246, 247, 248, 249, 250, 251, 252, 253, 254, 255, 256, 257, 258, 259, 260, 261, 262, 263, 264, 265, 266, 267, 268, 269, 270, 271, 272, 273, 274, 275, 276, 277, 278, 279, 280, 281, 282, 283, 284, 285, 286, 287, 288, 289, 290, 291, 292, 293, 294, 295, 296, 297, 298, 299, 300, 301, 302, 303, 304, 305, 306, 307, 308, 309, 310, 311, 312, 313, 314, 315, 316, 317, 318, 319, 320, 321, 322, 323, 324, 325, 326, 327, 328, 329, 330, 331, 332, 333, 334, 335, 336, 337, 338, 339, 340, 341, 342, 343, 344, 345, 346, 347, 348, 349, 350, 351, 352, 353, 354, 355, 356, 357, 358, 359, 360, 361, 362, 363, 364, 365, 366, 367, 368, 369, 370, 371, 372, 373, 374, 375, 376, 377, 378, 379, 380, 381, 382, 383, 384, 385, 386, 387, 388, 389, 390, 391, 392, 393, 394, 395, 396, 397, 398, 399, 400]","{7: [RollingMean(window_size=7), RollingStd(window_size=7)], 30: [RollingMean(window_size=30)], 60: [ExpandingMean()], 14: [ExponentiallyWeightedMean(alpha=0.3)]}",lags_400_features_400,50.7808773650817,98.8989895781705,146.15039711494,182.16096302229266,203.76966606095408,223.05698210232617,236.28431001368634,287.6699103035541,460.01705891837037,790.3513659301158,807.6335026418152
SGD_Ridge,AutoDifferences(max_diffs=380) | LocalMinMaxScaler(stats_=[[-214.51499032  437.2315826 ]]),"[1, 2, 3, 4, 5, 6, 7, 8, 9, 10, 11, 12, 13, 14, 15, 16, 17, 18, 19, 20, 21, 22, 23, 24, 25, 26, 27, 28, 29, 30, 31, 32, 33, 34, 35, 36, 37, 38, 39, 40, 41, 42, 43, 44, 45, 46, 47, 48, 49, 50, 51, 52, 53, 54, 55, 56, 57, 58, 59, 60, 61, 62, 63, 64, 65, 66, 67, 68, 69, 70, 71, 72, 73, 74, 75, 76, 77, 78, 79, 80, 81, 82, 83, 84, 85, 86, 87, 88, 89, 90, 91, 92, 93, 94, 95, 96, 97, 98, 99, 100, 101, 102, 103, 104, 105, 106, 107, 108, 109, 110, 111, 112, 113, 114, 115, 116, 117, 118, 119, 120, 121, 122, 123, 124, 125, 126, 127, 128, 129, 130, 131, 132, 133, 134, 135, 136, 137, 138, 139, 140, 141, 142, 143, 144, 145, 146, 147, 148, 149, 150, 151, 152, 153, 154, 155, 156, 157, 158, 159, 160, 161, 162, 163, 164, 165, 166, 167, 168, 169, 170, 171, 172, 173, 174, 175, 176, 177, 178, 179, 180, 181, 182, 183, 184, 185, 186, 187, 188, 189, 190, 191, 192, 193, 194, 195, 196, 197, 198, 199, 200, 201, 202, 203, 204, 205, 206, 207, 208, 209, 210, 211, 212, 213, 214, 215, 216, 217, 218, 219, 220, 221, 222, 223, 224, 225, 226, 227, 228, 229, 230, 231, 232, 233, 234, 235, 236, 237, 238, 239, 240, 241, 242, 243, 244, 245, 246, 247, 248, 249, 250, 251, 252, 253, 254, 255, 256, 257, 258, 259, 260, 261, 262, 263, 264, 265, 266, 267, 268, 269, 270, 271, 272, 273, 274, 275, 276, 277, 278, 279, 280, 281, 282, 283, 284, 285, 286, 287, 288, 289, 290, 291, 292, 293, 294, 295, 296, 297, 298, 299, 300, 301, 302, 303, 304, 305, 306, 307, 308, 309, 310, 311, 312, 313, 314, 315, 316, 317, 318, 319, 320, 321, 322, 323, 324, 325, 326, 327, 328, 329, 330, 331, 332, 333, 334, 335, 336, 337, 338, 339, 340, 341, 342, 343, 344, 345, 346, 347, 348, 349, 350, 351, 352, 353, 354, 355, 356, 357, 358, 359, 360, 361, 362, 363, 364, 365, 366, 367, 368, 369, 370, 371, 372, 373, 374, 375, 376, 377, 378, 379, 380, 381, 382, 383, 384, 385, 386, 387, 388, 389, 390, 391, 392, 393, 394, 395, 396, 397, 398, 399, 400]","{7: [RollingMean(window_size=7), RollingStd(window_size=7)], 30: [RollingMean(window_size=30)], 60: [ExpandingMean()], 14: [ExponentiallyWeightedMean(alpha=0.3)]}",lags_400_features_400,214.21177803844617,349.7775237480078,450.6716688244625,471.2140982839134,437.77543636705525,381.8448027525428,311.22231617398353,412.5497782284353,1065.4663521995205,2596.648445651971,2679.174017102158
SGDRegressor,AutoDifferences(max_diffs=380) | LocalMinMaxScaler(stats_=[[-214.51499032  437.2315826 ]]),"[1, 2, 3, 4, 5, 6, 7, 8, 9, 10, 11, 12, 13, 14, 15, 16, 17, 18, 19, 20, 21, 22, 23, 24, 25, 26, 27, 28, 29, 30, 31, 32, 33, 34, 35, 36, 37, 38, 39, 40, 41, 42, 43, 44, 45, 46, 47, 48, 49, 50, 51, 52, 53, 54, 55, 56, 57, 58, 59, 60, 61, 62, 63, 64, 65, 66, 67, 68, 69, 70, 71, 72, 73, 74, 75, 76, 77, 78, 79, 80, 81, 82, 83, 84, 85, 86, 87, 88, 89, 90, 91, 92, 93, 94, 95, 96, 97, 98, 99, 100, 101, 102, 103, 104, 105, 106, 107, 108, 109, 110, 111, 112, 113, 114, 115, 116, 117, 118, 119, 120, 121, 122, 123, 124, 125, 126, 127, 128, 129, 130, 131, 132, 133, 134, 135, 136, 137, 138, 139, 140, 141, 142, 143, 144, 145, 146, 147, 148, 149, 150, 151, 152, 153, 154, 155, 156, 157, 158, 159, 160, 161, 162, 163, 164, 165, 166, 167, 168, 169, 170, 171, 172, 173, 174, 175, 176, 177, 178, 179, 180, 181, 182, 183, 184, 185, 186, 187, 188, 189, 190, 191, 192, 193, 194, 195, 196, 197, 198, 199, 200, 201, 202, 203, 204, 205, 206, 207, 208, 209, 210, 211, 212, 213, 214, 215, 216, 217, 218, 219, 220, 221, 222, 223, 224, 225, 226, 227, 228, 229, 230, 231, 232, 233, 234, 235, 236, 237, 238, 239, 240, 241, 242, 243, 244, 245, 246, 247, 248, 249, 250, 251, 252, 253, 254, 255, 256, 257, 258, 259, 260, 261, 262, 263, 264, 265, 266, 267, 268, 269, 270, 271, 272, 273, 274, 275, 276, 277, 278, 279, 280, 281, 282, 283, 284, 285, 286, 287, 288, 289, 290, 291, 292, 293, 294, 295, 296, 297, 298, 299, 300, 301, 302, 303, 304, 305, 306, 307, 308, 309, 310, 311, 312, 313, 314, 315, 316, 317, 318, 319, 320, 321, 322, 323, 324, 325, 326, 327, 328, 329, 330, 331, 332, 333, 334, 335, 336, 337, 338, 339, 340, 341, 342, 343, 344, 345, 346, 347, 348, 349, 350, 351, 352, 353, 354, 355, 356, 357, 358, 359, 360, 361, 362, 363, 364, 365, 366, 367, 368, 369, 370, 371, 372, 373, 374, 375, 376, 377, 378, 379, 380, 381, 382, 383, 384, 385, 386, 387, 388, 389, 390, 391, 392, 393, 394, 395, 396, 397, 398, 399, 400]","{7: [RollingMean(window_size=7), RollingStd(window_size=7)], 30: [RollingMean(window_size=30)], 60: [ExpandingMean()], 14: [ExponentiallyWeightedMean(alpha=0.3)]}",lags_400_features_400,70.6540438489186,130.24995751564092,183.90716508694086,217.34451283336747,231.34358689575834,240.31133143451777,238.3167146181263,319.2372862634454,645.9535024094225,1378.376034871074,1422.6358116525614
XGBRegressor,AutoDifferences(max_diffs=380) | LocalMinMaxScaler(stats_=[[-214.51499032  437.2315826 ]]),"[1, 2, 3, 4, 5, 6, 7, 8, 9, 10, 11, 12, 13, 14, 15, 16, 17, 18, 19, 20, 21, 22, 23, 24, 25, 26, 27, 28, 29, 30, 31, 32, 33, 34, 35, 36, 37, 38, 39, 40, 41, 42, 43, 44, 45, 46, 47, 48, 49, 50, 51, 52, 53, 54, 55, 56, 57, 58, 59, 60, 61, 62, 63, 64, 65, 66, 67, 68, 69, 70, 71, 72, 73, 74, 75, 76, 77, 78, 79, 80, 81, 82, 83, 84, 85, 86, 87, 88, 89, 90, 91, 92, 93, 94, 95, 96, 97, 98, 99, 100, 101, 102, 103, 104, 105, 106, 107, 108, 109, 110, 111, 112, 113, 114, 115, 116, 117, 118, 119, 120, 121, 122, 123, 124, 125, 126, 127, 128, 129, 130, 131, 132, 133, 134, 135, 136, 137, 138, 139, 140, 141, 142, 143, 144, 145, 146, 147, 148, 149, 150, 151, 152, 153, 154, 155, 156, 157, 158, 159, 160, 161, 162, 163, 164, 165, 166, 167, 168, 169, 170, 171, 172, 173, 174, 175, 176, 177, 178, 179, 180, 181, 182, 183, 184, 185, 186, 187, 188, 189, 190, 191, 192, 193, 194, 195, 196, 197, 198, 199, 200, 201, 202, 203, 204, 205, 206, 207, 208, 209, 210, 211, 212, 213, 214, 215, 216, 217, 218, 219, 220, 221, 222, 223, 224, 225, 226, 227, 228, 229, 230, 231, 232, 233, 234, 235, 236, 237, 238, 239, 240, 241, 242, 243, 244, 245, 246, 247, 248, 249, 250, 251, 252, 253, 254, 255, 256, 257, 258, 259, 260, 261, 262, 263, 264, 265, 266, 267, 268, 269, 270, 271, 272, 273, 274, 275, 276, 277, 278, 279, 280, 281, 282, 283, 284, 285, 286, 287, 288, 289, 290, 291, 292, 293, 294, 295, 296, 297, 298, 299, 300, 301, 302, 303, 304, 305, 306, 307, 308, 309, 310, 311, 312, 313, 314, 315, 316, 317, 318, 319, 320, 321, 322, 323, 324, 325, 326, 327, 328, 329, 330, 331, 332, 333, 334, 335, 336, 337, 338, 339, 340, 341, 342, 343, 344, 345, 346, 347, 348, 349, 350, 351, 352, 353, 354, 355, 356, 357, 358, 359, 360, 361, 362, 363, 364, 365, 366, 367, 368, 369, 370, 371, 372, 373, 374, 375, 376, 377, 378, 379, 380, 381, 382, 383, 384, 385, 386, 387, 388, 389, 390, 391, 392, 393, 394, 395, 396, 397, 398, 399, 400]","{7: [RollingMean(window_size=7), RollingStd(window_size=7)], 30: [RollingMean(window_size=30)], 60: [ExpandingMean()], 14: [ExponentiallyWeightedMean(alpha=0.3)]}",lags_400_features_400,29.025017872388208,42.59607032340475,40.483122575772775,42.21158989938953,41.037688884873276,58.778306605213984,68.87714227105344,71.63960265653166,133.41174675953084,254.5196087282784,259.77648310521494
LGBMRegressor,AutoDifferences(max_diffs=380) | LocalMinMaxScaler(stats_=[[-214.51499032  437.2315826 ]]),"[1, 2, 3, 4, 5, 6, 7, 8, 9, 10, 11, 12, 13, 14, 15, 16, 17, 18, 19, 20, 21, 22, 23, 24, 25, 26, 27, 28, 29, 30, 31, 32, 33, 34, 35, 36, 37, 38, 39, 40, 41, 42, 43, 44, 45, 46, 47, 48, 49, 50, 51, 52, 53, 54, 55, 56, 57, 58, 59, 60, 61, 62, 63, 64, 65, 66, 67, 68, 69, 70, 71, 72, 73, 74, 75, 76, 77, 78, 79, 80, 81, 82, 83, 84, 85, 86, 87, 88, 89, 90, 91, 92, 93, 94, 95, 96, 97, 98, 99, 100, 101, 102, 103, 104, 105, 106, 107, 108, 109, 110, 111, 112, 113, 114, 115, 116, 117, 118, 119, 120, 121, 122, 123, 124, 125, 126, 127, 128, 129, 130, 131, 132, 133, 134, 135, 136, 137, 138, 139, 140, 141, 142, 143, 144, 145, 146, 147, 148, 149, 150, 151, 152, 153, 154, 155, 156, 157, 158, 159, 160, 161, 162, 163, 164, 165, 166, 167, 168, 169, 170, 171, 172, 173, 174, 175, 176, 177, 178, 179, 180, 181, 182, 183, 184, 185, 186, 187, 188, 189, 190, 191, 192, 193, 194, 195, 196, 197, 198, 199, 200, 201, 202, 203, 204, 205, 206, 207, 208, 209, 210, 211, 212, 213, 214, 215, 216, 217, 218, 219, 220, 221, 222, 223, 224, 225, 226, 227, 228, 229, 230, 231, 232, 233, 234, 235, 236, 237, 238, 239, 240, 241, 242, 243, 244, 245, 246, 247, 248, 249, 250, 251, 252, 253, 254, 255, 256, 257, 258, 259, 260, 261, 262, 263, 264, 265, 266, 267, 268, 269, 270, 271, 272, 273, 274, 275, 276, 277, 278, 279, 280, 281, 282, 283, 284, 285, 286, 287, 288, 289, 290, 291, 292, 293, 294, 295, 296, 297, 298, 299, 300, 301, 302, 303, 304, 305, 306, 307, 308, 309, 310, 311, 312, 313, 314, 315, 316, 317, 318, 319, 320, 321, 322, 323, 324, 325, 326, 327, 328, 329, 330, 331, 332, 333, 334, 335, 336, 337, 338, 339, 340, 341, 342, 343, 344, 345, 346, 347, 348, 349, 350, 351, 352, 353, 354, 355, 356, 357, 358, 359, 360, 361, 362, 363, 364, 365, 366, 367, 368, 369, 370, 371, 372, 373, 374, 375, 376, 377, 378, 379, 380, 381, 382, 383, 384, 385, 386, 387, 388, 389, 390, 391, 392, 393, 394, 395, 396, 397, 398, 399, 400]","{7: [RollingMean(window_size=7), RollingStd(window_size=7)], 30: [RollingMean(window_size=30)], 60: [ExpandingMean()], 14: [ExponentiallyWeightedMean(alpha=0.3)]}",lags_400_features_400,36.923807693727575,52.10776100231415,70.9327322990931,82.25834135338992,88.47378559580379,109.23872362583371,155.1135952441784,353.90237257253136,910.6007108061419,1862.1048401622363,1905.4456669852698
SGD_EarlyStopping,"AutoSeasonalDifferences(max_diffs=380, n_seasons=10, season_length=267) | LocalStandardScaler(stats_=[[47.42372721 38.3630083 ]])","[1, 2, 3, 4, 5, 6, 7, 8, 9, 10, 11, 12, 13, 14, 15, 16, 17, 18, 19, 20, 21, 22, 23, 24, 25, 26, 27, 28, 29, 30, 31, 32, 33, 34, 35, 36, 37, 38, 39, 40, 41, 42, 43, 44, 45, 46, 47, 48, 49, 50, 51, 52, 53, 54, 55, 56, 57, 58, 59, 60, 61, 62, 63, 64, 65, 66, 67, 68, 69, 70, 71, 72, 73, 74, 75, 76, 77, 78, 79, 80, 81, 82, 83, 84, 85, 86, 87, 88, 89, 90, 91, 92, 93, 94, 95, 96, 97, 98, 99, 100, 101, 102, 103, 104, 105, 106, 107, 108, 109, 110, 111, 112, 113, 114, 115, 116, 117, 118, 119, 120, 121, 122, 123, 124, 125, 126, 127, 128, 129, 130, 131, 132, 133, 134, 135, 136, 137, 138, 139, 140, 141, 142, 143, 144, 145, 146, 147, 148, 149, 150, 151, 152, 153, 154, 155, 156, 157, 158, 159, 160, 161, 162, 163, 164, 165, 166, 167, 168, 169, 170, 171, 172, 173, 174, 175, 176, 177, 178, 179, 180, 181, 182, 183, 184, 185, 186, 187, 188, 189, 190, 191, 192, 193, 194, 195, 196, 197, 198, 199, 200, 201, 202, 203, 204, 205, 206, 207, 208, 209, 210, 211, 212, 213, 214, 215, 216, 217, 218, 219, 220, 221, 222, 223, 224, 225, 226, 227, 228, 229, 230, 231, 232, 233, 234, 235, 236, 237, 238, 239, 240, 241, 242, 243, 244, 245, 246, 247, 248, 249, 250, 251, 252, 253, 254, 255, 256, 257, 258, 259, 260, 261, 262, 263, 264, 265, 266, 267, 268, 269, 270, 271, 272, 273, 274, 275, 276, 277, 278, 279, 280, 281, 282, 283, 284, 285, 286, 287, 288, 289, 290, 291, 292, 293, 294, 295, 296, 297, 298, 299, 300, 301, 302, 303, 304, 305, 306, 307, 308, 309, 310, 311, 312, 313, 314, 315, 316, 317, 318, 319, 320, 321, 322, 323, 324, 325, 326, 327, 328, 329, 330, 331, 332, 333, 334, 335, 336, 337, 338, 339, 340, 341, 342, 343, 344, 345, 346, 347, 348, 349, 350, 351, 352, 353, 354, 355, 356, 357, 358, 359, 360, 361, 362, 363, 364, 365, 366, 367, 368, 369, 370, 371, 372, 373, 374, 375, 376, 377, 378, 379, 380, 381, 382, 383, 384, 385, 386, 387, 388, 389, 390, 391, 392, 393, 394, 395, 396, 397, 398, 399, 400]","{1: [<function expanding_mean at 0x000002C58F7A04A0>], 7: [<function rolling_mean_14 at 0x000002C5930FAA20>], 30: [<function expanding_mean at 0x000002C58F7A04A0>]}",lags_400_features_400,57.193856170842814,67.55525799654384,80.26062878492594,81.57597716869032,77.47317035607061,78.73601996020473,80.17457704498324,93.18994745184142,122.69079682172742,148.79355645455234,148.41034075384837
SGD_ElasticNet,"AutoSeasonalDifferences(max_diffs=380, n_seasons=10, season_length=267) | LocalStandardScaler(stats_=[[47.42372721 38.3630083 ]])","[1, 2, 3, 4, 5, 6, 7, 8, 9, 10, 11, 12, 13, 14, 15, 16, 17, 18, 19, 20, 21, 22, 23, 24, 25, 26, 27, 28, 29, 30, 31, 32, 33, 34, 35, 36, 37, 38, 39, 40, 41, 42, 43, 44, 45, 46, 47, 48, 49, 50, 51, 52, 53, 54, 55, 56, 57, 58, 59, 60, 61, 62, 63, 64, 65, 66, 67, 68, 69, 70, 71, 72, 73, 74, 75, 76, 77, 78, 79, 80, 81, 82, 83, 84, 85, 86, 87, 88, 89, 90, 91, 92, 93, 94, 95, 96, 97, 98, 99, 100, 101, 102, 103, 104, 105, 106, 107, 108, 109, 110, 111, 112, 113, 114, 115, 116, 117, 118, 119, 120, 121, 122, 123, 124, 125, 126, 127, 128, 129, 130, 131, 132, 133, 134, 135, 136, 137, 138, 139, 140, 141, 142, 143, 144, 145, 146, 147, 148, 149, 150, 151, 152, 153, 154, 155, 156, 157, 158, 159, 160, 161, 162, 163, 164, 165, 166, 167, 168, 169, 170, 171, 172, 173, 174, 175, 176, 177, 178, 179, 180, 181, 182, 183, 184, 185, 186, 187, 188, 189, 190, 191, 192, 193, 194, 195, 196, 197, 198, 199, 200, 201, 202, 203, 204, 205, 206, 207, 208, 209, 210, 211, 212, 213, 214, 215, 216, 217, 218, 219, 220, 221, 222, 223, 224, 225, 226, 227, 228, 229, 230, 231, 232, 233, 234, 235, 236, 237, 238, 239, 240, 241, 242, 243, 244, 245, 246, 247, 248, 249, 250, 251, 252, 253, 254, 255, 256, 257, 258, 259, 260, 261, 262, 263, 264, 265, 266, 267, 268, 269, 270, 271, 272, 273, 274, 275, 276, 277, 278, 279, 280, 281, 282, 283, 284, 285, 286, 287, 288, 289, 290, 291, 292, 293, 294, 295, 296, 297, 298, 299, 300, 301, 302, 303, 304, 305, 306, 307, 308, 309, 310, 311, 312, 313, 314, 315, 316, 317, 318, 319, 320, 321, 322, 323, 324, 325, 326, 327, 328, 329, 330, 331, 332, 333, 334, 335, 336, 337, 338, 339, 340, 341, 342, 343, 344, 345, 346, 347, 348, 349, 350, 351, 352, 353, 354, 355, 356, 357, 358, 359, 360, 361, 362, 363, 364, 365, 366, 367, 368, 369, 370, 371, 372, 373, 374, 375, 376, 377, 378, 379, 380, 381, 382, 383, 384, 385, 386, 387, 388, 389, 390, 391, 392, 393, 394, 395, 396, 397, 398, 399, 400]","{1: [<function expanding_mean at 0x000002C58F7A04A0>], 7: [<function rolling_mean_14 at 0x000002C5930FAA20>], 30: [<function expanding_mean at 0x000002C58F7A04A0>]}",lags_400_features_400,83.77562439879266,69.31477558604146,86.79735929306743,82.59449010119869,76.99454167441263,81.73232065772892,79.33497180614943,77.92915347781346,97.97588151649649,141.21672082488774,143.67030613926806
SGD_Lasso,"AutoSeasonalDifferences(max_diffs=380, n_seasons=10, season_length=267) | LocalStandardScaler(stats_=[[47.42372721 38.3630083 ]])","[1, 2, 3, 4, 5, 6, 7, 8, 9, 10, 11, 12, 13, 14, 15, 16, 17, 18, 19, 20, 21, 22, 23, 24, 25, 26, 27, 28, 29, 30, 31, 32, 33, 34, 35, 36, 37, 38, 39, 40, 41, 42, 43, 44, 45, 46, 47, 48, 49, 50, 51, 52, 53, 54, 55, 56, 57, 58, 59, 60, 61, 62, 63, 64, 65, 66, 67, 68, 69, 70, 71, 72, 73, 74, 75, 76, 77, 78, 79, 80, 81, 82, 83, 84, 85, 86, 87, 88, 89, 90, 91, 92, 93, 94, 95, 96, 97, 98, 99, 100, 101, 102, 103, 104, 105, 106, 107, 108, 109, 110, 111, 112, 113, 114, 115, 116, 117, 118, 119, 120, 121, 122, 123, 124, 125, 126, 127, 128, 129, 130, 131, 132, 133, 134, 135, 136, 137, 138, 139, 140, 141, 142, 143, 144, 145, 146, 147, 148, 149, 150, 151, 152, 153, 154, 155, 156, 157, 158, 159, 160, 161, 162, 163, 164, 165, 166, 167, 168, 169, 170, 171, 172, 173, 174, 175, 176, 177, 178, 179, 180, 181, 182, 183, 184, 185, 186, 187, 188, 189, 190, 191, 192, 193, 194, 195, 196, 197, 198, 199, 200, 201, 202, 203, 204, 205, 206, 207, 208, 209, 210, 211, 212, 213, 214, 215, 216, 217, 218, 219, 220, 221, 222, 223, 224, 225, 226, 227, 228, 229, 230, 231, 232, 233, 234, 235, 236, 237, 238, 239, 240, 241, 242, 243, 244, 245, 246, 247, 248, 249, 250, 251, 252, 253, 254, 255, 256, 257, 258, 259, 260, 261, 262, 263, 264, 265, 266, 267, 268, 269, 270, 271, 272, 273, 274, 275, 276, 277, 278, 279, 280, 281, 282, 283, 284, 285, 286, 287, 288, 289, 290, 291, 292, 293, 294, 295, 296, 297, 298, 299, 300, 301, 302, 303, 304, 305, 306, 307, 308, 309, 310, 311, 312, 313, 314, 315, 316, 317, 318, 319, 320, 321, 322, 323, 324, 325, 326, 327, 328, 329, 330, 331, 332, 333, 334, 335, 336, 337, 338, 339, 340, 341, 342, 343, 344, 345, 346, 347, 348, 349, 350, 351, 352, 353, 354, 355, 356, 357, 358, 359, 360, 361, 362, 363, 364, 365, 366, 367, 368, 369, 370, 371, 372, 373, 374, 375, 376, 377, 378, 379, 380, 381, 382, 383, 384, 385, 386, 387, 388, 389, 390, 391, 392, 393, 394, 395, 396, 397, 398, 399, 400]","{1: [<function expanding_mean at 0x000002C58F7A04A0>], 7: [<function rolling_mean_14 at 0x000002C5930FAA20>], 30: [<function expanding_mean at 0x000002C58F7A04A0>]}",lags_400_features_400,119.44920188330022,104.05390465661806,102.36402919660006,91.3140402506384,76.71551477149504,67.91246565956575,62.06094727448195,56.29280386242539,72.33834079954104,97.90546375599347,97.3598933615318
SGD_Ridge,"AutoSeasonalDifferences(max_diffs=380, n_seasons=10, season_length=267) | LocalStandardScaler(stats_=[[47.42372721 38.3630083 ]])","[1, 2, 3, 4, 5, 6, 7, 8, 9, 10, 11, 12, 13, 14, 15, 16, 17, 18, 19, 20, 21, 22, 23, 24, 25, 26, 27, 28, 29, 30, 31, 32, 33, 34, 35, 36, 37, 38, 39, 40, 41, 42, 43, 44, 45, 46, 47, 48, 49, 50, 51, 52, 53, 54, 55, 56, 57, 58, 59, 60, 61, 62, 63, 64, 65, 66, 67, 68, 69, 70, 71, 72, 73, 74, 75, 76, 77, 78, 79, 80, 81, 82, 83, 84, 85, 86, 87, 88, 89, 90, 91, 92, 93, 94, 95, 96, 97, 98, 99, 100, 101, 102, 103, 104, 105, 106, 107, 108, 109, 110, 111, 112, 113, 114, 115, 116, 117, 118, 119, 120, 121, 122, 123, 124, 125, 126, 127, 128, 129, 130, 131, 132, 133, 134, 135, 136, 137, 138, 139, 140, 141, 142, 143, 144, 145, 146, 147, 148, 149, 150, 151, 152, 153, 154, 155, 156, 157, 158, 159, 160, 161, 162, 163, 164, 165, 166, 167, 168, 169, 170, 171, 172, 173, 174, 175, 176, 177, 178, 179, 180, 181, 182, 183, 184, 185, 186, 187, 188, 189, 190, 191, 192, 193, 194, 195, 196, 197, 198, 199, 200, 201, 202, 203, 204, 205, 206, 207, 208, 209, 210, 211, 212, 213, 214, 215, 216, 217, 218, 219, 220, 221, 222, 223, 224, 225, 226, 227, 228, 229, 230, 231, 232, 233, 234, 235, 236, 237, 238, 239, 240, 241, 242, 243, 244, 245, 246, 247, 248, 249, 250, 251, 252, 253, 254, 255, 256, 257, 258, 259, 260, 261, 262, 263, 264, 265, 266, 267, 268, 269, 270, 271, 272, 273, 274, 275, 276, 277, 278, 279, 280, 281, 282, 283, 284, 285, 286, 287, 288, 289, 290, 291, 292, 293, 294, 295, 296, 297, 298, 299, 300, 301, 302, 303, 304, 305, 306, 307, 308, 309, 310, 311, 312, 313, 314, 315, 316, 317, 318, 319, 320, 321, 322, 323, 324, 325, 326, 327, 328, 329, 330, 331, 332, 333, 334, 335, 336, 337, 338, 339, 340, 341, 342, 343, 344, 345, 346, 347, 348, 349, 350, 351, 352, 353, 354, 355, 356, 357, 358, 359, 360, 361, 362, 363, 364, 365, 366, 367, 368, 369, 370, 371, 372, 373, 374, 375, 376, 377, 378, 379, 380, 381, 382, 383, 384, 385, 386, 387, 388, 389, 390, 391, 392, 393, 394, 395, 396, 397, 398, 399, 400]","{1: [<function expanding_mean at 0x000002C58F7A04A0>], 7: [<function rolling_mean_14 at 0x000002C5930FAA20>], 30: [<function expanding_mean at 0x000002C58F7A04A0>]}",lags_400_features_400,22.603828729783864,35.68017089274512,37.16765529613896,41.31746756578335,40.106989046463084,42.49435772389949,45.48985114907101,51.22800324219391,59.27397906001488,60.30456365519288,60.53661755248852
SGDRegressor,"AutoSeasonalDifferences(max_diffs=380, n_seasons=10, season_length=267) | LocalStandardScaler(stats_=[[47.42372721 38.3630083 ]])","[1, 2, 3, 4, 5, 6, 7, 8, 9, 10, 11, 12, 13, 14, 15, 16, 17, 18, 19, 20, 21, 22, 23, 24, 25, 26, 27, 28, 29, 30, 31, 32, 33, 34, 35, 36, 37, 38, 39, 40, 41, 42, 43, 44, 45, 46, 47, 48, 49, 50, 51, 52, 53, 54, 55, 56, 57, 58, 59, 60, 61, 62, 63, 64, 65, 66, 67, 68, 69, 70, 71, 72, 73, 74, 75, 76, 77, 78, 79, 80, 81, 82, 83, 84, 85, 86, 87, 88, 89, 90, 91, 92, 93, 94, 95, 96, 97, 98, 99, 100, 101, 102, 103, 104, 105, 106, 107, 108, 109, 110, 111, 112, 113, 114, 115, 116, 117, 118, 119, 120, 121, 122, 123, 124, 125, 126, 127, 128, 129, 130, 131, 132, 133, 134, 135, 136, 137, 138, 139, 140, 141, 142, 143, 144, 145, 146, 147, 148, 149, 150, 151, 152, 153, 154, 155, 156, 157, 158, 159, 160, 161, 162, 163, 164, 165, 166, 167, 168, 169, 170, 171, 172, 173, 174, 175, 176, 177, 178, 179, 180, 181, 182, 183, 184, 185, 186, 187, 188, 189, 190, 191, 192, 193, 194, 195, 196, 197, 198, 199, 200, 201, 202, 203, 204, 205, 206, 207, 208, 209, 210, 211, 212, 213, 214, 215, 216, 217, 218, 219, 220, 221, 222, 223, 224, 225, 226, 227, 228, 229, 230, 231, 232, 233, 234, 235, 236, 237, 238, 239, 240, 241, 242, 243, 244, 245, 246, 247, 248, 249, 250, 251, 252, 253, 254, 255, 256, 257, 258, 259, 260, 261, 262, 263, 264, 265, 266, 267, 268, 269, 270, 271, 272, 273, 274, 275, 276, 277, 278, 279, 280, 281, 282, 283, 284, 285, 286, 287, 288, 289, 290, 291, 292, 293, 294, 295, 296, 297, 298, 299, 300, 301, 302, 303, 304, 305, 306, 307, 308, 309, 310, 311, 312, 313, 314, 315, 316, 317, 318, 319, 320, 321, 322, 323, 324, 325, 326, 327, 328, 329, 330, 331, 332, 333, 334, 335, 336, 337, 338, 339, 340, 341, 342, 343, 344, 345, 346, 347, 348, 349, 350, 351, 352, 353, 354, 355, 356, 357, 358, 359, 360, 361, 362, 363, 364, 365, 366, 367, 368, 369, 370, 371, 372, 373, 374, 375, 376, 377, 378, 379, 380, 381, 382, 383, 384, 385, 386, 387, 388, 389, 390, 391, 392, 393, 394, 395, 396, 397, 398, 399, 400]","{1: [<function expanding_mean at 0x000002C58F7A04A0>], 7: [<function rolling_mean_14 at 0x000002C5930FAA20>], 30: [<function expanding_mean at 0x000002C58F7A04A0>]}",lags_400_features_400,96.38743364324142,77.03940600461846,94.57132082069074,89.61728443480716,82.69355250770988,86.63403284901308,83.39871063992457,81.57234474072953,103.52909072143856,156.30557106175658,159.42818554477756
XGBRegressor,"AutoSeasonalDifferences(max_diffs=380, n_seasons=10, season_length=267) | LocalStandardScaler(stats_=[[47.42372721 38.3630083 ]])","[1, 2, 3, 4, 5, 6, 7, 8, 9, 10, 11, 12, 13, 14, 15, 16, 17, 18, 19, 20, 21, 22, 23, 24, 25, 26, 27, 28, 29, 30, 31, 32, 33, 34, 35, 36, 37, 38, 39, 40, 41, 42, 43, 44, 45, 46, 47, 48, 49, 50, 51, 52, 53, 54, 55, 56, 57, 58, 59, 60, 61, 62, 63, 64, 65, 66, 67, 68, 69, 70, 71, 72, 73, 74, 75, 76, 77, 78, 79, 80, 81, 82, 83, 84, 85, 86, 87, 88, 89, 90, 91, 92, 93, 94, 95, 96, 97, 98, 99, 100, 101, 102, 103, 104, 105, 106, 107, 108, 109, 110, 111, 112, 113, 114, 115, 116, 117, 118, 119, 120, 121, 122, 123, 124, 125, 126, 127, 128, 129, 130, 131, 132, 133, 134, 135, 136, 137, 138, 139, 140, 141, 142, 143, 144, 145, 146, 147, 148, 149, 150, 151, 152, 153, 154, 155, 156, 157, 158, 159, 160, 161, 162, 163, 164, 165, 166, 167, 168, 169, 170, 171, 172, 173, 174, 175, 176, 177, 178, 179, 180, 181, 182, 183, 184, 185, 186, 187, 188, 189, 190, 191, 192, 193, 194, 195, 196, 197, 198, 199, 200, 201, 202, 203, 204, 205, 206, 207, 208, 209, 210, 211, 212, 213, 214, 215, 216, 217, 218, 219, 220, 221, 222, 223, 224, 225, 226, 227, 228, 229, 230, 231, 232, 233, 234, 235, 236, 237, 238, 239, 240, 241, 242, 243, 244, 245, 246, 247, 248, 249, 250, 251, 252, 253, 254, 255, 256, 257, 258, 259, 260, 261, 262, 263, 264, 265, 266, 267, 268, 269, 270, 271, 272, 273, 274, 275, 276, 277, 278, 279, 280, 281, 282, 283, 284, 285, 286, 287, 288, 289, 290, 291, 292, 293, 294, 295, 296, 297, 298, 299, 300, 301, 302, 303, 304, 305, 306, 307, 308, 309, 310, 311, 312, 313, 314, 315, 316, 317, 318, 319, 320, 321, 322, 323, 324, 325, 326, 327, 328, 329, 330, 331, 332, 333, 334, 335, 336, 337, 338, 339, 340, 341, 342, 343, 344, 345, 346, 347, 348, 349, 350, 351, 352, 353, 354, 355, 356, 357, 358, 359, 360, 361, 362, 363, 364, 365, 366, 367, 368, 369, 370, 371, 372, 373, 374, 375, 376, 377, 378, 379, 380, 381, 382, 383, 384, 385, 386, 387, 388, 389, 390, 391, 392, 393, 394, 395, 396, 397, 398, 399, 400]","{1: [<function expanding_mean at 0x000002C58F7A04A0>], 7: [<function rolling_mean_14 at 0x000002C5930FAA20>], 30: [<function expanding_mean at 0x000002C58F7A04A0>]}",lags_400_features_400,14.575418195256038,18.61878369001771,20.607852822792275,19.766467257521615,19.72378303675715,27.33854874224192,37.975490365516215,40.487681341724254,49.71449022318467,55.738628185946204,55.23552244969265
LGBMRegressor,"AutoSeasonalDifferences(max_diffs=380, n_seasons=10, season_length=267) | LocalStandardScaler(stats_=[[47.42372721 38.3630083 ]])","[1, 2, 3, 4, 5, 6, 7, 8, 9, 10, 11, 12, 13, 14, 15, 16, 17, 18, 19, 20, 21, 22, 23, 24, 25, 26, 27, 28, 29, 30, 31, 32, 33, 34, 35, 36, 37, 38, 39, 40, 41, 42, 43, 44, 45, 46, 47, 48, 49, 50, 51, 52, 53, 54, 55, 56, 57, 58, 59, 60, 61, 62, 63, 64, 65, 66, 67, 68, 69, 70, 71, 72, 73, 74, 75, 76, 77, 78, 79, 80, 81, 82, 83, 84, 85, 86, 87, 88, 89, 90, 91, 92, 93, 94, 95, 96, 97, 98, 99, 100, 101, 102, 103, 104, 105, 106, 107, 108, 109, 110, 111, 112, 113, 114, 115, 116, 117, 118, 119, 120, 121, 122, 123, 124, 125, 126, 127, 128, 129, 130, 131, 132, 133, 134, 135, 136, 137, 138, 139, 140, 141, 142, 143, 144, 145, 146, 147, 148, 149, 150, 151, 152, 153, 154, 155, 156, 157, 158, 159, 160, 161, 162, 163, 164, 165, 166, 167, 168, 169, 170, 171, 172, 173, 174, 175, 176, 177, 178, 179, 180, 181, 182, 183, 184, 185, 186, 187, 188, 189, 190, 191, 192, 193, 194, 195, 196, 197, 198, 199, 200, 201, 202, 203, 204, 205, 206, 207, 208, 209, 210, 211, 212, 213, 214, 215, 216, 217, 218, 219, 220, 221, 222, 223, 224, 225, 226, 227, 228, 229, 230, 231, 232, 233, 234, 235, 236, 237, 238, 239, 240, 241, 242, 243, 244, 245, 246, 247, 248, 249, 250, 251, 252, 253, 254, 255, 256, 257, 258, 259, 260, 261, 262, 263, 264, 265, 266, 267, 268, 269, 270, 271, 272, 273, 274, 275, 276, 277, 278, 279, 280, 281, 282, 283, 284, 285, 286, 287, 288, 289, 290, 291, 292, 293, 294, 295, 296, 297, 298, 299, 300, 301, 302, 303, 304, 305, 306, 307, 308, 309, 310, 311, 312, 313, 314, 315, 316, 317, 318, 319, 320, 321, 322, 323, 324, 325, 326, 327, 328, 329, 330, 331, 332, 333, 334, 335, 336, 337, 338, 339, 340, 341, 342, 343, 344, 345, 346, 347, 348, 349, 350, 351, 352, 353, 354, 355, 356, 357, 358, 359, 360, 361, 362, 363, 364, 365, 366, 367, 368, 369, 370, 371, 372, 373, 374, 375, 376, 377, 378, 379, 380, 381, 382, 383, 384, 385, 386, 387, 388, 389, 390, 391, 392, 393, 394, 395, 396, 397, 398, 399, 400]","{1: [<function expanding_mean at 0x000002C58F7A04A0>], 7: [<function rolling_mean_14 at 0x000002C5930FAA20>], 30: [<function expanding_mean at 0x000002C58F7A04A0>]}",lags_400_features_400,10.04976714107875,18.903756950926304,20.55635250600284,20.750704839126907,20.92925463014676,24.35186600249506,31.246610168101167,35.78620346617229,45.70868150564849,46.36996518315363,45.572092289545196
SGD_EarlyStopping,"AutoSeasonalDifferences(max_diffs=380, n_seasons=10, season_length=267) | LocalStandardScaler(stats_=[[47.42372721 38.3630083 ]])","[1, 2, 3, 4, 5, 6, 7, 8, 9, 10, 11, 12, 13, 14, 15, 16, 17, 18, 19, 20, 21, 22, 23, 24, 25, 26, 27, 28, 29, 30, 31, 32, 33, 34, 35, 36, 37, 38, 39, 40, 41, 42, 43, 44, 45, 46, 47, 48, 49, 50, 51, 52, 53, 54, 55, 56, 57, 58, 59, 60, 61, 62, 63, 64, 65, 66, 67, 68, 69, 70, 71, 72, 73, 74, 75, 76, 77, 78, 79, 80, 81, 82, 83, 84, 85, 86, 87, 88, 89, 90, 91, 92, 93, 94, 95, 96, 97, 98, 99, 100, 101, 102, 103, 104, 105, 106, 107, 108, 109, 110, 111, 112, 113, 114, 115, 116, 117, 118, 119, 120, 121, 122, 123, 124, 125, 126, 127, 128, 129, 130, 131, 132, 133, 134, 135, 136, 137, 138, 139, 140, 141, 142, 143, 144, 145, 146, 147, 148, 149, 150, 151, 152, 153, 154, 155, 156, 157, 158, 159, 160, 161, 162, 163, 164, 165, 166, 167, 168, 169, 170, 171, 172, 173, 174, 175, 176, 177, 178, 179, 180, 181, 182, 183, 184, 185, 186, 187, 188, 189, 190, 191, 192, 193, 194, 195, 196, 197, 198, 199, 200, 201, 202, 203, 204, 205, 206, 207, 208, 209, 210, 211, 212, 213, 214, 215, 216, 217, 218, 219, 220, 221, 222, 223, 224, 225, 226, 227, 228, 229, 230, 231, 232, 233, 234, 235, 236, 237, 238, 239, 240, 241, 242, 243, 244, 245, 246, 247, 248, 249, 250, 251, 252, 253, 254, 255, 256, 257, 258, 259, 260, 261, 262, 263, 264, 265, 266, 267, 268, 269, 270, 271, 272, 273, 274, 275, 276, 277, 278, 279, 280, 281, 282, 283, 284, 285, 286, 287, 288, 289, 290, 291, 292, 293, 294, 295, 296, 297, 298, 299, 300, 301, 302, 303, 304, 305, 306, 307, 308, 309, 310, 311, 312, 313, 314, 315, 316, 317, 318, 319, 320, 321, 322, 323, 324, 325, 326, 327, 328, 329, 330, 331, 332, 333, 334, 335, 336, 337, 338, 339, 340, 341, 342, 343, 344, 345, 346, 347, 348, 349, 350, 351, 352, 353, 354, 355, 356, 357, 358, 359, 360, 361, 362, 363, 364, 365, 366, 367, 368, 369, 370, 371, 372, 373, 374, 375, 376, 377, 378, 379, 380, 381, 382, 383, 384, 385, 386, 387, 388, 389, 390, 391, 392, 393, 394, 395, 396, 397, 398, 399, 400]","{1: [<function rolling_mean_14 at 0x000002C5930FAA20>], 7: [<function rolling_mean_30 at 0x000002C58DBF9260>], 30: [<function expanding_mean at 0x000002C58F7A04A0>]}",lags_400_features_400,57.375176091650204,67.68448074463154,80.39745012262756,81.75738201416027,77.6675701741112,78.9079679576629,80.3839235858826,93.58293348043823,123.40046030593123,149.50461714348324,149.12754424634093
SGD_ElasticNet,"AutoSeasonalDifferences(max_diffs=380, n_seasons=10, season_length=267) | LocalStandardScaler(stats_=[[47.42372721 38.3630083 ]])","[1, 2, 3, 4, 5, 6, 7, 8, 9, 10, 11, 12, 13, 14, 15, 16, 17, 18, 19, 20, 21, 22, 23, 24, 25, 26, 27, 28, 29, 30, 31, 32, 33, 34, 35, 36, 37, 38, 39, 40, 41, 42, 43, 44, 45, 46, 47, 48, 49, 50, 51, 52, 53, 54, 55, 56, 57, 58, 59, 60, 61, 62, 63, 64, 65, 66, 67, 68, 69, 70, 71, 72, 73, 74, 75, 76, 77, 78, 79, 80, 81, 82, 83, 84, 85, 86, 87, 88, 89, 90, 91, 92, 93, 94, 95, 96, 97, 98, 99, 100, 101, 102, 103, 104, 105, 106, 107, 108, 109, 110, 111, 112, 113, 114, 115, 116, 117, 118, 119, 120, 121, 122, 123, 124, 125, 126, 127, 128, 129, 130, 131, 132, 133, 134, 135, 136, 137, 138, 139, 140, 141, 142, 143, 144, 145, 146, 147, 148, 149, 150, 151, 152, 153, 154, 155, 156, 157, 158, 159, 160, 161, 162, 163, 164, 165, 166, 167, 168, 169, 170, 171, 172, 173, 174, 175, 176, 177, 178, 179, 180, 181, 182, 183, 184, 185, 186, 187, 188, 189, 190, 191, 192, 193, 194, 195, 196, 197, 198, 199, 200, 201, 202, 203, 204, 205, 206, 207, 208, 209, 210, 211, 212, 213, 214, 215, 216, 217, 218, 219, 220, 221, 222, 223, 224, 225, 226, 227, 228, 229, 230, 231, 232, 233, 234, 235, 236, 237, 238, 239, 240, 241, 242, 243, 244, 245, 246, 247, 248, 249, 250, 251, 252, 253, 254, 255, 256, 257, 258, 259, 260, 261, 262, 263, 264, 265, 266, 267, 268, 269, 270, 271, 272, 273, 274, 275, 276, 277, 278, 279, 280, 281, 282, 283, 284, 285, 286, 287, 288, 289, 290, 291, 292, 293, 294, 295, 296, 297, 298, 299, 300, 301, 302, 303, 304, 305, 306, 307, 308, 309, 310, 311, 312, 313, 314, 315, 316, 317, 318, 319, 320, 321, 322, 323, 324, 325, 326, 327, 328, 329, 330, 331, 332, 333, 334, 335, 336, 337, 338, 339, 340, 341, 342, 343, 344, 345, 346, 347, 348, 349, 350, 351, 352, 353, 354, 355, 356, 357, 358, 359, 360, 361, 362, 363, 364, 365, 366, 367, 368, 369, 370, 371, 372, 373, 374, 375, 376, 377, 378, 379, 380, 381, 382, 383, 384, 385, 386, 387, 388, 389, 390, 391, 392, 393, 394, 395, 396, 397, 398, 399, 400]","{1: [<function rolling_mean_14 at 0x000002C5930FAA20>], 7: [<function rolling_mean_30 at 0x000002C58DBF9260>], 30: [<function expanding_mean at 0x000002C58F7A04A0>]}",lags_400_features_400,83.7764969254986,69.32616912231299,86.82503358645934,82.61804563263989,77.01759669919991,81.74841248619514,79.346433374314,77.93401916161052,97.9919598049675,141.24972425456215,143.70494216970974
SGD_Lasso,"AutoSeasonalDifferences(max_diffs=380, n_seasons=10, season_length=267) | LocalStandardScaler(stats_=[[47.42372721 38.3630083 ]])","[1, 2, 3, 4, 5, 6, 7, 8, 9, 10, 11, 12, 13, 14, 15, 16, 17, 18, 19, 20, 21, 22, 23, 24, 25, 26, 27, 28, 29, 30, 31, 32, 33, 34, 35, 36, 37, 38, 39, 40, 41, 42, 43, 44, 45, 46, 47, 48, 49, 50, 51, 52, 53, 54, 55, 56, 57, 58, 59, 60, 61, 62, 63, 64, 65, 66, 67, 68, 69, 70, 71, 72, 73, 74, 75, 76, 77, 78, 79, 80, 81, 82, 83, 84, 85, 86, 87, 88, 89, 90, 91, 92, 93, 94, 95, 96, 97, 98, 99, 100, 101, 102, 103, 104, 105, 106, 107, 108, 109, 110, 111, 112, 113, 114, 115, 116, 117, 118, 119, 120, 121, 122, 123, 124, 125, 126, 127, 128, 129, 130, 131, 132, 133, 134, 135, 136, 137, 138, 139, 140, 141, 142, 143, 144, 145, 146, 147, 148, 149, 150, 151, 152, 153, 154, 155, 156, 157, 158, 159, 160, 161, 162, 163, 164, 165, 166, 167, 168, 169, 170, 171, 172, 173, 174, 175, 176, 177, 178, 179, 180, 181, 182, 183, 184, 185, 186, 187, 188, 189, 190, 191, 192, 193, 194, 195, 196, 197, 198, 199, 200, 201, 202, 203, 204, 205, 206, 207, 208, 209, 210, 211, 212, 213, 214, 215, 216, 217, 218, 219, 220, 221, 222, 223, 224, 225, 226, 227, 228, 229, 230, 231, 232, 233, 234, 235, 236, 237, 238, 239, 240, 241, 242, 243, 244, 245, 246, 247, 248, 249, 250, 251, 252, 253, 254, 255, 256, 257, 258, 259, 260, 261, 262, 263, 264, 265, 266, 267, 268, 269, 270, 271, 272, 273, 274, 275, 276, 277, 278, 279, 280, 281, 282, 283, 284, 285, 286, 287, 288, 289, 290, 291, 292, 293, 294, 295, 296, 297, 298, 299, 300, 301, 302, 303, 304, 305, 306, 307, 308, 309, 310, 311, 312, 313, 314, 315, 316, 317, 318, 319, 320, 321, 322, 323, 324, 325, 326, 327, 328, 329, 330, 331, 332, 333, 334, 335, 336, 337, 338, 339, 340, 341, 342, 343, 344, 345, 346, 347, 348, 349, 350, 351, 352, 353, 354, 355, 356, 357, 358, 359, 360, 361, 362, 363, 364, 365, 366, 367, 368, 369, 370, 371, 372, 373, 374, 375, 376, 377, 378, 379, 380, 381, 382, 383, 384, 385, 386, 387, 388, 389, 390, 391, 392, 393, 394, 395, 396, 397, 398, 399, 400]","{1: [<function rolling_mean_14 at 0x000002C5930FAA20>], 7: [<function rolling_mean_30 at 0x000002C58DBF9260>], 30: [<function expanding_mean at 0x000002C58F7A04A0>]}",lags_400_features_400,119.44920188330022,104.05390465661806,102.36402919660006,91.3140402506384,76.71551477149504,67.91246565956575,62.06094727448195,56.29280386242539,72.33834079954104,97.90546375599347,97.3598933615318
SGD_Ridge,"AutoSeasonalDifferences(max_diffs=380, n_seasons=10, season_length=267) | LocalStandardScaler(stats_=[[47.42372721 38.3630083 ]])","[1, 2, 3, 4, 5, 6, 7, 8, 9, 10, 11, 12, 13, 14, 15, 16, 17, 18, 19, 20, 21, 22, 23, 24, 25, 26, 27, 28, 29, 30, 31, 32, 33, 34, 35, 36, 37, 38, 39, 40, 41, 42, 43, 44, 45, 46, 47, 48, 49, 50, 51, 52, 53, 54, 55, 56, 57, 58, 59, 60, 61, 62, 63, 64, 65, 66, 67, 68, 69, 70, 71, 72, 73, 74, 75, 76, 77, 78, 79, 80, 81, 82, 83, 84, 85, 86, 87, 88, 89, 90, 91, 92, 93, 94, 95, 96, 97, 98, 99, 100, 101, 102, 103, 104, 105, 106, 107, 108, 109, 110, 111, 112, 113, 114, 115, 116, 117, 118, 119, 120, 121, 122, 123, 124, 125, 126, 127, 128, 129, 130, 131, 132, 133, 134, 135, 136, 137, 138, 139, 140, 141, 142, 143, 144, 145, 146, 147, 148, 149, 150, 151, 152, 153, 154, 155, 156, 157, 158, 159, 160, 161, 162, 163, 164, 165, 166, 167, 168, 169, 170, 171, 172, 173, 174, 175, 176, 177, 178, 179, 180, 181, 182, 183, 184, 185, 186, 187, 188, 189, 190, 191, 192, 193, 194, 195, 196, 197, 198, 199, 200, 201, 202, 203, 204, 205, 206, 207, 208, 209, 210, 211, 212, 213, 214, 215, 216, 217, 218, 219, 220, 221, 222, 223, 224, 225, 226, 227, 228, 229, 230, 231, 232, 233, 234, 235, 236, 237, 238, 239, 240, 241, 242, 243, 244, 245, 246, 247, 248, 249, 250, 251, 252, 253, 254, 255, 256, 257, 258, 259, 260, 261, 262, 263, 264, 265, 266, 267, 268, 269, 270, 271, 272, 273, 274, 275, 276, 277, 278, 279, 280, 281, 282, 283, 284, 285, 286, 287, 288, 289, 290, 291, 292, 293, 294, 295, 296, 297, 298, 299, 300, 301, 302, 303, 304, 305, 306, 307, 308, 309, 310, 311, 312, 313, 314, 315, 316, 317, 318, 319, 320, 321, 322, 323, 324, 325, 326, 327, 328, 329, 330, 331, 332, 333, 334, 335, 336, 337, 338, 339, 340, 341, 342, 343, 344, 345, 346, 347, 348, 349, 350, 351, 352, 353, 354, 355, 356, 357, 358, 359, 360, 361, 362, 363, 364, 365, 366, 367, 368, 369, 370, 371, 372, 373, 374, 375, 376, 377, 378, 379, 380, 381, 382, 383, 384, 385, 386, 387, 388, 389, 390, 391, 392, 393, 394, 395, 396, 397, 398, 399, 400]","{1: [<function rolling_mean_14 at 0x000002C5930FAA20>], 7: [<function rolling_mean_30 at 0x000002C58DBF9260>], 30: [<function expanding_mean at 0x000002C58F7A04A0>]}",lags_400_features_400,22.660498138467695,35.79479618329813,37.28029201897486,41.46320501721503,40.25221923206268,42.61684354418762,45.60839252719621,51.36410961238099,59.42447006615465,60.5868809546118,60.837092783052604
SGDRegressor,"AutoSeasonalDifferences(max_diffs=380, n_seasons=10, season_length=267) | LocalStandardScaler(stats_=[[47.42372721 38.3630083 ]])","[1, 2, 3, 4, 5, 6, 7, 8, 9, 10, 11, 12, 13, 14, 15, 16, 17, 18, 19, 20, 21, 22, 23, 24, 25, 26, 27, 28, 29, 30, 31, 32, 33, 34, 35, 36, 37, 38, 39, 40, 41, 42, 43, 44, 45, 46, 47, 48, 49, 50, 51, 52, 53, 54, 55, 56, 57, 58, 59, 60, 61, 62, 63, 64, 65, 66, 67, 68, 69, 70, 71, 72, 73, 74, 75, 76, 77, 78, 79, 80, 81, 82, 83, 84, 85, 86, 87, 88, 89, 90, 91, 92, 93, 94, 95, 96, 97, 98, 99, 100, 101, 102, 103, 104, 105, 106, 107, 108, 109, 110, 111, 112, 113, 114, 115, 116, 117, 118, 119, 120, 121, 122, 123, 124, 125, 126, 127, 128, 129, 130, 131, 132, 133, 134, 135, 136, 137, 138, 139, 140, 141, 142, 143, 144, 145, 146, 147, 148, 149, 150, 151, 152, 153, 154, 155, 156, 157, 158, 159, 160, 161, 162, 163, 164, 165, 166, 167, 168, 169, 170, 171, 172, 173, 174, 175, 176, 177, 178, 179, 180, 181, 182, 183, 184, 185, 186, 187, 188, 189, 190, 191, 192, 193, 194, 195, 196, 197, 198, 199, 200, 201, 202, 203, 204, 205, 206, 207, 208, 209, 210, 211, 212, 213, 214, 215, 216, 217, 218, 219, 220, 221, 222, 223, 224, 225, 226, 227, 228, 229, 230, 231, 232, 233, 234, 235, 236, 237, 238, 239, 240, 241, 242, 243, 244, 245, 246, 247, 248, 249, 250, 251, 252, 253, 254, 255, 256, 257, 258, 259, 260, 261, 262, 263, 264, 265, 266, 267, 268, 269, 270, 271, 272, 273, 274, 275, 276, 277, 278, 279, 280, 281, 282, 283, 284, 285, 286, 287, 288, 289, 290, 291, 292, 293, 294, 295, 296, 297, 298, 299, 300, 301, 302, 303, 304, 305, 306, 307, 308, 309, 310, 311, 312, 313, 314, 315, 316, 317, 318, 319, 320, 321, 322, 323, 324, 325, 326, 327, 328, 329, 330, 331, 332, 333, 334, 335, 336, 337, 338, 339, 340, 341, 342, 343, 344, 345, 346, 347, 348, 349, 350, 351, 352, 353, 354, 355, 356, 357, 358, 359, 360, 361, 362, 363, 364, 365, 366, 367, 368, 369, 370, 371, 372, 373, 374, 375, 376, 377, 378, 379, 380, 381, 382, 383, 384, 385, 386, 387, 388, 389, 390, 391, 392, 393, 394, 395, 396, 397, 398, 399, 400]","{1: [<function rolling_mean_14 at 0x000002C5930FAA20>], 7: [<function rolling_mean_30 at 0x000002C58DBF9260>], 30: [<function expanding_mean at 0x000002C58F7A04A0>]}",lags_400_features_400,96.38545480705503,77.04879013746752,94.58980924736306,89.63183792822242,82.71340106749882,86.65472230323543,83.4111312682171,81.58142701473832,103.54531166149093,156.3518446196774,159.47521540035484
XGBRegressor,"AutoSeasonalDifferences(max_diffs=380, n_seasons=10, season_length=267) | LocalStandardScaler(stats_=[[47.42372721 38.3630083 ]])","[1, 2, 3, 4, 5, 6, 7, 8, 9, 10, 11, 12, 13, 14, 15, 16, 17, 18, 19, 20, 21, 22, 23, 24, 25, 26, 27, 28, 29, 30, 31, 32, 33, 34, 35, 36, 37, 38, 39, 40, 41, 42, 43, 44, 45, 46, 47, 48, 49, 50, 51, 52, 53, 54, 55, 56, 57, 58, 59, 60, 61, 62, 63, 64, 65, 66, 67, 68, 69, 70, 71, 72, 73, 74, 75, 76, 77, 78, 79, 80, 81, 82, 83, 84, 85, 86, 87, 88, 89, 90, 91, 92, 93, 94, 95, 96, 97, 98, 99, 100, 101, 102, 103, 104, 105, 106, 107, 108, 109, 110, 111, 112, 113, 114, 115, 116, 117, 118, 119, 120, 121, 122, 123, 124, 125, 126, 127, 128, 129, 130, 131, 132, 133, 134, 135, 136, 137, 138, 139, 140, 141, 142, 143, 144, 145, 146, 147, 148, 149, 150, 151, 152, 153, 154, 155, 156, 157, 158, 159, 160, 161, 162, 163, 164, 165, 166, 167, 168, 169, 170, 171, 172, 173, 174, 175, 176, 177, 178, 179, 180, 181, 182, 183, 184, 185, 186, 187, 188, 189, 190, 191, 192, 193, 194, 195, 196, 197, 198, 199, 200, 201, 202, 203, 204, 205, 206, 207, 208, 209, 210, 211, 212, 213, 214, 215, 216, 217, 218, 219, 220, 221, 222, 223, 224, 225, 226, 227, 228, 229, 230, 231, 232, 233, 234, 235, 236, 237, 238, 239, 240, 241, 242, 243, 244, 245, 246, 247, 248, 249, 250, 251, 252, 253, 254, 255, 256, 257, 258, 259, 260, 261, 262, 263, 264, 265, 266, 267, 268, 269, 270, 271, 272, 273, 274, 275, 276, 277, 278, 279, 280, 281, 282, 283, 284, 285, 286, 287, 288, 289, 290, 291, 292, 293, 294, 295, 296, 297, 298, 299, 300, 301, 302, 303, 304, 305, 306, 307, 308, 309, 310, 311, 312, 313, 314, 315, 316, 317, 318, 319, 320, 321, 322, 323, 324, 325, 326, 327, 328, 329, 330, 331, 332, 333, 334, 335, 336, 337, 338, 339, 340, 341, 342, 343, 344, 345, 346, 347, 348, 349, 350, 351, 352, 353, 354, 355, 356, 357, 358, 359, 360, 361, 362, 363, 364, 365, 366, 367, 368, 369, 370, 371, 372, 373, 374, 375, 376, 377, 378, 379, 380, 381, 382, 383, 384, 385, 386, 387, 388, 389, 390, 391, 392, 393, 394, 395, 396, 397, 398, 399, 400]","{1: [<function rolling_mean_14 at 0x000002C5930FAA20>], 7: [<function rolling_mean_30 at 0x000002C58DBF9260>], 30: [<function expanding_mean at 0x000002C58F7A04A0>]}",lags_400_features_400,11.282269506026484,18.02090356276255,19.99947531402036,19.62784577498893,20.375184941901313,19.801535442973105,26.560193077174453,34.46822824751482,44.454668158504305,44.367832611903424,43.77213541810825
LGBMRegressor,"AutoSeasonalDifferences(max_diffs=380, n_seasons=10, season_length=267) | LocalStandardScaler(stats_=[[47.42372721 38.3630083 ]])","[1, 2, 3, 4, 5, 6, 7, 8, 9, 10, 11, 12, 13, 14, 15, 16, 17, 18, 19, 20, 21, 22, 23, 24, 25, 26, 27, 28, 29, 30, 31, 32, 33, 34, 35, 36, 37, 38, 39, 40, 41, 42, 43, 44, 45, 46, 47, 48, 49, 50, 51, 52, 53, 54, 55, 56, 57, 58, 59, 60, 61, 62, 63, 64, 65, 66, 67, 68, 69, 70, 71, 72, 73, 74, 75, 76, 77, 78, 79, 80, 81, 82, 83, 84, 85, 86, 87, 88, 89, 90, 91, 92, 93, 94, 95, 96, 97, 98, 99, 100, 101, 102, 103, 104, 105, 106, 107, 108, 109, 110, 111, 112, 113, 114, 115, 116, 117, 118, 119, 120, 121, 122, 123, 124, 125, 126, 127, 128, 129, 130, 131, 132, 133, 134, 135, 136, 137, 138, 139, 140, 141, 142, 143, 144, 145, 146, 147, 148, 149, 150, 151, 152, 153, 154, 155, 156, 157, 158, 159, 160, 161, 162, 163, 164, 165, 166, 167, 168, 169, 170, 171, 172, 173, 174, 175, 176, 177, 178, 179, 180, 181, 182, 183, 184, 185, 186, 187, 188, 189, 190, 191, 192, 193, 194, 195, 196, 197, 198, 199, 200, 201, 202, 203, 204, 205, 206, 207, 208, 209, 210, 211, 212, 213, 214, 215, 216, 217, 218, 219, 220, 221, 222, 223, 224, 225, 226, 227, 228, 229, 230, 231, 232, 233, 234, 235, 236, 237, 238, 239, 240, 241, 242, 243, 244, 245, 246, 247, 248, 249, 250, 251, 252, 253, 254, 255, 256, 257, 258, 259, 260, 261, 262, 263, 264, 265, 266, 267, 268, 269, 270, 271, 272, 273, 274, 275, 276, 277, 278, 279, 280, 281, 282, 283, 284, 285, 286, 287, 288, 289, 290, 291, 292, 293, 294, 295, 296, 297, 298, 299, 300, 301, 302, 303, 304, 305, 306, 307, 308, 309, 310, 311, 312, 313, 314, 315, 316, 317, 318, 319, 320, 321, 322, 323, 324, 325, 326, 327, 328, 329, 330, 331, 332, 333, 334, 335, 336, 337, 338, 339, 340, 341, 342, 343, 344, 345, 346, 347, 348, 349, 350, 351, 352, 353, 354, 355, 356, 357, 358, 359, 360, 361, 362, 363, 364, 365, 366, 367, 368, 369, 370, 371, 372, 373, 374, 375, 376, 377, 378, 379, 380, 381, 382, 383, 384, 385, 386, 387, 388, 389, 390, 391, 392, 393, 394, 395, 396, 397, 398, 399, 400]","{1: [<function rolling_mean_14 at 0x000002C5930FAA20>], 7: [<function rolling_mean_30 at 0x000002C58DBF9260>], 30: [<function expanding_mean at 0x000002C58F7A04A0>]}",lags_400_features_400,10.229674522074097,17.25540266343119,19.002862158055212,18.39357506382089,18.54169335442455,21.48211965754479,30.384568078721514,33.89520348749028,44.44283232923338,46.04076005140014,45.844006899218016
SGD_EarlyStopping,"AutoSeasonalDifferences(max_diffs=380, n_seasons=10, season_length=267) | LocalStandardScaler(stats_=[[47.42372721 38.3630083 ]])","[1, 2, 3, 4, 5, 6, 7, 8, 9, 10, 11, 12, 13, 14, 15, 16, 17, 18, 19, 20, 21, 22, 23, 24, 25, 26, 27, 28, 29, 30, 31, 32, 33, 34, 35, 36, 37, 38, 39, 40, 41, 42, 43, 44, 45, 46, 47, 48, 49, 50, 51, 52, 53, 54, 55, 56, 57, 58, 59, 60, 61, 62, 63, 64, 65, 66, 67, 68, 69, 70, 71, 72, 73, 74, 75, 76, 77, 78, 79, 80, 81, 82, 83, 84, 85, 86, 87, 88, 89, 90, 91, 92, 93, 94, 95, 96, 97, 98, 99, 100, 101, 102, 103, 104, 105, 106, 107, 108, 109, 110, 111, 112, 113, 114, 115, 116, 117, 118, 119, 120, 121, 122, 123, 124, 125, 126, 127, 128, 129, 130, 131, 132, 133, 134, 135, 136, 137, 138, 139, 140, 141, 142, 143, 144, 145, 146, 147, 148, 149, 150, 151, 152, 153, 154, 155, 156, 157, 158, 159, 160, 161, 162, 163, 164, 165, 166, 167, 168, 169, 170, 171, 172, 173, 174, 175, 176, 177, 178, 179, 180, 181, 182, 183, 184, 185, 186, 187, 188, 189, 190, 191, 192, 193, 194, 195, 196, 197, 198, 199, 200, 201, 202, 203, 204, 205, 206, 207, 208, 209, 210, 211, 212, 213, 214, 215, 216, 217, 218, 219, 220, 221, 222, 223, 224, 225, 226, 227, 228, 229, 230, 231, 232, 233, 234, 235, 236, 237, 238, 239, 240, 241, 242, 243, 244, 245, 246, 247, 248, 249, 250, 251, 252, 253, 254, 255, 256, 257, 258, 259, 260, 261, 262, 263, 264, 265, 266, 267, 268, 269, 270, 271, 272, 273, 274, 275, 276, 277, 278, 279, 280, 281, 282, 283, 284, 285, 286, 287, 288, 289, 290, 291, 292, 293, 294, 295, 296, 297, 298, 299, 300, 301, 302, 303, 304, 305, 306, 307, 308, 309, 310, 311, 312, 313, 314, 315, 316, 317, 318, 319, 320, 321, 322, 323, 324, 325, 326, 327, 328, 329, 330, 331, 332, 333, 334, 335, 336, 337, 338, 339, 340, 341, 342, 343, 344, 345, 346, 347, 348, 349, 350, 351, 352, 353, 354, 355, 356, 357, 358, 359, 360, 361, 362, 363, 364, 365, 366, 367, 368, 369, 370, 371, 372, 373, 374, 375, 376, 377, 378, 379, 380, 381, 382, 383, 384, 385, 386, 387, 388, 389, 390, 391, 392, 393, 394, 395, 396, 397, 398, 399, 400]","{7: [RollingMean(window_size=7)], 30: [RollingMean(window_size=30)], 60: [RollingMean(window_size=60)]}",lags_400_features_400,57.70612436370202,67.63368393112195,80.7423005272122,81.99694366694669,77.88616013257645,79.18477673298622,80.66802745436978,93.79889190064705,124.27874412023678,152.02471487235542,151.7493539742151
SGD_ElasticNet,"AutoSeasonalDifferences(max_diffs=380, n_seasons=10, season_length=267) | LocalStandardScaler(stats_=[[47.42372721 38.3630083 ]])","[1, 2, 3, 4, 5, 6, 7, 8, 9, 10, 11, 12, 13, 14, 15, 16, 17, 18, 19, 20, 21, 22, 23, 24, 25, 26, 27, 28, 29, 30, 31, 32, 33, 34, 35, 36, 37, 38, 39, 40, 41, 42, 43, 44, 45, 46, 47, 48, 49, 50, 51, 52, 53, 54, 55, 56, 57, 58, 59, 60, 61, 62, 63, 64, 65, 66, 67, 68, 69, 70, 71, 72, 73, 74, 75, 76, 77, 78, 79, 80, 81, 82, 83, 84, 85, 86, 87, 88, 89, 90, 91, 92, 93, 94, 95, 96, 97, 98, 99, 100, 101, 102, 103, 104, 105, 106, 107, 108, 109, 110, 111, 112, 113, 114, 115, 116, 117, 118, 119, 120, 121, 122, 123, 124, 125, 126, 127, 128, 129, 130, 131, 132, 133, 134, 135, 136, 137, 138, 139, 140, 141, 142, 143, 144, 145, 146, 147, 148, 149, 150, 151, 152, 153, 154, 155, 156, 157, 158, 159, 160, 161, 162, 163, 164, 165, 166, 167, 168, 169, 170, 171, 172, 173, 174, 175, 176, 177, 178, 179, 180, 181, 182, 183, 184, 185, 186, 187, 188, 189, 190, 191, 192, 193, 194, 195, 196, 197, 198, 199, 200, 201, 202, 203, 204, 205, 206, 207, 208, 209, 210, 211, 212, 213, 214, 215, 216, 217, 218, 219, 220, 221, 222, 223, 224, 225, 226, 227, 228, 229, 230, 231, 232, 233, 234, 235, 236, 237, 238, 239, 240, 241, 242, 243, 244, 245, 246, 247, 248, 249, 250, 251, 252, 253, 254, 255, 256, 257, 258, 259, 260, 261, 262, 263, 264, 265, 266, 267, 268, 269, 270, 271, 272, 273, 274, 275, 276, 277, 278, 279, 280, 281, 282, 283, 284, 285, 286, 287, 288, 289, 290, 291, 292, 293, 294, 295, 296, 297, 298, 299, 300, 301, 302, 303, 304, 305, 306, 307, 308, 309, 310, 311, 312, 313, 314, 315, 316, 317, 318, 319, 320, 321, 322, 323, 324, 325, 326, 327, 328, 329, 330, 331, 332, 333, 334, 335, 336, 337, 338, 339, 340, 341, 342, 343, 344, 345, 346, 347, 348, 349, 350, 351, 352, 353, 354, 355, 356, 357, 358, 359, 360, 361, 362, 363, 364, 365, 366, 367, 368, 369, 370, 371, 372, 373, 374, 375, 376, 377, 378, 379, 380, 381, 382, 383, 384, 385, 386, 387, 388, 389, 390, 391, 392, 393, 394, 395, 396, 397, 398, 399, 400]","{7: [RollingMean(window_size=7)], 30: [RollingMean(window_size=30)], 60: [RollingMean(window_size=60)]}",lags_400_features_400,83.79308957259155,69.32180536786969,86.88390914032547,82.63209737676046,77.03179822481636,81.75160724150724,79.34270097363452,77.93271712813853,98.015684477939,141.3082912628133,143.768319503775
SGD_Lasso,"AutoSeasonalDifferences(max_diffs=380, n_seasons=10, season_length=267) | LocalStandardScaler(stats_=[[47.42372721 38.3630083 ]])","[1, 2, 3, 4, 5, 6, 7, 8, 9, 10, 11, 12, 13, 14, 15, 16, 17, 18, 19, 20, 21, 22, 23, 24, 25, 26, 27, 28, 29, 30, 31, 32, 33, 34, 35, 36, 37, 38, 39, 40, 41, 42, 43, 44, 45, 46, 47, 48, 49, 50, 51, 52, 53, 54, 55, 56, 57, 58, 59, 60, 61, 62, 63, 64, 65, 66, 67, 68, 69, 70, 71, 72, 73, 74, 75, 76, 77, 78, 79, 80, 81, 82, 83, 84, 85, 86, 87, 88, 89, 90, 91, 92, 93, 94, 95, 96, 97, 98, 99, 100, 101, 102, 103, 104, 105, 106, 107, 108, 109, 110, 111, 112, 113, 114, 115, 116, 117, 118, 119, 120, 121, 122, 123, 124, 125, 126, 127, 128, 129, 130, 131, 132, 133, 134, 135, 136, 137, 138, 139, 140, 141, 142, 143, 144, 145, 146, 147, 148, 149, 150, 151, 152, 153, 154, 155, 156, 157, 158, 159, 160, 161, 162, 163, 164, 165, 166, 167, 168, 169, 170, 171, 172, 173, 174, 175, 176, 177, 178, 179, 180, 181, 182, 183, 184, 185, 186, 187, 188, 189, 190, 191, 192, 193, 194, 195, 196, 197, 198, 199, 200, 201, 202, 203, 204, 205, 206, 207, 208, 209, 210, 211, 212, 213, 214, 215, 216, 217, 218, 219, 220, 221, 222, 223, 224, 225, 226, 227, 228, 229, 230, 231, 232, 233, 234, 235, 236, 237, 238, 239, 240, 241, 242, 243, 244, 245, 246, 247, 248, 249, 250, 251, 252, 253, 254, 255, 256, 257, 258, 259, 260, 261, 262, 263, 264, 265, 266, 267, 268, 269, 270, 271, 272, 273, 274, 275, 276, 277, 278, 279, 280, 281, 282, 283, 284, 285, 286, 287, 288, 289, 290, 291, 292, 293, 294, 295, 296, 297, 298, 299, 300, 301, 302, 303, 304, 305, 306, 307, 308, 309, 310, 311, 312, 313, 314, 315, 316, 317, 318, 319, 320, 321, 322, 323, 324, 325, 326, 327, 328, 329, 330, 331, 332, 333, 334, 335, 336, 337, 338, 339, 340, 341, 342, 343, 344, 345, 346, 347, 348, 349, 350, 351, 352, 353, 354, 355, 356, 357, 358, 359, 360, 361, 362, 363, 364, 365, 366, 367, 368, 369, 370, 371, 372, 373, 374, 375, 376, 377, 378, 379, 380, 381, 382, 383, 384, 385, 386, 387, 388, 389, 390, 391, 392, 393, 394, 395, 396, 397, 398, 399, 400]","{7: [RollingMean(window_size=7)], 30: [RollingMean(window_size=30)], 60: [RollingMean(window_size=60)]}",lags_400_features_400,119.44920188330022,104.05390465661806,102.36402919660006,91.3140402506384,76.71551477149504,67.91246565956575,62.06094727448195,56.29280386242539,72.33834079954104,97.90546375599347,97.3598933615318
SGD_Ridge,"AutoSeasonalDifferences(max_diffs=380, n_seasons=10, season_length=267) | LocalStandardScaler(stats_=[[47.42372721 38.3630083 ]])","[1, 2, 3, 4, 5, 6, 7, 8, 9, 10, 11, 12, 13, 14, 15, 16, 17, 18, 19, 20, 21, 22, 23, 24, 25, 26, 27, 28, 29, 30, 31, 32, 33, 34, 35, 36, 37, 38, 39, 40, 41, 42, 43, 44, 45, 46, 47, 48, 49, 50, 51, 52, 53, 54, 55, 56, 57, 58, 59, 60, 61, 62, 63, 64, 65, 66, 67, 68, 69, 70, 71, 72, 73, 74, 75, 76, 77, 78, 79, 80, 81, 82, 83, 84, 85, 86, 87, 88, 89, 90, 91, 92, 93, 94, 95, 96, 97, 98, 99, 100, 101, 102, 103, 104, 105, 106, 107, 108, 109, 110, 111, 112, 113, 114, 115, 116, 117, 118, 119, 120, 121, 122, 123, 124, 125, 126, 127, 128, 129, 130, 131, 132, 133, 134, 135, 136, 137, 138, 139, 140, 141, 142, 143, 144, 145, 146, 147, 148, 149, 150, 151, 152, 153, 154, 155, 156, 157, 158, 159, 160, 161, 162, 163, 164, 165, 166, 167, 168, 169, 170, 171, 172, 173, 174, 175, 176, 177, 178, 179, 180, 181, 182, 183, 184, 185, 186, 187, 188, 189, 190, 191, 192, 193, 194, 195, 196, 197, 198, 199, 200, 201, 202, 203, 204, 205, 206, 207, 208, 209, 210, 211, 212, 213, 214, 215, 216, 217, 218, 219, 220, 221, 222, 223, 224, 225, 226, 227, 228, 229, 230, 231, 232, 233, 234, 235, 236, 237, 238, 239, 240, 241, 242, 243, 244, 245, 246, 247, 248, 249, 250, 251, 252, 253, 254, 255, 256, 257, 258, 259, 260, 261, 262, 263, 264, 265, 266, 267, 268, 269, 270, 271, 272, 273, 274, 275, 276, 277, 278, 279, 280, 281, 282, 283, 284, 285, 286, 287, 288, 289, 290, 291, 292, 293, 294, 295, 296, 297, 298, 299, 300, 301, 302, 303, 304, 305, 306, 307, 308, 309, 310, 311, 312, 313, 314, 315, 316, 317, 318, 319, 320, 321, 322, 323, 324, 325, 326, 327, 328, 329, 330, 331, 332, 333, 334, 335, 336, 337, 338, 339, 340, 341, 342, 343, 344, 345, 346, 347, 348, 349, 350, 351, 352, 353, 354, 355, 356, 357, 358, 359, 360, 361, 362, 363, 364, 365, 366, 367, 368, 369, 370, 371, 372, 373, 374, 375, 376, 377, 378, 379, 380, 381, 382, 383, 384, 385, 386, 387, 388, 389, 390, 391, 392, 393, 394, 395, 396, 397, 398, 399, 400]","{7: [RollingMean(window_size=7)], 30: [RollingMean(window_size=30)], 60: [RollingMean(window_size=60)]}",lags_400_features_400,22.515401643390437,35.57018203113548,37.08915856829143,41.26230107578809,40.06772840570029,42.47814572565386,45.50605343770588,51.26217196588664,59.3116756374668,60.35564787123714,60.5977575331774
SGDRegressor,"AutoSeasonalDifferences(max_diffs=380, n_seasons=10, season_length=267) | LocalStandardScaler(stats_=[[47.42372721 38.3630083 ]])","[1, 2, 3, 4, 5, 6, 7, 8, 9, 10, 11, 12, 13, 14, 15, 16, 17, 18, 19, 20, 21, 22, 23, 24, 25, 26, 27, 28, 29, 30, 31, 32, 33, 34, 35, 36, 37, 38, 39, 40, 41, 42, 43, 44, 45, 46, 47, 48, 49, 50, 51, 52, 53, 54, 55, 56, 57, 58, 59, 60, 61, 62, 63, 64, 65, 66, 67, 68, 69, 70, 71, 72, 73, 74, 75, 76, 77, 78, 79, 80, 81, 82, 83, 84, 85, 86, 87, 88, 89, 90, 91, 92, 93, 94, 95, 96, 97, 98, 99, 100, 101, 102, 103, 104, 105, 106, 107, 108, 109, 110, 111, 112, 113, 114, 115, 116, 117, 118, 119, 120, 121, 122, 123, 124, 125, 126, 127, 128, 129, 130, 131, 132, 133, 134, 135, 136, 137, 138, 139, 140, 141, 142, 143, 144, 145, 146, 147, 148, 149, 150, 151, 152, 153, 154, 155, 156, 157, 158, 159, 160, 161, 162, 163, 164, 165, 166, 167, 168, 169, 170, 171, 172, 173, 174, 175, 176, 177, 178, 179, 180, 181, 182, 183, 184, 185, 186, 187, 188, 189, 190, 191, 192, 193, 194, 195, 196, 197, 198, 199, 200, 201, 202, 203, 204, 205, 206, 207, 208, 209, 210, 211, 212, 213, 214, 215, 216, 217, 218, 219, 220, 221, 222, 223, 224, 225, 226, 227, 228, 229, 230, 231, 232, 233, 234, 235, 236, 237, 238, 239, 240, 241, 242, 243, 244, 245, 246, 247, 248, 249, 250, 251, 252, 253, 254, 255, 256, 257, 258, 259, 260, 261, 262, 263, 264, 265, 266, 267, 268, 269, 270, 271, 272, 273, 274, 275, 276, 277, 278, 279, 280, 281, 282, 283, 284, 285, 286, 287, 288, 289, 290, 291, 292, 293, 294, 295, 296, 297, 298, 299, 300, 301, 302, 303, 304, 305, 306, 307, 308, 309, 310, 311, 312, 313, 314, 315, 316, 317, 318, 319, 320, 321, 322, 323, 324, 325, 326, 327, 328, 329, 330, 331, 332, 333, 334, 335, 336, 337, 338, 339, 340, 341, 342, 343, 344, 345, 346, 347, 348, 349, 350, 351, 352, 353, 354, 355, 356, 357, 358, 359, 360, 361, 362, 363, 364, 365, 366, 367, 368, 369, 370, 371, 372, 373, 374, 375, 376, 377, 378, 379, 380, 381, 382, 383, 384, 385, 386, 387, 388, 389, 390, 391, 392, 393, 394, 395, 396, 397, 398, 399, 400]","{7: [RollingMean(window_size=7)], 30: [RollingMean(window_size=30)], 60: [RollingMean(window_size=60)]}",lags_400_features_400,96.43319986315345,77.04453826643119,94.59961463586404,89.62004032254666,82.71535244173107,86.6383748384137,83.39975324203235,81.57691661721694,103.56076825988725,156.39724668739683,159.520710695177
XGBRegressor,"AutoSeasonalDifferences(max_diffs=380, n_seasons=10, season_length=267) | LocalStandardScaler(stats_=[[47.42372721 38.3630083 ]])","[1, 2, 3, 4, 5, 6, 7, 8, 9, 10, 11, 12, 13, 14, 15, 16, 17, 18, 19, 20, 21, 22, 23, 24, 25, 26, 27, 28, 29, 30, 31, 32, 33, 34, 35, 36, 37, 38, 39, 40, 41, 42, 43, 44, 45, 46, 47, 48, 49, 50, 51, 52, 53, 54, 55, 56, 57, 58, 59, 60, 61, 62, 63, 64, 65, 66, 67, 68, 69, 70, 71, 72, 73, 74, 75, 76, 77, 78, 79, 80, 81, 82, 83, 84, 85, 86, 87, 88, 89, 90, 91, 92, 93, 94, 95, 96, 97, 98, 99, 100, 101, 102, 103, 104, 105, 106, 107, 108, 109, 110, 111, 112, 113, 114, 115, 116, 117, 118, 119, 120, 121, 122, 123, 124, 125, 126, 127, 128, 129, 130, 131, 132, 133, 134, 135, 136, 137, 138, 139, 140, 141, 142, 143, 144, 145, 146, 147, 148, 149, 150, 151, 152, 153, 154, 155, 156, 157, 158, 159, 160, 161, 162, 163, 164, 165, 166, 167, 168, 169, 170, 171, 172, 173, 174, 175, 176, 177, 178, 179, 180, 181, 182, 183, 184, 185, 186, 187, 188, 189, 190, 191, 192, 193, 194, 195, 196, 197, 198, 199, 200, 201, 202, 203, 204, 205, 206, 207, 208, 209, 210, 211, 212, 213, 214, 215, 216, 217, 218, 219, 220, 221, 222, 223, 224, 225, 226, 227, 228, 229, 230, 231, 232, 233, 234, 235, 236, 237, 238, 239, 240, 241, 242, 243, 244, 245, 246, 247, 248, 249, 250, 251, 252, 253, 254, 255, 256, 257, 258, 259, 260, 261, 262, 263, 264, 265, 266, 267, 268, 269, 270, 271, 272, 273, 274, 275, 276, 277, 278, 279, 280, 281, 282, 283, 284, 285, 286, 287, 288, 289, 290, 291, 292, 293, 294, 295, 296, 297, 298, 299, 300, 301, 302, 303, 304, 305, 306, 307, 308, 309, 310, 311, 312, 313, 314, 315, 316, 317, 318, 319, 320, 321, 322, 323, 324, 325, 326, 327, 328, 329, 330, 331, 332, 333, 334, 335, 336, 337, 338, 339, 340, 341, 342, 343, 344, 345, 346, 347, 348, 349, 350, 351, 352, 353, 354, 355, 356, 357, 358, 359, 360, 361, 362, 363, 364, 365, 366, 367, 368, 369, 370, 371, 372, 373, 374, 375, 376, 377, 378, 379, 380, 381, 382, 383, 384, 385, 386, 387, 388, 389, 390, 391, 392, 393, 394, 395, 396, 397, 398, 399, 400]","{7: [RollingMean(window_size=7)], 30: [RollingMean(window_size=30)], 60: [RollingMean(window_size=60)]}",lags_400_features_400,12.163025631549397,17.571407479117003,18.958243618523454,18.205463250741836,18.88741147182975,20.72581430057369,31.284113415220105,35.982497805815086,48.05497907376707,53.86798844417346,53.00680689664975
LGBMRegressor,"AutoSeasonalDifferences(max_diffs=380, n_seasons=10, season_length=267) | LocalStandardScaler(stats_=[[47.42372721 38.3630083 ]])","[1, 2, 3, 4, 5, 6, 7, 8, 9, 10, 11, 12, 13, 14, 15, 16, 17, 18, 19, 20, 21, 22, 23, 24, 25, 26, 27, 28, 29, 30, 31, 32, 33, 34, 35, 36, 37, 38, 39, 40, 41, 42, 43, 44, 45, 46, 47, 48, 49, 50, 51, 52, 53, 54, 55, 56, 57, 58, 59, 60, 61, 62, 63, 64, 65, 66, 67, 68, 69, 70, 71, 72, 73, 74, 75, 76, 77, 78, 79, 80, 81, 82, 83, 84, 85, 86, 87, 88, 89, 90, 91, 92, 93, 94, 95, 96, 97, 98, 99, 100, 101, 102, 103, 104, 105, 106, 107, 108, 109, 110, 111, 112, 113, 114, 115, 116, 117, 118, 119, 120, 121, 122, 123, 124, 125, 126, 127, 128, 129, 130, 131, 132, 133, 134, 135, 136, 137, 138, 139, 140, 141, 142, 143, 144, 145, 146, 147, 148, 149, 150, 151, 152, 153, 154, 155, 156, 157, 158, 159, 160, 161, 162, 163, 164, 165, 166, 167, 168, 169, 170, 171, 172, 173, 174, 175, 176, 177, 178, 179, 180, 181, 182, 183, 184, 185, 186, 187, 188, 189, 190, 191, 192, 193, 194, 195, 196, 197, 198, 199, 200, 201, 202, 203, 204, 205, 206, 207, 208, 209, 210, 211, 212, 213, 214, 215, 216, 217, 218, 219, 220, 221, 222, 223, 224, 225, 226, 227, 228, 229, 230, 231, 232, 233, 234, 235, 236, 237, 238, 239, 240, 241, 242, 243, 244, 245, 246, 247, 248, 249, 250, 251, 252, 253, 254, 255, 256, 257, 258, 259, 260, 261, 262, 263, 264, 265, 266, 267, 268, 269, 270, 271, 272, 273, 274, 275, 276, 277, 278, 279, 280, 281, 282, 283, 284, 285, 286, 287, 288, 289, 290, 291, 292, 293, 294, 295, 296, 297, 298, 299, 300, 301, 302, 303, 304, 305, 306, 307, 308, 309, 310, 311, 312, 313, 314, 315, 316, 317, 318, 319, 320, 321, 322, 323, 324, 325, 326, 327, 328, 329, 330, 331, 332, 333, 334, 335, 336, 337, 338, 339, 340, 341, 342, 343, 344, 345, 346, 347, 348, 349, 350, 351, 352, 353, 354, 355, 356, 357, 358, 359, 360, 361, 362, 363, 364, 365, 366, 367, 368, 369, 370, 371, 372, 373, 374, 375, 376, 377, 378, 379, 380, 381, 382, 383, 384, 385, 386, 387, 388, 389, 390, 391, 392, 393, 394, 395, 396, 397, 398, 399, 400]","{7: [RollingMean(window_size=7)], 30: [RollingMean(window_size=30)], 60: [RollingMean(window_size=60)]}",lags_400_features_400,10.314293216245444,17.855887937895336,19.550170430050713,19.106797029157054,18.751553607437437,22.83864690427152,29.45063174335442,32.55572137232,43.77002078688841,46.61443011779394,46.053684795622175
SGD_EarlyStopping,"AutoSeasonalDifferences(max_diffs=380, n_seasons=10, season_length=267) | LocalStandardScaler(stats_=[[47.42372721 38.3630083 ]])","[1, 2, 3, 4, 5, 6, 7, 8, 9, 10, 11, 12, 13, 14, 15, 16, 17, 18, 19, 20, 21, 22, 23, 24, 25, 26, 27, 28, 29, 30, 31, 32, 33, 34, 35, 36, 37, 38, 39, 40, 41, 42, 43, 44, 45, 46, 47, 48, 49, 50, 51, 52, 53, 54, 55, 56, 57, 58, 59, 60, 61, 62, 63, 64, 65, 66, 67, 68, 69, 70, 71, 72, 73, 74, 75, 76, 77, 78, 79, 80, 81, 82, 83, 84, 85, 86, 87, 88, 89, 90, 91, 92, 93, 94, 95, 96, 97, 98, 99, 100, 101, 102, 103, 104, 105, 106, 107, 108, 109, 110, 111, 112, 113, 114, 115, 116, 117, 118, 119, 120, 121, 122, 123, 124, 125, 126, 127, 128, 129, 130, 131, 132, 133, 134, 135, 136, 137, 138, 139, 140, 141, 142, 143, 144, 145, 146, 147, 148, 149, 150, 151, 152, 153, 154, 155, 156, 157, 158, 159, 160, 161, 162, 163, 164, 165, 166, 167, 168, 169, 170, 171, 172, 173, 174, 175, 176, 177, 178, 179, 180, 181, 182, 183, 184, 185, 186, 187, 188, 189, 190, 191, 192, 193, 194, 195, 196, 197, 198, 199, 200, 201, 202, 203, 204, 205, 206, 207, 208, 209, 210, 211, 212, 213, 214, 215, 216, 217, 218, 219, 220, 221, 222, 223, 224, 225, 226, 227, 228, 229, 230, 231, 232, 233, 234, 235, 236, 237, 238, 239, 240, 241, 242, 243, 244, 245, 246, 247, 248, 249, 250, 251, 252, 253, 254, 255, 256, 257, 258, 259, 260, 261, 262, 263, 264, 265, 266, 267, 268, 269, 270, 271, 272, 273, 274, 275, 276, 277, 278, 279, 280, 281, 282, 283, 284, 285, 286, 287, 288, 289, 290, 291, 292, 293, 294, 295, 296, 297, 298, 299, 300, 301, 302, 303, 304, 305, 306, 307, 308, 309, 310, 311, 312, 313, 314, 315, 316, 317, 318, 319, 320, 321, 322, 323, 324, 325, 326, 327, 328, 329, 330, 331, 332, 333, 334, 335, 336, 337, 338, 339, 340, 341, 342, 343, 344, 345, 346, 347, 348, 349, 350, 351, 352, 353, 354, 355, 356, 357, 358, 359, 360, 361, 362, 363, 364, 365, 366, 367, 368, 369, 370, 371, 372, 373, 374, 375, 376, 377, 378, 379, 380, 381, 382, 383, 384, 385, 386, 387, 388, 389, 390, 391, 392, 393, 394, 395, 396, 397, 398, 399, 400]","{7: [RollingMean(window_size=7), RollingStd(window_size=7)], 30: [RollingMean(window_size=30)], 60: [ExpandingMean()], 14: [ExponentiallyWeightedMean(alpha=0.3)]}",lags_400_features_400,57.673019083431534,68.47078771556386,80.37736708564196,81.6223788963693,77.59219382784983,78.85960573640416,80.48061733127149,94.14897866268942,124.19670396715688,149.01308570124186,148.54786795170452
SGD_ElasticNet,"AutoSeasonalDifferences(max_diffs=380, n_seasons=10, season_length=267) | LocalStandardScaler(stats_=[[47.42372721 38.3630083 ]])","[1, 2, 3, 4, 5, 6, 7, 8, 9, 10, 11, 12, 13, 14, 15, 16, 17, 18, 19, 20, 21, 22, 23, 24, 25, 26, 27, 28, 29, 30, 31, 32, 33, 34, 35, 36, 37, 38, 39, 40, 41, 42, 43, 44, 45, 46, 47, 48, 49, 50, 51, 52, 53, 54, 55, 56, 57, 58, 59, 60, 61, 62, 63, 64, 65, 66, 67, 68, 69, 70, 71, 72, 73, 74, 75, 76, 77, 78, 79, 80, 81, 82, 83, 84, 85, 86, 87, 88, 89, 90, 91, 92, 93, 94, 95, 96, 97, 98, 99, 100, 101, 102, 103, 104, 105, 106, 107, 108, 109, 110, 111, 112, 113, 114, 115, 116, 117, 118, 119, 120, 121, 122, 123, 124, 125, 126, 127, 128, 129, 130, 131, 132, 133, 134, 135, 136, 137, 138, 139, 140, 141, 142, 143, 144, 145, 146, 147, 148, 149, 150, 151, 152, 153, 154, 155, 156, 157, 158, 159, 160, 161, 162, 163, 164, 165, 166, 167, 168, 169, 170, 171, 172, 173, 174, 175, 176, 177, 178, 179, 180, 181, 182, 183, 184, 185, 186, 187, 188, 189, 190, 191, 192, 193, 194, 195, 196, 197, 198, 199, 200, 201, 202, 203, 204, 205, 206, 207, 208, 209, 210, 211, 212, 213, 214, 215, 216, 217, 218, 219, 220, 221, 222, 223, 224, 225, 226, 227, 228, 229, 230, 231, 232, 233, 234, 235, 236, 237, 238, 239, 240, 241, 242, 243, 244, 245, 246, 247, 248, 249, 250, 251, 252, 253, 254, 255, 256, 257, 258, 259, 260, 261, 262, 263, 264, 265, 266, 267, 268, 269, 270, 271, 272, 273, 274, 275, 276, 277, 278, 279, 280, 281, 282, 283, 284, 285, 286, 287, 288, 289, 290, 291, 292, 293, 294, 295, 296, 297, 298, 299, 300, 301, 302, 303, 304, 305, 306, 307, 308, 309, 310, 311, 312, 313, 314, 315, 316, 317, 318, 319, 320, 321, 322, 323, 324, 325, 326, 327, 328, 329, 330, 331, 332, 333, 334, 335, 336, 337, 338, 339, 340, 341, 342, 343, 344, 345, 346, 347, 348, 349, 350, 351, 352, 353, 354, 355, 356, 357, 358, 359, 360, 361, 362, 363, 364, 365, 366, 367, 368, 369, 370, 371, 372, 373, 374, 375, 376, 377, 378, 379, 380, 381, 382, 383, 384, 385, 386, 387, 388, 389, 390, 391, 392, 393, 394, 395, 396, 397, 398, 399, 400]","{7: [RollingMean(window_size=7), RollingStd(window_size=7)], 30: [RollingMean(window_size=30)], 60: [ExpandingMean()], 14: [ExponentiallyWeightedMean(alpha=0.3)]}",lags_400_features_400,83.74414039821511,69.28728491900783,86.78181350566263,82.58490101635208,77.01951903806302,81.72529241885746,79.29304853285602,77.85473647925367,97.8877092278715,140.97598498023157,143.44935182886346
SGD_Lasso,"AutoSeasonalDifferences(max_diffs=380, n_seasons=10, season_length=267) | LocalStandardScaler(stats_=[[47.42372721 38.3630083 ]])","[1, 2, 3, 4, 5, 6, 7, 8, 9, 10, 11, 12, 13, 14, 15, 16, 17, 18, 19, 20, 21, 22, 23, 24, 25, 26, 27, 28, 29, 30, 31, 32, 33, 34, 35, 36, 37, 38, 39, 40, 41, 42, 43, 44, 45, 46, 47, 48, 49, 50, 51, 52, 53, 54, 55, 56, 57, 58, 59, 60, 61, 62, 63, 64, 65, 66, 67, 68, 69, 70, 71, 72, 73, 74, 75, 76, 77, 78, 79, 80, 81, 82, 83, 84, 85, 86, 87, 88, 89, 90, 91, 92, 93, 94, 95, 96, 97, 98, 99, 100, 101, 102, 103, 104, 105, 106, 107, 108, 109, 110, 111, 112, 113, 114, 115, 116, 117, 118, 119, 120, 121, 122, 123, 124, 125, 126, 127, 128, 129, 130, 131, 132, 133, 134, 135, 136, 137, 138, 139, 140, 141, 142, 143, 144, 145, 146, 147, 148, 149, 150, 151, 152, 153, 154, 155, 156, 157, 158, 159, 160, 161, 162, 163, 164, 165, 166, 167, 168, 169, 170, 171, 172, 173, 174, 175, 176, 177, 178, 179, 180, 181, 182, 183, 184, 185, 186, 187, 188, 189, 190, 191, 192, 193, 194, 195, 196, 197, 198, 199, 200, 201, 202, 203, 204, 205, 206, 207, 208, 209, 210, 211, 212, 213, 214, 215, 216, 217, 218, 219, 220, 221, 222, 223, 224, 225, 226, 227, 228, 229, 230, 231, 232, 233, 234, 235, 236, 237, 238, 239, 240, 241, 242, 243, 244, 245, 246, 247, 248, 249, 250, 251, 252, 253, 254, 255, 256, 257, 258, 259, 260, 261, 262, 263, 264, 265, 266, 267, 268, 269, 270, 271, 272, 273, 274, 275, 276, 277, 278, 279, 280, 281, 282, 283, 284, 285, 286, 287, 288, 289, 290, 291, 292, 293, 294, 295, 296, 297, 298, 299, 300, 301, 302, 303, 304, 305, 306, 307, 308, 309, 310, 311, 312, 313, 314, 315, 316, 317, 318, 319, 320, 321, 322, 323, 324, 325, 326, 327, 328, 329, 330, 331, 332, 333, 334, 335, 336, 337, 338, 339, 340, 341, 342, 343, 344, 345, 346, 347, 348, 349, 350, 351, 352, 353, 354, 355, 356, 357, 358, 359, 360, 361, 362, 363, 364, 365, 366, 367, 368, 369, 370, 371, 372, 373, 374, 375, 376, 377, 378, 379, 380, 381, 382, 383, 384, 385, 386, 387, 388, 389, 390, 391, 392, 393, 394, 395, 396, 397, 398, 399, 400]","{7: [RollingMean(window_size=7), RollingStd(window_size=7)], 30: [RollingMean(window_size=30)], 60: [ExpandingMean()], 14: [ExponentiallyWeightedMean(alpha=0.3)]}",lags_400_features_400,119.44920188330022,104.05390465661806,102.36402919660006,91.3140402506384,76.71551477149504,67.91246565956575,62.06094727448195,56.29280386242539,72.33834079954104,97.90546375599347,97.3598933615318
SGD_Ridge,"AutoSeasonalDifferences(max_diffs=380, n_seasons=10, season_length=267) | LocalStandardScaler(stats_=[[47.42372721 38.3630083 ]])","[1, 2, 3, 4, 5, 6, 7, 8, 9, 10, 11, 12, 13, 14, 15, 16, 17, 18, 19, 20, 21, 22, 23, 24, 25, 26, 27, 28, 29, 30, 31, 32, 33, 34, 35, 36, 37, 38, 39, 40, 41, 42, 43, 44, 45, 46, 47, 48, 49, 50, 51, 52, 53, 54, 55, 56, 57, 58, 59, 60, 61, 62, 63, 64, 65, 66, 67, 68, 69, 70, 71, 72, 73, 74, 75, 76, 77, 78, 79, 80, 81, 82, 83, 84, 85, 86, 87, 88, 89, 90, 91, 92, 93, 94, 95, 96, 97, 98, 99, 100, 101, 102, 103, 104, 105, 106, 107, 108, 109, 110, 111, 112, 113, 114, 115, 116, 117, 118, 119, 120, 121, 122, 123, 124, 125, 126, 127, 128, 129, 130, 131, 132, 133, 134, 135, 136, 137, 138, 139, 140, 141, 142, 143, 144, 145, 146, 147, 148, 149, 150, 151, 152, 153, 154, 155, 156, 157, 158, 159, 160, 161, 162, 163, 164, 165, 166, 167, 168, 169, 170, 171, 172, 173, 174, 175, 176, 177, 178, 179, 180, 181, 182, 183, 184, 185, 186, 187, 188, 189, 190, 191, 192, 193, 194, 195, 196, 197, 198, 199, 200, 201, 202, 203, 204, 205, 206, 207, 208, 209, 210, 211, 212, 213, 214, 215, 216, 217, 218, 219, 220, 221, 222, 223, 224, 225, 226, 227, 228, 229, 230, 231, 232, 233, 234, 235, 236, 237, 238, 239, 240, 241, 242, 243, 244, 245, 246, 247, 248, 249, 250, 251, 252, 253, 254, 255, 256, 257, 258, 259, 260, 261, 262, 263, 264, 265, 266, 267, 268, 269, 270, 271, 272, 273, 274, 275, 276, 277, 278, 279, 280, 281, 282, 283, 284, 285, 286, 287, 288, 289, 290, 291, 292, 293, 294, 295, 296, 297, 298, 299, 300, 301, 302, 303, 304, 305, 306, 307, 308, 309, 310, 311, 312, 313, 314, 315, 316, 317, 318, 319, 320, 321, 322, 323, 324, 325, 326, 327, 328, 329, 330, 331, 332, 333, 334, 335, 336, 337, 338, 339, 340, 341, 342, 343, 344, 345, 346, 347, 348, 349, 350, 351, 352, 353, 354, 355, 356, 357, 358, 359, 360, 361, 362, 363, 364, 365, 366, 367, 368, 369, 370, 371, 372, 373, 374, 375, 376, 377, 378, 379, 380, 381, 382, 383, 384, 385, 386, 387, 388, 389, 390, 391, 392, 393, 394, 395, 396, 397, 398, 399, 400]","{7: [RollingMean(window_size=7), RollingStd(window_size=7)], 30: [RollingMean(window_size=30)], 60: [ExpandingMean()], 14: [ExponentiallyWeightedMean(alpha=0.3)]}",lags_400_features_400,22.794840417985597,36.070225578063805,37.53054598561103,41.7648912861405,40.5627119471578,42.86946345314222,45.850141461321506,51.683253057786395,59.840310142707686,61.26152620155483,61.55488288027586
SGDRegressor,"AutoSeasonalDifferences(max_diffs=380, n_seasons=10, season_length=267) | LocalStandardScaler(stats_=[[47.42372721 38.3630083 ]])","[1, 2, 3, 4, 5, 6, 7, 8, 9, 10, 11, 12, 13, 14, 15, 16, 17, 18, 19, 20, 21, 22, 23, 24, 25, 26, 27, 28, 29, 30, 31, 32, 33, 34, 35, 36, 37, 38, 39, 40, 41, 42, 43, 44, 45, 46, 47, 48, 49, 50, 51, 52, 53, 54, 55, 56, 57, 58, 59, 60, 61, 62, 63, 64, 65, 66, 67, 68, 69, 70, 71, 72, 73, 74, 75, 76, 77, 78, 79, 80, 81, 82, 83, 84, 85, 86, 87, 88, 89, 90, 91, 92, 93, 94, 95, 96, 97, 98, 99, 100, 101, 102, 103, 104, 105, 106, 107, 108, 109, 110, 111, 112, 113, 114, 115, 116, 117, 118, 119, 120, 121, 122, 123, 124, 125, 126, 127, 128, 129, 130, 131, 132, 133, 134, 135, 136, 137, 138, 139, 140, 141, 142, 143, 144, 145, 146, 147, 148, 149, 150, 151, 152, 153, 154, 155, 156, 157, 158, 159, 160, 161, 162, 163, 164, 165, 166, 167, 168, 169, 170, 171, 172, 173, 174, 175, 176, 177, 178, 179, 180, 181, 182, 183, 184, 185, 186, 187, 188, 189, 190, 191, 192, 193, 194, 195, 196, 197, 198, 199, 200, 201, 202, 203, 204, 205, 206, 207, 208, 209, 210, 211, 212, 213, 214, 215, 216, 217, 218, 219, 220, 221, 222, 223, 224, 225, 226, 227, 228, 229, 230, 231, 232, 233, 234, 235, 236, 237, 238, 239, 240, 241, 242, 243, 244, 245, 246, 247, 248, 249, 250, 251, 252, 253, 254, 255, 256, 257, 258, 259, 260, 261, 262, 263, 264, 265, 266, 267, 268, 269, 270, 271, 272, 273, 274, 275, 276, 277, 278, 279, 280, 281, 282, 283, 284, 285, 286, 287, 288, 289, 290, 291, 292, 293, 294, 295, 296, 297, 298, 299, 300, 301, 302, 303, 304, 305, 306, 307, 308, 309, 310, 311, 312, 313, 314, 315, 316, 317, 318, 319, 320, 321, 322, 323, 324, 325, 326, 327, 328, 329, 330, 331, 332, 333, 334, 335, 336, 337, 338, 339, 340, 341, 342, 343, 344, 345, 346, 347, 348, 349, 350, 351, 352, 353, 354, 355, 356, 357, 358, 359, 360, 361, 362, 363, 364, 365, 366, 367, 368, 369, 370, 371, 372, 373, 374, 375, 376, 377, 378, 379, 380, 381, 382, 383, 384, 385, 386, 387, 388, 389, 390, 391, 392, 393, 394, 395, 396, 397, 398, 399, 400]","{7: [RollingMean(window_size=7), RollingStd(window_size=7)], 30: [RollingMean(window_size=30)], 60: [ExpandingMean()], 14: [ExponentiallyWeightedMean(alpha=0.3)]}",lags_400_features_400,96.38414037832376,76.94629083192265,94.28036106997035,89.40542330271526,82.58243873324393,86.51735235356648,83.25903243514044,81.39297862021512,103.16428076252502,155.46442517936362,158.5880296331239
XGBRegressor,"AutoSeasonalDifferences(max_diffs=380, n_seasons=10, season_length=267) | LocalStandardScaler(stats_=[[47.42372721 38.3630083 ]])","[1, 2, 3, 4, 5, 6, 7, 8, 9, 10, 11, 12, 13, 14, 15, 16, 17, 18, 19, 20, 21, 22, 23, 24, 25, 26, 27, 28, 29, 30, 31, 32, 33, 34, 35, 36, 37, 38, 39, 40, 41, 42, 43, 44, 45, 46, 47, 48, 49, 50, 51, 52, 53, 54, 55, 56, 57, 58, 59, 60, 61, 62, 63, 64, 65, 66, 67, 68, 69, 70, 71, 72, 73, 74, 75, 76, 77, 78, 79, 80, 81, 82, 83, 84, 85, 86, 87, 88, 89, 90, 91, 92, 93, 94, 95, 96, 97, 98, 99, 100, 101, 102, 103, 104, 105, 106, 107, 108, 109, 110, 111, 112, 113, 114, 115, 116, 117, 118, 119, 120, 121, 122, 123, 124, 125, 126, 127, 128, 129, 130, 131, 132, 133, 134, 135, 136, 137, 138, 139, 140, 141, 142, 143, 144, 145, 146, 147, 148, 149, 150, 151, 152, 153, 154, 155, 156, 157, 158, 159, 160, 161, 162, 163, 164, 165, 166, 167, 168, 169, 170, 171, 172, 173, 174, 175, 176, 177, 178, 179, 180, 181, 182, 183, 184, 185, 186, 187, 188, 189, 190, 191, 192, 193, 194, 195, 196, 197, 198, 199, 200, 201, 202, 203, 204, 205, 206, 207, 208, 209, 210, 211, 212, 213, 214, 215, 216, 217, 218, 219, 220, 221, 222, 223, 224, 225, 226, 227, 228, 229, 230, 231, 232, 233, 234, 235, 236, 237, 238, 239, 240, 241, 242, 243, 244, 245, 246, 247, 248, 249, 250, 251, 252, 253, 254, 255, 256, 257, 258, 259, 260, 261, 262, 263, 264, 265, 266, 267, 268, 269, 270, 271, 272, 273, 274, 275, 276, 277, 278, 279, 280, 281, 282, 283, 284, 285, 286, 287, 288, 289, 290, 291, 292, 293, 294, 295, 296, 297, 298, 299, 300, 301, 302, 303, 304, 305, 306, 307, 308, 309, 310, 311, 312, 313, 314, 315, 316, 317, 318, 319, 320, 321, 322, 323, 324, 325, 326, 327, 328, 329, 330, 331, 332, 333, 334, 335, 336, 337, 338, 339, 340, 341, 342, 343, 344, 345, 346, 347, 348, 349, 350, 351, 352, 353, 354, 355, 356, 357, 358, 359, 360, 361, 362, 363, 364, 365, 366, 367, 368, 369, 370, 371, 372, 373, 374, 375, 376, 377, 378, 379, 380, 381, 382, 383, 384, 385, 386, 387, 388, 389, 390, 391, 392, 393, 394, 395, 396, 397, 398, 399, 400]","{7: [RollingMean(window_size=7), RollingStd(window_size=7)], 30: [RollingMean(window_size=30)], 60: [ExpandingMean()], 14: [ExponentiallyWeightedMean(alpha=0.3)]}",lags_400_features_400,11.496749740329951,16.728733237868042,18.804072011041402,18.321349649394378,19.232492032948485,21.102337861445715,30.929526332184853,36.241779673772875,48.53213581916319,54.617673126645236,53.631299028901516
LGBMRegressor,"AutoSeasonalDifferences(max_diffs=380, n_seasons=10, season_length=267) | LocalStandardScaler(stats_=[[47.42372721 38.3630083 ]])","[1, 2, 3, 4, 5, 6, 7, 8, 9, 10, 11, 12, 13, 14, 15, 16, 17, 18, 19, 20, 21, 22, 23, 24, 25, 26, 27, 28, 29, 30, 31, 32, 33, 34, 35, 36, 37, 38, 39, 40, 41, 42, 43, 44, 45, 46, 47, 48, 49, 50, 51, 52, 53, 54, 55, 56, 57, 58, 59, 60, 61, 62, 63, 64, 65, 66, 67, 68, 69, 70, 71, 72, 73, 74, 75, 76, 77, 78, 79, 80, 81, 82, 83, 84, 85, 86, 87, 88, 89, 90, 91, 92, 93, 94, 95, 96, 97, 98, 99, 100, 101, 102, 103, 104, 105, 106, 107, 108, 109, 110, 111, 112, 113, 114, 115, 116, 117, 118, 119, 120, 121, 122, 123, 124, 125, 126, 127, 128, 129, 130, 131, 132, 133, 134, 135, 136, 137, 138, 139, 140, 141, 142, 143, 144, 145, 146, 147, 148, 149, 150, 151, 152, 153, 154, 155, 156, 157, 158, 159, 160, 161, 162, 163, 164, 165, 166, 167, 168, 169, 170, 171, 172, 173, 174, 175, 176, 177, 178, 179, 180, 181, 182, 183, 184, 185, 186, 187, 188, 189, 190, 191, 192, 193, 194, 195, 196, 197, 198, 199, 200, 201, 202, 203, 204, 205, 206, 207, 208, 209, 210, 211, 212, 213, 214, 215, 216, 217, 218, 219, 220, 221, 222, 223, 224, 225, 226, 227, 228, 229, 230, 231, 232, 233, 234, 235, 236, 237, 238, 239, 240, 241, 242, 243, 244, 245, 246, 247, 248, 249, 250, 251, 252, 253, 254, 255, 256, 257, 258, 259, 260, 261, 262, 263, 264, 265, 266, 267, 268, 269, 270, 271, 272, 273, 274, 275, 276, 277, 278, 279, 280, 281, 282, 283, 284, 285, 286, 287, 288, 289, 290, 291, 292, 293, 294, 295, 296, 297, 298, 299, 300, 301, 302, 303, 304, 305, 306, 307, 308, 309, 310, 311, 312, 313, 314, 315, 316, 317, 318, 319, 320, 321, 322, 323, 324, 325, 326, 327, 328, 329, 330, 331, 332, 333, 334, 335, 336, 337, 338, 339, 340, 341, 342, 343, 344, 345, 346, 347, 348, 349, 350, 351, 352, 353, 354, 355, 356, 357, 358, 359, 360, 361, 362, 363, 364, 365, 366, 367, 368, 369, 370, 371, 372, 373, 374, 375, 376, 377, 378, 379, 380, 381, 382, 383, 384, 385, 386, 387, 388, 389, 390, 391, 392, 393, 394, 395, 396, 397, 398, 399, 400]","{7: [RollingMean(window_size=7), RollingStd(window_size=7)], 30: [RollingMean(window_size=30)], 60: [ExpandingMean()], 14: [ExponentiallyWeightedMean(alpha=0.3)]}",lags_400_features_400,10.364791247359213,17.023724788193796,19.146399494734222,18.458119512015355,18.429537275774734,22.846962686469624,29.62267794958256,32.77435793193886,45.292003815154295,51.42400367288733,50.89910453463061
SGD_EarlyStopping,"AutoSeasonalDifferences(max_diffs=380, n_seasons=10, season_length=267) | LocalMinMaxScaler(stats_=[[  5.11211699 325.92896936]])","[1, 2, 3, 4, 5, 6, 7, 8, 9, 10, 11, 12, 13, 14, 15, 16, 17, 18, 19, 20, 21, 22, 23, 24, 25, 26, 27, 28, 29, 30, 31, 32, 33, 34, 35, 36, 37, 38, 39, 40, 41, 42, 43, 44, 45, 46, 47, 48, 49, 50, 51, 52, 53, 54, 55, 56, 57, 58, 59, 60, 61, 62, 63, 64, 65, 66, 67, 68, 69, 70, 71, 72, 73, 74, 75, 76, 77, 78, 79, 80, 81, 82, 83, 84, 85, 86, 87, 88, 89, 90, 91, 92, 93, 94, 95, 96, 97, 98, 99, 100, 101, 102, 103, 104, 105, 106, 107, 108, 109, 110, 111, 112, 113, 114, 115, 116, 117, 118, 119, 120, 121, 122, 123, 124, 125, 126, 127, 128, 129, 130, 131, 132, 133, 134, 135, 136, 137, 138, 139, 140, 141, 142, 143, 144, 145, 146, 147, 148, 149, 150, 151, 152, 153, 154, 155, 156, 157, 158, 159, 160, 161, 162, 163, 164, 165, 166, 167, 168, 169, 170, 171, 172, 173, 174, 175, 176, 177, 178, 179, 180, 181, 182, 183, 184, 185, 186, 187, 188, 189, 190, 191, 192, 193, 194, 195, 196, 197, 198, 199, 200, 201, 202, 203, 204, 205, 206, 207, 208, 209, 210, 211, 212, 213, 214, 215, 216, 217, 218, 219, 220, 221, 222, 223, 224, 225, 226, 227, 228, 229, 230, 231, 232, 233, 234, 235, 236, 237, 238, 239, 240, 241, 242, 243, 244, 245, 246, 247, 248, 249, 250, 251, 252, 253, 254, 255, 256, 257, 258, 259, 260, 261, 262, 263, 264, 265, 266, 267, 268, 269, 270, 271, 272, 273, 274, 275, 276, 277, 278, 279, 280, 281, 282, 283, 284, 285, 286, 287, 288, 289, 290, 291, 292, 293, 294, 295, 296, 297, 298, 299, 300, 301, 302, 303, 304, 305, 306, 307, 308, 309, 310, 311, 312, 313, 314, 315, 316, 317, 318, 319, 320, 321, 322, 323, 324, 325, 326, 327, 328, 329, 330, 331, 332, 333, 334, 335, 336, 337, 338, 339, 340, 341, 342, 343, 344, 345, 346, 347, 348, 349, 350, 351, 352, 353, 354, 355, 356, 357, 358, 359, 360, 361, 362, 363, 364, 365, 366, 367, 368, 369, 370, 371, 372, 373, 374, 375, 376, 377, 378, 379, 380, 381, 382, 383, 384, 385, 386, 387, 388, 389, 390, 391, 392, 393, 394, 395, 396, 397, 398, 399, 400]","{1: [<function expanding_mean at 0x000002C58F7A04A0>], 7: [<function rolling_mean_14 at 0x000002C5930FAA20>], 30: [<function expanding_mean at 0x000002C58F7A04A0>]}",lags_400_features_400,15.999084711415668,17.766388720161295,21.670508489519143,21.941506026258125,21.448903575272368,26.033466700798808,31.608575293241387,38.97192541738323,52.32542608635706,58.32595976983067,57.244061483909604
SGD_ElasticNet,"AutoSeasonalDifferences(max_diffs=380, n_seasons=10, season_length=267) | LocalMinMaxScaler(stats_=[[  5.11211699 325.92896936]])","[1, 2, 3, 4, 5, 6, 7, 8, 9, 10, 11, 12, 13, 14, 15, 16, 17, 18, 19, 20, 21, 22, 23, 24, 25, 26, 27, 28, 29, 30, 31, 32, 33, 34, 35, 36, 37, 38, 39, 40, 41, 42, 43, 44, 45, 46, 47, 48, 49, 50, 51, 52, 53, 54, 55, 56, 57, 58, 59, 60, 61, 62, 63, 64, 65, 66, 67, 68, 69, 70, 71, 72, 73, 74, 75, 76, 77, 78, 79, 80, 81, 82, 83, 84, 85, 86, 87, 88, 89, 90, 91, 92, 93, 94, 95, 96, 97, 98, 99, 100, 101, 102, 103, 104, 105, 106, 107, 108, 109, 110, 111, 112, 113, 114, 115, 116, 117, 118, 119, 120, 121, 122, 123, 124, 125, 126, 127, 128, 129, 130, 131, 132, 133, 134, 135, 136, 137, 138, 139, 140, 141, 142, 143, 144, 145, 146, 147, 148, 149, 150, 151, 152, 153, 154, 155, 156, 157, 158, 159, 160, 161, 162, 163, 164, 165, 166, 167, 168, 169, 170, 171, 172, 173, 174, 175, 176, 177, 178, 179, 180, 181, 182, 183, 184, 185, 186, 187, 188, 189, 190, 191, 192, 193, 194, 195, 196, 197, 198, 199, 200, 201, 202, 203, 204, 205, 206, 207, 208, 209, 210, 211, 212, 213, 214, 215, 216, 217, 218, 219, 220, 221, 222, 223, 224, 225, 226, 227, 228, 229, 230, 231, 232, 233, 234, 235, 236, 237, 238, 239, 240, 241, 242, 243, 244, 245, 246, 247, 248, 249, 250, 251, 252, 253, 254, 255, 256, 257, 258, 259, 260, 261, 262, 263, 264, 265, 266, 267, 268, 269, 270, 271, 272, 273, 274, 275, 276, 277, 278, 279, 280, 281, 282, 283, 284, 285, 286, 287, 288, 289, 290, 291, 292, 293, 294, 295, 296, 297, 298, 299, 300, 301, 302, 303, 304, 305, 306, 307, 308, 309, 310, 311, 312, 313, 314, 315, 316, 317, 318, 319, 320, 321, 322, 323, 324, 325, 326, 327, 328, 329, 330, 331, 332, 333, 334, 335, 336, 337, 338, 339, 340, 341, 342, 343, 344, 345, 346, 347, 348, 349, 350, 351, 352, 353, 354, 355, 356, 357, 358, 359, 360, 361, 362, 363, 364, 365, 366, 367, 368, 369, 370, 371, 372, 373, 374, 375, 376, 377, 378, 379, 380, 381, 382, 383, 384, 385, 386, 387, 388, 389, 390, 391, 392, 393, 394, 395, 396, 397, 398, 399, 400]","{1: [<function expanding_mean at 0x000002C58F7A04A0>], 7: [<function rolling_mean_14 at 0x000002C5930FAA20>], 30: [<function expanding_mean at 0x000002C58F7A04A0>]}",lags_400_features_400,10.245860827831816,16.39524739753959,18.566492606752444,18.108078745692385,17.944923897398223,23.373410631300473,28.290493911698572,35.35884971586539,49.146015592758545,52.01035647833743,52.051212970154616
SGD_Lasso,"AutoSeasonalDifferences(max_diffs=380, n_seasons=10, season_length=267) | LocalMinMaxScaler(stats_=[[  5.11211699 325.92896936]])","[1, 2, 3, 4, 5, 6, 7, 8, 9, 10, 11, 12, 13, 14, 15, 16, 17, 18, 19, 20, 21, 22, 23, 24, 25, 26, 27, 28, 29, 30, 31, 32, 33, 34, 35, 36, 37, 38, 39, 40, 41, 42, 43, 44, 45, 46, 47, 48, 49, 50, 51, 52, 53, 54, 55, 56, 57, 58, 59, 60, 61, 62, 63, 64, 65, 66, 67, 68, 69, 70, 71, 72, 73, 74, 75, 76, 77, 78, 79, 80, 81, 82, 83, 84, 85, 86, 87, 88, 89, 90, 91, 92, 93, 94, 95, 96, 97, 98, 99, 100, 101, 102, 103, 104, 105, 106, 107, 108, 109, 110, 111, 112, 113, 114, 115, 116, 117, 118, 119, 120, 121, 122, 123, 124, 125, 126, 127, 128, 129, 130, 131, 132, 133, 134, 135, 136, 137, 138, 139, 140, 141, 142, 143, 144, 145, 146, 147, 148, 149, 150, 151, 152, 153, 154, 155, 156, 157, 158, 159, 160, 161, 162, 163, 164, 165, 166, 167, 168, 169, 170, 171, 172, 173, 174, 175, 176, 177, 178, 179, 180, 181, 182, 183, 184, 185, 186, 187, 188, 189, 190, 191, 192, 193, 194, 195, 196, 197, 198, 199, 200, 201, 202, 203, 204, 205, 206, 207, 208, 209, 210, 211, 212, 213, 214, 215, 216, 217, 218, 219, 220, 221, 222, 223, 224, 225, 226, 227, 228, 229, 230, 231, 232, 233, 234, 235, 236, 237, 238, 239, 240, 241, 242, 243, 244, 245, 246, 247, 248, 249, 250, 251, 252, 253, 254, 255, 256, 257, 258, 259, 260, 261, 262, 263, 264, 265, 266, 267, 268, 269, 270, 271, 272, 273, 274, 275, 276, 277, 278, 279, 280, 281, 282, 283, 284, 285, 286, 287, 288, 289, 290, 291, 292, 293, 294, 295, 296, 297, 298, 299, 300, 301, 302, 303, 304, 305, 306, 307, 308, 309, 310, 311, 312, 313, 314, 315, 316, 317, 318, 319, 320, 321, 322, 323, 324, 325, 326, 327, 328, 329, 330, 331, 332, 333, 334, 335, 336, 337, 338, 339, 340, 341, 342, 343, 344, 345, 346, 347, 348, 349, 350, 351, 352, 353, 354, 355, 356, 357, 358, 359, 360, 361, 362, 363, 364, 365, 366, 367, 368, 369, 370, 371, 372, 373, 374, 375, 376, 377, 378, 379, 380, 381, 382, 383, 384, 385, 386, 387, 388, 389, 390, 391, 392, 393, 394, 395, 396, 397, 398, 399, 400]","{1: [<function expanding_mean at 0x000002C58F7A04A0>], 7: [<function rolling_mean_14 at 0x000002C5930FAA20>], 30: [<function expanding_mean at 0x000002C58F7A04A0>]}",lags_400_features_400,118.05932069664766,102.761529561556,101.08235692519607,90.10235306743208,75.66384464435117,67.01788560628155,61.462045658613974,55.78004717885552,71.64443914013108,96.95023202215106,96.40223009131486
SGD_Ridge,"AutoSeasonalDifferences(max_diffs=380, n_seasons=10, season_length=267) | LocalMinMaxScaler(stats_=[[  5.11211699 325.92896936]])","[1, 2, 3, 4, 5, 6, 7, 8, 9, 10, 11, 12, 13, 14, 15, 16, 17, 18, 19, 20, 21, 22, 23, 24, 25, 26, 27, 28, 29, 30, 31, 32, 33, 34, 35, 36, 37, 38, 39, 40, 41, 42, 43, 44, 45, 46, 47, 48, 49, 50, 51, 52, 53, 54, 55, 56, 57, 58, 59, 60, 61, 62, 63, 64, 65, 66, 67, 68, 69, 70, 71, 72, 73, 74, 75, 76, 77, 78, 79, 80, 81, 82, 83, 84, 85, 86, 87, 88, 89, 90, 91, 92, 93, 94, 95, 96, 97, 98, 99, 100, 101, 102, 103, 104, 105, 106, 107, 108, 109, 110, 111, 112, 113, 114, 115, 116, 117, 118, 119, 120, 121, 122, 123, 124, 125, 126, 127, 128, 129, 130, 131, 132, 133, 134, 135, 136, 137, 138, 139, 140, 141, 142, 143, 144, 145, 146, 147, 148, 149, 150, 151, 152, 153, 154, 155, 156, 157, 158, 159, 160, 161, 162, 163, 164, 165, 166, 167, 168, 169, 170, 171, 172, 173, 174, 175, 176, 177, 178, 179, 180, 181, 182, 183, 184, 185, 186, 187, 188, 189, 190, 191, 192, 193, 194, 195, 196, 197, 198, 199, 200, 201, 202, 203, 204, 205, 206, 207, 208, 209, 210, 211, 212, 213, 214, 215, 216, 217, 218, 219, 220, 221, 222, 223, 224, 225, 226, 227, 228, 229, 230, 231, 232, 233, 234, 235, 236, 237, 238, 239, 240, 241, 242, 243, 244, 245, 246, 247, 248, 249, 250, 251, 252, 253, 254, 255, 256, 257, 258, 259, 260, 261, 262, 263, 264, 265, 266, 267, 268, 269, 270, 271, 272, 273, 274, 275, 276, 277, 278, 279, 280, 281, 282, 283, 284, 285, 286, 287, 288, 289, 290, 291, 292, 293, 294, 295, 296, 297, 298, 299, 300, 301, 302, 303, 304, 305, 306, 307, 308, 309, 310, 311, 312, 313, 314, 315, 316, 317, 318, 319, 320, 321, 322, 323, 324, 325, 326, 327, 328, 329, 330, 331, 332, 333, 334, 335, 336, 337, 338, 339, 340, 341, 342, 343, 344, 345, 346, 347, 348, 349, 350, 351, 352, 353, 354, 355, 356, 357, 358, 359, 360, 361, 362, 363, 364, 365, 366, 367, 368, 369, 370, 371, 372, 373, 374, 375, 376, 377, 378, 379, 380, 381, 382, 383, 384, 385, 386, 387, 388, 389, 390, 391, 392, 393, 394, 395, 396, 397, 398, 399, 400]","{1: [<function expanding_mean at 0x000002C58F7A04A0>], 7: [<function rolling_mean_14 at 0x000002C5930FAA20>], 30: [<function expanding_mean at 0x000002C58F7A04A0>]}",lags_400_features_400,24.49813550016394,23.25348927527358,24.582419681997795,24.417737291024455,23.5685500049871,26.846602770777174,28.97313617010253,30.653615523074546,43.27858498281294,59.60569026329452,60.30910889648751
SGDRegressor,"AutoSeasonalDifferences(max_diffs=380, n_seasons=10, season_length=267) | LocalMinMaxScaler(stats_=[[  5.11211699 325.92896936]])","[1, 2, 3, 4, 5, 6, 7, 8, 9, 10, 11, 12, 13, 14, 15, 16, 17, 18, 19, 20, 21, 22, 23, 24, 25, 26, 27, 28, 29, 30, 31, 32, 33, 34, 35, 36, 37, 38, 39, 40, 41, 42, 43, 44, 45, 46, 47, 48, 49, 50, 51, 52, 53, 54, 55, 56, 57, 58, 59, 60, 61, 62, 63, 64, 65, 66, 67, 68, 69, 70, 71, 72, 73, 74, 75, 76, 77, 78, 79, 80, 81, 82, 83, 84, 85, 86, 87, 88, 89, 90, 91, 92, 93, 94, 95, 96, 97, 98, 99, 100, 101, 102, 103, 104, 105, 106, 107, 108, 109, 110, 111, 112, 113, 114, 115, 116, 117, 118, 119, 120, 121, 122, 123, 124, 125, 126, 127, 128, 129, 130, 131, 132, 133, 134, 135, 136, 137, 138, 139, 140, 141, 142, 143, 144, 145, 146, 147, 148, 149, 150, 151, 152, 153, 154, 155, 156, 157, 158, 159, 160, 161, 162, 163, 164, 165, 166, 167, 168, 169, 170, 171, 172, 173, 174, 175, 176, 177, 178, 179, 180, 181, 182, 183, 184, 185, 186, 187, 188, 189, 190, 191, 192, 193, 194, 195, 196, 197, 198, 199, 200, 201, 202, 203, 204, 205, 206, 207, 208, 209, 210, 211, 212, 213, 214, 215, 216, 217, 218, 219, 220, 221, 222, 223, 224, 225, 226, 227, 228, 229, 230, 231, 232, 233, 234, 235, 236, 237, 238, 239, 240, 241, 242, 243, 244, 245, 246, 247, 248, 249, 250, 251, 252, 253, 254, 255, 256, 257, 258, 259, 260, 261, 262, 263, 264, 265, 266, 267, 268, 269, 270, 271, 272, 273, 274, 275, 276, 277, 278, 279, 280, 281, 282, 283, 284, 285, 286, 287, 288, 289, 290, 291, 292, 293, 294, 295, 296, 297, 298, 299, 300, 301, 302, 303, 304, 305, 306, 307, 308, 309, 310, 311, 312, 313, 314, 315, 316, 317, 318, 319, 320, 321, 322, 323, 324, 325, 326, 327, 328, 329, 330, 331, 332, 333, 334, 335, 336, 337, 338, 339, 340, 341, 342, 343, 344, 345, 346, 347, 348, 349, 350, 351, 352, 353, 354, 355, 356, 357, 358, 359, 360, 361, 362, 363, 364, 365, 366, 367, 368, 369, 370, 371, 372, 373, 374, 375, 376, 377, 378, 379, 380, 381, 382, 383, 384, 385, 386, 387, 388, 389, 390, 391, 392, 393, 394, 395, 396, 397, 398, 399, 400]","{1: [<function expanding_mean at 0x000002C58F7A04A0>], 7: [<function rolling_mean_14 at 0x000002C5930FAA20>], 30: [<function expanding_mean at 0x000002C58F7A04A0>]}",lags_400_features_400,10.253011236420937,19.165667321153276,22.24343451576694,22.96859913490333,21.993833842992316,27.022026221700962,31.97423528806553,39.12033186070681,51.57945082367651,48.89140996404999,48.1475923089814
XGBRegressor,"AutoSeasonalDifferences(max_diffs=380, n_seasons=10, season_length=267) | LocalMinMaxScaler(stats_=[[  5.11211699 325.92896936]])","[1, 2, 3, 4, 5, 6, 7, 8, 9, 10, 11, 12, 13, 14, 15, 16, 17, 18, 19, 20, 21, 22, 23, 24, 25, 26, 27, 28, 29, 30, 31, 32, 33, 34, 35, 36, 37, 38, 39, 40, 41, 42, 43, 44, 45, 46, 47, 48, 49, 50, 51, 52, 53, 54, 55, 56, 57, 58, 59, 60, 61, 62, 63, 64, 65, 66, 67, 68, 69, 70, 71, 72, 73, 74, 75, 76, 77, 78, 79, 80, 81, 82, 83, 84, 85, 86, 87, 88, 89, 90, 91, 92, 93, 94, 95, 96, 97, 98, 99, 100, 101, 102, 103, 104, 105, 106, 107, 108, 109, 110, 111, 112, 113, 114, 115, 116, 117, 118, 119, 120, 121, 122, 123, 124, 125, 126, 127, 128, 129, 130, 131, 132, 133, 134, 135, 136, 137, 138, 139, 140, 141, 142, 143, 144, 145, 146, 147, 148, 149, 150, 151, 152, 153, 154, 155, 156, 157, 158, 159, 160, 161, 162, 163, 164, 165, 166, 167, 168, 169, 170, 171, 172, 173, 174, 175, 176, 177, 178, 179, 180, 181, 182, 183, 184, 185, 186, 187, 188, 189, 190, 191, 192, 193, 194, 195, 196, 197, 198, 199, 200, 201, 202, 203, 204, 205, 206, 207, 208, 209, 210, 211, 212, 213, 214, 215, 216, 217, 218, 219, 220, 221, 222, 223, 224, 225, 226, 227, 228, 229, 230, 231, 232, 233, 234, 235, 236, 237, 238, 239, 240, 241, 242, 243, 244, 245, 246, 247, 248, 249, 250, 251, 252, 253, 254, 255, 256, 257, 258, 259, 260, 261, 262, 263, 264, 265, 266, 267, 268, 269, 270, 271, 272, 273, 274, 275, 276, 277, 278, 279, 280, 281, 282, 283, 284, 285, 286, 287, 288, 289, 290, 291, 292, 293, 294, 295, 296, 297, 298, 299, 300, 301, 302, 303, 304, 305, 306, 307, 308, 309, 310, 311, 312, 313, 314, 315, 316, 317, 318, 319, 320, 321, 322, 323, 324, 325, 326, 327, 328, 329, 330, 331, 332, 333, 334, 335, 336, 337, 338, 339, 340, 341, 342, 343, 344, 345, 346, 347, 348, 349, 350, 351, 352, 353, 354, 355, 356, 357, 358, 359, 360, 361, 362, 363, 364, 365, 366, 367, 368, 369, 370, 371, 372, 373, 374, 375, 376, 377, 378, 379, 380, 381, 382, 383, 384, 385, 386, 387, 388, 389, 390, 391, 392, 393, 394, 395, 396, 397, 398, 399, 400]","{1: [<function expanding_mean at 0x000002C58F7A04A0>], 7: [<function rolling_mean_14 at 0x000002C5930FAA20>], 30: [<function expanding_mean at 0x000002C58F7A04A0>]}",lags_400_features_400,14.289528544409865,18.798072460819036,20.796116136301183,19.850683789757362,19.751869010313435,27.160376629679007,37.05643129055839,40.4769616866953,50.02278722654398,56.13145569032816,55.601554585972615
LGBMRegressor,"AutoSeasonalDifferences(max_diffs=380, n_seasons=10, season_length=267) | LocalMinMaxScaler(stats_=[[  5.11211699 325.92896936]])","[1, 2, 3, 4, 5, 6, 7, 8, 9, 10, 11, 12, 13, 14, 15, 16, 17, 18, 19, 20, 21, 22, 23, 24, 25, 26, 27, 28, 29, 30, 31, 32, 33, 34, 35, 36, 37, 38, 39, 40, 41, 42, 43, 44, 45, 46, 47, 48, 49, 50, 51, 52, 53, 54, 55, 56, 57, 58, 59, 60, 61, 62, 63, 64, 65, 66, 67, 68, 69, 70, 71, 72, 73, 74, 75, 76, 77, 78, 79, 80, 81, 82, 83, 84, 85, 86, 87, 88, 89, 90, 91, 92, 93, 94, 95, 96, 97, 98, 99, 100, 101, 102, 103, 104, 105, 106, 107, 108, 109, 110, 111, 112, 113, 114, 115, 116, 117, 118, 119, 120, 121, 122, 123, 124, 125, 126, 127, 128, 129, 130, 131, 132, 133, 134, 135, 136, 137, 138, 139, 140, 141, 142, 143, 144, 145, 146, 147, 148, 149, 150, 151, 152, 153, 154, 155, 156, 157, 158, 159, 160, 161, 162, 163, 164, 165, 166, 167, 168, 169, 170, 171, 172, 173, 174, 175, 176, 177, 178, 179, 180, 181, 182, 183, 184, 185, 186, 187, 188, 189, 190, 191, 192, 193, 194, 195, 196, 197, 198, 199, 200, 201, 202, 203, 204, 205, 206, 207, 208, 209, 210, 211, 212, 213, 214, 215, 216, 217, 218, 219, 220, 221, 222, 223, 224, 225, 226, 227, 228, 229, 230, 231, 232, 233, 234, 235, 236, 237, 238, 239, 240, 241, 242, 243, 244, 245, 246, 247, 248, 249, 250, 251, 252, 253, 254, 255, 256, 257, 258, 259, 260, 261, 262, 263, 264, 265, 266, 267, 268, 269, 270, 271, 272, 273, 274, 275, 276, 277, 278, 279, 280, 281, 282, 283, 284, 285, 286, 287, 288, 289, 290, 291, 292, 293, 294, 295, 296, 297, 298, 299, 300, 301, 302, 303, 304, 305, 306, 307, 308, 309, 310, 311, 312, 313, 314, 315, 316, 317, 318, 319, 320, 321, 322, 323, 324, 325, 326, 327, 328, 329, 330, 331, 332, 333, 334, 335, 336, 337, 338, 339, 340, 341, 342, 343, 344, 345, 346, 347, 348, 349, 350, 351, 352, 353, 354, 355, 356, 357, 358, 359, 360, 361, 362, 363, 364, 365, 366, 367, 368, 369, 370, 371, 372, 373, 374, 375, 376, 377, 378, 379, 380, 381, 382, 383, 384, 385, 386, 387, 388, 389, 390, 391, 392, 393, 394, 395, 396, 397, 398, 399, 400]","{1: [<function expanding_mean at 0x000002C58F7A04A0>], 7: [<function rolling_mean_14 at 0x000002C5930FAA20>], 30: [<function expanding_mean at 0x000002C58F7A04A0>]}",lags_400_features_400,11.149376340547773,18.62364948963583,19.828314722357224,19.36252538198402,18.892918736925015,21.879523336434193,28.633570082780285,33.3742788785524,45.63550792646652,50.27597838069598,49.621789144277884
SGD_EarlyStopping,"AutoSeasonalDifferences(max_diffs=380, n_seasons=10, season_length=267) | LocalMinMaxScaler(stats_=[[  5.11211699 325.92896936]])","[1, 2, 3, 4, 5, 6, 7, 8, 9, 10, 11, 12, 13, 14, 15, 16, 17, 18, 19, 20, 21, 22, 23, 24, 25, 26, 27, 28, 29, 30, 31, 32, 33, 34, 35, 36, 37, 38, 39, 40, 41, 42, 43, 44, 45, 46, 47, 48, 49, 50, 51, 52, 53, 54, 55, 56, 57, 58, 59, 60, 61, 62, 63, 64, 65, 66, 67, 68, 69, 70, 71, 72, 73, 74, 75, 76, 77, 78, 79, 80, 81, 82, 83, 84, 85, 86, 87, 88, 89, 90, 91, 92, 93, 94, 95, 96, 97, 98, 99, 100, 101, 102, 103, 104, 105, 106, 107, 108, 109, 110, 111, 112, 113, 114, 115, 116, 117, 118, 119, 120, 121, 122, 123, 124, 125, 126, 127, 128, 129, 130, 131, 132, 133, 134, 135, 136, 137, 138, 139, 140, 141, 142, 143, 144, 145, 146, 147, 148, 149, 150, 151, 152, 153, 154, 155, 156, 157, 158, 159, 160, 161, 162, 163, 164, 165, 166, 167, 168, 169, 170, 171, 172, 173, 174, 175, 176, 177, 178, 179, 180, 181, 182, 183, 184, 185, 186, 187, 188, 189, 190, 191, 192, 193, 194, 195, 196, 197, 198, 199, 200, 201, 202, 203, 204, 205, 206, 207, 208, 209, 210, 211, 212, 213, 214, 215, 216, 217, 218, 219, 220, 221, 222, 223, 224, 225, 226, 227, 228, 229, 230, 231, 232, 233, 234, 235, 236, 237, 238, 239, 240, 241, 242, 243, 244, 245, 246, 247, 248, 249, 250, 251, 252, 253, 254, 255, 256, 257, 258, 259, 260, 261, 262, 263, 264, 265, 266, 267, 268, 269, 270, 271, 272, 273, 274, 275, 276, 277, 278, 279, 280, 281, 282, 283, 284, 285, 286, 287, 288, 289, 290, 291, 292, 293, 294, 295, 296, 297, 298, 299, 300, 301, 302, 303, 304, 305, 306, 307, 308, 309, 310, 311, 312, 313, 314, 315, 316, 317, 318, 319, 320, 321, 322, 323, 324, 325, 326, 327, 328, 329, 330, 331, 332, 333, 334, 335, 336, 337, 338, 339, 340, 341, 342, 343, 344, 345, 346, 347, 348, 349, 350, 351, 352, 353, 354, 355, 356, 357, 358, 359, 360, 361, 362, 363, 364, 365, 366, 367, 368, 369, 370, 371, 372, 373, 374, 375, 376, 377, 378, 379, 380, 381, 382, 383, 384, 385, 386, 387, 388, 389, 390, 391, 392, 393, 394, 395, 396, 397, 398, 399, 400]","{1: [<function rolling_mean_14 at 0x000002C5930FAA20>], 7: [<function rolling_mean_30 at 0x000002C58DBF9260>], 30: [<function expanding_mean at 0x000002C58F7A04A0>]}",lags_400_features_400,15.984487414125603,17.762743144996627,21.66638644590987,21.93861790490404,21.447799925201092,26.024548661896326,31.60250023044537,38.965407673437085,52.33223294839229,58.31838767236942,57.23412682384301
SGD_ElasticNet,"AutoSeasonalDifferences(max_diffs=380, n_seasons=10, season_length=267) | LocalMinMaxScaler(stats_=[[  5.11211699 325.92896936]])","[1, 2, 3, 4, 5, 6, 7, 8, 9, 10, 11, 12, 13, 14, 15, 16, 17, 18, 19, 20, 21, 22, 23, 24, 25, 26, 27, 28, 29, 30, 31, 32, 33, 34, 35, 36, 37, 38, 39, 40, 41, 42, 43, 44, 45, 46, 47, 48, 49, 50, 51, 52, 53, 54, 55, 56, 57, 58, 59, 60, 61, 62, 63, 64, 65, 66, 67, 68, 69, 70, 71, 72, 73, 74, 75, 76, 77, 78, 79, 80, 81, 82, 83, 84, 85, 86, 87, 88, 89, 90, 91, 92, 93, 94, 95, 96, 97, 98, 99, 100, 101, 102, 103, 104, 105, 106, 107, 108, 109, 110, 111, 112, 113, 114, 115, 116, 117, 118, 119, 120, 121, 122, 123, 124, 125, 126, 127, 128, 129, 130, 131, 132, 133, 134, 135, 136, 137, 138, 139, 140, 141, 142, 143, 144, 145, 146, 147, 148, 149, 150, 151, 152, 153, 154, 155, 156, 157, 158, 159, 160, 161, 162, 163, 164, 165, 166, 167, 168, 169, 170, 171, 172, 173, 174, 175, 176, 177, 178, 179, 180, 181, 182, 183, 184, 185, 186, 187, 188, 189, 190, 191, 192, 193, 194, 195, 196, 197, 198, 199, 200, 201, 202, 203, 204, 205, 206, 207, 208, 209, 210, 211, 212, 213, 214, 215, 216, 217, 218, 219, 220, 221, 222, 223, 224, 225, 226, 227, 228, 229, 230, 231, 232, 233, 234, 235, 236, 237, 238, 239, 240, 241, 242, 243, 244, 245, 246, 247, 248, 249, 250, 251, 252, 253, 254, 255, 256, 257, 258, 259, 260, 261, 262, 263, 264, 265, 266, 267, 268, 269, 270, 271, 272, 273, 274, 275, 276, 277, 278, 279, 280, 281, 282, 283, 284, 285, 286, 287, 288, 289, 290, 291, 292, 293, 294, 295, 296, 297, 298, 299, 300, 301, 302, 303, 304, 305, 306, 307, 308, 309, 310, 311, 312, 313, 314, 315, 316, 317, 318, 319, 320, 321, 322, 323, 324, 325, 326, 327, 328, 329, 330, 331, 332, 333, 334, 335, 336, 337, 338, 339, 340, 341, 342, 343, 344, 345, 346, 347, 348, 349, 350, 351, 352, 353, 354, 355, 356, 357, 358, 359, 360, 361, 362, 363, 364, 365, 366, 367, 368, 369, 370, 371, 372, 373, 374, 375, 376, 377, 378, 379, 380, 381, 382, 383, 384, 385, 386, 387, 388, 389, 390, 391, 392, 393, 394, 395, 396, 397, 398, 399, 400]","{1: [<function rolling_mean_14 at 0x000002C5930FAA20>], 7: [<function rolling_mean_30 at 0x000002C58DBF9260>], 30: [<function expanding_mean at 0x000002C58F7A04A0>]}",lags_400_features_400,10.238994291403337,16.391693435071055,18.56599756822072,18.10688510087873,17.94324318762595,23.368777022156102,28.2859876432349,35.351092209882296,49.146582733077494,52.012289265083936,52.0524481979585
SGD_Lasso,"AutoSeasonalDifferences(max_diffs=380, n_seasons=10, season_length=267) | LocalMinMaxScaler(stats_=[[  5.11211699 325.92896936]])","[1, 2, 3, 4, 5, 6, 7, 8, 9, 10, 11, 12, 13, 14, 15, 16, 17, 18, 19, 20, 21, 22, 23, 24, 25, 26, 27, 28, 29, 30, 31, 32, 33, 34, 35, 36, 37, 38, 39, 40, 41, 42, 43, 44, 45, 46, 47, 48, 49, 50, 51, 52, 53, 54, 55, 56, 57, 58, 59, 60, 61, 62, 63, 64, 65, 66, 67, 68, 69, 70, 71, 72, 73, 74, 75, 76, 77, 78, 79, 80, 81, 82, 83, 84, 85, 86, 87, 88, 89, 90, 91, 92, 93, 94, 95, 96, 97, 98, 99, 100, 101, 102, 103, 104, 105, 106, 107, 108, 109, 110, 111, 112, 113, 114, 115, 116, 117, 118, 119, 120, 121, 122, 123, 124, 125, 126, 127, 128, 129, 130, 131, 132, 133, 134, 135, 136, 137, 138, 139, 140, 141, 142, 143, 144, 145, 146, 147, 148, 149, 150, 151, 152, 153, 154, 155, 156, 157, 158, 159, 160, 161, 162, 163, 164, 165, 166, 167, 168, 169, 170, 171, 172, 173, 174, 175, 176, 177, 178, 179, 180, 181, 182, 183, 184, 185, 186, 187, 188, 189, 190, 191, 192, 193, 194, 195, 196, 197, 198, 199, 200, 201, 202, 203, 204, 205, 206, 207, 208, 209, 210, 211, 212, 213, 214, 215, 216, 217, 218, 219, 220, 221, 222, 223, 224, 225, 226, 227, 228, 229, 230, 231, 232, 233, 234, 235, 236, 237, 238, 239, 240, 241, 242, 243, 244, 245, 246, 247, 248, 249, 250, 251, 252, 253, 254, 255, 256, 257, 258, 259, 260, 261, 262, 263, 264, 265, 266, 267, 268, 269, 270, 271, 272, 273, 274, 275, 276, 277, 278, 279, 280, 281, 282, 283, 284, 285, 286, 287, 288, 289, 290, 291, 292, 293, 294, 295, 296, 297, 298, 299, 300, 301, 302, 303, 304, 305, 306, 307, 308, 309, 310, 311, 312, 313, 314, 315, 316, 317, 318, 319, 320, 321, 322, 323, 324, 325, 326, 327, 328, 329, 330, 331, 332, 333, 334, 335, 336, 337, 338, 339, 340, 341, 342, 343, 344, 345, 346, 347, 348, 349, 350, 351, 352, 353, 354, 355, 356, 357, 358, 359, 360, 361, 362, 363, 364, 365, 366, 367, 368, 369, 370, 371, 372, 373, 374, 375, 376, 377, 378, 379, 380, 381, 382, 383, 384, 385, 386, 387, 388, 389, 390, 391, 392, 393, 394, 395, 396, 397, 398, 399, 400]","{1: [<function rolling_mean_14 at 0x000002C5930FAA20>], 7: [<function rolling_mean_30 at 0x000002C58DBF9260>], 30: [<function expanding_mean at 0x000002C58F7A04A0>]}",lags_400_features_400,118.05932069664766,102.761529561556,101.08235692519607,90.10235306743208,75.66384464435117,67.01788560628155,61.462045658613974,55.78004717885552,71.64443914013108,96.95023202215106,96.40223009131486
SGD_Ridge,"AutoSeasonalDifferences(max_diffs=380, n_seasons=10, season_length=267) | LocalMinMaxScaler(stats_=[[  5.11211699 325.92896936]])","[1, 2, 3, 4, 5, 6, 7, 8, 9, 10, 11, 12, 13, 14, 15, 16, 17, 18, 19, 20, 21, 22, 23, 24, 25, 26, 27, 28, 29, 30, 31, 32, 33, 34, 35, 36, 37, 38, 39, 40, 41, 42, 43, 44, 45, 46, 47, 48, 49, 50, 51, 52, 53, 54, 55, 56, 57, 58, 59, 60, 61, 62, 63, 64, 65, 66, 67, 68, 69, 70, 71, 72, 73, 74, 75, 76, 77, 78, 79, 80, 81, 82, 83, 84, 85, 86, 87, 88, 89, 90, 91, 92, 93, 94, 95, 96, 97, 98, 99, 100, 101, 102, 103, 104, 105, 106, 107, 108, 109, 110, 111, 112, 113, 114, 115, 116, 117, 118, 119, 120, 121, 122, 123, 124, 125, 126, 127, 128, 129, 130, 131, 132, 133, 134, 135, 136, 137, 138, 139, 140, 141, 142, 143, 144, 145, 146, 147, 148, 149, 150, 151, 152, 153, 154, 155, 156, 157, 158, 159, 160, 161, 162, 163, 164, 165, 166, 167, 168, 169, 170, 171, 172, 173, 174, 175, 176, 177, 178, 179, 180, 181, 182, 183, 184, 185, 186, 187, 188, 189, 190, 191, 192, 193, 194, 195, 196, 197, 198, 199, 200, 201, 202, 203, 204, 205, 206, 207, 208, 209, 210, 211, 212, 213, 214, 215, 216, 217, 218, 219, 220, 221, 222, 223, 224, 225, 226, 227, 228, 229, 230, 231, 232, 233, 234, 235, 236, 237, 238, 239, 240, 241, 242, 243, 244, 245, 246, 247, 248, 249, 250, 251, 252, 253, 254, 255, 256, 257, 258, 259, 260, 261, 262, 263, 264, 265, 266, 267, 268, 269, 270, 271, 272, 273, 274, 275, 276, 277, 278, 279, 280, 281, 282, 283, 284, 285, 286, 287, 288, 289, 290, 291, 292, 293, 294, 295, 296, 297, 298, 299, 300, 301, 302, 303, 304, 305, 306, 307, 308, 309, 310, 311, 312, 313, 314, 315, 316, 317, 318, 319, 320, 321, 322, 323, 324, 325, 326, 327, 328, 329, 330, 331, 332, 333, 334, 335, 336, 337, 338, 339, 340, 341, 342, 343, 344, 345, 346, 347, 348, 349, 350, 351, 352, 353, 354, 355, 356, 357, 358, 359, 360, 361, 362, 363, 364, 365, 366, 367, 368, 369, 370, 371, 372, 373, 374, 375, 376, 377, 378, 379, 380, 381, 382, 383, 384, 385, 386, 387, 388, 389, 390, 391, 392, 393, 394, 395, 396, 397, 398, 399, 400]","{1: [<function rolling_mean_14 at 0x000002C5930FAA20>], 7: [<function rolling_mean_30 at 0x000002C58DBF9260>], 30: [<function expanding_mean at 0x000002C58F7A04A0>]}",lags_400_features_400,24.426539572297347,23.206499331175056,24.544829085970267,24.388183753925084,23.545078099718438,26.829408372927766,28.962121710425837,30.64236088357063,43.25890870652282,59.57747525108971,60.28260738308278
SGDRegressor,"AutoSeasonalDifferences(max_diffs=380, n_seasons=10, season_length=267) | LocalMinMaxScaler(stats_=[[  5.11211699 325.92896936]])","[1, 2, 3, 4, 5, 6, 7, 8, 9, 10, 11, 12, 13, 14, 15, 16, 17, 18, 19, 20, 21, 22, 23, 24, 25, 26, 27, 28, 29, 30, 31, 32, 33, 34, 35, 36, 37, 38, 39, 40, 41, 42, 43, 44, 45, 46, 47, 48, 49, 50, 51, 52, 53, 54, 55, 56, 57, 58, 59, 60, 61, 62, 63, 64, 65, 66, 67, 68, 69, 70, 71, 72, 73, 74, 75, 76, 77, 78, 79, 80, 81, 82, 83, 84, 85, 86, 87, 88, 89, 90, 91, 92, 93, 94, 95, 96, 97, 98, 99, 100, 101, 102, 103, 104, 105, 106, 107, 108, 109, 110, 111, 112, 113, 114, 115, 116, 117, 118, 119, 120, 121, 122, 123, 124, 125, 126, 127, 128, 129, 130, 131, 132, 133, 134, 135, 136, 137, 138, 139, 140, 141, 142, 143, 144, 145, 146, 147, 148, 149, 150, 151, 152, 153, 154, 155, 156, 157, 158, 159, 160, 161, 162, 163, 164, 165, 166, 167, 168, 169, 170, 171, 172, 173, 174, 175, 176, 177, 178, 179, 180, 181, 182, 183, 184, 185, 186, 187, 188, 189, 190, 191, 192, 193, 194, 195, 196, 197, 198, 199, 200, 201, 202, 203, 204, 205, 206, 207, 208, 209, 210, 211, 212, 213, 214, 215, 216, 217, 218, 219, 220, 221, 222, 223, 224, 225, 226, 227, 228, 229, 230, 231, 232, 233, 234, 235, 236, 237, 238, 239, 240, 241, 242, 243, 244, 245, 246, 247, 248, 249, 250, 251, 252, 253, 254, 255, 256, 257, 258, 259, 260, 261, 262, 263, 264, 265, 266, 267, 268, 269, 270, 271, 272, 273, 274, 275, 276, 277, 278, 279, 280, 281, 282, 283, 284, 285, 286, 287, 288, 289, 290, 291, 292, 293, 294, 295, 296, 297, 298, 299, 300, 301, 302, 303, 304, 305, 306, 307, 308, 309, 310, 311, 312, 313, 314, 315, 316, 317, 318, 319, 320, 321, 322, 323, 324, 325, 326, 327, 328, 329, 330, 331, 332, 333, 334, 335, 336, 337, 338, 339, 340, 341, 342, 343, 344, 345, 346, 347, 348, 349, 350, 351, 352, 353, 354, 355, 356, 357, 358, 359, 360, 361, 362, 363, 364, 365, 366, 367, 368, 369, 370, 371, 372, 373, 374, 375, 376, 377, 378, 379, 380, 381, 382, 383, 384, 385, 386, 387, 388, 389, 390, 391, 392, 393, 394, 395, 396, 397, 398, 399, 400]","{1: [<function rolling_mean_14 at 0x000002C5930FAA20>], 7: [<function rolling_mean_30 at 0x000002C58DBF9260>], 30: [<function expanding_mean at 0x000002C58F7A04A0>]}",lags_400_features_400,10.265248342770278,19.187461234406957,22.274969455040427,23.009992507949466,22.027991329542996,27.0438461484453,31.995143018510873,39.135065410503444,51.59604928272379,48.90304973364653,48.152593483154185
XGBRegressor,"AutoSeasonalDifferences(max_diffs=380, n_seasons=10, season_length=267) | LocalMinMaxScaler(stats_=[[  5.11211699 325.92896936]])","[1, 2, 3, 4, 5, 6, 7, 8, 9, 10, 11, 12, 13, 14, 15, 16, 17, 18, 19, 20, 21, 22, 23, 24, 25, 26, 27, 28, 29, 30, 31, 32, 33, 34, 35, 36, 37, 38, 39, 40, 41, 42, 43, 44, 45, 46, 47, 48, 49, 50, 51, 52, 53, 54, 55, 56, 57, 58, 59, 60, 61, 62, 63, 64, 65, 66, 67, 68, 69, 70, 71, 72, 73, 74, 75, 76, 77, 78, 79, 80, 81, 82, 83, 84, 85, 86, 87, 88, 89, 90, 91, 92, 93, 94, 95, 96, 97, 98, 99, 100, 101, 102, 103, 104, 105, 106, 107, 108, 109, 110, 111, 112, 113, 114, 115, 116, 117, 118, 119, 120, 121, 122, 123, 124, 125, 126, 127, 128, 129, 130, 131, 132, 133, 134, 135, 136, 137, 138, 139, 140, 141, 142, 143, 144, 145, 146, 147, 148, 149, 150, 151, 152, 153, 154, 155, 156, 157, 158, 159, 160, 161, 162, 163, 164, 165, 166, 167, 168, 169, 170, 171, 172, 173, 174, 175, 176, 177, 178, 179, 180, 181, 182, 183, 184, 185, 186, 187, 188, 189, 190, 191, 192, 193, 194, 195, 196, 197, 198, 199, 200, 201, 202, 203, 204, 205, 206, 207, 208, 209, 210, 211, 212, 213, 214, 215, 216, 217, 218, 219, 220, 221, 222, 223, 224, 225, 226, 227, 228, 229, 230, 231, 232, 233, 234, 235, 236, 237, 238, 239, 240, 241, 242, 243, 244, 245, 246, 247, 248, 249, 250, 251, 252, 253, 254, 255, 256, 257, 258, 259, 260, 261, 262, 263, 264, 265, 266, 267, 268, 269, 270, 271, 272, 273, 274, 275, 276, 277, 278, 279, 280, 281, 282, 283, 284, 285, 286, 287, 288, 289, 290, 291, 292, 293, 294, 295, 296, 297, 298, 299, 300, 301, 302, 303, 304, 305, 306, 307, 308, 309, 310, 311, 312, 313, 314, 315, 316, 317, 318, 319, 320, 321, 322, 323, 324, 325, 326, 327, 328, 329, 330, 331, 332, 333, 334, 335, 336, 337, 338, 339, 340, 341, 342, 343, 344, 345, 346, 347, 348, 349, 350, 351, 352, 353, 354, 355, 356, 357, 358, 359, 360, 361, 362, 363, 364, 365, 366, 367, 368, 369, 370, 371, 372, 373, 374, 375, 376, 377, 378, 379, 380, 381, 382, 383, 384, 385, 386, 387, 388, 389, 390, 391, 392, 393, 394, 395, 396, 397, 398, 399, 400]","{1: [<function rolling_mean_14 at 0x000002C5930FAA20>], 7: [<function rolling_mean_30 at 0x000002C58DBF9260>], 30: [<function expanding_mean at 0x000002C58F7A04A0>]}",lags_400_features_400,13.193359377052166,19.060613177053447,20.437319535951875,20.320891287951095,20.77039561405539,20.15058581644999,28.382786381723836,35.484679197565846,44.80740587801378,45.92248387765741,45.2120568069496
LGBMRegressor,"AutoSeasonalDifferences(max_diffs=380, n_seasons=10, season_length=267) | LocalMinMaxScaler(stats_=[[  5.11211699 325.92896936]])","[1, 2, 3, 4, 5, 6, 7, 8, 9, 10, 11, 12, 13, 14, 15, 16, 17, 18, 19, 20, 21, 22, 23, 24, 25, 26, 27, 28, 29, 30, 31, 32, 33, 34, 35, 36, 37, 38, 39, 40, 41, 42, 43, 44, 45, 46, 47, 48, 49, 50, 51, 52, 53, 54, 55, 56, 57, 58, 59, 60, 61, 62, 63, 64, 65, 66, 67, 68, 69, 70, 71, 72, 73, 74, 75, 76, 77, 78, 79, 80, 81, 82, 83, 84, 85, 86, 87, 88, 89, 90, 91, 92, 93, 94, 95, 96, 97, 98, 99, 100, 101, 102, 103, 104, 105, 106, 107, 108, 109, 110, 111, 112, 113, 114, 115, 116, 117, 118, 119, 120, 121, 122, 123, 124, 125, 126, 127, 128, 129, 130, 131, 132, 133, 134, 135, 136, 137, 138, 139, 140, 141, 142, 143, 144, 145, 146, 147, 148, 149, 150, 151, 152, 153, 154, 155, 156, 157, 158, 159, 160, 161, 162, 163, 164, 165, 166, 167, 168, 169, 170, 171, 172, 173, 174, 175, 176, 177, 178, 179, 180, 181, 182, 183, 184, 185, 186, 187, 188, 189, 190, 191, 192, 193, 194, 195, 196, 197, 198, 199, 200, 201, 202, 203, 204, 205, 206, 207, 208, 209, 210, 211, 212, 213, 214, 215, 216, 217, 218, 219, 220, 221, 222, 223, 224, 225, 226, 227, 228, 229, 230, 231, 232, 233, 234, 235, 236, 237, 238, 239, 240, 241, 242, 243, 244, 245, 246, 247, 248, 249, 250, 251, 252, 253, 254, 255, 256, 257, 258, 259, 260, 261, 262, 263, 264, 265, 266, 267, 268, 269, 270, 271, 272, 273, 274, 275, 276, 277, 278, 279, 280, 281, 282, 283, 284, 285, 286, 287, 288, 289, 290, 291, 292, 293, 294, 295, 296, 297, 298, 299, 300, 301, 302, 303, 304, 305, 306, 307, 308, 309, 310, 311, 312, 313, 314, 315, 316, 317, 318, 319, 320, 321, 322, 323, 324, 325, 326, 327, 328, 329, 330, 331, 332, 333, 334, 335, 336, 337, 338, 339, 340, 341, 342, 343, 344, 345, 346, 347, 348, 349, 350, 351, 352, 353, 354, 355, 356, 357, 358, 359, 360, 361, 362, 363, 364, 365, 366, 367, 368, 369, 370, 371, 372, 373, 374, 375, 376, 377, 378, 379, 380, 381, 382, 383, 384, 385, 386, 387, 388, 389, 390, 391, 392, 393, 394, 395, 396, 397, 398, 399, 400]","{1: [<function rolling_mean_14 at 0x000002C5930FAA20>], 7: [<function rolling_mean_30 at 0x000002C58DBF9260>], 30: [<function expanding_mean at 0x000002C58F7A04A0>]}",lags_400_features_400,9.60691053441521,17.677727879240717,19.03922677276346,18.847845413243437,18.699335474317166,20.294853768428663,28.43470400278522,34.02715053097109,43.84549100642091,45.41046029654734,44.89192535018587
SGD_EarlyStopping,"AutoSeasonalDifferences(max_diffs=380, n_seasons=10, season_length=267) | LocalMinMaxScaler(stats_=[[  5.11211699 325.92896936]])","[1, 2, 3, 4, 5, 6, 7, 8, 9, 10, 11, 12, 13, 14, 15, 16, 17, 18, 19, 20, 21, 22, 23, 24, 25, 26, 27, 28, 29, 30, 31, 32, 33, 34, 35, 36, 37, 38, 39, 40, 41, 42, 43, 44, 45, 46, 47, 48, 49, 50, 51, 52, 53, 54, 55, 56, 57, 58, 59, 60, 61, 62, 63, 64, 65, 66, 67, 68, 69, 70, 71, 72, 73, 74, 75, 76, 77, 78, 79, 80, 81, 82, 83, 84, 85, 86, 87, 88, 89, 90, 91, 92, 93, 94, 95, 96, 97, 98, 99, 100, 101, 102, 103, 104, 105, 106, 107, 108, 109, 110, 111, 112, 113, 114, 115, 116, 117, 118, 119, 120, 121, 122, 123, 124, 125, 126, 127, 128, 129, 130, 131, 132, 133, 134, 135, 136, 137, 138, 139, 140, 141, 142, 143, 144, 145, 146, 147, 148, 149, 150, 151, 152, 153, 154, 155, 156, 157, 158, 159, 160, 161, 162, 163, 164, 165, 166, 167, 168, 169, 170, 171, 172, 173, 174, 175, 176, 177, 178, 179, 180, 181, 182, 183, 184, 185, 186, 187, 188, 189, 190, 191, 192, 193, 194, 195, 196, 197, 198, 199, 200, 201, 202, 203, 204, 205, 206, 207, 208, 209, 210, 211, 212, 213, 214, 215, 216, 217, 218, 219, 220, 221, 222, 223, 224, 225, 226, 227, 228, 229, 230, 231, 232, 233, 234, 235, 236, 237, 238, 239, 240, 241, 242, 243, 244, 245, 246, 247, 248, 249, 250, 251, 252, 253, 254, 255, 256, 257, 258, 259, 260, 261, 262, 263, 264, 265, 266, 267, 268, 269, 270, 271, 272, 273, 274, 275, 276, 277, 278, 279, 280, 281, 282, 283, 284, 285, 286, 287, 288, 289, 290, 291, 292, 293, 294, 295, 296, 297, 298, 299, 300, 301, 302, 303, 304, 305, 306, 307, 308, 309, 310, 311, 312, 313, 314, 315, 316, 317, 318, 319, 320, 321, 322, 323, 324, 325, 326, 327, 328, 329, 330, 331, 332, 333, 334, 335, 336, 337, 338, 339, 340, 341, 342, 343, 344, 345, 346, 347, 348, 349, 350, 351, 352, 353, 354, 355, 356, 357, 358, 359, 360, 361, 362, 363, 364, 365, 366, 367, 368, 369, 370, 371, 372, 373, 374, 375, 376, 377, 378, 379, 380, 381, 382, 383, 384, 385, 386, 387, 388, 389, 390, 391, 392, 393, 394, 395, 396, 397, 398, 399, 400]","{7: [RollingMean(window_size=7)], 30: [RollingMean(window_size=30)], 60: [RollingMean(window_size=60)]}",lags_400_features_400,15.984557422333983,17.762093566456976,21.663864812943892,21.94766905015392,21.457063510386444,26.041232515984746,31.61184203141676,38.968472676083614,52.33002836661477,58.29659951048838,57.21352844703844
SGD_ElasticNet,"AutoSeasonalDifferences(max_diffs=380, n_seasons=10, season_length=267) | LocalMinMaxScaler(stats_=[[  5.11211699 325.92896936]])","[1, 2, 3, 4, 5, 6, 7, 8, 9, 10, 11, 12, 13, 14, 15, 16, 17, 18, 19, 20, 21, 22, 23, 24, 25, 26, 27, 28, 29, 30, 31, 32, 33, 34, 35, 36, 37, 38, 39, 40, 41, 42, 43, 44, 45, 46, 47, 48, 49, 50, 51, 52, 53, 54, 55, 56, 57, 58, 59, 60, 61, 62, 63, 64, 65, 66, 67, 68, 69, 70, 71, 72, 73, 74, 75, 76, 77, 78, 79, 80, 81, 82, 83, 84, 85, 86, 87, 88, 89, 90, 91, 92, 93, 94, 95, 96, 97, 98, 99, 100, 101, 102, 103, 104, 105, 106, 107, 108, 109, 110, 111, 112, 113, 114, 115, 116, 117, 118, 119, 120, 121, 122, 123, 124, 125, 126, 127, 128, 129, 130, 131, 132, 133, 134, 135, 136, 137, 138, 139, 140, 141, 142, 143, 144, 145, 146, 147, 148, 149, 150, 151, 152, 153, 154, 155, 156, 157, 158, 159, 160, 161, 162, 163, 164, 165, 166, 167, 168, 169, 170, 171, 172, 173, 174, 175, 176, 177, 178, 179, 180, 181, 182, 183, 184, 185, 186, 187, 188, 189, 190, 191, 192, 193, 194, 195, 196, 197, 198, 199, 200, 201, 202, 203, 204, 205, 206, 207, 208, 209, 210, 211, 212, 213, 214, 215, 216, 217, 218, 219, 220, 221, 222, 223, 224, 225, 226, 227, 228, 229, 230, 231, 232, 233, 234, 235, 236, 237, 238, 239, 240, 241, 242, 243, 244, 245, 246, 247, 248, 249, 250, 251, 252, 253, 254, 255, 256, 257, 258, 259, 260, 261, 262, 263, 264, 265, 266, 267, 268, 269, 270, 271, 272, 273, 274, 275, 276, 277, 278, 279, 280, 281, 282, 283, 284, 285, 286, 287, 288, 289, 290, 291, 292, 293, 294, 295, 296, 297, 298, 299, 300, 301, 302, 303, 304, 305, 306, 307, 308, 309, 310, 311, 312, 313, 314, 315, 316, 317, 318, 319, 320, 321, 322, 323, 324, 325, 326, 327, 328, 329, 330, 331, 332, 333, 334, 335, 336, 337, 338, 339, 340, 341, 342, 343, 344, 345, 346, 347, 348, 349, 350, 351, 352, 353, 354, 355, 356, 357, 358, 359, 360, 361, 362, 363, 364, 365, 366, 367, 368, 369, 370, 371, 372, 373, 374, 375, 376, 377, 378, 379, 380, 381, 382, 383, 384, 385, 386, 387, 388, 389, 390, 391, 392, 393, 394, 395, 396, 397, 398, 399, 400]","{7: [RollingMean(window_size=7)], 30: [RollingMean(window_size=30)], 60: [RollingMean(window_size=60)]}",lags_400_features_400,10.239750702263718,16.401970616486935,18.57636490017019,18.11594895147783,17.951164904262527,23.379042407524967,28.291091917778694,35.35380074611619,49.14889436628281,52.000993453002934,52.04095796432839
SGD_Lasso,"AutoSeasonalDifferences(max_diffs=380, n_seasons=10, season_length=267) | LocalMinMaxScaler(stats_=[[  5.11211699 325.92896936]])","[1, 2, 3, 4, 5, 6, 7, 8, 9, 10, 11, 12, 13, 14, 15, 16, 17, 18, 19, 20, 21, 22, 23, 24, 25, 26, 27, 28, 29, 30, 31, 32, 33, 34, 35, 36, 37, 38, 39, 40, 41, 42, 43, 44, 45, 46, 47, 48, 49, 50, 51, 52, 53, 54, 55, 56, 57, 58, 59, 60, 61, 62, 63, 64, 65, 66, 67, 68, 69, 70, 71, 72, 73, 74, 75, 76, 77, 78, 79, 80, 81, 82, 83, 84, 85, 86, 87, 88, 89, 90, 91, 92, 93, 94, 95, 96, 97, 98, 99, 100, 101, 102, 103, 104, 105, 106, 107, 108, 109, 110, 111, 112, 113, 114, 115, 116, 117, 118, 119, 120, 121, 122, 123, 124, 125, 126, 127, 128, 129, 130, 131, 132, 133, 134, 135, 136, 137, 138, 139, 140, 141, 142, 143, 144, 145, 146, 147, 148, 149, 150, 151, 152, 153, 154, 155, 156, 157, 158, 159, 160, 161, 162, 163, 164, 165, 166, 167, 168, 169, 170, 171, 172, 173, 174, 175, 176, 177, 178, 179, 180, 181, 182, 183, 184, 185, 186, 187, 188, 189, 190, 191, 192, 193, 194, 195, 196, 197, 198, 199, 200, 201, 202, 203, 204, 205, 206, 207, 208, 209, 210, 211, 212, 213, 214, 215, 216, 217, 218, 219, 220, 221, 222, 223, 224, 225, 226, 227, 228, 229, 230, 231, 232, 233, 234, 235, 236, 237, 238, 239, 240, 241, 242, 243, 244, 245, 246, 247, 248, 249, 250, 251, 252, 253, 254, 255, 256, 257, 258, 259, 260, 261, 262, 263, 264, 265, 266, 267, 268, 269, 270, 271, 272, 273, 274, 275, 276, 277, 278, 279, 280, 281, 282, 283, 284, 285, 286, 287, 288, 289, 290, 291, 292, 293, 294, 295, 296, 297, 298, 299, 300, 301, 302, 303, 304, 305, 306, 307, 308, 309, 310, 311, 312, 313, 314, 315, 316, 317, 318, 319, 320, 321, 322, 323, 324, 325, 326, 327, 328, 329, 330, 331, 332, 333, 334, 335, 336, 337, 338, 339, 340, 341, 342, 343, 344, 345, 346, 347, 348, 349, 350, 351, 352, 353, 354, 355, 356, 357, 358, 359, 360, 361, 362, 363, 364, 365, 366, 367, 368, 369, 370, 371, 372, 373, 374, 375, 376, 377, 378, 379, 380, 381, 382, 383, 384, 385, 386, 387, 388, 389, 390, 391, 392, 393, 394, 395, 396, 397, 398, 399, 400]","{7: [RollingMean(window_size=7)], 30: [RollingMean(window_size=30)], 60: [RollingMean(window_size=60)]}",lags_400_features_400,118.05932069664766,102.761529561556,101.08235692519607,90.10235306743208,75.66384464435117,67.01788560628155,61.462045658613974,55.78004717885552,71.64443914013108,96.95023202215106,96.40223009131486
SGD_Ridge,"AutoSeasonalDifferences(max_diffs=380, n_seasons=10, season_length=267) | LocalMinMaxScaler(stats_=[[  5.11211699 325.92896936]])","[1, 2, 3, 4, 5, 6, 7, 8, 9, 10, 11, 12, 13, 14, 15, 16, 17, 18, 19, 20, 21, 22, 23, 24, 25, 26, 27, 28, 29, 30, 31, 32, 33, 34, 35, 36, 37, 38, 39, 40, 41, 42, 43, 44, 45, 46, 47, 48, 49, 50, 51, 52, 53, 54, 55, 56, 57, 58, 59, 60, 61, 62, 63, 64, 65, 66, 67, 68, 69, 70, 71, 72, 73, 74, 75, 76, 77, 78, 79, 80, 81, 82, 83, 84, 85, 86, 87, 88, 89, 90, 91, 92, 93, 94, 95, 96, 97, 98, 99, 100, 101, 102, 103, 104, 105, 106, 107, 108, 109, 110, 111, 112, 113, 114, 115, 116, 117, 118, 119, 120, 121, 122, 123, 124, 125, 126, 127, 128, 129, 130, 131, 132, 133, 134, 135, 136, 137, 138, 139, 140, 141, 142, 143, 144, 145, 146, 147, 148, 149, 150, 151, 152, 153, 154, 155, 156, 157, 158, 159, 160, 161, 162, 163, 164, 165, 166, 167, 168, 169, 170, 171, 172, 173, 174, 175, 176, 177, 178, 179, 180, 181, 182, 183, 184, 185, 186, 187, 188, 189, 190, 191, 192, 193, 194, 195, 196, 197, 198, 199, 200, 201, 202, 203, 204, 205, 206, 207, 208, 209, 210, 211, 212, 213, 214, 215, 216, 217, 218, 219, 220, 221, 222, 223, 224, 225, 226, 227, 228, 229, 230, 231, 232, 233, 234, 235, 236, 237, 238, 239, 240, 241, 242, 243, 244, 245, 246, 247, 248, 249, 250, 251, 252, 253, 254, 255, 256, 257, 258, 259, 260, 261, 262, 263, 264, 265, 266, 267, 268, 269, 270, 271, 272, 273, 274, 275, 276, 277, 278, 279, 280, 281, 282, 283, 284, 285, 286, 287, 288, 289, 290, 291, 292, 293, 294, 295, 296, 297, 298, 299, 300, 301, 302, 303, 304, 305, 306, 307, 308, 309, 310, 311, 312, 313, 314, 315, 316, 317, 318, 319, 320, 321, 322, 323, 324, 325, 326, 327, 328, 329, 330, 331, 332, 333, 334, 335, 336, 337, 338, 339, 340, 341, 342, 343, 344, 345, 346, 347, 348, 349, 350, 351, 352, 353, 354, 355, 356, 357, 358, 359, 360, 361, 362, 363, 364, 365, 366, 367, 368, 369, 370, 371, 372, 373, 374, 375, 376, 377, 378, 379, 380, 381, 382, 383, 384, 385, 386, 387, 388, 389, 390, 391, 392, 393, 394, 395, 396, 397, 398, 399, 400]","{7: [RollingMean(window_size=7)], 30: [RollingMean(window_size=30)], 60: [RollingMean(window_size=60)]}",lags_400_features_400,24.436245947935735,23.213391921457063,24.546097600304357,24.387659222151143,23.544951693533573,26.830536828264968,28.965183998908937,30.646603984028577,43.26664196815293,59.577756976806384,60.28276030285953
SGDRegressor,"AutoSeasonalDifferences(max_diffs=380, n_seasons=10, season_length=267) | LocalMinMaxScaler(stats_=[[  5.11211699 325.92896936]])","[1, 2, 3, 4, 5, 6, 7, 8, 9, 10, 11, 12, 13, 14, 15, 16, 17, 18, 19, 20, 21, 22, 23, 24, 25, 26, 27, 28, 29, 30, 31, 32, 33, 34, 35, 36, 37, 38, 39, 40, 41, 42, 43, 44, 45, 46, 47, 48, 49, 50, 51, 52, 53, 54, 55, 56, 57, 58, 59, 60, 61, 62, 63, 64, 65, 66, 67, 68, 69, 70, 71, 72, 73, 74, 75, 76, 77, 78, 79, 80, 81, 82, 83, 84, 85, 86, 87, 88, 89, 90, 91, 92, 93, 94, 95, 96, 97, 98, 99, 100, 101, 102, 103, 104, 105, 106, 107, 108, 109, 110, 111, 112, 113, 114, 115, 116, 117, 118, 119, 120, 121, 122, 123, 124, 125, 126, 127, 128, 129, 130, 131, 132, 133, 134, 135, 136, 137, 138, 139, 140, 141, 142, 143, 144, 145, 146, 147, 148, 149, 150, 151, 152, 153, 154, 155, 156, 157, 158, 159, 160, 161, 162, 163, 164, 165, 166, 167, 168, 169, 170, 171, 172, 173, 174, 175, 176, 177, 178, 179, 180, 181, 182, 183, 184, 185, 186, 187, 188, 189, 190, 191, 192, 193, 194, 195, 196, 197, 198, 199, 200, 201, 202, 203, 204, 205, 206, 207, 208, 209, 210, 211, 212, 213, 214, 215, 216, 217, 218, 219, 220, 221, 222, 223, 224, 225, 226, 227, 228, 229, 230, 231, 232, 233, 234, 235, 236, 237, 238, 239, 240, 241, 242, 243, 244, 245, 246, 247, 248, 249, 250, 251, 252, 253, 254, 255, 256, 257, 258, 259, 260, 261, 262, 263, 264, 265, 266, 267, 268, 269, 270, 271, 272, 273, 274, 275, 276, 277, 278, 279, 280, 281, 282, 283, 284, 285, 286, 287, 288, 289, 290, 291, 292, 293, 294, 295, 296, 297, 298, 299, 300, 301, 302, 303, 304, 305, 306, 307, 308, 309, 310, 311, 312, 313, 314, 315, 316, 317, 318, 319, 320, 321, 322, 323, 324, 325, 326, 327, 328, 329, 330, 331, 332, 333, 334, 335, 336, 337, 338, 339, 340, 341, 342, 343, 344, 345, 346, 347, 348, 349, 350, 351, 352, 353, 354, 355, 356, 357, 358, 359, 360, 361, 362, 363, 364, 365, 366, 367, 368, 369, 370, 371, 372, 373, 374, 375, 376, 377, 378, 379, 380, 381, 382, 383, 384, 385, 386, 387, 388, 389, 390, 391, 392, 393, 394, 395, 396, 397, 398, 399, 400]","{7: [RollingMean(window_size=7)], 30: [RollingMean(window_size=30)], 60: [RollingMean(window_size=60)]}",lags_400_features_400,10.249761188760665,19.1633065045313,22.248861803567358,22.980660895441076,22.004056996285122,27.025133763623632,31.974061608303757,39.10826842648453,51.56775683142693,48.89065937932007,48.14390147546945
XGBRegressor,"AutoSeasonalDifferences(max_diffs=380, n_seasons=10, season_length=267) | LocalMinMaxScaler(stats_=[[  5.11211699 325.92896936]])","[1, 2, 3, 4, 5, 6, 7, 8, 9, 10, 11, 12, 13, 14, 15, 16, 17, 18, 19, 20, 21, 22, 23, 24, 25, 26, 27, 28, 29, 30, 31, 32, 33, 34, 35, 36, 37, 38, 39, 40, 41, 42, 43, 44, 45, 46, 47, 48, 49, 50, 51, 52, 53, 54, 55, 56, 57, 58, 59, 60, 61, 62, 63, 64, 65, 66, 67, 68, 69, 70, 71, 72, 73, 74, 75, 76, 77, 78, 79, 80, 81, 82, 83, 84, 85, 86, 87, 88, 89, 90, 91, 92, 93, 94, 95, 96, 97, 98, 99, 100, 101, 102, 103, 104, 105, 106, 107, 108, 109, 110, 111, 112, 113, 114, 115, 116, 117, 118, 119, 120, 121, 122, 123, 124, 125, 126, 127, 128, 129, 130, 131, 132, 133, 134, 135, 136, 137, 138, 139, 140, 141, 142, 143, 144, 145, 146, 147, 148, 149, 150, 151, 152, 153, 154, 155, 156, 157, 158, 159, 160, 161, 162, 163, 164, 165, 166, 167, 168, 169, 170, 171, 172, 173, 174, 175, 176, 177, 178, 179, 180, 181, 182, 183, 184, 185, 186, 187, 188, 189, 190, 191, 192, 193, 194, 195, 196, 197, 198, 199, 200, 201, 202, 203, 204, 205, 206, 207, 208, 209, 210, 211, 212, 213, 214, 215, 216, 217, 218, 219, 220, 221, 222, 223, 224, 225, 226, 227, 228, 229, 230, 231, 232, 233, 234, 235, 236, 237, 238, 239, 240, 241, 242, 243, 244, 245, 246, 247, 248, 249, 250, 251, 252, 253, 254, 255, 256, 257, 258, 259, 260, 261, 262, 263, 264, 265, 266, 267, 268, 269, 270, 271, 272, 273, 274, 275, 276, 277, 278, 279, 280, 281, 282, 283, 284, 285, 286, 287, 288, 289, 290, 291, 292, 293, 294, 295, 296, 297, 298, 299, 300, 301, 302, 303, 304, 305, 306, 307, 308, 309, 310, 311, 312, 313, 314, 315, 316, 317, 318, 319, 320, 321, 322, 323, 324, 325, 326, 327, 328, 329, 330, 331, 332, 333, 334, 335, 336, 337, 338, 339, 340, 341, 342, 343, 344, 345, 346, 347, 348, 349, 350, 351, 352, 353, 354, 355, 356, 357, 358, 359, 360, 361, 362, 363, 364, 365, 366, 367, 368, 369, 370, 371, 372, 373, 374, 375, 376, 377, 378, 379, 380, 381, 382, 383, 384, 385, 386, 387, 388, 389, 390, 391, 392, 393, 394, 395, 396, 397, 398, 399, 400]","{7: [RollingMean(window_size=7)], 30: [RollingMean(window_size=30)], 60: [RollingMean(window_size=60)]}",lags_400_features_400,10.941277419376068,16.93813434534369,18.640883367882704,18.045278358967433,18.63251556264504,20.648335278569746,30.098252228478856,35.128552869686395,47.34904926050084,51.83099414320053,50.90639818004291
LGBMRegressor,"AutoSeasonalDifferences(max_diffs=380, n_seasons=10, season_length=267) | LocalMinMaxScaler(stats_=[[  5.11211699 325.92896936]])","[1, 2, 3, 4, 5, 6, 7, 8, 9, 10, 11, 12, 13, 14, 15, 16, 17, 18, 19, 20, 21, 22, 23, 24, 25, 26, 27, 28, 29, 30, 31, 32, 33, 34, 35, 36, 37, 38, 39, 40, 41, 42, 43, 44, 45, 46, 47, 48, 49, 50, 51, 52, 53, 54, 55, 56, 57, 58, 59, 60, 61, 62, 63, 64, 65, 66, 67, 68, 69, 70, 71, 72, 73, 74, 75, 76, 77, 78, 79, 80, 81, 82, 83, 84, 85, 86, 87, 88, 89, 90, 91, 92, 93, 94, 95, 96, 97, 98, 99, 100, 101, 102, 103, 104, 105, 106, 107, 108, 109, 110, 111, 112, 113, 114, 115, 116, 117, 118, 119, 120, 121, 122, 123, 124, 125, 126, 127, 128, 129, 130, 131, 132, 133, 134, 135, 136, 137, 138, 139, 140, 141, 142, 143, 144, 145, 146, 147, 148, 149, 150, 151, 152, 153, 154, 155, 156, 157, 158, 159, 160, 161, 162, 163, 164, 165, 166, 167, 168, 169, 170, 171, 172, 173, 174, 175, 176, 177, 178, 179, 180, 181, 182, 183, 184, 185, 186, 187, 188, 189, 190, 191, 192, 193, 194, 195, 196, 197, 198, 199, 200, 201, 202, 203, 204, 205, 206, 207, 208, 209, 210, 211, 212, 213, 214, 215, 216, 217, 218, 219, 220, 221, 222, 223, 224, 225, 226, 227, 228, 229, 230, 231, 232, 233, 234, 235, 236, 237, 238, 239, 240, 241, 242, 243, 244, 245, 246, 247, 248, 249, 250, 251, 252, 253, 254, 255, 256, 257, 258, 259, 260, 261, 262, 263, 264, 265, 266, 267, 268, 269, 270, 271, 272, 273, 274, 275, 276, 277, 278, 279, 280, 281, 282, 283, 284, 285, 286, 287, 288, 289, 290, 291, 292, 293, 294, 295, 296, 297, 298, 299, 300, 301, 302, 303, 304, 305, 306, 307, 308, 309, 310, 311, 312, 313, 314, 315, 316, 317, 318, 319, 320, 321, 322, 323, 324, 325, 326, 327, 328, 329, 330, 331, 332, 333, 334, 335, 336, 337, 338, 339, 340, 341, 342, 343, 344, 345, 346, 347, 348, 349, 350, 351, 352, 353, 354, 355, 356, 357, 358, 359, 360, 361, 362, 363, 364, 365, 366, 367, 368, 369, 370, 371, 372, 373, 374, 375, 376, 377, 378, 379, 380, 381, 382, 383, 384, 385, 386, 387, 388, 389, 390, 391, 392, 393, 394, 395, 396, 397, 398, 399, 400]","{7: [RollingMean(window_size=7)], 30: [RollingMean(window_size=30)], 60: [RollingMean(window_size=60)]}",lags_400_features_400,11.147206291826055,18.45583208681186,20.12911386972832,19.605405515621875,19.49814619023564,22.975620339700814,30.125131049704436,33.81519411036638,43.779638260646024,46.26484183891771,45.604646160396456
SGD_EarlyStopping,"AutoSeasonalDifferences(max_diffs=380, n_seasons=10, season_length=267) | LocalMinMaxScaler(stats_=[[  5.11211699 325.92896936]])","[1, 2, 3, 4, 5, 6, 7, 8, 9, 10, 11, 12, 13, 14, 15, 16, 17, 18, 19, 20, 21, 22, 23, 24, 25, 26, 27, 28, 29, 30, 31, 32, 33, 34, 35, 36, 37, 38, 39, 40, 41, 42, 43, 44, 45, 46, 47, 48, 49, 50, 51, 52, 53, 54, 55, 56, 57, 58, 59, 60, 61, 62, 63, 64, 65, 66, 67, 68, 69, 70, 71, 72, 73, 74, 75, 76, 77, 78, 79, 80, 81, 82, 83, 84, 85, 86, 87, 88, 89, 90, 91, 92, 93, 94, 95, 96, 97, 98, 99, 100, 101, 102, 103, 104, 105, 106, 107, 108, 109, 110, 111, 112, 113, 114, 115, 116, 117, 118, 119, 120, 121, 122, 123, 124, 125, 126, 127, 128, 129, 130, 131, 132, 133, 134, 135, 136, 137, 138, 139, 140, 141, 142, 143, 144, 145, 146, 147, 148, 149, 150, 151, 152, 153, 154, 155, 156, 157, 158, 159, 160, 161, 162, 163, 164, 165, 166, 167, 168, 169, 170, 171, 172, 173, 174, 175, 176, 177, 178, 179, 180, 181, 182, 183, 184, 185, 186, 187, 188, 189, 190, 191, 192, 193, 194, 195, 196, 197, 198, 199, 200, 201, 202, 203, 204, 205, 206, 207, 208, 209, 210, 211, 212, 213, 214, 215, 216, 217, 218, 219, 220, 221, 222, 223, 224, 225, 226, 227, 228, 229, 230, 231, 232, 233, 234, 235, 236, 237, 238, 239, 240, 241, 242, 243, 244, 245, 246, 247, 248, 249, 250, 251, 252, 253, 254, 255, 256, 257, 258, 259, 260, 261, 262, 263, 264, 265, 266, 267, 268, 269, 270, 271, 272, 273, 274, 275, 276, 277, 278, 279, 280, 281, 282, 283, 284, 285, 286, 287, 288, 289, 290, 291, 292, 293, 294, 295, 296, 297, 298, 299, 300, 301, 302, 303, 304, 305, 306, 307, 308, 309, 310, 311, 312, 313, 314, 315, 316, 317, 318, 319, 320, 321, 322, 323, 324, 325, 326, 327, 328, 329, 330, 331, 332, 333, 334, 335, 336, 337, 338, 339, 340, 341, 342, 343, 344, 345, 346, 347, 348, 349, 350, 351, 352, 353, 354, 355, 356, 357, 358, 359, 360, 361, 362, 363, 364, 365, 366, 367, 368, 369, 370, 371, 372, 373, 374, 375, 376, 377, 378, 379, 380, 381, 382, 383, 384, 385, 386, 387, 388, 389, 390, 391, 392, 393, 394, 395, 396, 397, 398, 399, 400]","{7: [RollingMean(window_size=7), RollingStd(window_size=7)], 30: [RollingMean(window_size=30)], 60: [ExpandingMean()], 14: [ExponentiallyWeightedMean(alpha=0.3)]}",lags_400_features_400,15.964548416519955,17.750787679603512,21.641657876690445,21.934702990728425,21.446396157332526,26.00467197644797,31.563139315947737,38.930110874467495,52.31795169679192,58.28064707194142,57.1982729531627
SGD_ElasticNet,"AutoSeasonalDifferences(max_diffs=380, n_seasons=10, season_length=267) | LocalMinMaxScaler(stats_=[[  5.11211699 325.92896936]])","[1, 2, 3, 4, 5, 6, 7, 8, 9, 10, 11, 12, 13, 14, 15, 16, 17, 18, 19, 20, 21, 22, 23, 24, 25, 26, 27, 28, 29, 30, 31, 32, 33, 34, 35, 36, 37, 38, 39, 40, 41, 42, 43, 44, 45, 46, 47, 48, 49, 50, 51, 52, 53, 54, 55, 56, 57, 58, 59, 60, 61, 62, 63, 64, 65, 66, 67, 68, 69, 70, 71, 72, 73, 74, 75, 76, 77, 78, 79, 80, 81, 82, 83, 84, 85, 86, 87, 88, 89, 90, 91, 92, 93, 94, 95, 96, 97, 98, 99, 100, 101, 102, 103, 104, 105, 106, 107, 108, 109, 110, 111, 112, 113, 114, 115, 116, 117, 118, 119, 120, 121, 122, 123, 124, 125, 126, 127, 128, 129, 130, 131, 132, 133, 134, 135, 136, 137, 138, 139, 140, 141, 142, 143, 144, 145, 146, 147, 148, 149, 150, 151, 152, 153, 154, 155, 156, 157, 158, 159, 160, 161, 162, 163, 164, 165, 166, 167, 168, 169, 170, 171, 172, 173, 174, 175, 176, 177, 178, 179, 180, 181, 182, 183, 184, 185, 186, 187, 188, 189, 190, 191, 192, 193, 194, 195, 196, 197, 198, 199, 200, 201, 202, 203, 204, 205, 206, 207, 208, 209, 210, 211, 212, 213, 214, 215, 216, 217, 218, 219, 220, 221, 222, 223, 224, 225, 226, 227, 228, 229, 230, 231, 232, 233, 234, 235, 236, 237, 238, 239, 240, 241, 242, 243, 244, 245, 246, 247, 248, 249, 250, 251, 252, 253, 254, 255, 256, 257, 258, 259, 260, 261, 262, 263, 264, 265, 266, 267, 268, 269, 270, 271, 272, 273, 274, 275, 276, 277, 278, 279, 280, 281, 282, 283, 284, 285, 286, 287, 288, 289, 290, 291, 292, 293, 294, 295, 296, 297, 298, 299, 300, 301, 302, 303, 304, 305, 306, 307, 308, 309, 310, 311, 312, 313, 314, 315, 316, 317, 318, 319, 320, 321, 322, 323, 324, 325, 326, 327, 328, 329, 330, 331, 332, 333, 334, 335, 336, 337, 338, 339, 340, 341, 342, 343, 344, 345, 346, 347, 348, 349, 350, 351, 352, 353, 354, 355, 356, 357, 358, 359, 360, 361, 362, 363, 364, 365, 366, 367, 368, 369, 370, 371, 372, 373, 374, 375, 376, 377, 378, 379, 380, 381, 382, 383, 384, 385, 386, 387, 388, 389, 390, 391, 392, 393, 394, 395, 396, 397, 398, 399, 400]","{7: [RollingMean(window_size=7), RollingStd(window_size=7)], 30: [RollingMean(window_size=30)], 60: [ExpandingMean()], 14: [ExponentiallyWeightedMean(alpha=0.3)]}",lags_400_features_400,10.270848075300625,16.395208450503645,18.562408530707295,18.10335616955149,17.940524761276265,23.3702154247905,28.283277625806306,35.341636069558625,49.15386250996185,52.06249991914671,52.10584583359711
SGD_Lasso,"AutoSeasonalDifferences(max_diffs=380, n_seasons=10, season_length=267) | LocalMinMaxScaler(stats_=[[  5.11211699 325.92896936]])","[1, 2, 3, 4, 5, 6, 7, 8, 9, 10, 11, 12, 13, 14, 15, 16, 17, 18, 19, 20, 21, 22, 23, 24, 25, 26, 27, 28, 29, 30, 31, 32, 33, 34, 35, 36, 37, 38, 39, 40, 41, 42, 43, 44, 45, 46, 47, 48, 49, 50, 51, 52, 53, 54, 55, 56, 57, 58, 59, 60, 61, 62, 63, 64, 65, 66, 67, 68, 69, 70, 71, 72, 73, 74, 75, 76, 77, 78, 79, 80, 81, 82, 83, 84, 85, 86, 87, 88, 89, 90, 91, 92, 93, 94, 95, 96, 97, 98, 99, 100, 101, 102, 103, 104, 105, 106, 107, 108, 109, 110, 111, 112, 113, 114, 115, 116, 117, 118, 119, 120, 121, 122, 123, 124, 125, 126, 127, 128, 129, 130, 131, 132, 133, 134, 135, 136, 137, 138, 139, 140, 141, 142, 143, 144, 145, 146, 147, 148, 149, 150, 151, 152, 153, 154, 155, 156, 157, 158, 159, 160, 161, 162, 163, 164, 165, 166, 167, 168, 169, 170, 171, 172, 173, 174, 175, 176, 177, 178, 179, 180, 181, 182, 183, 184, 185, 186, 187, 188, 189, 190, 191, 192, 193, 194, 195, 196, 197, 198, 199, 200, 201, 202, 203, 204, 205, 206, 207, 208, 209, 210, 211, 212, 213, 214, 215, 216, 217, 218, 219, 220, 221, 222, 223, 224, 225, 226, 227, 228, 229, 230, 231, 232, 233, 234, 235, 236, 237, 238, 239, 240, 241, 242, 243, 244, 245, 246, 247, 248, 249, 250, 251, 252, 253, 254, 255, 256, 257, 258, 259, 260, 261, 262, 263, 264, 265, 266, 267, 268, 269, 270, 271, 272, 273, 274, 275, 276, 277, 278, 279, 280, 281, 282, 283, 284, 285, 286, 287, 288, 289, 290, 291, 292, 293, 294, 295, 296, 297, 298, 299, 300, 301, 302, 303, 304, 305, 306, 307, 308, 309, 310, 311, 312, 313, 314, 315, 316, 317, 318, 319, 320, 321, 322, 323, 324, 325, 326, 327, 328, 329, 330, 331, 332, 333, 334, 335, 336, 337, 338, 339, 340, 341, 342, 343, 344, 345, 346, 347, 348, 349, 350, 351, 352, 353, 354, 355, 356, 357, 358, 359, 360, 361, 362, 363, 364, 365, 366, 367, 368, 369, 370, 371, 372, 373, 374, 375, 376, 377, 378, 379, 380, 381, 382, 383, 384, 385, 386, 387, 388, 389, 390, 391, 392, 393, 394, 395, 396, 397, 398, 399, 400]","{7: [RollingMean(window_size=7), RollingStd(window_size=7)], 30: [RollingMean(window_size=30)], 60: [ExpandingMean()], 14: [ExponentiallyWeightedMean(alpha=0.3)]}",lags_400_features_400,118.05932069664766,102.761529561556,101.08235692519607,90.10235306743208,75.66384464435117,67.01788560628155,61.462045658613974,55.78004717885552,71.64443914013108,96.95023202215106,96.40223009131486
SGD_Ridge,"AutoSeasonalDifferences(max_diffs=380, n_seasons=10, season_length=267) | LocalMinMaxScaler(stats_=[[  5.11211699 325.92896936]])","[1, 2, 3, 4, 5, 6, 7, 8, 9, 10, 11, 12, 13, 14, 15, 16, 17, 18, 19, 20, 21, 22, 23, 24, 25, 26, 27, 28, 29, 30, 31, 32, 33, 34, 35, 36, 37, 38, 39, 40, 41, 42, 43, 44, 45, 46, 47, 48, 49, 50, 51, 52, 53, 54, 55, 56, 57, 58, 59, 60, 61, 62, 63, 64, 65, 66, 67, 68, 69, 70, 71, 72, 73, 74, 75, 76, 77, 78, 79, 80, 81, 82, 83, 84, 85, 86, 87, 88, 89, 90, 91, 92, 93, 94, 95, 96, 97, 98, 99, 100, 101, 102, 103, 104, 105, 106, 107, 108, 109, 110, 111, 112, 113, 114, 115, 116, 117, 118, 119, 120, 121, 122, 123, 124, 125, 126, 127, 128, 129, 130, 131, 132, 133, 134, 135, 136, 137, 138, 139, 140, 141, 142, 143, 144, 145, 146, 147, 148, 149, 150, 151, 152, 153, 154, 155, 156, 157, 158, 159, 160, 161, 162, 163, 164, 165, 166, 167, 168, 169, 170, 171, 172, 173, 174, 175, 176, 177, 178, 179, 180, 181, 182, 183, 184, 185, 186, 187, 188, 189, 190, 191, 192, 193, 194, 195, 196, 197, 198, 199, 200, 201, 202, 203, 204, 205, 206, 207, 208, 209, 210, 211, 212, 213, 214, 215, 216, 217, 218, 219, 220, 221, 222, 223, 224, 225, 226, 227, 228, 229, 230, 231, 232, 233, 234, 235, 236, 237, 238, 239, 240, 241, 242, 243, 244, 245, 246, 247, 248, 249, 250, 251, 252, 253, 254, 255, 256, 257, 258, 259, 260, 261, 262, 263, 264, 265, 266, 267, 268, 269, 270, 271, 272, 273, 274, 275, 276, 277, 278, 279, 280, 281, 282, 283, 284, 285, 286, 287, 288, 289, 290, 291, 292, 293, 294, 295, 296, 297, 298, 299, 300, 301, 302, 303, 304, 305, 306, 307, 308, 309, 310, 311, 312, 313, 314, 315, 316, 317, 318, 319, 320, 321, 322, 323, 324, 325, 326, 327, 328, 329, 330, 331, 332, 333, 334, 335, 336, 337, 338, 339, 340, 341, 342, 343, 344, 345, 346, 347, 348, 349, 350, 351, 352, 353, 354, 355, 356, 357, 358, 359, 360, 361, 362, 363, 364, 365, 366, 367, 368, 369, 370, 371, 372, 373, 374, 375, 376, 377, 378, 379, 380, 381, 382, 383, 384, 385, 386, 387, 388, 389, 390, 391, 392, 393, 394, 395, 396, 397, 398, 399, 400]","{7: [RollingMean(window_size=7), RollingStd(window_size=7)], 30: [RollingMean(window_size=30)], 60: [ExpandingMean()], 14: [ExponentiallyWeightedMean(alpha=0.3)]}",lags_400_features_400,24.399392036504537,23.183384138316182,24.533447600232147,24.386953270136566,23.545649547528402,26.8334349598147,28.96720269056246,30.644483037156682,43.25923250196706,59.58718897719494,60.29451442789649
SGDRegressor,"AutoSeasonalDifferences(max_diffs=380, n_seasons=10, season_length=267) | LocalMinMaxScaler(stats_=[[  5.11211699 325.92896936]])","[1, 2, 3, 4, 5, 6, 7, 8, 9, 10, 11, 12, 13, 14, 15, 16, 17, 18, 19, 20, 21, 22, 23, 24, 25, 26, 27, 28, 29, 30, 31, 32, 33, 34, 35, 36, 37, 38, 39, 40, 41, 42, 43, 44, 45, 46, 47, 48, 49, 50, 51, 52, 53, 54, 55, 56, 57, 58, 59, 60, 61, 62, 63, 64, 65, 66, 67, 68, 69, 70, 71, 72, 73, 74, 75, 76, 77, 78, 79, 80, 81, 82, 83, 84, 85, 86, 87, 88, 89, 90, 91, 92, 93, 94, 95, 96, 97, 98, 99, 100, 101, 102, 103, 104, 105, 106, 107, 108, 109, 110, 111, 112, 113, 114, 115, 116, 117, 118, 119, 120, 121, 122, 123, 124, 125, 126, 127, 128, 129, 130, 131, 132, 133, 134, 135, 136, 137, 138, 139, 140, 141, 142, 143, 144, 145, 146, 147, 148, 149, 150, 151, 152, 153, 154, 155, 156, 157, 158, 159, 160, 161, 162, 163, 164, 165, 166, 167, 168, 169, 170, 171, 172, 173, 174, 175, 176, 177, 178, 179, 180, 181, 182, 183, 184, 185, 186, 187, 188, 189, 190, 191, 192, 193, 194, 195, 196, 197, 198, 199, 200, 201, 202, 203, 204, 205, 206, 207, 208, 209, 210, 211, 212, 213, 214, 215, 216, 217, 218, 219, 220, 221, 222, 223, 224, 225, 226, 227, 228, 229, 230, 231, 232, 233, 234, 235, 236, 237, 238, 239, 240, 241, 242, 243, 244, 245, 246, 247, 248, 249, 250, 251, 252, 253, 254, 255, 256, 257, 258, 259, 260, 261, 262, 263, 264, 265, 266, 267, 268, 269, 270, 271, 272, 273, 274, 275, 276, 277, 278, 279, 280, 281, 282, 283, 284, 285, 286, 287, 288, 289, 290, 291, 292, 293, 294, 295, 296, 297, 298, 299, 300, 301, 302, 303, 304, 305, 306, 307, 308, 309, 310, 311, 312, 313, 314, 315, 316, 317, 318, 319, 320, 321, 322, 323, 324, 325, 326, 327, 328, 329, 330, 331, 332, 333, 334, 335, 336, 337, 338, 339, 340, 341, 342, 343, 344, 345, 346, 347, 348, 349, 350, 351, 352, 353, 354, 355, 356, 357, 358, 359, 360, 361, 362, 363, 364, 365, 366, 367, 368, 369, 370, 371, 372, 373, 374, 375, 376, 377, 378, 379, 380, 381, 382, 383, 384, 385, 386, 387, 388, 389, 390, 391, 392, 393, 394, 395, 396, 397, 398, 399, 400]","{7: [RollingMean(window_size=7), RollingStd(window_size=7)], 30: [RollingMean(window_size=30)], 60: [ExpandingMean()], 14: [ExponentiallyWeightedMean(alpha=0.3)]}",lags_400_features_400,10.260511213120918,19.175475899755888,22.25897710898445,22.98832300423425,22.009146846425153,27.019726729220718,31.963471579249774,39.08259791650615,51.54626930767332,48.8789739047114,48.13129949282623
XGBRegressor,"AutoSeasonalDifferences(max_diffs=380, n_seasons=10, season_length=267) | LocalMinMaxScaler(stats_=[[  5.11211699 325.92896936]])","[1, 2, 3, 4, 5, 6, 7, 8, 9, 10, 11, 12, 13, 14, 15, 16, 17, 18, 19, 20, 21, 22, 23, 24, 25, 26, 27, 28, 29, 30, 31, 32, 33, 34, 35, 36, 37, 38, 39, 40, 41, 42, 43, 44, 45, 46, 47, 48, 49, 50, 51, 52, 53, 54, 55, 56, 57, 58, 59, 60, 61, 62, 63, 64, 65, 66, 67, 68, 69, 70, 71, 72, 73, 74, 75, 76, 77, 78, 79, 80, 81, 82, 83, 84, 85, 86, 87, 88, 89, 90, 91, 92, 93, 94, 95, 96, 97, 98, 99, 100, 101, 102, 103, 104, 105, 106, 107, 108, 109, 110, 111, 112, 113, 114, 115, 116, 117, 118, 119, 120, 121, 122, 123, 124, 125, 126, 127, 128, 129, 130, 131, 132, 133, 134, 135, 136, 137, 138, 139, 140, 141, 142, 143, 144, 145, 146, 147, 148, 149, 150, 151, 152, 153, 154, 155, 156, 157, 158, 159, 160, 161, 162, 163, 164, 165, 166, 167, 168, 169, 170, 171, 172, 173, 174, 175, 176, 177, 178, 179, 180, 181, 182, 183, 184, 185, 186, 187, 188, 189, 190, 191, 192, 193, 194, 195, 196, 197, 198, 199, 200, 201, 202, 203, 204, 205, 206, 207, 208, 209, 210, 211, 212, 213, 214, 215, 216, 217, 218, 219, 220, 221, 222, 223, 224, 225, 226, 227, 228, 229, 230, 231, 232, 233, 234, 235, 236, 237, 238, 239, 240, 241, 242, 243, 244, 245, 246, 247, 248, 249, 250, 251, 252, 253, 254, 255, 256, 257, 258, 259, 260, 261, 262, 263, 264, 265, 266, 267, 268, 269, 270, 271, 272, 273, 274, 275, 276, 277, 278, 279, 280, 281, 282, 283, 284, 285, 286, 287, 288, 289, 290, 291, 292, 293, 294, 295, 296, 297, 298, 299, 300, 301, 302, 303, 304, 305, 306, 307, 308, 309, 310, 311, 312, 313, 314, 315, 316, 317, 318, 319, 320, 321, 322, 323, 324, 325, 326, 327, 328, 329, 330, 331, 332, 333, 334, 335, 336, 337, 338, 339, 340, 341, 342, 343, 344, 345, 346, 347, 348, 349, 350, 351, 352, 353, 354, 355, 356, 357, 358, 359, 360, 361, 362, 363, 364, 365, 366, 367, 368, 369, 370, 371, 372, 373, 374, 375, 376, 377, 378, 379, 380, 381, 382, 383, 384, 385, 386, 387, 388, 389, 390, 391, 392, 393, 394, 395, 396, 397, 398, 399, 400]","{7: [RollingMean(window_size=7), RollingStd(window_size=7)], 30: [RollingMean(window_size=30)], 60: [ExpandingMean()], 14: [ExponentiallyWeightedMean(alpha=0.3)]}",lags_400_features_400,11.206941033069743,16.77290157941636,18.843529543971176,18.363038700939622,19.21537260952711,21.00870964799196,30.775964987199135,35.42337374406465,47.8001133424935,54.20863953817857,53.309949217350386
LGBMRegressor,"AutoSeasonalDifferences(max_diffs=380, n_seasons=10, season_length=267) | LocalMinMaxScaler(stats_=[[  5.11211699 325.92896936]])","[1, 2, 3, 4, 5, 6, 7, 8, 9, 10, 11, 12, 13, 14, 15, 16, 17, 18, 19, 20, 21, 22, 23, 24, 25, 26, 27, 28, 29, 30, 31, 32, 33, 34, 35, 36, 37, 38, 39, 40, 41, 42, 43, 44, 45, 46, 47, 48, 49, 50, 51, 52, 53, 54, 55, 56, 57, 58, 59, 60, 61, 62, 63, 64, 65, 66, 67, 68, 69, 70, 71, 72, 73, 74, 75, 76, 77, 78, 79, 80, 81, 82, 83, 84, 85, 86, 87, 88, 89, 90, 91, 92, 93, 94, 95, 96, 97, 98, 99, 100, 101, 102, 103, 104, 105, 106, 107, 108, 109, 110, 111, 112, 113, 114, 115, 116, 117, 118, 119, 120, 121, 122, 123, 124, 125, 126, 127, 128, 129, 130, 131, 132, 133, 134, 135, 136, 137, 138, 139, 140, 141, 142, 143, 144, 145, 146, 147, 148, 149, 150, 151, 152, 153, 154, 155, 156, 157, 158, 159, 160, 161, 162, 163, 164, 165, 166, 167, 168, 169, 170, 171, 172, 173, 174, 175, 176, 177, 178, 179, 180, 181, 182, 183, 184, 185, 186, 187, 188, 189, 190, 191, 192, 193, 194, 195, 196, 197, 198, 199, 200, 201, 202, 203, 204, 205, 206, 207, 208, 209, 210, 211, 212, 213, 214, 215, 216, 217, 218, 219, 220, 221, 222, 223, 224, 225, 226, 227, 228, 229, 230, 231, 232, 233, 234, 235, 236, 237, 238, 239, 240, 241, 242, 243, 244, 245, 246, 247, 248, 249, 250, 251, 252, 253, 254, 255, 256, 257, 258, 259, 260, 261, 262, 263, 264, 265, 266, 267, 268, 269, 270, 271, 272, 273, 274, 275, 276, 277, 278, 279, 280, 281, 282, 283, 284, 285, 286, 287, 288, 289, 290, 291, 292, 293, 294, 295, 296, 297, 298, 299, 300, 301, 302, 303, 304, 305, 306, 307, 308, 309, 310, 311, 312, 313, 314, 315, 316, 317, 318, 319, 320, 321, 322, 323, 324, 325, 326, 327, 328, 329, 330, 331, 332, 333, 334, 335, 336, 337, 338, 339, 340, 341, 342, 343, 344, 345, 346, 347, 348, 349, 350, 351, 352, 353, 354, 355, 356, 357, 358, 359, 360, 361, 362, 363, 364, 365, 366, 367, 368, 369, 370, 371, 372, 373, 374, 375, 376, 377, 378, 379, 380, 381, 382, 383, 384, 385, 386, 387, 388, 389, 390, 391, 392, 393, 394, 395, 396, 397, 398, 399, 400]","{7: [RollingMean(window_size=7), RollingStd(window_size=7)], 30: [RollingMean(window_size=30)], 60: [ExpandingMean()], 14: [ExponentiallyWeightedMean(alpha=0.3)]}",lags_400_features_400,11.513124950730326,18.21401488314581,19.676081753389695,19.08889079775996,18.894442318233317,22.365175170937654,29.466677679582443,33.13841543740913,43.471008404438074,46.25031828700841,45.66683936340506
XGBRegressor,"AutoSeasonalDifferences(max_diffs=380, n_seasons=10, season_length=267) | LocalBoxCox(lower=0.0, method=loglik, season_length=None, stats_=[[4.10226185e-05 0.00000000e+00]], upper=2.0)","[1, 2, 3, 4, 5, 6, 7, 8, 9, 10, 11, 12, 13, 14, 15, 16, 17, 18, 19, 20, 21, 22, 23, 24, 25, 26, 27, 28, 29, 30, 31, 32, 33, 34, 35, 36, 37, 38, 39, 40, 41, 42, 43, 44, 45, 46, 47, 48, 49, 50, 51, 52, 53, 54, 55, 56, 57, 58, 59, 60, 61, 62, 63, 64, 65, 66, 67, 68, 69, 70, 71, 72, 73, 74, 75, 76, 77, 78, 79, 80, 81, 82, 83, 84, 85, 86, 87, 88, 89, 90, 91, 92, 93, 94, 95, 96, 97, 98, 99, 100, 101, 102, 103, 104, 105, 106, 107, 108, 109, 110, 111, 112, 113, 114, 115, 116, 117, 118, 119, 120, 121, 122, 123, 124, 125, 126, 127, 128, 129, 130, 131, 132, 133, 134, 135, 136, 137, 138, 139, 140, 141, 142, 143, 144, 145, 146, 147, 148, 149, 150, 151, 152, 153, 154, 155, 156, 157, 158, 159, 160, 161, 162, 163, 164, 165, 166, 167, 168, 169, 170, 171, 172, 173, 174, 175, 176, 177, 178, 179, 180, 181, 182, 183, 184, 185, 186, 187, 188, 189, 190, 191, 192, 193, 194, 195, 196, 197, 198, 199, 200, 201, 202, 203, 204, 205, 206, 207, 208, 209, 210, 211, 212, 213, 214, 215, 216, 217, 218, 219, 220, 221, 222, 223, 224, 225, 226, 227, 228, 229, 230, 231, 232, 233, 234, 235, 236, 237, 238, 239, 240, 241, 242, 243, 244, 245, 246, 247, 248, 249, 250, 251, 252, 253, 254, 255, 256, 257, 258, 259, 260, 261, 262, 263, 264, 265, 266, 267, 268, 269, 270, 271, 272, 273, 274, 275, 276, 277, 278, 279, 280, 281, 282, 283, 284, 285, 286, 287, 288, 289, 290, 291, 292, 293, 294, 295, 296, 297, 298, 299, 300, 301, 302, 303, 304, 305, 306, 307, 308, 309, 310, 311, 312, 313, 314, 315, 316, 317, 318, 319, 320, 321, 322, 323, 324, 325, 326, 327, 328, 329, 330, 331, 332, 333, 334, 335, 336, 337, 338, 339, 340, 341, 342, 343, 344, 345, 346, 347, 348, 349, 350, 351, 352, 353, 354, 355, 356, 357, 358, 359, 360, 361, 362, 363, 364, 365, 366, 367, 368, 369, 370, 371, 372, 373, 374, 375, 376, 377, 378, 379, 380, 381, 382, 383, 384, 385, 386, 387, 388, 389, 390, 391, 392, 393, 394, 395, 396, 397, 398, 399, 400]","{1: [<function expanding_mean at 0x000002C58F7A04A0>], 7: [<function rolling_mean_14 at 0x000002C5930FAA20>], 30: [<function expanding_mean at 0x000002C58F7A04A0>]}",lags_400_features_400,15.14793845299468,20.60147773143728,21.09548354214588,20.595989696934947,19.675080503490747,20.24330682448908,25.68747605207331,30.088948038844183,43.37360004666542,51.43086546162125,51.02681157788881
LGBMRegressor,"AutoSeasonalDifferences(max_diffs=380, n_seasons=10, season_length=267) | LocalBoxCox(lower=0.0, method=loglik, season_length=None, stats_=[[4.10226185e-05 0.00000000e+00]], upper=2.0)","[1, 2, 3, 4, 5, 6, 7, 8, 9, 10, 11, 12, 13, 14, 15, 16, 17, 18, 19, 20, 21, 22, 23, 24, 25, 26, 27, 28, 29, 30, 31, 32, 33, 34, 35, 36, 37, 38, 39, 40, 41, 42, 43, 44, 45, 46, 47, 48, 49, 50, 51, 52, 53, 54, 55, 56, 57, 58, 59, 60, 61, 62, 63, 64, 65, 66, 67, 68, 69, 70, 71, 72, 73, 74, 75, 76, 77, 78, 79, 80, 81, 82, 83, 84, 85, 86, 87, 88, 89, 90, 91, 92, 93, 94, 95, 96, 97, 98, 99, 100, 101, 102, 103, 104, 105, 106, 107, 108, 109, 110, 111, 112, 113, 114, 115, 116, 117, 118, 119, 120, 121, 122, 123, 124, 125, 126, 127, 128, 129, 130, 131, 132, 133, 134, 135, 136, 137, 138, 139, 140, 141, 142, 143, 144, 145, 146, 147, 148, 149, 150, 151, 152, 153, 154, 155, 156, 157, 158, 159, 160, 161, 162, 163, 164, 165, 166, 167, 168, 169, 170, 171, 172, 173, 174, 175, 176, 177, 178, 179, 180, 181, 182, 183, 184, 185, 186, 187, 188, 189, 190, 191, 192, 193, 194, 195, 196, 197, 198, 199, 200, 201, 202, 203, 204, 205, 206, 207, 208, 209, 210, 211, 212, 213, 214, 215, 216, 217, 218, 219, 220, 221, 222, 223, 224, 225, 226, 227, 228, 229, 230, 231, 232, 233, 234, 235, 236, 237, 238, 239, 240, 241, 242, 243, 244, 245, 246, 247, 248, 249, 250, 251, 252, 253, 254, 255, 256, 257, 258, 259, 260, 261, 262, 263, 264, 265, 266, 267, 268, 269, 270, 271, 272, 273, 274, 275, 276, 277, 278, 279, 280, 281, 282, 283, 284, 285, 286, 287, 288, 289, 290, 291, 292, 293, 294, 295, 296, 297, 298, 299, 300, 301, 302, 303, 304, 305, 306, 307, 308, 309, 310, 311, 312, 313, 314, 315, 316, 317, 318, 319, 320, 321, 322, 323, 324, 325, 326, 327, 328, 329, 330, 331, 332, 333, 334, 335, 336, 337, 338, 339, 340, 341, 342, 343, 344, 345, 346, 347, 348, 349, 350, 351, 352, 353, 354, 355, 356, 357, 358, 359, 360, 361, 362, 363, 364, 365, 366, 367, 368, 369, 370, 371, 372, 373, 374, 375, 376, 377, 378, 379, 380, 381, 382, 383, 384, 385, 386, 387, 388, 389, 390, 391, 392, 393, 394, 395, 396, 397, 398, 399, 400]","{1: [<function expanding_mean at 0x000002C58F7A04A0>], 7: [<function rolling_mean_14 at 0x000002C5930FAA20>], 30: [<function expanding_mean at 0x000002C58F7A04A0>]}",lags_400_features_400,8.715701816573672,16.351219915948516,18.378988951177462,18.048659241925687,18.16172256495352,20.705990939964106,28.07467609633872,31.34942975705057,44.90384149576229,48.90924176261629,48.030387272356826
XGBRegressor,"AutoSeasonalDifferences(max_diffs=380, n_seasons=10, season_length=267) | LocalBoxCox(lower=0.0, method=loglik, season_length=None, stats_=[[4.10226185e-05 0.00000000e+00]], upper=2.0)","[1, 2, 3, 4, 5, 6, 7, 8, 9, 10, 11, 12, 13, 14, 15, 16, 17, 18, 19, 20, 21, 22, 23, 24, 25, 26, 27, 28, 29, 30, 31, 32, 33, 34, 35, 36, 37, 38, 39, 40, 41, 42, 43, 44, 45, 46, 47, 48, 49, 50, 51, 52, 53, 54, 55, 56, 57, 58, 59, 60, 61, 62, 63, 64, 65, 66, 67, 68, 69, 70, 71, 72, 73, 74, 75, 76, 77, 78, 79, 80, 81, 82, 83, 84, 85, 86, 87, 88, 89, 90, 91, 92, 93, 94, 95, 96, 97, 98, 99, 100, 101, 102, 103, 104, 105, 106, 107, 108, 109, 110, 111, 112, 113, 114, 115, 116, 117, 118, 119, 120, 121, 122, 123, 124, 125, 126, 127, 128, 129, 130, 131, 132, 133, 134, 135, 136, 137, 138, 139, 140, 141, 142, 143, 144, 145, 146, 147, 148, 149, 150, 151, 152, 153, 154, 155, 156, 157, 158, 159, 160, 161, 162, 163, 164, 165, 166, 167, 168, 169, 170, 171, 172, 173, 174, 175, 176, 177, 178, 179, 180, 181, 182, 183, 184, 185, 186, 187, 188, 189, 190, 191, 192, 193, 194, 195, 196, 197, 198, 199, 200, 201, 202, 203, 204, 205, 206, 207, 208, 209, 210, 211, 212, 213, 214, 215, 216, 217, 218, 219, 220, 221, 222, 223, 224, 225, 226, 227, 228, 229, 230, 231, 232, 233, 234, 235, 236, 237, 238, 239, 240, 241, 242, 243, 244, 245, 246, 247, 248, 249, 250, 251, 252, 253, 254, 255, 256, 257, 258, 259, 260, 261, 262, 263, 264, 265, 266, 267, 268, 269, 270, 271, 272, 273, 274, 275, 276, 277, 278, 279, 280, 281, 282, 283, 284, 285, 286, 287, 288, 289, 290, 291, 292, 293, 294, 295, 296, 297, 298, 299, 300, 301, 302, 303, 304, 305, 306, 307, 308, 309, 310, 311, 312, 313, 314, 315, 316, 317, 318, 319, 320, 321, 322, 323, 324, 325, 326, 327, 328, 329, 330, 331, 332, 333, 334, 335, 336, 337, 338, 339, 340, 341, 342, 343, 344, 345, 346, 347, 348, 349, 350, 351, 352, 353, 354, 355, 356, 357, 358, 359, 360, 361, 362, 363, 364, 365, 366, 367, 368, 369, 370, 371, 372, 373, 374, 375, 376, 377, 378, 379, 380, 381, 382, 383, 384, 385, 386, 387, 388, 389, 390, 391, 392, 393, 394, 395, 396, 397, 398, 399, 400]","{1: [<function rolling_mean_14 at 0x000002C5930FAA20>], 7: [<function rolling_mean_30 at 0x000002C58DBF9260>], 30: [<function expanding_mean at 0x000002C58F7A04A0>]}",lags_400_features_400,13.61723209995269,19.387403450722182,20.56553802355656,19.756882797673033,20.031047063441974,20.046605678543862,26.1800889437715,35.81891421540902,47.07556002332785,53.61748436748196,52.83435644895079
LGBMRegressor,"AutoSeasonalDifferences(max_diffs=380, n_seasons=10, season_length=267) | LocalBoxCox(lower=0.0, method=loglik, season_length=None, stats_=[[4.10226185e-05 0.00000000e+00]], upper=2.0)","[1, 2, 3, 4, 5, 6, 7, 8, 9, 10, 11, 12, 13, 14, 15, 16, 17, 18, 19, 20, 21, 22, 23, 24, 25, 26, 27, 28, 29, 30, 31, 32, 33, 34, 35, 36, 37, 38, 39, 40, 41, 42, 43, 44, 45, 46, 47, 48, 49, 50, 51, 52, 53, 54, 55, 56, 57, 58, 59, 60, 61, 62, 63, 64, 65, 66, 67, 68, 69, 70, 71, 72, 73, 74, 75, 76, 77, 78, 79, 80, 81, 82, 83, 84, 85, 86, 87, 88, 89, 90, 91, 92, 93, 94, 95, 96, 97, 98, 99, 100, 101, 102, 103, 104, 105, 106, 107, 108, 109, 110, 111, 112, 113, 114, 115, 116, 117, 118, 119, 120, 121, 122, 123, 124, 125, 126, 127, 128, 129, 130, 131, 132, 133, 134, 135, 136, 137, 138, 139, 140, 141, 142, 143, 144, 145, 146, 147, 148, 149, 150, 151, 152, 153, 154, 155, 156, 157, 158, 159, 160, 161, 162, 163, 164, 165, 166, 167, 168, 169, 170, 171, 172, 173, 174, 175, 176, 177, 178, 179, 180, 181, 182, 183, 184, 185, 186, 187, 188, 189, 190, 191, 192, 193, 194, 195, 196, 197, 198, 199, 200, 201, 202, 203, 204, 205, 206, 207, 208, 209, 210, 211, 212, 213, 214, 215, 216, 217, 218, 219, 220, 221, 222, 223, 224, 225, 226, 227, 228, 229, 230, 231, 232, 233, 234, 235, 236, 237, 238, 239, 240, 241, 242, 243, 244, 245, 246, 247, 248, 249, 250, 251, 252, 253, 254, 255, 256, 257, 258, 259, 260, 261, 262, 263, 264, 265, 266, 267, 268, 269, 270, 271, 272, 273, 274, 275, 276, 277, 278, 279, 280, 281, 282, 283, 284, 285, 286, 287, 288, 289, 290, 291, 292, 293, 294, 295, 296, 297, 298, 299, 300, 301, 302, 303, 304, 305, 306, 307, 308, 309, 310, 311, 312, 313, 314, 315, 316, 317, 318, 319, 320, 321, 322, 323, 324, 325, 326, 327, 328, 329, 330, 331, 332, 333, 334, 335, 336, 337, 338, 339, 340, 341, 342, 343, 344, 345, 346, 347, 348, 349, 350, 351, 352, 353, 354, 355, 356, 357, 358, 359, 360, 361, 362, 363, 364, 365, 366, 367, 368, 369, 370, 371, 372, 373, 374, 375, 376, 377, 378, 379, 380, 381, 382, 383, 384, 385, 386, 387, 388, 389, 390, 391, 392, 393, 394, 395, 396, 397, 398, 399, 400]","{1: [<function rolling_mean_14 at 0x000002C5930FAA20>], 7: [<function rolling_mean_30 at 0x000002C58DBF9260>], 30: [<function expanding_mean at 0x000002C58F7A04A0>]}",lags_400_features_400,10.309758840402242,17.03986165633164,18.621221715422294,18.08709132478563,17.936238863055927,19.696043454902156,25.992173245601464,31.092533175507548,43.88355888056407,51.620221071013994,51.371134721452485
XGBRegressor,"AutoSeasonalDifferences(max_diffs=380, n_seasons=10, season_length=267) | LocalBoxCox(lower=0.0, method=loglik, season_length=None, stats_=[[4.10226185e-05 0.00000000e+00]], upper=2.0)","[1, 2, 3, 4, 5, 6, 7, 8, 9, 10, 11, 12, 13, 14, 15, 16, 17, 18, 19, 20, 21, 22, 23, 24, 25, 26, 27, 28, 29, 30, 31, 32, 33, 34, 35, 36, 37, 38, 39, 40, 41, 42, 43, 44, 45, 46, 47, 48, 49, 50, 51, 52, 53, 54, 55, 56, 57, 58, 59, 60, 61, 62, 63, 64, 65, 66, 67, 68, 69, 70, 71, 72, 73, 74, 75, 76, 77, 78, 79, 80, 81, 82, 83, 84, 85, 86, 87, 88, 89, 90, 91, 92, 93, 94, 95, 96, 97, 98, 99, 100, 101, 102, 103, 104, 105, 106, 107, 108, 109, 110, 111, 112, 113, 114, 115, 116, 117, 118, 119, 120, 121, 122, 123, 124, 125, 126, 127, 128, 129, 130, 131, 132, 133, 134, 135, 136, 137, 138, 139, 140, 141, 142, 143, 144, 145, 146, 147, 148, 149, 150, 151, 152, 153, 154, 155, 156, 157, 158, 159, 160, 161, 162, 163, 164, 165, 166, 167, 168, 169, 170, 171, 172, 173, 174, 175, 176, 177, 178, 179, 180, 181, 182, 183, 184, 185, 186, 187, 188, 189, 190, 191, 192, 193, 194, 195, 196, 197, 198, 199, 200, 201, 202, 203, 204, 205, 206, 207, 208, 209, 210, 211, 212, 213, 214, 215, 216, 217, 218, 219, 220, 221, 222, 223, 224, 225, 226, 227, 228, 229, 230, 231, 232, 233, 234, 235, 236, 237, 238, 239, 240, 241, 242, 243, 244, 245, 246, 247, 248, 249, 250, 251, 252, 253, 254, 255, 256, 257, 258, 259, 260, 261, 262, 263, 264, 265, 266, 267, 268, 269, 270, 271, 272, 273, 274, 275, 276, 277, 278, 279, 280, 281, 282, 283, 284, 285, 286, 287, 288, 289, 290, 291, 292, 293, 294, 295, 296, 297, 298, 299, 300, 301, 302, 303, 304, 305, 306, 307, 308, 309, 310, 311, 312, 313, 314, 315, 316, 317, 318, 319, 320, 321, 322, 323, 324, 325, 326, 327, 328, 329, 330, 331, 332, 333, 334, 335, 336, 337, 338, 339, 340, 341, 342, 343, 344, 345, 346, 347, 348, 349, 350, 351, 352, 353, 354, 355, 356, 357, 358, 359, 360, 361, 362, 363, 364, 365, 366, 367, 368, 369, 370, 371, 372, 373, 374, 375, 376, 377, 378, 379, 380, 381, 382, 383, 384, 385, 386, 387, 388, 389, 390, 391, 392, 393, 394, 395, 396, 397, 398, 399, 400]","{7: [RollingMean(window_size=7)], 30: [RollingMean(window_size=30)], 60: [RollingMean(window_size=60)]}",lags_400_features_400,12.803345606818347,19.92377843116605,20.850424631587032,20.069112287214747,19.912958398681212,20.426003891986706,25.19057811488882,30.909991325853,44.46950390567866,48.35749193013433,47.837560689002785
LGBMRegressor,"AutoSeasonalDifferences(max_diffs=380, n_seasons=10, season_length=267) | LocalBoxCox(lower=0.0, method=loglik, season_length=None, stats_=[[4.10226185e-05 0.00000000e+00]], upper=2.0)","[1, 2, 3, 4, 5, 6, 7, 8, 9, 10, 11, 12, 13, 14, 15, 16, 17, 18, 19, 20, 21, 22, 23, 24, 25, 26, 27, 28, 29, 30, 31, 32, 33, 34, 35, 36, 37, 38, 39, 40, 41, 42, 43, 44, 45, 46, 47, 48, 49, 50, 51, 52, 53, 54, 55, 56, 57, 58, 59, 60, 61, 62, 63, 64, 65, 66, 67, 68, 69, 70, 71, 72, 73, 74, 75, 76, 77, 78, 79, 80, 81, 82, 83, 84, 85, 86, 87, 88, 89, 90, 91, 92, 93, 94, 95, 96, 97, 98, 99, 100, 101, 102, 103, 104, 105, 106, 107, 108, 109, 110, 111, 112, 113, 114, 115, 116, 117, 118, 119, 120, 121, 122, 123, 124, 125, 126, 127, 128, 129, 130, 131, 132, 133, 134, 135, 136, 137, 138, 139, 140, 141, 142, 143, 144, 145, 146, 147, 148, 149, 150, 151, 152, 153, 154, 155, 156, 157, 158, 159, 160, 161, 162, 163, 164, 165, 166, 167, 168, 169, 170, 171, 172, 173, 174, 175, 176, 177, 178, 179, 180, 181, 182, 183, 184, 185, 186, 187, 188, 189, 190, 191, 192, 193, 194, 195, 196, 197, 198, 199, 200, 201, 202, 203, 204, 205, 206, 207, 208, 209, 210, 211, 212, 213, 214, 215, 216, 217, 218, 219, 220, 221, 222, 223, 224, 225, 226, 227, 228, 229, 230, 231, 232, 233, 234, 235, 236, 237, 238, 239, 240, 241, 242, 243, 244, 245, 246, 247, 248, 249, 250, 251, 252, 253, 254, 255, 256, 257, 258, 259, 260, 261, 262, 263, 264, 265, 266, 267, 268, 269, 270, 271, 272, 273, 274, 275, 276, 277, 278, 279, 280, 281, 282, 283, 284, 285, 286, 287, 288, 289, 290, 291, 292, 293, 294, 295, 296, 297, 298, 299, 300, 301, 302, 303, 304, 305, 306, 307, 308, 309, 310, 311, 312, 313, 314, 315, 316, 317, 318, 319, 320, 321, 322, 323, 324, 325, 326, 327, 328, 329, 330, 331, 332, 333, 334, 335, 336, 337, 338, 339, 340, 341, 342, 343, 344, 345, 346, 347, 348, 349, 350, 351, 352, 353, 354, 355, 356, 357, 358, 359, 360, 361, 362, 363, 364, 365, 366, 367, 368, 369, 370, 371, 372, 373, 374, 375, 376, 377, 378, 379, 380, 381, 382, 383, 384, 385, 386, 387, 388, 389, 390, 391, 392, 393, 394, 395, 396, 397, 398, 399, 400]","{7: [RollingMean(window_size=7)], 30: [RollingMean(window_size=30)], 60: [RollingMean(window_size=60)]}",lags_400_features_400,9.68206640664076,16.418777832411692,17.92432346537619,17.742176553254918,17.654939298147966,19.44600898498912,24.291796779412095,28.39723118914113,42.56970090458795,52.19893743518409,51.783580091147755
XGBRegressor,"AutoSeasonalDifferences(max_diffs=380, n_seasons=10, season_length=267) | LocalBoxCox(lower=0.0, method=loglik, season_length=None, stats_=[[4.10226185e-05 0.00000000e+00]], upper=2.0)","[1, 2, 3, 4, 5, 6, 7, 8, 9, 10, 11, 12, 13, 14, 15, 16, 17, 18, 19, 20, 21, 22, 23, 24, 25, 26, 27, 28, 29, 30, 31, 32, 33, 34, 35, 36, 37, 38, 39, 40, 41, 42, 43, 44, 45, 46, 47, 48, 49, 50, 51, 52, 53, 54, 55, 56, 57, 58, 59, 60, 61, 62, 63, 64, 65, 66, 67, 68, 69, 70, 71, 72, 73, 74, 75, 76, 77, 78, 79, 80, 81, 82, 83, 84, 85, 86, 87, 88, 89, 90, 91, 92, 93, 94, 95, 96, 97, 98, 99, 100, 101, 102, 103, 104, 105, 106, 107, 108, 109, 110, 111, 112, 113, 114, 115, 116, 117, 118, 119, 120, 121, 122, 123, 124, 125, 126, 127, 128, 129, 130, 131, 132, 133, 134, 135, 136, 137, 138, 139, 140, 141, 142, 143, 144, 145, 146, 147, 148, 149, 150, 151, 152, 153, 154, 155, 156, 157, 158, 159, 160, 161, 162, 163, 164, 165, 166, 167, 168, 169, 170, 171, 172, 173, 174, 175, 176, 177, 178, 179, 180, 181, 182, 183, 184, 185, 186, 187, 188, 189, 190, 191, 192, 193, 194, 195, 196, 197, 198, 199, 200, 201, 202, 203, 204, 205, 206, 207, 208, 209, 210, 211, 212, 213, 214, 215, 216, 217, 218, 219, 220, 221, 222, 223, 224, 225, 226, 227, 228, 229, 230, 231, 232, 233, 234, 235, 236, 237, 238, 239, 240, 241, 242, 243, 244, 245, 246, 247, 248, 249, 250, 251, 252, 253, 254, 255, 256, 257, 258, 259, 260, 261, 262, 263, 264, 265, 266, 267, 268, 269, 270, 271, 272, 273, 274, 275, 276, 277, 278, 279, 280, 281, 282, 283, 284, 285, 286, 287, 288, 289, 290, 291, 292, 293, 294, 295, 296, 297, 298, 299, 300, 301, 302, 303, 304, 305, 306, 307, 308, 309, 310, 311, 312, 313, 314, 315, 316, 317, 318, 319, 320, 321, 322, 323, 324, 325, 326, 327, 328, 329, 330, 331, 332, 333, 334, 335, 336, 337, 338, 339, 340, 341, 342, 343, 344, 345, 346, 347, 348, 349, 350, 351, 352, 353, 354, 355, 356, 357, 358, 359, 360, 361, 362, 363, 364, 365, 366, 367, 368, 369, 370, 371, 372, 373, 374, 375, 376, 377, 378, 379, 380, 381, 382, 383, 384, 385, 386, 387, 388, 389, 390, 391, 392, 393, 394, 395, 396, 397, 398, 399, 400]","{7: [RollingMean(window_size=7), RollingStd(window_size=7)], 30: [RollingMean(window_size=30)], 60: [ExpandingMean()], 14: [ExponentiallyWeightedMean(alpha=0.3)]}",lags_400_features_400,13.405210255446542,20.21421305936922,21.13231995033085,20.474251723654564,20.116988039535887,20.479071921911757,24.600945851525157,29.76426945574189,43.29242685082043,46.191386874932235,45.67290325835421
LGBMRegressor,"AutoSeasonalDifferences(max_diffs=380, n_seasons=10, season_length=267) | LocalBoxCox(lower=0.0, method=loglik, season_length=None, stats_=[[4.10226185e-05 0.00000000e+00]], upper=2.0)","[1, 2, 3, 4, 5, 6, 7, 8, 9, 10, 11, 12, 13, 14, 15, 16, 17, 18, 19, 20, 21, 22, 23, 24, 25, 26, 27, 28, 29, 30, 31, 32, 33, 34, 35, 36, 37, 38, 39, 40, 41, 42, 43, 44, 45, 46, 47, 48, 49, 50, 51, 52, 53, 54, 55, 56, 57, 58, 59, 60, 61, 62, 63, 64, 65, 66, 67, 68, 69, 70, 71, 72, 73, 74, 75, 76, 77, 78, 79, 80, 81, 82, 83, 84, 85, 86, 87, 88, 89, 90, 91, 92, 93, 94, 95, 96, 97, 98, 99, 100, 101, 102, 103, 104, 105, 106, 107, 108, 109, 110, 111, 112, 113, 114, 115, 116, 117, 118, 119, 120, 121, 122, 123, 124, 125, 126, 127, 128, 129, 130, 131, 132, 133, 134, 135, 136, 137, 138, 139, 140, 141, 142, 143, 144, 145, 146, 147, 148, 149, 150, 151, 152, 153, 154, 155, 156, 157, 158, 159, 160, 161, 162, 163, 164, 165, 166, 167, 168, 169, 170, 171, 172, 173, 174, 175, 176, 177, 178, 179, 180, 181, 182, 183, 184, 185, 186, 187, 188, 189, 190, 191, 192, 193, 194, 195, 196, 197, 198, 199, 200, 201, 202, 203, 204, 205, 206, 207, 208, 209, 210, 211, 212, 213, 214, 215, 216, 217, 218, 219, 220, 221, 222, 223, 224, 225, 226, 227, 228, 229, 230, 231, 232, 233, 234, 235, 236, 237, 238, 239, 240, 241, 242, 243, 244, 245, 246, 247, 248, 249, 250, 251, 252, 253, 254, 255, 256, 257, 258, 259, 260, 261, 262, 263, 264, 265, 266, 267, 268, 269, 270, 271, 272, 273, 274, 275, 276, 277, 278, 279, 280, 281, 282, 283, 284, 285, 286, 287, 288, 289, 290, 291, 292, 293, 294, 295, 296, 297, 298, 299, 300, 301, 302, 303, 304, 305, 306, 307, 308, 309, 310, 311, 312, 313, 314, 315, 316, 317, 318, 319, 320, 321, 322, 323, 324, 325, 326, 327, 328, 329, 330, 331, 332, 333, 334, 335, 336, 337, 338, 339, 340, 341, 342, 343, 344, 345, 346, 347, 348, 349, 350, 351, 352, 353, 354, 355, 356, 357, 358, 359, 360, 361, 362, 363, 364, 365, 366, 367, 368, 369, 370, 371, 372, 373, 374, 375, 376, 377, 378, 379, 380, 381, 382, 383, 384, 385, 386, 387, 388, 389, 390, 391, 392, 393, 394, 395, 396, 397, 398, 399, 400]","{7: [RollingMean(window_size=7), RollingStd(window_size=7)], 30: [RollingMean(window_size=30)], 60: [ExpandingMean()], 14: [ExponentiallyWeightedMean(alpha=0.3)]}",lags_400_features_400,10.066616551038573,16.35432726730893,18.163609638621487,18.512460722809752,18.087630635967077,20.60790363425995,26.162862386712327,29.827303610748146,43.27011930608568,52.54074901675666,52.25506236005465
SGD_EarlyStopping,"AutoSeasonalityAndDifferences(max_diffs=380, max_season_length=267, n_seasons=10) | LocalStandardScaler(stats_=[[47.42372721 38.3630083 ]])","[1, 2, 3, 4, 5, 6, 7, 8, 9, 10, 11, 12, 13, 14, 15, 16, 17, 18, 19, 20, 21, 22, 23, 24, 25, 26, 27, 28, 29, 30, 31, 32, 33, 34, 35, 36, 37, 38, 39, 40, 41, 42, 43, 44, 45, 46, 47, 48, 49, 50, 51, 52, 53, 54, 55, 56, 57, 58, 59, 60, 61, 62, 63, 64, 65, 66, 67, 68, 69, 70, 71, 72, 73, 74, 75, 76, 77, 78, 79, 80, 81, 82, 83, 84, 85, 86, 87, 88, 89, 90, 91, 92, 93, 94, 95, 96, 97, 98, 99, 100, 101, 102, 103, 104, 105, 106, 107, 108, 109, 110, 111, 112, 113, 114, 115, 116, 117, 118, 119, 120, 121, 122, 123, 124, 125, 126, 127, 128, 129, 130, 131, 132, 133, 134, 135, 136, 137, 138, 139, 140, 141, 142, 143, 144, 145, 146, 147, 148, 149, 150, 151, 152, 153, 154, 155, 156, 157, 158, 159, 160, 161, 162, 163, 164, 165, 166, 167, 168, 169, 170, 171, 172, 173, 174, 175, 176, 177, 178, 179, 180, 181, 182, 183, 184, 185, 186, 187, 188, 189, 190, 191, 192, 193, 194, 195, 196, 197, 198, 199, 200, 201, 202, 203, 204, 205, 206, 207, 208, 209, 210, 211, 212, 213, 214, 215, 216, 217, 218, 219, 220, 221, 222, 223, 224, 225, 226, 227, 228, 229, 230, 231, 232, 233, 234, 235, 236, 237, 238, 239, 240, 241, 242, 243, 244, 245, 246, 247, 248, 249, 250, 251, 252, 253, 254, 255, 256, 257, 258, 259, 260, 261, 262, 263, 264, 265, 266, 267, 268, 269, 270, 271, 272, 273, 274, 275, 276, 277, 278, 279, 280, 281, 282, 283, 284, 285, 286, 287, 288, 289, 290, 291, 292, 293, 294, 295, 296, 297, 298, 299, 300, 301, 302, 303, 304, 305, 306, 307, 308, 309, 310, 311, 312, 313, 314, 315, 316, 317, 318, 319, 320, 321, 322, 323, 324, 325, 326, 327, 328, 329, 330, 331, 332, 333, 334, 335, 336, 337, 338, 339, 340, 341, 342, 343, 344, 345, 346, 347, 348, 349, 350, 351, 352, 353, 354, 355, 356, 357, 358, 359, 360, 361, 362, 363, 364, 365, 366, 367, 368, 369, 370, 371, 372, 373, 374, 375, 376, 377, 378, 379, 380, 381, 382, 383, 384, 385, 386, 387, 388, 389, 390, 391, 392, 393, 394, 395, 396, 397, 398, 399, 400]","{1: [<function expanding_mean at 0x000002C58F7A04A0>], 7: [<function rolling_mean_14 at 0x000002C5930FAA20>], 30: [<function expanding_mean at 0x000002C58F7A04A0>]}",lags_400_features_400,57.193856170842814,67.55525799654384,80.26062878492594,81.57597716869032,77.47317035607061,78.73601996020473,80.17457704498324,93.18994745184142,122.69079682172742,148.79355645455234,148.41034075384837
SGD_ElasticNet,"AutoSeasonalityAndDifferences(max_diffs=380, max_season_length=267, n_seasons=10) | LocalStandardScaler(stats_=[[47.42372721 38.3630083 ]])","[1, 2, 3, 4, 5, 6, 7, 8, 9, 10, 11, 12, 13, 14, 15, 16, 17, 18, 19, 20, 21, 22, 23, 24, 25, 26, 27, 28, 29, 30, 31, 32, 33, 34, 35, 36, 37, 38, 39, 40, 41, 42, 43, 44, 45, 46, 47, 48, 49, 50, 51, 52, 53, 54, 55, 56, 57, 58, 59, 60, 61, 62, 63, 64, 65, 66, 67, 68, 69, 70, 71, 72, 73, 74, 75, 76, 77, 78, 79, 80, 81, 82, 83, 84, 85, 86, 87, 88, 89, 90, 91, 92, 93, 94, 95, 96, 97, 98, 99, 100, 101, 102, 103, 104, 105, 106, 107, 108, 109, 110, 111, 112, 113, 114, 115, 116, 117, 118, 119, 120, 121, 122, 123, 124, 125, 126, 127, 128, 129, 130, 131, 132, 133, 134, 135, 136, 137, 138, 139, 140, 141, 142, 143, 144, 145, 146, 147, 148, 149, 150, 151, 152, 153, 154, 155, 156, 157, 158, 159, 160, 161, 162, 163, 164, 165, 166, 167, 168, 169, 170, 171, 172, 173, 174, 175, 176, 177, 178, 179, 180, 181, 182, 183, 184, 185, 186, 187, 188, 189, 190, 191, 192, 193, 194, 195, 196, 197, 198, 199, 200, 201, 202, 203, 204, 205, 206, 207, 208, 209, 210, 211, 212, 213, 214, 215, 216, 217, 218, 219, 220, 221, 222, 223, 224, 225, 226, 227, 228, 229, 230, 231, 232, 233, 234, 235, 236, 237, 238, 239, 240, 241, 242, 243, 244, 245, 246, 247, 248, 249, 250, 251, 252, 253, 254, 255, 256, 257, 258, 259, 260, 261, 262, 263, 264, 265, 266, 267, 268, 269, 270, 271, 272, 273, 274, 275, 276, 277, 278, 279, 280, 281, 282, 283, 284, 285, 286, 287, 288, 289, 290, 291, 292, 293, 294, 295, 296, 297, 298, 299, 300, 301, 302, 303, 304, 305, 306, 307, 308, 309, 310, 311, 312, 313, 314, 315, 316, 317, 318, 319, 320, 321, 322, 323, 324, 325, 326, 327, 328, 329, 330, 331, 332, 333, 334, 335, 336, 337, 338, 339, 340, 341, 342, 343, 344, 345, 346, 347, 348, 349, 350, 351, 352, 353, 354, 355, 356, 357, 358, 359, 360, 361, 362, 363, 364, 365, 366, 367, 368, 369, 370, 371, 372, 373, 374, 375, 376, 377, 378, 379, 380, 381, 382, 383, 384, 385, 386, 387, 388, 389, 390, 391, 392, 393, 394, 395, 396, 397, 398, 399, 400]","{1: [<function expanding_mean at 0x000002C58F7A04A0>], 7: [<function rolling_mean_14 at 0x000002C5930FAA20>], 30: [<function expanding_mean at 0x000002C58F7A04A0>]}",lags_400_features_400,83.77562439879266,69.31477558604146,86.79735929306743,82.59449010119869,76.99454167441263,81.73232065772892,79.33497180614943,77.92915347781346,97.97588151649649,141.21672082488774,143.67030613926806
SGD_Lasso,"AutoSeasonalityAndDifferences(max_diffs=380, max_season_length=267, n_seasons=10) | LocalStandardScaler(stats_=[[47.42372721 38.3630083 ]])","[1, 2, 3, 4, 5, 6, 7, 8, 9, 10, 11, 12, 13, 14, 15, 16, 17, 18, 19, 20, 21, 22, 23, 24, 25, 26, 27, 28, 29, 30, 31, 32, 33, 34, 35, 36, 37, 38, 39, 40, 41, 42, 43, 44, 45, 46, 47, 48, 49, 50, 51, 52, 53, 54, 55, 56, 57, 58, 59, 60, 61, 62, 63, 64, 65, 66, 67, 68, 69, 70, 71, 72, 73, 74, 75, 76, 77, 78, 79, 80, 81, 82, 83, 84, 85, 86, 87, 88, 89, 90, 91, 92, 93, 94, 95, 96, 97, 98, 99, 100, 101, 102, 103, 104, 105, 106, 107, 108, 109, 110, 111, 112, 113, 114, 115, 116, 117, 118, 119, 120, 121, 122, 123, 124, 125, 126, 127, 128, 129, 130, 131, 132, 133, 134, 135, 136, 137, 138, 139, 140, 141, 142, 143, 144, 145, 146, 147, 148, 149, 150, 151, 152, 153, 154, 155, 156, 157, 158, 159, 160, 161, 162, 163, 164, 165, 166, 167, 168, 169, 170, 171, 172, 173, 174, 175, 176, 177, 178, 179, 180, 181, 182, 183, 184, 185, 186, 187, 188, 189, 190, 191, 192, 193, 194, 195, 196, 197, 198, 199, 200, 201, 202, 203, 204, 205, 206, 207, 208, 209, 210, 211, 212, 213, 214, 215, 216, 217, 218, 219, 220, 221, 222, 223, 224, 225, 226, 227, 228, 229, 230, 231, 232, 233, 234, 235, 236, 237, 238, 239, 240, 241, 242, 243, 244, 245, 246, 247, 248, 249, 250, 251, 252, 253, 254, 255, 256, 257, 258, 259, 260, 261, 262, 263, 264, 265, 266, 267, 268, 269, 270, 271, 272, 273, 274, 275, 276, 277, 278, 279, 280, 281, 282, 283, 284, 285, 286, 287, 288, 289, 290, 291, 292, 293, 294, 295, 296, 297, 298, 299, 300, 301, 302, 303, 304, 305, 306, 307, 308, 309, 310, 311, 312, 313, 314, 315, 316, 317, 318, 319, 320, 321, 322, 323, 324, 325, 326, 327, 328, 329, 330, 331, 332, 333, 334, 335, 336, 337, 338, 339, 340, 341, 342, 343, 344, 345, 346, 347, 348, 349, 350, 351, 352, 353, 354, 355, 356, 357, 358, 359, 360, 361, 362, 363, 364, 365, 366, 367, 368, 369, 370, 371, 372, 373, 374, 375, 376, 377, 378, 379, 380, 381, 382, 383, 384, 385, 386, 387, 388, 389, 390, 391, 392, 393, 394, 395, 396, 397, 398, 399, 400]","{1: [<function expanding_mean at 0x000002C58F7A04A0>], 7: [<function rolling_mean_14 at 0x000002C5930FAA20>], 30: [<function expanding_mean at 0x000002C58F7A04A0>]}",lags_400_features_400,119.44920188330022,104.05390465661806,102.36402919660006,91.3140402506384,76.71551477149504,67.91246565956575,62.06094727448195,56.29280386242539,72.33834079954104,97.90546375599347,97.3598933615318
SGD_Ridge,"AutoSeasonalityAndDifferences(max_diffs=380, max_season_length=267, n_seasons=10) | LocalStandardScaler(stats_=[[47.42372721 38.3630083 ]])","[1, 2, 3, 4, 5, 6, 7, 8, 9, 10, 11, 12, 13, 14, 15, 16, 17, 18, 19, 20, 21, 22, 23, 24, 25, 26, 27, 28, 29, 30, 31, 32, 33, 34, 35, 36, 37, 38, 39, 40, 41, 42, 43, 44, 45, 46, 47, 48, 49, 50, 51, 52, 53, 54, 55, 56, 57, 58, 59, 60, 61, 62, 63, 64, 65, 66, 67, 68, 69, 70, 71, 72, 73, 74, 75, 76, 77, 78, 79, 80, 81, 82, 83, 84, 85, 86, 87, 88, 89, 90, 91, 92, 93, 94, 95, 96, 97, 98, 99, 100, 101, 102, 103, 104, 105, 106, 107, 108, 109, 110, 111, 112, 113, 114, 115, 116, 117, 118, 119, 120, 121, 122, 123, 124, 125, 126, 127, 128, 129, 130, 131, 132, 133, 134, 135, 136, 137, 138, 139, 140, 141, 142, 143, 144, 145, 146, 147, 148, 149, 150, 151, 152, 153, 154, 155, 156, 157, 158, 159, 160, 161, 162, 163, 164, 165, 166, 167, 168, 169, 170, 171, 172, 173, 174, 175, 176, 177, 178, 179, 180, 181, 182, 183, 184, 185, 186, 187, 188, 189, 190, 191, 192, 193, 194, 195, 196, 197, 198, 199, 200, 201, 202, 203, 204, 205, 206, 207, 208, 209, 210, 211, 212, 213, 214, 215, 216, 217, 218, 219, 220, 221, 222, 223, 224, 225, 226, 227, 228, 229, 230, 231, 232, 233, 234, 235, 236, 237, 238, 239, 240, 241, 242, 243, 244, 245, 246, 247, 248, 249, 250, 251, 252, 253, 254, 255, 256, 257, 258, 259, 260, 261, 262, 263, 264, 265, 266, 267, 268, 269, 270, 271, 272, 273, 274, 275, 276, 277, 278, 279, 280, 281, 282, 283, 284, 285, 286, 287, 288, 289, 290, 291, 292, 293, 294, 295, 296, 297, 298, 299, 300, 301, 302, 303, 304, 305, 306, 307, 308, 309, 310, 311, 312, 313, 314, 315, 316, 317, 318, 319, 320, 321, 322, 323, 324, 325, 326, 327, 328, 329, 330, 331, 332, 333, 334, 335, 336, 337, 338, 339, 340, 341, 342, 343, 344, 345, 346, 347, 348, 349, 350, 351, 352, 353, 354, 355, 356, 357, 358, 359, 360, 361, 362, 363, 364, 365, 366, 367, 368, 369, 370, 371, 372, 373, 374, 375, 376, 377, 378, 379, 380, 381, 382, 383, 384, 385, 386, 387, 388, 389, 390, 391, 392, 393, 394, 395, 396, 397, 398, 399, 400]","{1: [<function expanding_mean at 0x000002C58F7A04A0>], 7: [<function rolling_mean_14 at 0x000002C5930FAA20>], 30: [<function expanding_mean at 0x000002C58F7A04A0>]}",lags_400_features_400,22.603828729783864,35.68017089274512,37.16765529613896,41.31746756578335,40.106989046463084,42.49435772389949,45.48985114907101,51.22800324219391,59.27397906001488,60.30456365519288,60.53661755248852
SGDRegressor,"AutoSeasonalityAndDifferences(max_diffs=380, max_season_length=267, n_seasons=10) | LocalStandardScaler(stats_=[[47.42372721 38.3630083 ]])","[1, 2, 3, 4, 5, 6, 7, 8, 9, 10, 11, 12, 13, 14, 15, 16, 17, 18, 19, 20, 21, 22, 23, 24, 25, 26, 27, 28, 29, 30, 31, 32, 33, 34, 35, 36, 37, 38, 39, 40, 41, 42, 43, 44, 45, 46, 47, 48, 49, 50, 51, 52, 53, 54, 55, 56, 57, 58, 59, 60, 61, 62, 63, 64, 65, 66, 67, 68, 69, 70, 71, 72, 73, 74, 75, 76, 77, 78, 79, 80, 81, 82, 83, 84, 85, 86, 87, 88, 89, 90, 91, 92, 93, 94, 95, 96, 97, 98, 99, 100, 101, 102, 103, 104, 105, 106, 107, 108, 109, 110, 111, 112, 113, 114, 115, 116, 117, 118, 119, 120, 121, 122, 123, 124, 125, 126, 127, 128, 129, 130, 131, 132, 133, 134, 135, 136, 137, 138, 139, 140, 141, 142, 143, 144, 145, 146, 147, 148, 149, 150, 151, 152, 153, 154, 155, 156, 157, 158, 159, 160, 161, 162, 163, 164, 165, 166, 167, 168, 169, 170, 171, 172, 173, 174, 175, 176, 177, 178, 179, 180, 181, 182, 183, 184, 185, 186, 187, 188, 189, 190, 191, 192, 193, 194, 195, 196, 197, 198, 199, 200, 201, 202, 203, 204, 205, 206, 207, 208, 209, 210, 211, 212, 213, 214, 215, 216, 217, 218, 219, 220, 221, 222, 223, 224, 225, 226, 227, 228, 229, 230, 231, 232, 233, 234, 235, 236, 237, 238, 239, 240, 241, 242, 243, 244, 245, 246, 247, 248, 249, 250, 251, 252, 253, 254, 255, 256, 257, 258, 259, 260, 261, 262, 263, 264, 265, 266, 267, 268, 269, 270, 271, 272, 273, 274, 275, 276, 277, 278, 279, 280, 281, 282, 283, 284, 285, 286, 287, 288, 289, 290, 291, 292, 293, 294, 295, 296, 297, 298, 299, 300, 301, 302, 303, 304, 305, 306, 307, 308, 309, 310, 311, 312, 313, 314, 315, 316, 317, 318, 319, 320, 321, 322, 323, 324, 325, 326, 327, 328, 329, 330, 331, 332, 333, 334, 335, 336, 337, 338, 339, 340, 341, 342, 343, 344, 345, 346, 347, 348, 349, 350, 351, 352, 353, 354, 355, 356, 357, 358, 359, 360, 361, 362, 363, 364, 365, 366, 367, 368, 369, 370, 371, 372, 373, 374, 375, 376, 377, 378, 379, 380, 381, 382, 383, 384, 385, 386, 387, 388, 389, 390, 391, 392, 393, 394, 395, 396, 397, 398, 399, 400]","{1: [<function expanding_mean at 0x000002C58F7A04A0>], 7: [<function rolling_mean_14 at 0x000002C5930FAA20>], 30: [<function expanding_mean at 0x000002C58F7A04A0>]}",lags_400_features_400,96.38743364324142,77.03940600461846,94.57132082069074,89.61728443480716,82.69355250770988,86.63403284901308,83.39871063992457,81.57234474072953,103.52909072143856,156.30557106175658,159.42818554477756
XGBRegressor,"AutoSeasonalityAndDifferences(max_diffs=380, max_season_length=267, n_seasons=10) | LocalStandardScaler(stats_=[[47.42372721 38.3630083 ]])","[1, 2, 3, 4, 5, 6, 7, 8, 9, 10, 11, 12, 13, 14, 15, 16, 17, 18, 19, 20, 21, 22, 23, 24, 25, 26, 27, 28, 29, 30, 31, 32, 33, 34, 35, 36, 37, 38, 39, 40, 41, 42, 43, 44, 45, 46, 47, 48, 49, 50, 51, 52, 53, 54, 55, 56, 57, 58, 59, 60, 61, 62, 63, 64, 65, 66, 67, 68, 69, 70, 71, 72, 73, 74, 75, 76, 77, 78, 79, 80, 81, 82, 83, 84, 85, 86, 87, 88, 89, 90, 91, 92, 93, 94, 95, 96, 97, 98, 99, 100, 101, 102, 103, 104, 105, 106, 107, 108, 109, 110, 111, 112, 113, 114, 115, 116, 117, 118, 119, 120, 121, 122, 123, 124, 125, 126, 127, 128, 129, 130, 131, 132, 133, 134, 135, 136, 137, 138, 139, 140, 141, 142, 143, 144, 145, 146, 147, 148, 149, 150, 151, 152, 153, 154, 155, 156, 157, 158, 159, 160, 161, 162, 163, 164, 165, 166, 167, 168, 169, 170, 171, 172, 173, 174, 175, 176, 177, 178, 179, 180, 181, 182, 183, 184, 185, 186, 187, 188, 189, 190, 191, 192, 193, 194, 195, 196, 197, 198, 199, 200, 201, 202, 203, 204, 205, 206, 207, 208, 209, 210, 211, 212, 213, 214, 215, 216, 217, 218, 219, 220, 221, 222, 223, 224, 225, 226, 227, 228, 229, 230, 231, 232, 233, 234, 235, 236, 237, 238, 239, 240, 241, 242, 243, 244, 245, 246, 247, 248, 249, 250, 251, 252, 253, 254, 255, 256, 257, 258, 259, 260, 261, 262, 263, 264, 265, 266, 267, 268, 269, 270, 271, 272, 273, 274, 275, 276, 277, 278, 279, 280, 281, 282, 283, 284, 285, 286, 287, 288, 289, 290, 291, 292, 293, 294, 295, 296, 297, 298, 299, 300, 301, 302, 303, 304, 305, 306, 307, 308, 309, 310, 311, 312, 313, 314, 315, 316, 317, 318, 319, 320, 321, 322, 323, 324, 325, 326, 327, 328, 329, 330, 331, 332, 333, 334, 335, 336, 337, 338, 339, 340, 341, 342, 343, 344, 345, 346, 347, 348, 349, 350, 351, 352, 353, 354, 355, 356, 357, 358, 359, 360, 361, 362, 363, 364, 365, 366, 367, 368, 369, 370, 371, 372, 373, 374, 375, 376, 377, 378, 379, 380, 381, 382, 383, 384, 385, 386, 387, 388, 389, 390, 391, 392, 393, 394, 395, 396, 397, 398, 399, 400]","{1: [<function expanding_mean at 0x000002C58F7A04A0>], 7: [<function rolling_mean_14 at 0x000002C5930FAA20>], 30: [<function expanding_mean at 0x000002C58F7A04A0>]}",lags_400_features_400,14.575418195256038,18.61878369001771,20.607852822792275,19.766467257521615,19.72378303675715,27.33854874224192,37.975490365516215,40.487681341724254,49.71449022318467,55.738628185946204,55.23552244969265
LGBMRegressor,"AutoSeasonalityAndDifferences(max_diffs=380, max_season_length=267, n_seasons=10) | LocalStandardScaler(stats_=[[47.42372721 38.3630083 ]])","[1, 2, 3, 4, 5, 6, 7, 8, 9, 10, 11, 12, 13, 14, 15, 16, 17, 18, 19, 20, 21, 22, 23, 24, 25, 26, 27, 28, 29, 30, 31, 32, 33, 34, 35, 36, 37, 38, 39, 40, 41, 42, 43, 44, 45, 46, 47, 48, 49, 50, 51, 52, 53, 54, 55, 56, 57, 58, 59, 60, 61, 62, 63, 64, 65, 66, 67, 68, 69, 70, 71, 72, 73, 74, 75, 76, 77, 78, 79, 80, 81, 82, 83, 84, 85, 86, 87, 88, 89, 90, 91, 92, 93, 94, 95, 96, 97, 98, 99, 100, 101, 102, 103, 104, 105, 106, 107, 108, 109, 110, 111, 112, 113, 114, 115, 116, 117, 118, 119, 120, 121, 122, 123, 124, 125, 126, 127, 128, 129, 130, 131, 132, 133, 134, 135, 136, 137, 138, 139, 140, 141, 142, 143, 144, 145, 146, 147, 148, 149, 150, 151, 152, 153, 154, 155, 156, 157, 158, 159, 160, 161, 162, 163, 164, 165, 166, 167, 168, 169, 170, 171, 172, 173, 174, 175, 176, 177, 178, 179, 180, 181, 182, 183, 184, 185, 186, 187, 188, 189, 190, 191, 192, 193, 194, 195, 196, 197, 198, 199, 200, 201, 202, 203, 204, 205, 206, 207, 208, 209, 210, 211, 212, 213, 214, 215, 216, 217, 218, 219, 220, 221, 222, 223, 224, 225, 226, 227, 228, 229, 230, 231, 232, 233, 234, 235, 236, 237, 238, 239, 240, 241, 242, 243, 244, 245, 246, 247, 248, 249, 250, 251, 252, 253, 254, 255, 256, 257, 258, 259, 260, 261, 262, 263, 264, 265, 266, 267, 268, 269, 270, 271, 272, 273, 274, 275, 276, 277, 278, 279, 280, 281, 282, 283, 284, 285, 286, 287, 288, 289, 290, 291, 292, 293, 294, 295, 296, 297, 298, 299, 300, 301, 302, 303, 304, 305, 306, 307, 308, 309, 310, 311, 312, 313, 314, 315, 316, 317, 318, 319, 320, 321, 322, 323, 324, 325, 326, 327, 328, 329, 330, 331, 332, 333, 334, 335, 336, 337, 338, 339, 340, 341, 342, 343, 344, 345, 346, 347, 348, 349, 350, 351, 352, 353, 354, 355, 356, 357, 358, 359, 360, 361, 362, 363, 364, 365, 366, 367, 368, 369, 370, 371, 372, 373, 374, 375, 376, 377, 378, 379, 380, 381, 382, 383, 384, 385, 386, 387, 388, 389, 390, 391, 392, 393, 394, 395, 396, 397, 398, 399, 400]","{1: [<function expanding_mean at 0x000002C58F7A04A0>], 7: [<function rolling_mean_14 at 0x000002C5930FAA20>], 30: [<function expanding_mean at 0x000002C58F7A04A0>]}",lags_400_features_400,10.04976714107875,18.903756950926304,20.55635250600284,20.750704839126907,20.92925463014676,24.35186600249506,31.246610168101167,35.78620346617229,45.70868150564849,46.36996518315363,45.572092289545196
SGD_EarlyStopping,"AutoSeasonalityAndDifferences(max_diffs=380, max_season_length=267, n_seasons=10) | LocalStandardScaler(stats_=[[47.42372721 38.3630083 ]])","[1, 2, 3, 4, 5, 6, 7, 8, 9, 10, 11, 12, 13, 14, 15, 16, 17, 18, 19, 20, 21, 22, 23, 24, 25, 26, 27, 28, 29, 30, 31, 32, 33, 34, 35, 36, 37, 38, 39, 40, 41, 42, 43, 44, 45, 46, 47, 48, 49, 50, 51, 52, 53, 54, 55, 56, 57, 58, 59, 60, 61, 62, 63, 64, 65, 66, 67, 68, 69, 70, 71, 72, 73, 74, 75, 76, 77, 78, 79, 80, 81, 82, 83, 84, 85, 86, 87, 88, 89, 90, 91, 92, 93, 94, 95, 96, 97, 98, 99, 100, 101, 102, 103, 104, 105, 106, 107, 108, 109, 110, 111, 112, 113, 114, 115, 116, 117, 118, 119, 120, 121, 122, 123, 124, 125, 126, 127, 128, 129, 130, 131, 132, 133, 134, 135, 136, 137, 138, 139, 140, 141, 142, 143, 144, 145, 146, 147, 148, 149, 150, 151, 152, 153, 154, 155, 156, 157, 158, 159, 160, 161, 162, 163, 164, 165, 166, 167, 168, 169, 170, 171, 172, 173, 174, 175, 176, 177, 178, 179, 180, 181, 182, 183, 184, 185, 186, 187, 188, 189, 190, 191, 192, 193, 194, 195, 196, 197, 198, 199, 200, 201, 202, 203, 204, 205, 206, 207, 208, 209, 210, 211, 212, 213, 214, 215, 216, 217, 218, 219, 220, 221, 222, 223, 224, 225, 226, 227, 228, 229, 230, 231, 232, 233, 234, 235, 236, 237, 238, 239, 240, 241, 242, 243, 244, 245, 246, 247, 248, 249, 250, 251, 252, 253, 254, 255, 256, 257, 258, 259, 260, 261, 262, 263, 264, 265, 266, 267, 268, 269, 270, 271, 272, 273, 274, 275, 276, 277, 278, 279, 280, 281, 282, 283, 284, 285, 286, 287, 288, 289, 290, 291, 292, 293, 294, 295, 296, 297, 298, 299, 300, 301, 302, 303, 304, 305, 306, 307, 308, 309, 310, 311, 312, 313, 314, 315, 316, 317, 318, 319, 320, 321, 322, 323, 324, 325, 326, 327, 328, 329, 330, 331, 332, 333, 334, 335, 336, 337, 338, 339, 340, 341, 342, 343, 344, 345, 346, 347, 348, 349, 350, 351, 352, 353, 354, 355, 356, 357, 358, 359, 360, 361, 362, 363, 364, 365, 366, 367, 368, 369, 370, 371, 372, 373, 374, 375, 376, 377, 378, 379, 380, 381, 382, 383, 384, 385, 386, 387, 388, 389, 390, 391, 392, 393, 394, 395, 396, 397, 398, 399, 400]","{1: [<function rolling_mean_14 at 0x000002C5930FAA20>], 7: [<function rolling_mean_30 at 0x000002C58DBF9260>], 30: [<function expanding_mean at 0x000002C58F7A04A0>]}",lags_400_features_400,57.375176091650204,67.68448074463154,80.39745012262756,81.75738201416027,77.6675701741112,78.9079679576629,80.3839235858826,93.58293348043823,123.40046030593123,149.50461714348324,149.12754424634093
SGD_ElasticNet,"AutoSeasonalityAndDifferences(max_diffs=380, max_season_length=267, n_seasons=10) | LocalStandardScaler(stats_=[[47.42372721 38.3630083 ]])","[1, 2, 3, 4, 5, 6, 7, 8, 9, 10, 11, 12, 13, 14, 15, 16, 17, 18, 19, 20, 21, 22, 23, 24, 25, 26, 27, 28, 29, 30, 31, 32, 33, 34, 35, 36, 37, 38, 39, 40, 41, 42, 43, 44, 45, 46, 47, 48, 49, 50, 51, 52, 53, 54, 55, 56, 57, 58, 59, 60, 61, 62, 63, 64, 65, 66, 67, 68, 69, 70, 71, 72, 73, 74, 75, 76, 77, 78, 79, 80, 81, 82, 83, 84, 85, 86, 87, 88, 89, 90, 91, 92, 93, 94, 95, 96, 97, 98, 99, 100, 101, 102, 103, 104, 105, 106, 107, 108, 109, 110, 111, 112, 113, 114, 115, 116, 117, 118, 119, 120, 121, 122, 123, 124, 125, 126, 127, 128, 129, 130, 131, 132, 133, 134, 135, 136, 137, 138, 139, 140, 141, 142, 143, 144, 145, 146, 147, 148, 149, 150, 151, 152, 153, 154, 155, 156, 157, 158, 159, 160, 161, 162, 163, 164, 165, 166, 167, 168, 169, 170, 171, 172, 173, 174, 175, 176, 177, 178, 179, 180, 181, 182, 183, 184, 185, 186, 187, 188, 189, 190, 191, 192, 193, 194, 195, 196, 197, 198, 199, 200, 201, 202, 203, 204, 205, 206, 207, 208, 209, 210, 211, 212, 213, 214, 215, 216, 217, 218, 219, 220, 221, 222, 223, 224, 225, 226, 227, 228, 229, 230, 231, 232, 233, 234, 235, 236, 237, 238, 239, 240, 241, 242, 243, 244, 245, 246, 247, 248, 249, 250, 251, 252, 253, 254, 255, 256, 257, 258, 259, 260, 261, 262, 263, 264, 265, 266, 267, 268, 269, 270, 271, 272, 273, 274, 275, 276, 277, 278, 279, 280, 281, 282, 283, 284, 285, 286, 287, 288, 289, 290, 291, 292, 293, 294, 295, 296, 297, 298, 299, 300, 301, 302, 303, 304, 305, 306, 307, 308, 309, 310, 311, 312, 313, 314, 315, 316, 317, 318, 319, 320, 321, 322, 323, 324, 325, 326, 327, 328, 329, 330, 331, 332, 333, 334, 335, 336, 337, 338, 339, 340, 341, 342, 343, 344, 345, 346, 347, 348, 349, 350, 351, 352, 353, 354, 355, 356, 357, 358, 359, 360, 361, 362, 363, 364, 365, 366, 367, 368, 369, 370, 371, 372, 373, 374, 375, 376, 377, 378, 379, 380, 381, 382, 383, 384, 385, 386, 387, 388, 389, 390, 391, 392, 393, 394, 395, 396, 397, 398, 399, 400]","{1: [<function rolling_mean_14 at 0x000002C5930FAA20>], 7: [<function rolling_mean_30 at 0x000002C58DBF9260>], 30: [<function expanding_mean at 0x000002C58F7A04A0>]}",lags_400_features_400,83.7764969254986,69.32616912231299,86.82503358645934,82.61804563263989,77.01759669919991,81.74841248619514,79.346433374314,77.93401916161052,97.9919598049675,141.24972425456215,143.70494216970974
SGD_Lasso,"AutoSeasonalityAndDifferences(max_diffs=380, max_season_length=267, n_seasons=10) | LocalStandardScaler(stats_=[[47.42372721 38.3630083 ]])","[1, 2, 3, 4, 5, 6, 7, 8, 9, 10, 11, 12, 13, 14, 15, 16, 17, 18, 19, 20, 21, 22, 23, 24, 25, 26, 27, 28, 29, 30, 31, 32, 33, 34, 35, 36, 37, 38, 39, 40, 41, 42, 43, 44, 45, 46, 47, 48, 49, 50, 51, 52, 53, 54, 55, 56, 57, 58, 59, 60, 61, 62, 63, 64, 65, 66, 67, 68, 69, 70, 71, 72, 73, 74, 75, 76, 77, 78, 79, 80, 81, 82, 83, 84, 85, 86, 87, 88, 89, 90, 91, 92, 93, 94, 95, 96, 97, 98, 99, 100, 101, 102, 103, 104, 105, 106, 107, 108, 109, 110, 111, 112, 113, 114, 115, 116, 117, 118, 119, 120, 121, 122, 123, 124, 125, 126, 127, 128, 129, 130, 131, 132, 133, 134, 135, 136, 137, 138, 139, 140, 141, 142, 143, 144, 145, 146, 147, 148, 149, 150, 151, 152, 153, 154, 155, 156, 157, 158, 159, 160, 161, 162, 163, 164, 165, 166, 167, 168, 169, 170, 171, 172, 173, 174, 175, 176, 177, 178, 179, 180, 181, 182, 183, 184, 185, 186, 187, 188, 189, 190, 191, 192, 193, 194, 195, 196, 197, 198, 199, 200, 201, 202, 203, 204, 205, 206, 207, 208, 209, 210, 211, 212, 213, 214, 215, 216, 217, 218, 219, 220, 221, 222, 223, 224, 225, 226, 227, 228, 229, 230, 231, 232, 233, 234, 235, 236, 237, 238, 239, 240, 241, 242, 243, 244, 245, 246, 247, 248, 249, 250, 251, 252, 253, 254, 255, 256, 257, 258, 259, 260, 261, 262, 263, 264, 265, 266, 267, 268, 269, 270, 271, 272, 273, 274, 275, 276, 277, 278, 279, 280, 281, 282, 283, 284, 285, 286, 287, 288, 289, 290, 291, 292, 293, 294, 295, 296, 297, 298, 299, 300, 301, 302, 303, 304, 305, 306, 307, 308, 309, 310, 311, 312, 313, 314, 315, 316, 317, 318, 319, 320, 321, 322, 323, 324, 325, 326, 327, 328, 329, 330, 331, 332, 333, 334, 335, 336, 337, 338, 339, 340, 341, 342, 343, 344, 345, 346, 347, 348, 349, 350, 351, 352, 353, 354, 355, 356, 357, 358, 359, 360, 361, 362, 363, 364, 365, 366, 367, 368, 369, 370, 371, 372, 373, 374, 375, 376, 377, 378, 379, 380, 381, 382, 383, 384, 385, 386, 387, 388, 389, 390, 391, 392, 393, 394, 395, 396, 397, 398, 399, 400]","{1: [<function rolling_mean_14 at 0x000002C5930FAA20>], 7: [<function rolling_mean_30 at 0x000002C58DBF9260>], 30: [<function expanding_mean at 0x000002C58F7A04A0>]}",lags_400_features_400,119.44920188330022,104.05390465661806,102.36402919660006,91.3140402506384,76.71551477149504,67.91246565956575,62.06094727448195,56.29280386242539,72.33834079954104,97.90546375599347,97.3598933615318
SGD_Ridge,"AutoSeasonalityAndDifferences(max_diffs=380, max_season_length=267, n_seasons=10) | LocalStandardScaler(stats_=[[47.42372721 38.3630083 ]])","[1, 2, 3, 4, 5, 6, 7, 8, 9, 10, 11, 12, 13, 14, 15, 16, 17, 18, 19, 20, 21, 22, 23, 24, 25, 26, 27, 28, 29, 30, 31, 32, 33, 34, 35, 36, 37, 38, 39, 40, 41, 42, 43, 44, 45, 46, 47, 48, 49, 50, 51, 52, 53, 54, 55, 56, 57, 58, 59, 60, 61, 62, 63, 64, 65, 66, 67, 68, 69, 70, 71, 72, 73, 74, 75, 76, 77, 78, 79, 80, 81, 82, 83, 84, 85, 86, 87, 88, 89, 90, 91, 92, 93, 94, 95, 96, 97, 98, 99, 100, 101, 102, 103, 104, 105, 106, 107, 108, 109, 110, 111, 112, 113, 114, 115, 116, 117, 118, 119, 120, 121, 122, 123, 124, 125, 126, 127, 128, 129, 130, 131, 132, 133, 134, 135, 136, 137, 138, 139, 140, 141, 142, 143, 144, 145, 146, 147, 148, 149, 150, 151, 152, 153, 154, 155, 156, 157, 158, 159, 160, 161, 162, 163, 164, 165, 166, 167, 168, 169, 170, 171, 172, 173, 174, 175, 176, 177, 178, 179, 180, 181, 182, 183, 184, 185, 186, 187, 188, 189, 190, 191, 192, 193, 194, 195, 196, 197, 198, 199, 200, 201, 202, 203, 204, 205, 206, 207, 208, 209, 210, 211, 212, 213, 214, 215, 216, 217, 218, 219, 220, 221, 222, 223, 224, 225, 226, 227, 228, 229, 230, 231, 232, 233, 234, 235, 236, 237, 238, 239, 240, 241, 242, 243, 244, 245, 246, 247, 248, 249, 250, 251, 252, 253, 254, 255, 256, 257, 258, 259, 260, 261, 262, 263, 264, 265, 266, 267, 268, 269, 270, 271, 272, 273, 274, 275, 276, 277, 278, 279, 280, 281, 282, 283, 284, 285, 286, 287, 288, 289, 290, 291, 292, 293, 294, 295, 296, 297, 298, 299, 300, 301, 302, 303, 304, 305, 306, 307, 308, 309, 310, 311, 312, 313, 314, 315, 316, 317, 318, 319, 320, 321, 322, 323, 324, 325, 326, 327, 328, 329, 330, 331, 332, 333, 334, 335, 336, 337, 338, 339, 340, 341, 342, 343, 344, 345, 346, 347, 348, 349, 350, 351, 352, 353, 354, 355, 356, 357, 358, 359, 360, 361, 362, 363, 364, 365, 366, 367, 368, 369, 370, 371, 372, 373, 374, 375, 376, 377, 378, 379, 380, 381, 382, 383, 384, 385, 386, 387, 388, 389, 390, 391, 392, 393, 394, 395, 396, 397, 398, 399, 400]","{1: [<function rolling_mean_14 at 0x000002C5930FAA20>], 7: [<function rolling_mean_30 at 0x000002C58DBF9260>], 30: [<function expanding_mean at 0x000002C58F7A04A0>]}",lags_400_features_400,22.660498138467695,35.79479618329813,37.28029201897486,41.46320501721503,40.25221923206268,42.61684354418762,45.60839252719621,51.36410961238099,59.42447006615465,60.5868809546118,60.837092783052604
SGDRegressor,"AutoSeasonalityAndDifferences(max_diffs=380, max_season_length=267, n_seasons=10) | LocalStandardScaler(stats_=[[47.42372721 38.3630083 ]])","[1, 2, 3, 4, 5, 6, 7, 8, 9, 10, 11, 12, 13, 14, 15, 16, 17, 18, 19, 20, 21, 22, 23, 24, 25, 26, 27, 28, 29, 30, 31, 32, 33, 34, 35, 36, 37, 38, 39, 40, 41, 42, 43, 44, 45, 46, 47, 48, 49, 50, 51, 52, 53, 54, 55, 56, 57, 58, 59, 60, 61, 62, 63, 64, 65, 66, 67, 68, 69, 70, 71, 72, 73, 74, 75, 76, 77, 78, 79, 80, 81, 82, 83, 84, 85, 86, 87, 88, 89, 90, 91, 92, 93, 94, 95, 96, 97, 98, 99, 100, 101, 102, 103, 104, 105, 106, 107, 108, 109, 110, 111, 112, 113, 114, 115, 116, 117, 118, 119, 120, 121, 122, 123, 124, 125, 126, 127, 128, 129, 130, 131, 132, 133, 134, 135, 136, 137, 138, 139, 140, 141, 142, 143, 144, 145, 146, 147, 148, 149, 150, 151, 152, 153, 154, 155, 156, 157, 158, 159, 160, 161, 162, 163, 164, 165, 166, 167, 168, 169, 170, 171, 172, 173, 174, 175, 176, 177, 178, 179, 180, 181, 182, 183, 184, 185, 186, 187, 188, 189, 190, 191, 192, 193, 194, 195, 196, 197, 198, 199, 200, 201, 202, 203, 204, 205, 206, 207, 208, 209, 210, 211, 212, 213, 214, 215, 216, 217, 218, 219, 220, 221, 222, 223, 224, 225, 226, 227, 228, 229, 230, 231, 232, 233, 234, 235, 236, 237, 238, 239, 240, 241, 242, 243, 244, 245, 246, 247, 248, 249, 250, 251, 252, 253, 254, 255, 256, 257, 258, 259, 260, 261, 262, 263, 264, 265, 266, 267, 268, 269, 270, 271, 272, 273, 274, 275, 276, 277, 278, 279, 280, 281, 282, 283, 284, 285, 286, 287, 288, 289, 290, 291, 292, 293, 294, 295, 296, 297, 298, 299, 300, 301, 302, 303, 304, 305, 306, 307, 308, 309, 310, 311, 312, 313, 314, 315, 316, 317, 318, 319, 320, 321, 322, 323, 324, 325, 326, 327, 328, 329, 330, 331, 332, 333, 334, 335, 336, 337, 338, 339, 340, 341, 342, 343, 344, 345, 346, 347, 348, 349, 350, 351, 352, 353, 354, 355, 356, 357, 358, 359, 360, 361, 362, 363, 364, 365, 366, 367, 368, 369, 370, 371, 372, 373, 374, 375, 376, 377, 378, 379, 380, 381, 382, 383, 384, 385, 386, 387, 388, 389, 390, 391, 392, 393, 394, 395, 396, 397, 398, 399, 400]","{1: [<function rolling_mean_14 at 0x000002C5930FAA20>], 7: [<function rolling_mean_30 at 0x000002C58DBF9260>], 30: [<function expanding_mean at 0x000002C58F7A04A0>]}",lags_400_features_400,96.38545480705503,77.04879013746752,94.58980924736306,89.63183792822242,82.71340106749882,86.65472230323543,83.4111312682171,81.58142701473832,103.54531166149093,156.3518446196774,159.47521540035484
XGBRegressor,"AutoSeasonalityAndDifferences(max_diffs=380, max_season_length=267, n_seasons=10) | LocalStandardScaler(stats_=[[47.42372721 38.3630083 ]])","[1, 2, 3, 4, 5, 6, 7, 8, 9, 10, 11, 12, 13, 14, 15, 16, 17, 18, 19, 20, 21, 22, 23, 24, 25, 26, 27, 28, 29, 30, 31, 32, 33, 34, 35, 36, 37, 38, 39, 40, 41, 42, 43, 44, 45, 46, 47, 48, 49, 50, 51, 52, 53, 54, 55, 56, 57, 58, 59, 60, 61, 62, 63, 64, 65, 66, 67, 68, 69, 70, 71, 72, 73, 74, 75, 76, 77, 78, 79, 80, 81, 82, 83, 84, 85, 86, 87, 88, 89, 90, 91, 92, 93, 94, 95, 96, 97, 98, 99, 100, 101, 102, 103, 104, 105, 106, 107, 108, 109, 110, 111, 112, 113, 114, 115, 116, 117, 118, 119, 120, 121, 122, 123, 124, 125, 126, 127, 128, 129, 130, 131, 132, 133, 134, 135, 136, 137, 138, 139, 140, 141, 142, 143, 144, 145, 146, 147, 148, 149, 150, 151, 152, 153, 154, 155, 156, 157, 158, 159, 160, 161, 162, 163, 164, 165, 166, 167, 168, 169, 170, 171, 172, 173, 174, 175, 176, 177, 178, 179, 180, 181, 182, 183, 184, 185, 186, 187, 188, 189, 190, 191, 192, 193, 194, 195, 196, 197, 198, 199, 200, 201, 202, 203, 204, 205, 206, 207, 208, 209, 210, 211, 212, 213, 214, 215, 216, 217, 218, 219, 220, 221, 222, 223, 224, 225, 226, 227, 228, 229, 230, 231, 232, 233, 234, 235, 236, 237, 238, 239, 240, 241, 242, 243, 244, 245, 246, 247, 248, 249, 250, 251, 252, 253, 254, 255, 256, 257, 258, 259, 260, 261, 262, 263, 264, 265, 266, 267, 268, 269, 270, 271, 272, 273, 274, 275, 276, 277, 278, 279, 280, 281, 282, 283, 284, 285, 286, 287, 288, 289, 290, 291, 292, 293, 294, 295, 296, 297, 298, 299, 300, 301, 302, 303, 304, 305, 306, 307, 308, 309, 310, 311, 312, 313, 314, 315, 316, 317, 318, 319, 320, 321, 322, 323, 324, 325, 326, 327, 328, 329, 330, 331, 332, 333, 334, 335, 336, 337, 338, 339, 340, 341, 342, 343, 344, 345, 346, 347, 348, 349, 350, 351, 352, 353, 354, 355, 356, 357, 358, 359, 360, 361, 362, 363, 364, 365, 366, 367, 368, 369, 370, 371, 372, 373, 374, 375, 376, 377, 378, 379, 380, 381, 382, 383, 384, 385, 386, 387, 388, 389, 390, 391, 392, 393, 394, 395, 396, 397, 398, 399, 400]","{1: [<function rolling_mean_14 at 0x000002C5930FAA20>], 7: [<function rolling_mean_30 at 0x000002C58DBF9260>], 30: [<function expanding_mean at 0x000002C58F7A04A0>]}",lags_400_features_400,11.282269506026484,18.02090356276255,19.99947531402036,19.62784577498893,20.375184941901313,19.801535442973105,26.560193077174453,34.46822824751482,44.454668158504305,44.367832611903424,43.77213541810825
LGBMRegressor,"AutoSeasonalityAndDifferences(max_diffs=380, max_season_length=267, n_seasons=10) | LocalStandardScaler(stats_=[[47.42372721 38.3630083 ]])","[1, 2, 3, 4, 5, 6, 7, 8, 9, 10, 11, 12, 13, 14, 15, 16, 17, 18, 19, 20, 21, 22, 23, 24, 25, 26, 27, 28, 29, 30, 31, 32, 33, 34, 35, 36, 37, 38, 39, 40, 41, 42, 43, 44, 45, 46, 47, 48, 49, 50, 51, 52, 53, 54, 55, 56, 57, 58, 59, 60, 61, 62, 63, 64, 65, 66, 67, 68, 69, 70, 71, 72, 73, 74, 75, 76, 77, 78, 79, 80, 81, 82, 83, 84, 85, 86, 87, 88, 89, 90, 91, 92, 93, 94, 95, 96, 97, 98, 99, 100, 101, 102, 103, 104, 105, 106, 107, 108, 109, 110, 111, 112, 113, 114, 115, 116, 117, 118, 119, 120, 121, 122, 123, 124, 125, 126, 127, 128, 129, 130, 131, 132, 133, 134, 135, 136, 137, 138, 139, 140, 141, 142, 143, 144, 145, 146, 147, 148, 149, 150, 151, 152, 153, 154, 155, 156, 157, 158, 159, 160, 161, 162, 163, 164, 165, 166, 167, 168, 169, 170, 171, 172, 173, 174, 175, 176, 177, 178, 179, 180, 181, 182, 183, 184, 185, 186, 187, 188, 189, 190, 191, 192, 193, 194, 195, 196, 197, 198, 199, 200, 201, 202, 203, 204, 205, 206, 207, 208, 209, 210, 211, 212, 213, 214, 215, 216, 217, 218, 219, 220, 221, 222, 223, 224, 225, 226, 227, 228, 229, 230, 231, 232, 233, 234, 235, 236, 237, 238, 239, 240, 241, 242, 243, 244, 245, 246, 247, 248, 249, 250, 251, 252, 253, 254, 255, 256, 257, 258, 259, 260, 261, 262, 263, 264, 265, 266, 267, 268, 269, 270, 271, 272, 273, 274, 275, 276, 277, 278, 279, 280, 281, 282, 283, 284, 285, 286, 287, 288, 289, 290, 291, 292, 293, 294, 295, 296, 297, 298, 299, 300, 301, 302, 303, 304, 305, 306, 307, 308, 309, 310, 311, 312, 313, 314, 315, 316, 317, 318, 319, 320, 321, 322, 323, 324, 325, 326, 327, 328, 329, 330, 331, 332, 333, 334, 335, 336, 337, 338, 339, 340, 341, 342, 343, 344, 345, 346, 347, 348, 349, 350, 351, 352, 353, 354, 355, 356, 357, 358, 359, 360, 361, 362, 363, 364, 365, 366, 367, 368, 369, 370, 371, 372, 373, 374, 375, 376, 377, 378, 379, 380, 381, 382, 383, 384, 385, 386, 387, 388, 389, 390, 391, 392, 393, 394, 395, 396, 397, 398, 399, 400]","{1: [<function rolling_mean_14 at 0x000002C5930FAA20>], 7: [<function rolling_mean_30 at 0x000002C58DBF9260>], 30: [<function expanding_mean at 0x000002C58F7A04A0>]}",lags_400_features_400,10.229674522074097,17.25540266343119,19.002862158055212,18.39357506382089,18.54169335442455,21.48211965754479,30.384568078721514,33.89520348749028,44.44283232923338,46.04076005140014,45.844006899218016
SGD_EarlyStopping,"AutoSeasonalityAndDifferences(max_diffs=380, max_season_length=267, n_seasons=10) | LocalStandardScaler(stats_=[[47.42372721 38.3630083 ]])","[1, 2, 3, 4, 5, 6, 7, 8, 9, 10, 11, 12, 13, 14, 15, 16, 17, 18, 19, 20, 21, 22, 23, 24, 25, 26, 27, 28, 29, 30, 31, 32, 33, 34, 35, 36, 37, 38, 39, 40, 41, 42, 43, 44, 45, 46, 47, 48, 49, 50, 51, 52, 53, 54, 55, 56, 57, 58, 59, 60, 61, 62, 63, 64, 65, 66, 67, 68, 69, 70, 71, 72, 73, 74, 75, 76, 77, 78, 79, 80, 81, 82, 83, 84, 85, 86, 87, 88, 89, 90, 91, 92, 93, 94, 95, 96, 97, 98, 99, 100, 101, 102, 103, 104, 105, 106, 107, 108, 109, 110, 111, 112, 113, 114, 115, 116, 117, 118, 119, 120, 121, 122, 123, 124, 125, 126, 127, 128, 129, 130, 131, 132, 133, 134, 135, 136, 137, 138, 139, 140, 141, 142, 143, 144, 145, 146, 147, 148, 149, 150, 151, 152, 153, 154, 155, 156, 157, 158, 159, 160, 161, 162, 163, 164, 165, 166, 167, 168, 169, 170, 171, 172, 173, 174, 175, 176, 177, 178, 179, 180, 181, 182, 183, 184, 185, 186, 187, 188, 189, 190, 191, 192, 193, 194, 195, 196, 197, 198, 199, 200, 201, 202, 203, 204, 205, 206, 207, 208, 209, 210, 211, 212, 213, 214, 215, 216, 217, 218, 219, 220, 221, 222, 223, 224, 225, 226, 227, 228, 229, 230, 231, 232, 233, 234, 235, 236, 237, 238, 239, 240, 241, 242, 243, 244, 245, 246, 247, 248, 249, 250, 251, 252, 253, 254, 255, 256, 257, 258, 259, 260, 261, 262, 263, 264, 265, 266, 267, 268, 269, 270, 271, 272, 273, 274, 275, 276, 277, 278, 279, 280, 281, 282, 283, 284, 285, 286, 287, 288, 289, 290, 291, 292, 293, 294, 295, 296, 297, 298, 299, 300, 301, 302, 303, 304, 305, 306, 307, 308, 309, 310, 311, 312, 313, 314, 315, 316, 317, 318, 319, 320, 321, 322, 323, 324, 325, 326, 327, 328, 329, 330, 331, 332, 333, 334, 335, 336, 337, 338, 339, 340, 341, 342, 343, 344, 345, 346, 347, 348, 349, 350, 351, 352, 353, 354, 355, 356, 357, 358, 359, 360, 361, 362, 363, 364, 365, 366, 367, 368, 369, 370, 371, 372, 373, 374, 375, 376, 377, 378, 379, 380, 381, 382, 383, 384, 385, 386, 387, 388, 389, 390, 391, 392, 393, 394, 395, 396, 397, 398, 399, 400]","{7: [RollingMean(window_size=7)], 30: [RollingMean(window_size=30)], 60: [RollingMean(window_size=60)]}",lags_400_features_400,57.70612436370202,67.63368393112195,80.7423005272122,81.99694366694669,77.88616013257645,79.18477673298622,80.66802745436978,93.79889190064705,124.27874412023678,152.02471487235542,151.7493539742151
SGD_ElasticNet,"AutoSeasonalityAndDifferences(max_diffs=380, max_season_length=267, n_seasons=10) | LocalStandardScaler(stats_=[[47.42372721 38.3630083 ]])","[1, 2, 3, 4, 5, 6, 7, 8, 9, 10, 11, 12, 13, 14, 15, 16, 17, 18, 19, 20, 21, 22, 23, 24, 25, 26, 27, 28, 29, 30, 31, 32, 33, 34, 35, 36, 37, 38, 39, 40, 41, 42, 43, 44, 45, 46, 47, 48, 49, 50, 51, 52, 53, 54, 55, 56, 57, 58, 59, 60, 61, 62, 63, 64, 65, 66, 67, 68, 69, 70, 71, 72, 73, 74, 75, 76, 77, 78, 79, 80, 81, 82, 83, 84, 85, 86, 87, 88, 89, 90, 91, 92, 93, 94, 95, 96, 97, 98, 99, 100, 101, 102, 103, 104, 105, 106, 107, 108, 109, 110, 111, 112, 113, 114, 115, 116, 117, 118, 119, 120, 121, 122, 123, 124, 125, 126, 127, 128, 129, 130, 131, 132, 133, 134, 135, 136, 137, 138, 139, 140, 141, 142, 143, 144, 145, 146, 147, 148, 149, 150, 151, 152, 153, 154, 155, 156, 157, 158, 159, 160, 161, 162, 163, 164, 165, 166, 167, 168, 169, 170, 171, 172, 173, 174, 175, 176, 177, 178, 179, 180, 181, 182, 183, 184, 185, 186, 187, 188, 189, 190, 191, 192, 193, 194, 195, 196, 197, 198, 199, 200, 201, 202, 203, 204, 205, 206, 207, 208, 209, 210, 211, 212, 213, 214, 215, 216, 217, 218, 219, 220, 221, 222, 223, 224, 225, 226, 227, 228, 229, 230, 231, 232, 233, 234, 235, 236, 237, 238, 239, 240, 241, 242, 243, 244, 245, 246, 247, 248, 249, 250, 251, 252, 253, 254, 255, 256, 257, 258, 259, 260, 261, 262, 263, 264, 265, 266, 267, 268, 269, 270, 271, 272, 273, 274, 275, 276, 277, 278, 279, 280, 281, 282, 283, 284, 285, 286, 287, 288, 289, 290, 291, 292, 293, 294, 295, 296, 297, 298, 299, 300, 301, 302, 303, 304, 305, 306, 307, 308, 309, 310, 311, 312, 313, 314, 315, 316, 317, 318, 319, 320, 321, 322, 323, 324, 325, 326, 327, 328, 329, 330, 331, 332, 333, 334, 335, 336, 337, 338, 339, 340, 341, 342, 343, 344, 345, 346, 347, 348, 349, 350, 351, 352, 353, 354, 355, 356, 357, 358, 359, 360, 361, 362, 363, 364, 365, 366, 367, 368, 369, 370, 371, 372, 373, 374, 375, 376, 377, 378, 379, 380, 381, 382, 383, 384, 385, 386, 387, 388, 389, 390, 391, 392, 393, 394, 395, 396, 397, 398, 399, 400]","{7: [RollingMean(window_size=7)], 30: [RollingMean(window_size=30)], 60: [RollingMean(window_size=60)]}",lags_400_features_400,83.79308957259155,69.32180536786969,86.88390914032547,82.63209737676046,77.03179822481636,81.75160724150724,79.34270097363452,77.93271712813853,98.015684477939,141.3082912628133,143.768319503775
SGD_Lasso,"AutoSeasonalityAndDifferences(max_diffs=380, max_season_length=267, n_seasons=10) | LocalStandardScaler(stats_=[[47.42372721 38.3630083 ]])","[1, 2, 3, 4, 5, 6, 7, 8, 9, 10, 11, 12, 13, 14, 15, 16, 17, 18, 19, 20, 21, 22, 23, 24, 25, 26, 27, 28, 29, 30, 31, 32, 33, 34, 35, 36, 37, 38, 39, 40, 41, 42, 43, 44, 45, 46, 47, 48, 49, 50, 51, 52, 53, 54, 55, 56, 57, 58, 59, 60, 61, 62, 63, 64, 65, 66, 67, 68, 69, 70, 71, 72, 73, 74, 75, 76, 77, 78, 79, 80, 81, 82, 83, 84, 85, 86, 87, 88, 89, 90, 91, 92, 93, 94, 95, 96, 97, 98, 99, 100, 101, 102, 103, 104, 105, 106, 107, 108, 109, 110, 111, 112, 113, 114, 115, 116, 117, 118, 119, 120, 121, 122, 123, 124, 125, 126, 127, 128, 129, 130, 131, 132, 133, 134, 135, 136, 137, 138, 139, 140, 141, 142, 143, 144, 145, 146, 147, 148, 149, 150, 151, 152, 153, 154, 155, 156, 157, 158, 159, 160, 161, 162, 163, 164, 165, 166, 167, 168, 169, 170, 171, 172, 173, 174, 175, 176, 177, 178, 179, 180, 181, 182, 183, 184, 185, 186, 187, 188, 189, 190, 191, 192, 193, 194, 195, 196, 197, 198, 199, 200, 201, 202, 203, 204, 205, 206, 207, 208, 209, 210, 211, 212, 213, 214, 215, 216, 217, 218, 219, 220, 221, 222, 223, 224, 225, 226, 227, 228, 229, 230, 231, 232, 233, 234, 235, 236, 237, 238, 239, 240, 241, 242, 243, 244, 245, 246, 247, 248, 249, 250, 251, 252, 253, 254, 255, 256, 257, 258, 259, 260, 261, 262, 263, 264, 265, 266, 267, 268, 269, 270, 271, 272, 273, 274, 275, 276, 277, 278, 279, 280, 281, 282, 283, 284, 285, 286, 287, 288, 289, 290, 291, 292, 293, 294, 295, 296, 297, 298, 299, 300, 301, 302, 303, 304, 305, 306, 307, 308, 309, 310, 311, 312, 313, 314, 315, 316, 317, 318, 319, 320, 321, 322, 323, 324, 325, 326, 327, 328, 329, 330, 331, 332, 333, 334, 335, 336, 337, 338, 339, 340, 341, 342, 343, 344, 345, 346, 347, 348, 349, 350, 351, 352, 353, 354, 355, 356, 357, 358, 359, 360, 361, 362, 363, 364, 365, 366, 367, 368, 369, 370, 371, 372, 373, 374, 375, 376, 377, 378, 379, 380, 381, 382, 383, 384, 385, 386, 387, 388, 389, 390, 391, 392, 393, 394, 395, 396, 397, 398, 399, 400]","{7: [RollingMean(window_size=7)], 30: [RollingMean(window_size=30)], 60: [RollingMean(window_size=60)]}",lags_400_features_400,119.44920188330022,104.05390465661806,102.36402919660006,91.3140402506384,76.71551477149504,67.91246565956575,62.06094727448195,56.29280386242539,72.33834079954104,97.90546375599347,97.3598933615318
SGD_Ridge,"AutoSeasonalityAndDifferences(max_diffs=380, max_season_length=267, n_seasons=10) | LocalStandardScaler(stats_=[[47.42372721 38.3630083 ]])","[1, 2, 3, 4, 5, 6, 7, 8, 9, 10, 11, 12, 13, 14, 15, 16, 17, 18, 19, 20, 21, 22, 23, 24, 25, 26, 27, 28, 29, 30, 31, 32, 33, 34, 35, 36, 37, 38, 39, 40, 41, 42, 43, 44, 45, 46, 47, 48, 49, 50, 51, 52, 53, 54, 55, 56, 57, 58, 59, 60, 61, 62, 63, 64, 65, 66, 67, 68, 69, 70, 71, 72, 73, 74, 75, 76, 77, 78, 79, 80, 81, 82, 83, 84, 85, 86, 87, 88, 89, 90, 91, 92, 93, 94, 95, 96, 97, 98, 99, 100, 101, 102, 103, 104, 105, 106, 107, 108, 109, 110, 111, 112, 113, 114, 115, 116, 117, 118, 119, 120, 121, 122, 123, 124, 125, 126, 127, 128, 129, 130, 131, 132, 133, 134, 135, 136, 137, 138, 139, 140, 141, 142, 143, 144, 145, 146, 147, 148, 149, 150, 151, 152, 153, 154, 155, 156, 157, 158, 159, 160, 161, 162, 163, 164, 165, 166, 167, 168, 169, 170, 171, 172, 173, 174, 175, 176, 177, 178, 179, 180, 181, 182, 183, 184, 185, 186, 187, 188, 189, 190, 191, 192, 193, 194, 195, 196, 197, 198, 199, 200, 201, 202, 203, 204, 205, 206, 207, 208, 209, 210, 211, 212, 213, 214, 215, 216, 217, 218, 219, 220, 221, 222, 223, 224, 225, 226, 227, 228, 229, 230, 231, 232, 233, 234, 235, 236, 237, 238, 239, 240, 241, 242, 243, 244, 245, 246, 247, 248, 249, 250, 251, 252, 253, 254, 255, 256, 257, 258, 259, 260, 261, 262, 263, 264, 265, 266, 267, 268, 269, 270, 271, 272, 273, 274, 275, 276, 277, 278, 279, 280, 281, 282, 283, 284, 285, 286, 287, 288, 289, 290, 291, 292, 293, 294, 295, 296, 297, 298, 299, 300, 301, 302, 303, 304, 305, 306, 307, 308, 309, 310, 311, 312, 313, 314, 315, 316, 317, 318, 319, 320, 321, 322, 323, 324, 325, 326, 327, 328, 329, 330, 331, 332, 333, 334, 335, 336, 337, 338, 339, 340, 341, 342, 343, 344, 345, 346, 347, 348, 349, 350, 351, 352, 353, 354, 355, 356, 357, 358, 359, 360, 361, 362, 363, 364, 365, 366, 367, 368, 369, 370, 371, 372, 373, 374, 375, 376, 377, 378, 379, 380, 381, 382, 383, 384, 385, 386, 387, 388, 389, 390, 391, 392, 393, 394, 395, 396, 397, 398, 399, 400]","{7: [RollingMean(window_size=7)], 30: [RollingMean(window_size=30)], 60: [RollingMean(window_size=60)]}",lags_400_features_400,22.515401643390437,35.57018203113548,37.08915856829143,41.26230107578809,40.06772840570029,42.47814572565386,45.50605343770588,51.26217196588664,59.3116756374668,60.35564787123714,60.5977575331774
SGDRegressor,"AutoSeasonalityAndDifferences(max_diffs=380, max_season_length=267, n_seasons=10) | LocalStandardScaler(stats_=[[47.42372721 38.3630083 ]])","[1, 2, 3, 4, 5, 6, 7, 8, 9, 10, 11, 12, 13, 14, 15, 16, 17, 18, 19, 20, 21, 22, 23, 24, 25, 26, 27, 28, 29, 30, 31, 32, 33, 34, 35, 36, 37, 38, 39, 40, 41, 42, 43, 44, 45, 46, 47, 48, 49, 50, 51, 52, 53, 54, 55, 56, 57, 58, 59, 60, 61, 62, 63, 64, 65, 66, 67, 68, 69, 70, 71, 72, 73, 74, 75, 76, 77, 78, 79, 80, 81, 82, 83, 84, 85, 86, 87, 88, 89, 90, 91, 92, 93, 94, 95, 96, 97, 98, 99, 100, 101, 102, 103, 104, 105, 106, 107, 108, 109, 110, 111, 112, 113, 114, 115, 116, 117, 118, 119, 120, 121, 122, 123, 124, 125, 126, 127, 128, 129, 130, 131, 132, 133, 134, 135, 136, 137, 138, 139, 140, 141, 142, 143, 144, 145, 146, 147, 148, 149, 150, 151, 152, 153, 154, 155, 156, 157, 158, 159, 160, 161, 162, 163, 164, 165, 166, 167, 168, 169, 170, 171, 172, 173, 174, 175, 176, 177, 178, 179, 180, 181, 182, 183, 184, 185, 186, 187, 188, 189, 190, 191, 192, 193, 194, 195, 196, 197, 198, 199, 200, 201, 202, 203, 204, 205, 206, 207, 208, 209, 210, 211, 212, 213, 214, 215, 216, 217, 218, 219, 220, 221, 222, 223, 224, 225, 226, 227, 228, 229, 230, 231, 232, 233, 234, 235, 236, 237, 238, 239, 240, 241, 242, 243, 244, 245, 246, 247, 248, 249, 250, 251, 252, 253, 254, 255, 256, 257, 258, 259, 260, 261, 262, 263, 264, 265, 266, 267, 268, 269, 270, 271, 272, 273, 274, 275, 276, 277, 278, 279, 280, 281, 282, 283, 284, 285, 286, 287, 288, 289, 290, 291, 292, 293, 294, 295, 296, 297, 298, 299, 300, 301, 302, 303, 304, 305, 306, 307, 308, 309, 310, 311, 312, 313, 314, 315, 316, 317, 318, 319, 320, 321, 322, 323, 324, 325, 326, 327, 328, 329, 330, 331, 332, 333, 334, 335, 336, 337, 338, 339, 340, 341, 342, 343, 344, 345, 346, 347, 348, 349, 350, 351, 352, 353, 354, 355, 356, 357, 358, 359, 360, 361, 362, 363, 364, 365, 366, 367, 368, 369, 370, 371, 372, 373, 374, 375, 376, 377, 378, 379, 380, 381, 382, 383, 384, 385, 386, 387, 388, 389, 390, 391, 392, 393, 394, 395, 396, 397, 398, 399, 400]","{7: [RollingMean(window_size=7)], 30: [RollingMean(window_size=30)], 60: [RollingMean(window_size=60)]}",lags_400_features_400,96.43319986315345,77.04453826643119,94.59961463586404,89.62004032254666,82.71535244173107,86.6383748384137,83.39975324203235,81.57691661721694,103.56076825988725,156.39724668739683,159.520710695177
XGBRegressor,"AutoSeasonalityAndDifferences(max_diffs=380, max_season_length=267, n_seasons=10) | LocalStandardScaler(stats_=[[47.42372721 38.3630083 ]])","[1, 2, 3, 4, 5, 6, 7, 8, 9, 10, 11, 12, 13, 14, 15, 16, 17, 18, 19, 20, 21, 22, 23, 24, 25, 26, 27, 28, 29, 30, 31, 32, 33, 34, 35, 36, 37, 38, 39, 40, 41, 42, 43, 44, 45, 46, 47, 48, 49, 50, 51, 52, 53, 54, 55, 56, 57, 58, 59, 60, 61, 62, 63, 64, 65, 66, 67, 68, 69, 70, 71, 72, 73, 74, 75, 76, 77, 78, 79, 80, 81, 82, 83, 84, 85, 86, 87, 88, 89, 90, 91, 92, 93, 94, 95, 96, 97, 98, 99, 100, 101, 102, 103, 104, 105, 106, 107, 108, 109, 110, 111, 112, 113, 114, 115, 116, 117, 118, 119, 120, 121, 122, 123, 124, 125, 126, 127, 128, 129, 130, 131, 132, 133, 134, 135, 136, 137, 138, 139, 140, 141, 142, 143, 144, 145, 146, 147, 148, 149, 150, 151, 152, 153, 154, 155, 156, 157, 158, 159, 160, 161, 162, 163, 164, 165, 166, 167, 168, 169, 170, 171, 172, 173, 174, 175, 176, 177, 178, 179, 180, 181, 182, 183, 184, 185, 186, 187, 188, 189, 190, 191, 192, 193, 194, 195, 196, 197, 198, 199, 200, 201, 202, 203, 204, 205, 206, 207, 208, 209, 210, 211, 212, 213, 214, 215, 216, 217, 218, 219, 220, 221, 222, 223, 224, 225, 226, 227, 228, 229, 230, 231, 232, 233, 234, 235, 236, 237, 238, 239, 240, 241, 242, 243, 244, 245, 246, 247, 248, 249, 250, 251, 252, 253, 254, 255, 256, 257, 258, 259, 260, 261, 262, 263, 264, 265, 266, 267, 268, 269, 270, 271, 272, 273, 274, 275, 276, 277, 278, 279, 280, 281, 282, 283, 284, 285, 286, 287, 288, 289, 290, 291, 292, 293, 294, 295, 296, 297, 298, 299, 300, 301, 302, 303, 304, 305, 306, 307, 308, 309, 310, 311, 312, 313, 314, 315, 316, 317, 318, 319, 320, 321, 322, 323, 324, 325, 326, 327, 328, 329, 330, 331, 332, 333, 334, 335, 336, 337, 338, 339, 340, 341, 342, 343, 344, 345, 346, 347, 348, 349, 350, 351, 352, 353, 354, 355, 356, 357, 358, 359, 360, 361, 362, 363, 364, 365, 366, 367, 368, 369, 370, 371, 372, 373, 374, 375, 376, 377, 378, 379, 380, 381, 382, 383, 384, 385, 386, 387, 388, 389, 390, 391, 392, 393, 394, 395, 396, 397, 398, 399, 400]","{7: [RollingMean(window_size=7)], 30: [RollingMean(window_size=30)], 60: [RollingMean(window_size=60)]}",lags_400_features_400,12.163025631549397,17.571407479117003,18.958243618523454,18.205463250741836,18.88741147182975,20.72581430057369,31.284113415220105,35.982497805815086,48.05497907376707,53.86798844417346,53.00680689664975
LGBMRegressor,"AutoSeasonalityAndDifferences(max_diffs=380, max_season_length=267, n_seasons=10) | LocalStandardScaler(stats_=[[47.42372721 38.3630083 ]])","[1, 2, 3, 4, 5, 6, 7, 8, 9, 10, 11, 12, 13, 14, 15, 16, 17, 18, 19, 20, 21, 22, 23, 24, 25, 26, 27, 28, 29, 30, 31, 32, 33, 34, 35, 36, 37, 38, 39, 40, 41, 42, 43, 44, 45, 46, 47, 48, 49, 50, 51, 52, 53, 54, 55, 56, 57, 58, 59, 60, 61, 62, 63, 64, 65, 66, 67, 68, 69, 70, 71, 72, 73, 74, 75, 76, 77, 78, 79, 80, 81, 82, 83, 84, 85, 86, 87, 88, 89, 90, 91, 92, 93, 94, 95, 96, 97, 98, 99, 100, 101, 102, 103, 104, 105, 106, 107, 108, 109, 110, 111, 112, 113, 114, 115, 116, 117, 118, 119, 120, 121, 122, 123, 124, 125, 126, 127, 128, 129, 130, 131, 132, 133, 134, 135, 136, 137, 138, 139, 140, 141, 142, 143, 144, 145, 146, 147, 148, 149, 150, 151, 152, 153, 154, 155, 156, 157, 158, 159, 160, 161, 162, 163, 164, 165, 166, 167, 168, 169, 170, 171, 172, 173, 174, 175, 176, 177, 178, 179, 180, 181, 182, 183, 184, 185, 186, 187, 188, 189, 190, 191, 192, 193, 194, 195, 196, 197, 198, 199, 200, 201, 202, 203, 204, 205, 206, 207, 208, 209, 210, 211, 212, 213, 214, 215, 216, 217, 218, 219, 220, 221, 222, 223, 224, 225, 226, 227, 228, 229, 230, 231, 232, 233, 234, 235, 236, 237, 238, 239, 240, 241, 242, 243, 244, 245, 246, 247, 248, 249, 250, 251, 252, 253, 254, 255, 256, 257, 258, 259, 260, 261, 262, 263, 264, 265, 266, 267, 268, 269, 270, 271, 272, 273, 274, 275, 276, 277, 278, 279, 280, 281, 282, 283, 284, 285, 286, 287, 288, 289, 290, 291, 292, 293, 294, 295, 296, 297, 298, 299, 300, 301, 302, 303, 304, 305, 306, 307, 308, 309, 310, 311, 312, 313, 314, 315, 316, 317, 318, 319, 320, 321, 322, 323, 324, 325, 326, 327, 328, 329, 330, 331, 332, 333, 334, 335, 336, 337, 338, 339, 340, 341, 342, 343, 344, 345, 346, 347, 348, 349, 350, 351, 352, 353, 354, 355, 356, 357, 358, 359, 360, 361, 362, 363, 364, 365, 366, 367, 368, 369, 370, 371, 372, 373, 374, 375, 376, 377, 378, 379, 380, 381, 382, 383, 384, 385, 386, 387, 388, 389, 390, 391, 392, 393, 394, 395, 396, 397, 398, 399, 400]","{7: [RollingMean(window_size=7)], 30: [RollingMean(window_size=30)], 60: [RollingMean(window_size=60)]}",lags_400_features_400,10.314293216245444,17.855887937895336,19.550170430050713,19.106797029157054,18.751553607437437,22.83864690427152,29.45063174335442,32.55572137232,43.77002078688841,46.61443011779394,46.053684795622175
SGD_EarlyStopping,"AutoSeasonalityAndDifferences(max_diffs=380, max_season_length=267, n_seasons=10) | LocalStandardScaler(stats_=[[47.42372721 38.3630083 ]])","[1, 2, 3, 4, 5, 6, 7, 8, 9, 10, 11, 12, 13, 14, 15, 16, 17, 18, 19, 20, 21, 22, 23, 24, 25, 26, 27, 28, 29, 30, 31, 32, 33, 34, 35, 36, 37, 38, 39, 40, 41, 42, 43, 44, 45, 46, 47, 48, 49, 50, 51, 52, 53, 54, 55, 56, 57, 58, 59, 60, 61, 62, 63, 64, 65, 66, 67, 68, 69, 70, 71, 72, 73, 74, 75, 76, 77, 78, 79, 80, 81, 82, 83, 84, 85, 86, 87, 88, 89, 90, 91, 92, 93, 94, 95, 96, 97, 98, 99, 100, 101, 102, 103, 104, 105, 106, 107, 108, 109, 110, 111, 112, 113, 114, 115, 116, 117, 118, 119, 120, 121, 122, 123, 124, 125, 126, 127, 128, 129, 130, 131, 132, 133, 134, 135, 136, 137, 138, 139, 140, 141, 142, 143, 144, 145, 146, 147, 148, 149, 150, 151, 152, 153, 154, 155, 156, 157, 158, 159, 160, 161, 162, 163, 164, 165, 166, 167, 168, 169, 170, 171, 172, 173, 174, 175, 176, 177, 178, 179, 180, 181, 182, 183, 184, 185, 186, 187, 188, 189, 190, 191, 192, 193, 194, 195, 196, 197, 198, 199, 200, 201, 202, 203, 204, 205, 206, 207, 208, 209, 210, 211, 212, 213, 214, 215, 216, 217, 218, 219, 220, 221, 222, 223, 224, 225, 226, 227, 228, 229, 230, 231, 232, 233, 234, 235, 236, 237, 238, 239, 240, 241, 242, 243, 244, 245, 246, 247, 248, 249, 250, 251, 252, 253, 254, 255, 256, 257, 258, 259, 260, 261, 262, 263, 264, 265, 266, 267, 268, 269, 270, 271, 272, 273, 274, 275, 276, 277, 278, 279, 280, 281, 282, 283, 284, 285, 286, 287, 288, 289, 290, 291, 292, 293, 294, 295, 296, 297, 298, 299, 300, 301, 302, 303, 304, 305, 306, 307, 308, 309, 310, 311, 312, 313, 314, 315, 316, 317, 318, 319, 320, 321, 322, 323, 324, 325, 326, 327, 328, 329, 330, 331, 332, 333, 334, 335, 336, 337, 338, 339, 340, 341, 342, 343, 344, 345, 346, 347, 348, 349, 350, 351, 352, 353, 354, 355, 356, 357, 358, 359, 360, 361, 362, 363, 364, 365, 366, 367, 368, 369, 370, 371, 372, 373, 374, 375, 376, 377, 378, 379, 380, 381, 382, 383, 384, 385, 386, 387, 388, 389, 390, 391, 392, 393, 394, 395, 396, 397, 398, 399, 400]","{7: [RollingMean(window_size=7), RollingStd(window_size=7)], 30: [RollingMean(window_size=30)], 60: [ExpandingMean()], 14: [ExponentiallyWeightedMean(alpha=0.3)]}",lags_400_features_400,57.673019083431534,68.47078771556386,80.37736708564196,81.6223788963693,77.59219382784983,78.85960573640416,80.48061733127149,94.14897866268942,124.19670396715688,149.01308570124186,148.54786795170452
SGD_ElasticNet,"AutoSeasonalityAndDifferences(max_diffs=380, max_season_length=267, n_seasons=10) | LocalStandardScaler(stats_=[[47.42372721 38.3630083 ]])","[1, 2, 3, 4, 5, 6, 7, 8, 9, 10, 11, 12, 13, 14, 15, 16, 17, 18, 19, 20, 21, 22, 23, 24, 25, 26, 27, 28, 29, 30, 31, 32, 33, 34, 35, 36, 37, 38, 39, 40, 41, 42, 43, 44, 45, 46, 47, 48, 49, 50, 51, 52, 53, 54, 55, 56, 57, 58, 59, 60, 61, 62, 63, 64, 65, 66, 67, 68, 69, 70, 71, 72, 73, 74, 75, 76, 77, 78, 79, 80, 81, 82, 83, 84, 85, 86, 87, 88, 89, 90, 91, 92, 93, 94, 95, 96, 97, 98, 99, 100, 101, 102, 103, 104, 105, 106, 107, 108, 109, 110, 111, 112, 113, 114, 115, 116, 117, 118, 119, 120, 121, 122, 123, 124, 125, 126, 127, 128, 129, 130, 131, 132, 133, 134, 135, 136, 137, 138, 139, 140, 141, 142, 143, 144, 145, 146, 147, 148, 149, 150, 151, 152, 153, 154, 155, 156, 157, 158, 159, 160, 161, 162, 163, 164, 165, 166, 167, 168, 169, 170, 171, 172, 173, 174, 175, 176, 177, 178, 179, 180, 181, 182, 183, 184, 185, 186, 187, 188, 189, 190, 191, 192, 193, 194, 195, 196, 197, 198, 199, 200, 201, 202, 203, 204, 205, 206, 207, 208, 209, 210, 211, 212, 213, 214, 215, 216, 217, 218, 219, 220, 221, 222, 223, 224, 225, 226, 227, 228, 229, 230, 231, 232, 233, 234, 235, 236, 237, 238, 239, 240, 241, 242, 243, 244, 245, 246, 247, 248, 249, 250, 251, 252, 253, 254, 255, 256, 257, 258, 259, 260, 261, 262, 263, 264, 265, 266, 267, 268, 269, 270, 271, 272, 273, 274, 275, 276, 277, 278, 279, 280, 281, 282, 283, 284, 285, 286, 287, 288, 289, 290, 291, 292, 293, 294, 295, 296, 297, 298, 299, 300, 301, 302, 303, 304, 305, 306, 307, 308, 309, 310, 311, 312, 313, 314, 315, 316, 317, 318, 319, 320, 321, 322, 323, 324, 325, 326, 327, 328, 329, 330, 331, 332, 333, 334, 335, 336, 337, 338, 339, 340, 341, 342, 343, 344, 345, 346, 347, 348, 349, 350, 351, 352, 353, 354, 355, 356, 357, 358, 359, 360, 361, 362, 363, 364, 365, 366, 367, 368, 369, 370, 371, 372, 373, 374, 375, 376, 377, 378, 379, 380, 381, 382, 383, 384, 385, 386, 387, 388, 389, 390, 391, 392, 393, 394, 395, 396, 397, 398, 399, 400]","{7: [RollingMean(window_size=7), RollingStd(window_size=7)], 30: [RollingMean(window_size=30)], 60: [ExpandingMean()], 14: [ExponentiallyWeightedMean(alpha=0.3)]}",lags_400_features_400,83.74414039821511,69.28728491900783,86.78181350566263,82.58490101635208,77.01951903806302,81.72529241885746,79.29304853285602,77.85473647925367,97.8877092278715,140.97598498023157,143.44935182886346
SGD_Lasso,"AutoSeasonalityAndDifferences(max_diffs=380, max_season_length=267, n_seasons=10) | LocalStandardScaler(stats_=[[47.42372721 38.3630083 ]])","[1, 2, 3, 4, 5, 6, 7, 8, 9, 10, 11, 12, 13, 14, 15, 16, 17, 18, 19, 20, 21, 22, 23, 24, 25, 26, 27, 28, 29, 30, 31, 32, 33, 34, 35, 36, 37, 38, 39, 40, 41, 42, 43, 44, 45, 46, 47, 48, 49, 50, 51, 52, 53, 54, 55, 56, 57, 58, 59, 60, 61, 62, 63, 64, 65, 66, 67, 68, 69, 70, 71, 72, 73, 74, 75, 76, 77, 78, 79, 80, 81, 82, 83, 84, 85, 86, 87, 88, 89, 90, 91, 92, 93, 94, 95, 96, 97, 98, 99, 100, 101, 102, 103, 104, 105, 106, 107, 108, 109, 110, 111, 112, 113, 114, 115, 116, 117, 118, 119, 120, 121, 122, 123, 124, 125, 126, 127, 128, 129, 130, 131, 132, 133, 134, 135, 136, 137, 138, 139, 140, 141, 142, 143, 144, 145, 146, 147, 148, 149, 150, 151, 152, 153, 154, 155, 156, 157, 158, 159, 160, 161, 162, 163, 164, 165, 166, 167, 168, 169, 170, 171, 172, 173, 174, 175, 176, 177, 178, 179, 180, 181, 182, 183, 184, 185, 186, 187, 188, 189, 190, 191, 192, 193, 194, 195, 196, 197, 198, 199, 200, 201, 202, 203, 204, 205, 206, 207, 208, 209, 210, 211, 212, 213, 214, 215, 216, 217, 218, 219, 220, 221, 222, 223, 224, 225, 226, 227, 228, 229, 230, 231, 232, 233, 234, 235, 236, 237, 238, 239, 240, 241, 242, 243, 244, 245, 246, 247, 248, 249, 250, 251, 252, 253, 254, 255, 256, 257, 258, 259, 260, 261, 262, 263, 264, 265, 266, 267, 268, 269, 270, 271, 272, 273, 274, 275, 276, 277, 278, 279, 280, 281, 282, 283, 284, 285, 286, 287, 288, 289, 290, 291, 292, 293, 294, 295, 296, 297, 298, 299, 300, 301, 302, 303, 304, 305, 306, 307, 308, 309, 310, 311, 312, 313, 314, 315, 316, 317, 318, 319, 320, 321, 322, 323, 324, 325, 326, 327, 328, 329, 330, 331, 332, 333, 334, 335, 336, 337, 338, 339, 340, 341, 342, 343, 344, 345, 346, 347, 348, 349, 350, 351, 352, 353, 354, 355, 356, 357, 358, 359, 360, 361, 362, 363, 364, 365, 366, 367, 368, 369, 370, 371, 372, 373, 374, 375, 376, 377, 378, 379, 380, 381, 382, 383, 384, 385, 386, 387, 388, 389, 390, 391, 392, 393, 394, 395, 396, 397, 398, 399, 400]","{7: [RollingMean(window_size=7), RollingStd(window_size=7)], 30: [RollingMean(window_size=30)], 60: [ExpandingMean()], 14: [ExponentiallyWeightedMean(alpha=0.3)]}",lags_400_features_400,119.44920188330022,104.05390465661806,102.36402919660006,91.3140402506384,76.71551477149504,67.91246565956575,62.06094727448195,56.29280386242539,72.33834079954104,97.90546375599347,97.3598933615318
SGD_Ridge,"AutoSeasonalityAndDifferences(max_diffs=380, max_season_length=267, n_seasons=10) | LocalStandardScaler(stats_=[[47.42372721 38.3630083 ]])","[1, 2, 3, 4, 5, 6, 7, 8, 9, 10, 11, 12, 13, 14, 15, 16, 17, 18, 19, 20, 21, 22, 23, 24, 25, 26, 27, 28, 29, 30, 31, 32, 33, 34, 35, 36, 37, 38, 39, 40, 41, 42, 43, 44, 45, 46, 47, 48, 49, 50, 51, 52, 53, 54, 55, 56, 57, 58, 59, 60, 61, 62, 63, 64, 65, 66, 67, 68, 69, 70, 71, 72, 73, 74, 75, 76, 77, 78, 79, 80, 81, 82, 83, 84, 85, 86, 87, 88, 89, 90, 91, 92, 93, 94, 95, 96, 97, 98, 99, 100, 101, 102, 103, 104, 105, 106, 107, 108, 109, 110, 111, 112, 113, 114, 115, 116, 117, 118, 119, 120, 121, 122, 123, 124, 125, 126, 127, 128, 129, 130, 131, 132, 133, 134, 135, 136, 137, 138, 139, 140, 141, 142, 143, 144, 145, 146, 147, 148, 149, 150, 151, 152, 153, 154, 155, 156, 157, 158, 159, 160, 161, 162, 163, 164, 165, 166, 167, 168, 169, 170, 171, 172, 173, 174, 175, 176, 177, 178, 179, 180, 181, 182, 183, 184, 185, 186, 187, 188, 189, 190, 191, 192, 193, 194, 195, 196, 197, 198, 199, 200, 201, 202, 203, 204, 205, 206, 207, 208, 209, 210, 211, 212, 213, 214, 215, 216, 217, 218, 219, 220, 221, 222, 223, 224, 225, 226, 227, 228, 229, 230, 231, 232, 233, 234, 235, 236, 237, 238, 239, 240, 241, 242, 243, 244, 245, 246, 247, 248, 249, 250, 251, 252, 253, 254, 255, 256, 257, 258, 259, 260, 261, 262, 263, 264, 265, 266, 267, 268, 269, 270, 271, 272, 273, 274, 275, 276, 277, 278, 279, 280, 281, 282, 283, 284, 285, 286, 287, 288, 289, 290, 291, 292, 293, 294, 295, 296, 297, 298, 299, 300, 301, 302, 303, 304, 305, 306, 307, 308, 309, 310, 311, 312, 313, 314, 315, 316, 317, 318, 319, 320, 321, 322, 323, 324, 325, 326, 327, 328, 329, 330, 331, 332, 333, 334, 335, 336, 337, 338, 339, 340, 341, 342, 343, 344, 345, 346, 347, 348, 349, 350, 351, 352, 353, 354, 355, 356, 357, 358, 359, 360, 361, 362, 363, 364, 365, 366, 367, 368, 369, 370, 371, 372, 373, 374, 375, 376, 377, 378, 379, 380, 381, 382, 383, 384, 385, 386, 387, 388, 389, 390, 391, 392, 393, 394, 395, 396, 397, 398, 399, 400]","{7: [RollingMean(window_size=7), RollingStd(window_size=7)], 30: [RollingMean(window_size=30)], 60: [ExpandingMean()], 14: [ExponentiallyWeightedMean(alpha=0.3)]}",lags_400_features_400,22.794840417985597,36.070225578063805,37.53054598561103,41.7648912861405,40.5627119471578,42.86946345314222,45.850141461321506,51.683253057786395,59.840310142707686,61.26152620155483,61.55488288027586
SGDRegressor,"AutoSeasonalityAndDifferences(max_diffs=380, max_season_length=267, n_seasons=10) | LocalStandardScaler(stats_=[[47.42372721 38.3630083 ]])","[1, 2, 3, 4, 5, 6, 7, 8, 9, 10, 11, 12, 13, 14, 15, 16, 17, 18, 19, 20, 21, 22, 23, 24, 25, 26, 27, 28, 29, 30, 31, 32, 33, 34, 35, 36, 37, 38, 39, 40, 41, 42, 43, 44, 45, 46, 47, 48, 49, 50, 51, 52, 53, 54, 55, 56, 57, 58, 59, 60, 61, 62, 63, 64, 65, 66, 67, 68, 69, 70, 71, 72, 73, 74, 75, 76, 77, 78, 79, 80, 81, 82, 83, 84, 85, 86, 87, 88, 89, 90, 91, 92, 93, 94, 95, 96, 97, 98, 99, 100, 101, 102, 103, 104, 105, 106, 107, 108, 109, 110, 111, 112, 113, 114, 115, 116, 117, 118, 119, 120, 121, 122, 123, 124, 125, 126, 127, 128, 129, 130, 131, 132, 133, 134, 135, 136, 137, 138, 139, 140, 141, 142, 143, 144, 145, 146, 147, 148, 149, 150, 151, 152, 153, 154, 155, 156, 157, 158, 159, 160, 161, 162, 163, 164, 165, 166, 167, 168, 169, 170, 171, 172, 173, 174, 175, 176, 177, 178, 179, 180, 181, 182, 183, 184, 185, 186, 187, 188, 189, 190, 191, 192, 193, 194, 195, 196, 197, 198, 199, 200, 201, 202, 203, 204, 205, 206, 207, 208, 209, 210, 211, 212, 213, 214, 215, 216, 217, 218, 219, 220, 221, 222, 223, 224, 225, 226, 227, 228, 229, 230, 231, 232, 233, 234, 235, 236, 237, 238, 239, 240, 241, 242, 243, 244, 245, 246, 247, 248, 249, 250, 251, 252, 253, 254, 255, 256, 257, 258, 259, 260, 261, 262, 263, 264, 265, 266, 267, 268, 269, 270, 271, 272, 273, 274, 275, 276, 277, 278, 279, 280, 281, 282, 283, 284, 285, 286, 287, 288, 289, 290, 291, 292, 293, 294, 295, 296, 297, 298, 299, 300, 301, 302, 303, 304, 305, 306, 307, 308, 309, 310, 311, 312, 313, 314, 315, 316, 317, 318, 319, 320, 321, 322, 323, 324, 325, 326, 327, 328, 329, 330, 331, 332, 333, 334, 335, 336, 337, 338, 339, 340, 341, 342, 343, 344, 345, 346, 347, 348, 349, 350, 351, 352, 353, 354, 355, 356, 357, 358, 359, 360, 361, 362, 363, 364, 365, 366, 367, 368, 369, 370, 371, 372, 373, 374, 375, 376, 377, 378, 379, 380, 381, 382, 383, 384, 385, 386, 387, 388, 389, 390, 391, 392, 393, 394, 395, 396, 397, 398, 399, 400]","{7: [RollingMean(window_size=7), RollingStd(window_size=7)], 30: [RollingMean(window_size=30)], 60: [ExpandingMean()], 14: [ExponentiallyWeightedMean(alpha=0.3)]}",lags_400_features_400,96.38414037832376,76.94629083192265,94.28036106997035,89.40542330271526,82.58243873324393,86.51735235356648,83.25903243514044,81.39297862021512,103.16428076252502,155.46442517936362,158.5880296331239
XGBRegressor,"AutoSeasonalityAndDifferences(max_diffs=380, max_season_length=267, n_seasons=10) | LocalStandardScaler(stats_=[[47.42372721 38.3630083 ]])","[1, 2, 3, 4, 5, 6, 7, 8, 9, 10, 11, 12, 13, 14, 15, 16, 17, 18, 19, 20, 21, 22, 23, 24, 25, 26, 27, 28, 29, 30, 31, 32, 33, 34, 35, 36, 37, 38, 39, 40, 41, 42, 43, 44, 45, 46, 47, 48, 49, 50, 51, 52, 53, 54, 55, 56, 57, 58, 59, 60, 61, 62, 63, 64, 65, 66, 67, 68, 69, 70, 71, 72, 73, 74, 75, 76, 77, 78, 79, 80, 81, 82, 83, 84, 85, 86, 87, 88, 89, 90, 91, 92, 93, 94, 95, 96, 97, 98, 99, 100, 101, 102, 103, 104, 105, 106, 107, 108, 109, 110, 111, 112, 113, 114, 115, 116, 117, 118, 119, 120, 121, 122, 123, 124, 125, 126, 127, 128, 129, 130, 131, 132, 133, 134, 135, 136, 137, 138, 139, 140, 141, 142, 143, 144, 145, 146, 147, 148, 149, 150, 151, 152, 153, 154, 155, 156, 157, 158, 159, 160, 161, 162, 163, 164, 165, 166, 167, 168, 169, 170, 171, 172, 173, 174, 175, 176, 177, 178, 179, 180, 181, 182, 183, 184, 185, 186, 187, 188, 189, 190, 191, 192, 193, 194, 195, 196, 197, 198, 199, 200, 201, 202, 203, 204, 205, 206, 207, 208, 209, 210, 211, 212, 213, 214, 215, 216, 217, 218, 219, 220, 221, 222, 223, 224, 225, 226, 227, 228, 229, 230, 231, 232, 233, 234, 235, 236, 237, 238, 239, 240, 241, 242, 243, 244, 245, 246, 247, 248, 249, 250, 251, 252, 253, 254, 255, 256, 257, 258, 259, 260, 261, 262, 263, 264, 265, 266, 267, 268, 269, 270, 271, 272, 273, 274, 275, 276, 277, 278, 279, 280, 281, 282, 283, 284, 285, 286, 287, 288, 289, 290, 291, 292, 293, 294, 295, 296, 297, 298, 299, 300, 301, 302, 303, 304, 305, 306, 307, 308, 309, 310, 311, 312, 313, 314, 315, 316, 317, 318, 319, 320, 321, 322, 323, 324, 325, 326, 327, 328, 329, 330, 331, 332, 333, 334, 335, 336, 337, 338, 339, 340, 341, 342, 343, 344, 345, 346, 347, 348, 349, 350, 351, 352, 353, 354, 355, 356, 357, 358, 359, 360, 361, 362, 363, 364, 365, 366, 367, 368, 369, 370, 371, 372, 373, 374, 375, 376, 377, 378, 379, 380, 381, 382, 383, 384, 385, 386, 387, 388, 389, 390, 391, 392, 393, 394, 395, 396, 397, 398, 399, 400]","{7: [RollingMean(window_size=7), RollingStd(window_size=7)], 30: [RollingMean(window_size=30)], 60: [ExpandingMean()], 14: [ExponentiallyWeightedMean(alpha=0.3)]}",lags_400_features_400,11.496749740329951,16.728733237868042,18.804072011041402,18.321349649394378,19.232492032948485,21.102337861445715,30.929526332184853,36.241779673772875,48.53213581916319,54.617673126645236,53.631299028901516
LGBMRegressor,"AutoSeasonalityAndDifferences(max_diffs=380, max_season_length=267, n_seasons=10) | LocalStandardScaler(stats_=[[47.42372721 38.3630083 ]])","[1, 2, 3, 4, 5, 6, 7, 8, 9, 10, 11, 12, 13, 14, 15, 16, 17, 18, 19, 20, 21, 22, 23, 24, 25, 26, 27, 28, 29, 30, 31, 32, 33, 34, 35, 36, 37, 38, 39, 40, 41, 42, 43, 44, 45, 46, 47, 48, 49, 50, 51, 52, 53, 54, 55, 56, 57, 58, 59, 60, 61, 62, 63, 64, 65, 66, 67, 68, 69, 70, 71, 72, 73, 74, 75, 76, 77, 78, 79, 80, 81, 82, 83, 84, 85, 86, 87, 88, 89, 90, 91, 92, 93, 94, 95, 96, 97, 98, 99, 100, 101, 102, 103, 104, 105, 106, 107, 108, 109, 110, 111, 112, 113, 114, 115, 116, 117, 118, 119, 120, 121, 122, 123, 124, 125, 126, 127, 128, 129, 130, 131, 132, 133, 134, 135, 136, 137, 138, 139, 140, 141, 142, 143, 144, 145, 146, 147, 148, 149, 150, 151, 152, 153, 154, 155, 156, 157, 158, 159, 160, 161, 162, 163, 164, 165, 166, 167, 168, 169, 170, 171, 172, 173, 174, 175, 176, 177, 178, 179, 180, 181, 182, 183, 184, 185, 186, 187, 188, 189, 190, 191, 192, 193, 194, 195, 196, 197, 198, 199, 200, 201, 202, 203, 204, 205, 206, 207, 208, 209, 210, 211, 212, 213, 214, 215, 216, 217, 218, 219, 220, 221, 222, 223, 224, 225, 226, 227, 228, 229, 230, 231, 232, 233, 234, 235, 236, 237, 238, 239, 240, 241, 242, 243, 244, 245, 246, 247, 248, 249, 250, 251, 252, 253, 254, 255, 256, 257, 258, 259, 260, 261, 262, 263, 264, 265, 266, 267, 268, 269, 270, 271, 272, 273, 274, 275, 276, 277, 278, 279, 280, 281, 282, 283, 284, 285, 286, 287, 288, 289, 290, 291, 292, 293, 294, 295, 296, 297, 298, 299, 300, 301, 302, 303, 304, 305, 306, 307, 308, 309, 310, 311, 312, 313, 314, 315, 316, 317, 318, 319, 320, 321, 322, 323, 324, 325, 326, 327, 328, 329, 330, 331, 332, 333, 334, 335, 336, 337, 338, 339, 340, 341, 342, 343, 344, 345, 346, 347, 348, 349, 350, 351, 352, 353, 354, 355, 356, 357, 358, 359, 360, 361, 362, 363, 364, 365, 366, 367, 368, 369, 370, 371, 372, 373, 374, 375, 376, 377, 378, 379, 380, 381, 382, 383, 384, 385, 386, 387, 388, 389, 390, 391, 392, 393, 394, 395, 396, 397, 398, 399, 400]","{7: [RollingMean(window_size=7), RollingStd(window_size=7)], 30: [RollingMean(window_size=30)], 60: [ExpandingMean()], 14: [ExponentiallyWeightedMean(alpha=0.3)]}",lags_400_features_400,10.364791247359213,17.023724788193796,19.146399494734222,18.458119512015355,18.429537275774734,22.846962686469624,29.62267794958256,32.77435793193886,45.292003815154295,51.42400367288733,50.89910453463061
SGD_EarlyStopping,"AutoSeasonalityAndDifferences(max_diffs=380, max_season_length=267, n_seasons=10) | LocalMinMaxScaler(stats_=[[  5.11211699 325.92896936]])","[1, 2, 3, 4, 5, 6, 7, 8, 9, 10, 11, 12, 13, 14, 15, 16, 17, 18, 19, 20, 21, 22, 23, 24, 25, 26, 27, 28, 29, 30, 31, 32, 33, 34, 35, 36, 37, 38, 39, 40, 41, 42, 43, 44, 45, 46, 47, 48, 49, 50, 51, 52, 53, 54, 55, 56, 57, 58, 59, 60, 61, 62, 63, 64, 65, 66, 67, 68, 69, 70, 71, 72, 73, 74, 75, 76, 77, 78, 79, 80, 81, 82, 83, 84, 85, 86, 87, 88, 89, 90, 91, 92, 93, 94, 95, 96, 97, 98, 99, 100, 101, 102, 103, 104, 105, 106, 107, 108, 109, 110, 111, 112, 113, 114, 115, 116, 117, 118, 119, 120, 121, 122, 123, 124, 125, 126, 127, 128, 129, 130, 131, 132, 133, 134, 135, 136, 137, 138, 139, 140, 141, 142, 143, 144, 145, 146, 147, 148, 149, 150, 151, 152, 153, 154, 155, 156, 157, 158, 159, 160, 161, 162, 163, 164, 165, 166, 167, 168, 169, 170, 171, 172, 173, 174, 175, 176, 177, 178, 179, 180, 181, 182, 183, 184, 185, 186, 187, 188, 189, 190, 191, 192, 193, 194, 195, 196, 197, 198, 199, 200, 201, 202, 203, 204, 205, 206, 207, 208, 209, 210, 211, 212, 213, 214, 215, 216, 217, 218, 219, 220, 221, 222, 223, 224, 225, 226, 227, 228, 229, 230, 231, 232, 233, 234, 235, 236, 237, 238, 239, 240, 241, 242, 243, 244, 245, 246, 247, 248, 249, 250, 251, 252, 253, 254, 255, 256, 257, 258, 259, 260, 261, 262, 263, 264, 265, 266, 267, 268, 269, 270, 271, 272, 273, 274, 275, 276, 277, 278, 279, 280, 281, 282, 283, 284, 285, 286, 287, 288, 289, 290, 291, 292, 293, 294, 295, 296, 297, 298, 299, 300, 301, 302, 303, 304, 305, 306, 307, 308, 309, 310, 311, 312, 313, 314, 315, 316, 317, 318, 319, 320, 321, 322, 323, 324, 325, 326, 327, 328, 329, 330, 331, 332, 333, 334, 335, 336, 337, 338, 339, 340, 341, 342, 343, 344, 345, 346, 347, 348, 349, 350, 351, 352, 353, 354, 355, 356, 357, 358, 359, 360, 361, 362, 363, 364, 365, 366, 367, 368, 369, 370, 371, 372, 373, 374, 375, 376, 377, 378, 379, 380, 381, 382, 383, 384, 385, 386, 387, 388, 389, 390, 391, 392, 393, 394, 395, 396, 397, 398, 399, 400]","{1: [<function expanding_mean at 0x000002C58F7A04A0>], 7: [<function rolling_mean_14 at 0x000002C5930FAA20>], 30: [<function expanding_mean at 0x000002C58F7A04A0>]}",lags_400_features_400,15.999084711415668,17.766388720161295,21.670508489519143,21.941506026258125,21.448903575272368,26.033466700798808,31.608575293241387,38.97192541738323,52.32542608635706,58.32595976983067,57.244061483909604
SGD_ElasticNet,"AutoSeasonalityAndDifferences(max_diffs=380, max_season_length=267, n_seasons=10) | LocalMinMaxScaler(stats_=[[  5.11211699 325.92896936]])","[1, 2, 3, 4, 5, 6, 7, 8, 9, 10, 11, 12, 13, 14, 15, 16, 17, 18, 19, 20, 21, 22, 23, 24, 25, 26, 27, 28, 29, 30, 31, 32, 33, 34, 35, 36, 37, 38, 39, 40, 41, 42, 43, 44, 45, 46, 47, 48, 49, 50, 51, 52, 53, 54, 55, 56, 57, 58, 59, 60, 61, 62, 63, 64, 65, 66, 67, 68, 69, 70, 71, 72, 73, 74, 75, 76, 77, 78, 79, 80, 81, 82, 83, 84, 85, 86, 87, 88, 89, 90, 91, 92, 93, 94, 95, 96, 97, 98, 99, 100, 101, 102, 103, 104, 105, 106, 107, 108, 109, 110, 111, 112, 113, 114, 115, 116, 117, 118, 119, 120, 121, 122, 123, 124, 125, 126, 127, 128, 129, 130, 131, 132, 133, 134, 135, 136, 137, 138, 139, 140, 141, 142, 143, 144, 145, 146, 147, 148, 149, 150, 151, 152, 153, 154, 155, 156, 157, 158, 159, 160, 161, 162, 163, 164, 165, 166, 167, 168, 169, 170, 171, 172, 173, 174, 175, 176, 177, 178, 179, 180, 181, 182, 183, 184, 185, 186, 187, 188, 189, 190, 191, 192, 193, 194, 195, 196, 197, 198, 199, 200, 201, 202, 203, 204, 205, 206, 207, 208, 209, 210, 211, 212, 213, 214, 215, 216, 217, 218, 219, 220, 221, 222, 223, 224, 225, 226, 227, 228, 229, 230, 231, 232, 233, 234, 235, 236, 237, 238, 239, 240, 241, 242, 243, 244, 245, 246, 247, 248, 249, 250, 251, 252, 253, 254, 255, 256, 257, 258, 259, 260, 261, 262, 263, 264, 265, 266, 267, 268, 269, 270, 271, 272, 273, 274, 275, 276, 277, 278, 279, 280, 281, 282, 283, 284, 285, 286, 287, 288, 289, 290, 291, 292, 293, 294, 295, 296, 297, 298, 299, 300, 301, 302, 303, 304, 305, 306, 307, 308, 309, 310, 311, 312, 313, 314, 315, 316, 317, 318, 319, 320, 321, 322, 323, 324, 325, 326, 327, 328, 329, 330, 331, 332, 333, 334, 335, 336, 337, 338, 339, 340, 341, 342, 343, 344, 345, 346, 347, 348, 349, 350, 351, 352, 353, 354, 355, 356, 357, 358, 359, 360, 361, 362, 363, 364, 365, 366, 367, 368, 369, 370, 371, 372, 373, 374, 375, 376, 377, 378, 379, 380, 381, 382, 383, 384, 385, 386, 387, 388, 389, 390, 391, 392, 393, 394, 395, 396, 397, 398, 399, 400]","{1: [<function expanding_mean at 0x000002C58F7A04A0>], 7: [<function rolling_mean_14 at 0x000002C5930FAA20>], 30: [<function expanding_mean at 0x000002C58F7A04A0>]}",lags_400_features_400,10.245860827831816,16.39524739753959,18.566492606752444,18.108078745692385,17.944923897398223,23.373410631300473,28.290493911698572,35.35884971586539,49.146015592758545,52.01035647833743,52.051212970154616
SGD_Lasso,"AutoSeasonalityAndDifferences(max_diffs=380, max_season_length=267, n_seasons=10) | LocalMinMaxScaler(stats_=[[  5.11211699 325.92896936]])","[1, 2, 3, 4, 5, 6, 7, 8, 9, 10, 11, 12, 13, 14, 15, 16, 17, 18, 19, 20, 21, 22, 23, 24, 25, 26, 27, 28, 29, 30, 31, 32, 33, 34, 35, 36, 37, 38, 39, 40, 41, 42, 43, 44, 45, 46, 47, 48, 49, 50, 51, 52, 53, 54, 55, 56, 57, 58, 59, 60, 61, 62, 63, 64, 65, 66, 67, 68, 69, 70, 71, 72, 73, 74, 75, 76, 77, 78, 79, 80, 81, 82, 83, 84, 85, 86, 87, 88, 89, 90, 91, 92, 93, 94, 95, 96, 97, 98, 99, 100, 101, 102, 103, 104, 105, 106, 107, 108, 109, 110, 111, 112, 113, 114, 115, 116, 117, 118, 119, 120, 121, 122, 123, 124, 125, 126, 127, 128, 129, 130, 131, 132, 133, 134, 135, 136, 137, 138, 139, 140, 141, 142, 143, 144, 145, 146, 147, 148, 149, 150, 151, 152, 153, 154, 155, 156, 157, 158, 159, 160, 161, 162, 163, 164, 165, 166, 167, 168, 169, 170, 171, 172, 173, 174, 175, 176, 177, 178, 179, 180, 181, 182, 183, 184, 185, 186, 187, 188, 189, 190, 191, 192, 193, 194, 195, 196, 197, 198, 199, 200, 201, 202, 203, 204, 205, 206, 207, 208, 209, 210, 211, 212, 213, 214, 215, 216, 217, 218, 219, 220, 221, 222, 223, 224, 225, 226, 227, 228, 229, 230, 231, 232, 233, 234, 235, 236, 237, 238, 239, 240, 241, 242, 243, 244, 245, 246, 247, 248, 249, 250, 251, 252, 253, 254, 255, 256, 257, 258, 259, 260, 261, 262, 263, 264, 265, 266, 267, 268, 269, 270, 271, 272, 273, 274, 275, 276, 277, 278, 279, 280, 281, 282, 283, 284, 285, 286, 287, 288, 289, 290, 291, 292, 293, 294, 295, 296, 297, 298, 299, 300, 301, 302, 303, 304, 305, 306, 307, 308, 309, 310, 311, 312, 313, 314, 315, 316, 317, 318, 319, 320, 321, 322, 323, 324, 325, 326, 327, 328, 329, 330, 331, 332, 333, 334, 335, 336, 337, 338, 339, 340, 341, 342, 343, 344, 345, 346, 347, 348, 349, 350, 351, 352, 353, 354, 355, 356, 357, 358, 359, 360, 361, 362, 363, 364, 365, 366, 367, 368, 369, 370, 371, 372, 373, 374, 375, 376, 377, 378, 379, 380, 381, 382, 383, 384, 385, 386, 387, 388, 389, 390, 391, 392, 393, 394, 395, 396, 397, 398, 399, 400]","{1: [<function expanding_mean at 0x000002C58F7A04A0>], 7: [<function rolling_mean_14 at 0x000002C5930FAA20>], 30: [<function expanding_mean at 0x000002C58F7A04A0>]}",lags_400_features_400,118.05932069664766,102.761529561556,101.08235692519607,90.10235306743208,75.66384464435117,67.01788560628155,61.462045658613974,55.78004717885552,71.64443914013108,96.95023202215106,96.40223009131486
SGD_Ridge,"AutoSeasonalityAndDifferences(max_diffs=380, max_season_length=267, n_seasons=10) | LocalMinMaxScaler(stats_=[[  5.11211699 325.92896936]])","[1, 2, 3, 4, 5, 6, 7, 8, 9, 10, 11, 12, 13, 14, 15, 16, 17, 18, 19, 20, 21, 22, 23, 24, 25, 26, 27, 28, 29, 30, 31, 32, 33, 34, 35, 36, 37, 38, 39, 40, 41, 42, 43, 44, 45, 46, 47, 48, 49, 50, 51, 52, 53, 54, 55, 56, 57, 58, 59, 60, 61, 62, 63, 64, 65, 66, 67, 68, 69, 70, 71, 72, 73, 74, 75, 76, 77, 78, 79, 80, 81, 82, 83, 84, 85, 86, 87, 88, 89, 90, 91, 92, 93, 94, 95, 96, 97, 98, 99, 100, 101, 102, 103, 104, 105, 106, 107, 108, 109, 110, 111, 112, 113, 114, 115, 116, 117, 118, 119, 120, 121, 122, 123, 124, 125, 126, 127, 128, 129, 130, 131, 132, 133, 134, 135, 136, 137, 138, 139, 140, 141, 142, 143, 144, 145, 146, 147, 148, 149, 150, 151, 152, 153, 154, 155, 156, 157, 158, 159, 160, 161, 162, 163, 164, 165, 166, 167, 168, 169, 170, 171, 172, 173, 174, 175, 176, 177, 178, 179, 180, 181, 182, 183, 184, 185, 186, 187, 188, 189, 190, 191, 192, 193, 194, 195, 196, 197, 198, 199, 200, 201, 202, 203, 204, 205, 206, 207, 208, 209, 210, 211, 212, 213, 214, 215, 216, 217, 218, 219, 220, 221, 222, 223, 224, 225, 226, 227, 228, 229, 230, 231, 232, 233, 234, 235, 236, 237, 238, 239, 240, 241, 242, 243, 244, 245, 246, 247, 248, 249, 250, 251, 252, 253, 254, 255, 256, 257, 258, 259, 260, 261, 262, 263, 264, 265, 266, 267, 268, 269, 270, 271, 272, 273, 274, 275, 276, 277, 278, 279, 280, 281, 282, 283, 284, 285, 286, 287, 288, 289, 290, 291, 292, 293, 294, 295, 296, 297, 298, 299, 300, 301, 302, 303, 304, 305, 306, 307, 308, 309, 310, 311, 312, 313, 314, 315, 316, 317, 318, 319, 320, 321, 322, 323, 324, 325, 326, 327, 328, 329, 330, 331, 332, 333, 334, 335, 336, 337, 338, 339, 340, 341, 342, 343, 344, 345, 346, 347, 348, 349, 350, 351, 352, 353, 354, 355, 356, 357, 358, 359, 360, 361, 362, 363, 364, 365, 366, 367, 368, 369, 370, 371, 372, 373, 374, 375, 376, 377, 378, 379, 380, 381, 382, 383, 384, 385, 386, 387, 388, 389, 390, 391, 392, 393, 394, 395, 396, 397, 398, 399, 400]","{1: [<function expanding_mean at 0x000002C58F7A04A0>], 7: [<function rolling_mean_14 at 0x000002C5930FAA20>], 30: [<function expanding_mean at 0x000002C58F7A04A0>]}",lags_400_features_400,24.49813550016394,23.25348927527358,24.582419681997795,24.417737291024455,23.5685500049871,26.846602770777174,28.97313617010253,30.653615523074546,43.27858498281294,59.60569026329452,60.30910889648751
SGDRegressor,"AutoSeasonalityAndDifferences(max_diffs=380, max_season_length=267, n_seasons=10) | LocalMinMaxScaler(stats_=[[  5.11211699 325.92896936]])","[1, 2, 3, 4, 5, 6, 7, 8, 9, 10, 11, 12, 13, 14, 15, 16, 17, 18, 19, 20, 21, 22, 23, 24, 25, 26, 27, 28, 29, 30, 31, 32, 33, 34, 35, 36, 37, 38, 39, 40, 41, 42, 43, 44, 45, 46, 47, 48, 49, 50, 51, 52, 53, 54, 55, 56, 57, 58, 59, 60, 61, 62, 63, 64, 65, 66, 67, 68, 69, 70, 71, 72, 73, 74, 75, 76, 77, 78, 79, 80, 81, 82, 83, 84, 85, 86, 87, 88, 89, 90, 91, 92, 93, 94, 95, 96, 97, 98, 99, 100, 101, 102, 103, 104, 105, 106, 107, 108, 109, 110, 111, 112, 113, 114, 115, 116, 117, 118, 119, 120, 121, 122, 123, 124, 125, 126, 127, 128, 129, 130, 131, 132, 133, 134, 135, 136, 137, 138, 139, 140, 141, 142, 143, 144, 145, 146, 147, 148, 149, 150, 151, 152, 153, 154, 155, 156, 157, 158, 159, 160, 161, 162, 163, 164, 165, 166, 167, 168, 169, 170, 171, 172, 173, 174, 175, 176, 177, 178, 179, 180, 181, 182, 183, 184, 185, 186, 187, 188, 189, 190, 191, 192, 193, 194, 195, 196, 197, 198, 199, 200, 201, 202, 203, 204, 205, 206, 207, 208, 209, 210, 211, 212, 213, 214, 215, 216, 217, 218, 219, 220, 221, 222, 223, 224, 225, 226, 227, 228, 229, 230, 231, 232, 233, 234, 235, 236, 237, 238, 239, 240, 241, 242, 243, 244, 245, 246, 247, 248, 249, 250, 251, 252, 253, 254, 255, 256, 257, 258, 259, 260, 261, 262, 263, 264, 265, 266, 267, 268, 269, 270, 271, 272, 273, 274, 275, 276, 277, 278, 279, 280, 281, 282, 283, 284, 285, 286, 287, 288, 289, 290, 291, 292, 293, 294, 295, 296, 297, 298, 299, 300, 301, 302, 303, 304, 305, 306, 307, 308, 309, 310, 311, 312, 313, 314, 315, 316, 317, 318, 319, 320, 321, 322, 323, 324, 325, 326, 327, 328, 329, 330, 331, 332, 333, 334, 335, 336, 337, 338, 339, 340, 341, 342, 343, 344, 345, 346, 347, 348, 349, 350, 351, 352, 353, 354, 355, 356, 357, 358, 359, 360, 361, 362, 363, 364, 365, 366, 367, 368, 369, 370, 371, 372, 373, 374, 375, 376, 377, 378, 379, 380, 381, 382, 383, 384, 385, 386, 387, 388, 389, 390, 391, 392, 393, 394, 395, 396, 397, 398, 399, 400]","{1: [<function expanding_mean at 0x000002C58F7A04A0>], 7: [<function rolling_mean_14 at 0x000002C5930FAA20>], 30: [<function expanding_mean at 0x000002C58F7A04A0>]}",lags_400_features_400,10.253011236420937,19.165667321153276,22.24343451576694,22.96859913490333,21.993833842992316,27.022026221700962,31.97423528806553,39.12033186070681,51.57945082367651,48.89140996404999,48.1475923089814
XGBRegressor,"AutoSeasonalityAndDifferences(max_diffs=380, max_season_length=267, n_seasons=10) | LocalMinMaxScaler(stats_=[[  5.11211699 325.92896936]])","[1, 2, 3, 4, 5, 6, 7, 8, 9, 10, 11, 12, 13, 14, 15, 16, 17, 18, 19, 20, 21, 22, 23, 24, 25, 26, 27, 28, 29, 30, 31, 32, 33, 34, 35, 36, 37, 38, 39, 40, 41, 42, 43, 44, 45, 46, 47, 48, 49, 50, 51, 52, 53, 54, 55, 56, 57, 58, 59, 60, 61, 62, 63, 64, 65, 66, 67, 68, 69, 70, 71, 72, 73, 74, 75, 76, 77, 78, 79, 80, 81, 82, 83, 84, 85, 86, 87, 88, 89, 90, 91, 92, 93, 94, 95, 96, 97, 98, 99, 100, 101, 102, 103, 104, 105, 106, 107, 108, 109, 110, 111, 112, 113, 114, 115, 116, 117, 118, 119, 120, 121, 122, 123, 124, 125, 126, 127, 128, 129, 130, 131, 132, 133, 134, 135, 136, 137, 138, 139, 140, 141, 142, 143, 144, 145, 146, 147, 148, 149, 150, 151, 152, 153, 154, 155, 156, 157, 158, 159, 160, 161, 162, 163, 164, 165, 166, 167, 168, 169, 170, 171, 172, 173, 174, 175, 176, 177, 178, 179, 180, 181, 182, 183, 184, 185, 186, 187, 188, 189, 190, 191, 192, 193, 194, 195, 196, 197, 198, 199, 200, 201, 202, 203, 204, 205, 206, 207, 208, 209, 210, 211, 212, 213, 214, 215, 216, 217, 218, 219, 220, 221, 222, 223, 224, 225, 226, 227, 228, 229, 230, 231, 232, 233, 234, 235, 236, 237, 238, 239, 240, 241, 242, 243, 244, 245, 246, 247, 248, 249, 250, 251, 252, 253, 254, 255, 256, 257, 258, 259, 260, 261, 262, 263, 264, 265, 266, 267, 268, 269, 270, 271, 272, 273, 274, 275, 276, 277, 278, 279, 280, 281, 282, 283, 284, 285, 286, 287, 288, 289, 290, 291, 292, 293, 294, 295, 296, 297, 298, 299, 300, 301, 302, 303, 304, 305, 306, 307, 308, 309, 310, 311, 312, 313, 314, 315, 316, 317, 318, 319, 320, 321, 322, 323, 324, 325, 326, 327, 328, 329, 330, 331, 332, 333, 334, 335, 336, 337, 338, 339, 340, 341, 342, 343, 344, 345, 346, 347, 348, 349, 350, 351, 352, 353, 354, 355, 356, 357, 358, 359, 360, 361, 362, 363, 364, 365, 366, 367, 368, 369, 370, 371, 372, 373, 374, 375, 376, 377, 378, 379, 380, 381, 382, 383, 384, 385, 386, 387, 388, 389, 390, 391, 392, 393, 394, 395, 396, 397, 398, 399, 400]","{1: [<function expanding_mean at 0x000002C58F7A04A0>], 7: [<function rolling_mean_14 at 0x000002C5930FAA20>], 30: [<function expanding_mean at 0x000002C58F7A04A0>]}",lags_400_features_400,14.289528544409865,18.798072460819036,20.796116136301183,19.850683789757362,19.751869010313435,27.160376629679007,37.05643129055839,40.4769616866953,50.02278722654398,56.13145569032816,55.601554585972615
LGBMRegressor,"AutoSeasonalityAndDifferences(max_diffs=380, max_season_length=267, n_seasons=10) | LocalMinMaxScaler(stats_=[[  5.11211699 325.92896936]])","[1, 2, 3, 4, 5, 6, 7, 8, 9, 10, 11, 12, 13, 14, 15, 16, 17, 18, 19, 20, 21, 22, 23, 24, 25, 26, 27, 28, 29, 30, 31, 32, 33, 34, 35, 36, 37, 38, 39, 40, 41, 42, 43, 44, 45, 46, 47, 48, 49, 50, 51, 52, 53, 54, 55, 56, 57, 58, 59, 60, 61, 62, 63, 64, 65, 66, 67, 68, 69, 70, 71, 72, 73, 74, 75, 76, 77, 78, 79, 80, 81, 82, 83, 84, 85, 86, 87, 88, 89, 90, 91, 92, 93, 94, 95, 96, 97, 98, 99, 100, 101, 102, 103, 104, 105, 106, 107, 108, 109, 110, 111, 112, 113, 114, 115, 116, 117, 118, 119, 120, 121, 122, 123, 124, 125, 126, 127, 128, 129, 130, 131, 132, 133, 134, 135, 136, 137, 138, 139, 140, 141, 142, 143, 144, 145, 146, 147, 148, 149, 150, 151, 152, 153, 154, 155, 156, 157, 158, 159, 160, 161, 162, 163, 164, 165, 166, 167, 168, 169, 170, 171, 172, 173, 174, 175, 176, 177, 178, 179, 180, 181, 182, 183, 184, 185, 186, 187, 188, 189, 190, 191, 192, 193, 194, 195, 196, 197, 198, 199, 200, 201, 202, 203, 204, 205, 206, 207, 208, 209, 210, 211, 212, 213, 214, 215, 216, 217, 218, 219, 220, 221, 222, 223, 224, 225, 226, 227, 228, 229, 230, 231, 232, 233, 234, 235, 236, 237, 238, 239, 240, 241, 242, 243, 244, 245, 246, 247, 248, 249, 250, 251, 252, 253, 254, 255, 256, 257, 258, 259, 260, 261, 262, 263, 264, 265, 266, 267, 268, 269, 270, 271, 272, 273, 274, 275, 276, 277, 278, 279, 280, 281, 282, 283, 284, 285, 286, 287, 288, 289, 290, 291, 292, 293, 294, 295, 296, 297, 298, 299, 300, 301, 302, 303, 304, 305, 306, 307, 308, 309, 310, 311, 312, 313, 314, 315, 316, 317, 318, 319, 320, 321, 322, 323, 324, 325, 326, 327, 328, 329, 330, 331, 332, 333, 334, 335, 336, 337, 338, 339, 340, 341, 342, 343, 344, 345, 346, 347, 348, 349, 350, 351, 352, 353, 354, 355, 356, 357, 358, 359, 360, 361, 362, 363, 364, 365, 366, 367, 368, 369, 370, 371, 372, 373, 374, 375, 376, 377, 378, 379, 380, 381, 382, 383, 384, 385, 386, 387, 388, 389, 390, 391, 392, 393, 394, 395, 396, 397, 398, 399, 400]","{1: [<function expanding_mean at 0x000002C58F7A04A0>], 7: [<function rolling_mean_14 at 0x000002C5930FAA20>], 30: [<function expanding_mean at 0x000002C58F7A04A0>]}",lags_400_features_400,11.149376340547773,18.62364948963583,19.828314722357224,19.36252538198402,18.892918736925015,21.879523336434193,28.633570082780285,33.3742788785524,45.63550792646652,50.27597838069598,49.621789144277884
SGD_EarlyStopping,"AutoSeasonalityAndDifferences(max_diffs=380, max_season_length=267, n_seasons=10) | LocalMinMaxScaler(stats_=[[  5.11211699 325.92896936]])","[1, 2, 3, 4, 5, 6, 7, 8, 9, 10, 11, 12, 13, 14, 15, 16, 17, 18, 19, 20, 21, 22, 23, 24, 25, 26, 27, 28, 29, 30, 31, 32, 33, 34, 35, 36, 37, 38, 39, 40, 41, 42, 43, 44, 45, 46, 47, 48, 49, 50, 51, 52, 53, 54, 55, 56, 57, 58, 59, 60, 61, 62, 63, 64, 65, 66, 67, 68, 69, 70, 71, 72, 73, 74, 75, 76, 77, 78, 79, 80, 81, 82, 83, 84, 85, 86, 87, 88, 89, 90, 91, 92, 93, 94, 95, 96, 97, 98, 99, 100, 101, 102, 103, 104, 105, 106, 107, 108, 109, 110, 111, 112, 113, 114, 115, 116, 117, 118, 119, 120, 121, 122, 123, 124, 125, 126, 127, 128, 129, 130, 131, 132, 133, 134, 135, 136, 137, 138, 139, 140, 141, 142, 143, 144, 145, 146, 147, 148, 149, 150, 151, 152, 153, 154, 155, 156, 157, 158, 159, 160, 161, 162, 163, 164, 165, 166, 167, 168, 169, 170, 171, 172, 173, 174, 175, 176, 177, 178, 179, 180, 181, 182, 183, 184, 185, 186, 187, 188, 189, 190, 191, 192, 193, 194, 195, 196, 197, 198, 199, 200, 201, 202, 203, 204, 205, 206, 207, 208, 209, 210, 211, 212, 213, 214, 215, 216, 217, 218, 219, 220, 221, 222, 223, 224, 225, 226, 227, 228, 229, 230, 231, 232, 233, 234, 235, 236, 237, 238, 239, 240, 241, 242, 243, 244, 245, 246, 247, 248, 249, 250, 251, 252, 253, 254, 255, 256, 257, 258, 259, 260, 261, 262, 263, 264, 265, 266, 267, 268, 269, 270, 271, 272, 273, 274, 275, 276, 277, 278, 279, 280, 281, 282, 283, 284, 285, 286, 287, 288, 289, 290, 291, 292, 293, 294, 295, 296, 297, 298, 299, 300, 301, 302, 303, 304, 305, 306, 307, 308, 309, 310, 311, 312, 313, 314, 315, 316, 317, 318, 319, 320, 321, 322, 323, 324, 325, 326, 327, 328, 329, 330, 331, 332, 333, 334, 335, 336, 337, 338, 339, 340, 341, 342, 343, 344, 345, 346, 347, 348, 349, 350, 351, 352, 353, 354, 355, 356, 357, 358, 359, 360, 361, 362, 363, 364, 365, 366, 367, 368, 369, 370, 371, 372, 373, 374, 375, 376, 377, 378, 379, 380, 381, 382, 383, 384, 385, 386, 387, 388, 389, 390, 391, 392, 393, 394, 395, 396, 397, 398, 399, 400]","{1: [<function rolling_mean_14 at 0x000002C5930FAA20>], 7: [<function rolling_mean_30 at 0x000002C58DBF9260>], 30: [<function expanding_mean at 0x000002C58F7A04A0>]}",lags_400_features_400,15.984487414125603,17.762743144996627,21.66638644590987,21.93861790490404,21.447799925201092,26.024548661896326,31.60250023044537,38.965407673437085,52.33223294839229,58.31838767236942,57.23412682384301
SGD_ElasticNet,"AutoSeasonalityAndDifferences(max_diffs=380, max_season_length=267, n_seasons=10) | LocalMinMaxScaler(stats_=[[  5.11211699 325.92896936]])","[1, 2, 3, 4, 5, 6, 7, 8, 9, 10, 11, 12, 13, 14, 15, 16, 17, 18, 19, 20, 21, 22, 23, 24, 25, 26, 27, 28, 29, 30, 31, 32, 33, 34, 35, 36, 37, 38, 39, 40, 41, 42, 43, 44, 45, 46, 47, 48, 49, 50, 51, 52, 53, 54, 55, 56, 57, 58, 59, 60, 61, 62, 63, 64, 65, 66, 67, 68, 69, 70, 71, 72, 73, 74, 75, 76, 77, 78, 79, 80, 81, 82, 83, 84, 85, 86, 87, 88, 89, 90, 91, 92, 93, 94, 95, 96, 97, 98, 99, 100, 101, 102, 103, 104, 105, 106, 107, 108, 109, 110, 111, 112, 113, 114, 115, 116, 117, 118, 119, 120, 121, 122, 123, 124, 125, 126, 127, 128, 129, 130, 131, 132, 133, 134, 135, 136, 137, 138, 139, 140, 141, 142, 143, 144, 145, 146, 147, 148, 149, 150, 151, 152, 153, 154, 155, 156, 157, 158, 159, 160, 161, 162, 163, 164, 165, 166, 167, 168, 169, 170, 171, 172, 173, 174, 175, 176, 177, 178, 179, 180, 181, 182, 183, 184, 185, 186, 187, 188, 189, 190, 191, 192, 193, 194, 195, 196, 197, 198, 199, 200, 201, 202, 203, 204, 205, 206, 207, 208, 209, 210, 211, 212, 213, 214, 215, 216, 217, 218, 219, 220, 221, 222, 223, 224, 225, 226, 227, 228, 229, 230, 231, 232, 233, 234, 235, 236, 237, 238, 239, 240, 241, 242, 243, 244, 245, 246, 247, 248, 249, 250, 251, 252, 253, 254, 255, 256, 257, 258, 259, 260, 261, 262, 263, 264, 265, 266, 267, 268, 269, 270, 271, 272, 273, 274, 275, 276, 277, 278, 279, 280, 281, 282, 283, 284, 285, 286, 287, 288, 289, 290, 291, 292, 293, 294, 295, 296, 297, 298, 299, 300, 301, 302, 303, 304, 305, 306, 307, 308, 309, 310, 311, 312, 313, 314, 315, 316, 317, 318, 319, 320, 321, 322, 323, 324, 325, 326, 327, 328, 329, 330, 331, 332, 333, 334, 335, 336, 337, 338, 339, 340, 341, 342, 343, 344, 345, 346, 347, 348, 349, 350, 351, 352, 353, 354, 355, 356, 357, 358, 359, 360, 361, 362, 363, 364, 365, 366, 367, 368, 369, 370, 371, 372, 373, 374, 375, 376, 377, 378, 379, 380, 381, 382, 383, 384, 385, 386, 387, 388, 389, 390, 391, 392, 393, 394, 395, 396, 397, 398, 399, 400]","{1: [<function rolling_mean_14 at 0x000002C5930FAA20>], 7: [<function rolling_mean_30 at 0x000002C58DBF9260>], 30: [<function expanding_mean at 0x000002C58F7A04A0>]}",lags_400_features_400,10.238994291403337,16.391693435071055,18.56599756822072,18.10688510087873,17.94324318762595,23.368777022156102,28.2859876432349,35.351092209882296,49.146582733077494,52.012289265083936,52.0524481979585
SGD_Lasso,"AutoSeasonalityAndDifferences(max_diffs=380, max_season_length=267, n_seasons=10) | LocalMinMaxScaler(stats_=[[  5.11211699 325.92896936]])","[1, 2, 3, 4, 5, 6, 7, 8, 9, 10, 11, 12, 13, 14, 15, 16, 17, 18, 19, 20, 21, 22, 23, 24, 25, 26, 27, 28, 29, 30, 31, 32, 33, 34, 35, 36, 37, 38, 39, 40, 41, 42, 43, 44, 45, 46, 47, 48, 49, 50, 51, 52, 53, 54, 55, 56, 57, 58, 59, 60, 61, 62, 63, 64, 65, 66, 67, 68, 69, 70, 71, 72, 73, 74, 75, 76, 77, 78, 79, 80, 81, 82, 83, 84, 85, 86, 87, 88, 89, 90, 91, 92, 93, 94, 95, 96, 97, 98, 99, 100, 101, 102, 103, 104, 105, 106, 107, 108, 109, 110, 111, 112, 113, 114, 115, 116, 117, 118, 119, 120, 121, 122, 123, 124, 125, 126, 127, 128, 129, 130, 131, 132, 133, 134, 135, 136, 137, 138, 139, 140, 141, 142, 143, 144, 145, 146, 147, 148, 149, 150, 151, 152, 153, 154, 155, 156, 157, 158, 159, 160, 161, 162, 163, 164, 165, 166, 167, 168, 169, 170, 171, 172, 173, 174, 175, 176, 177, 178, 179, 180, 181, 182, 183, 184, 185, 186, 187, 188, 189, 190, 191, 192, 193, 194, 195, 196, 197, 198, 199, 200, 201, 202, 203, 204, 205, 206, 207, 208, 209, 210, 211, 212, 213, 214, 215, 216, 217, 218, 219, 220, 221, 222, 223, 224, 225, 226, 227, 228, 229, 230, 231, 232, 233, 234, 235, 236, 237, 238, 239, 240, 241, 242, 243, 244, 245, 246, 247, 248, 249, 250, 251, 252, 253, 254, 255, 256, 257, 258, 259, 260, 261, 262, 263, 264, 265, 266, 267, 268, 269, 270, 271, 272, 273, 274, 275, 276, 277, 278, 279, 280, 281, 282, 283, 284, 285, 286, 287, 288, 289, 290, 291, 292, 293, 294, 295, 296, 297, 298, 299, 300, 301, 302, 303, 304, 305, 306, 307, 308, 309, 310, 311, 312, 313, 314, 315, 316, 317, 318, 319, 320, 321, 322, 323, 324, 325, 326, 327, 328, 329, 330, 331, 332, 333, 334, 335, 336, 337, 338, 339, 340, 341, 342, 343, 344, 345, 346, 347, 348, 349, 350, 351, 352, 353, 354, 355, 356, 357, 358, 359, 360, 361, 362, 363, 364, 365, 366, 367, 368, 369, 370, 371, 372, 373, 374, 375, 376, 377, 378, 379, 380, 381, 382, 383, 384, 385, 386, 387, 388, 389, 390, 391, 392, 393, 394, 395, 396, 397, 398, 399, 400]","{1: [<function rolling_mean_14 at 0x000002C5930FAA20>], 7: [<function rolling_mean_30 at 0x000002C58DBF9260>], 30: [<function expanding_mean at 0x000002C58F7A04A0>]}",lags_400_features_400,118.05932069664766,102.761529561556,101.08235692519607,90.10235306743208,75.66384464435117,67.01788560628155,61.462045658613974,55.78004717885552,71.64443914013108,96.95023202215106,96.40223009131486
SGD_Ridge,"AutoSeasonalityAndDifferences(max_diffs=380, max_season_length=267, n_seasons=10) | LocalMinMaxScaler(stats_=[[  5.11211699 325.92896936]])","[1, 2, 3, 4, 5, 6, 7, 8, 9, 10, 11, 12, 13, 14, 15, 16, 17, 18, 19, 20, 21, 22, 23, 24, 25, 26, 27, 28, 29, 30, 31, 32, 33, 34, 35, 36, 37, 38, 39, 40, 41, 42, 43, 44, 45, 46, 47, 48, 49, 50, 51, 52, 53, 54, 55, 56, 57, 58, 59, 60, 61, 62, 63, 64, 65, 66, 67, 68, 69, 70, 71, 72, 73, 74, 75, 76, 77, 78, 79, 80, 81, 82, 83, 84, 85, 86, 87, 88, 89, 90, 91, 92, 93, 94, 95, 96, 97, 98, 99, 100, 101, 102, 103, 104, 105, 106, 107, 108, 109, 110, 111, 112, 113, 114, 115, 116, 117, 118, 119, 120, 121, 122, 123, 124, 125, 126, 127, 128, 129, 130, 131, 132, 133, 134, 135, 136, 137, 138, 139, 140, 141, 142, 143, 144, 145, 146, 147, 148, 149, 150, 151, 152, 153, 154, 155, 156, 157, 158, 159, 160, 161, 162, 163, 164, 165, 166, 167, 168, 169, 170, 171, 172, 173, 174, 175, 176, 177, 178, 179, 180, 181, 182, 183, 184, 185, 186, 187, 188, 189, 190, 191, 192, 193, 194, 195, 196, 197, 198, 199, 200, 201, 202, 203, 204, 205, 206, 207, 208, 209, 210, 211, 212, 213, 214, 215, 216, 217, 218, 219, 220, 221, 222, 223, 224, 225, 226, 227, 228, 229, 230, 231, 232, 233, 234, 235, 236, 237, 238, 239, 240, 241, 242, 243, 244, 245, 246, 247, 248, 249, 250, 251, 252, 253, 254, 255, 256, 257, 258, 259, 260, 261, 262, 263, 264, 265, 266, 267, 268, 269, 270, 271, 272, 273, 274, 275, 276, 277, 278, 279, 280, 281, 282, 283, 284, 285, 286, 287, 288, 289, 290, 291, 292, 293, 294, 295, 296, 297, 298, 299, 300, 301, 302, 303, 304, 305, 306, 307, 308, 309, 310, 311, 312, 313, 314, 315, 316, 317, 318, 319, 320, 321, 322, 323, 324, 325, 326, 327, 328, 329, 330, 331, 332, 333, 334, 335, 336, 337, 338, 339, 340, 341, 342, 343, 344, 345, 346, 347, 348, 349, 350, 351, 352, 353, 354, 355, 356, 357, 358, 359, 360, 361, 362, 363, 364, 365, 366, 367, 368, 369, 370, 371, 372, 373, 374, 375, 376, 377, 378, 379, 380, 381, 382, 383, 384, 385, 386, 387, 388, 389, 390, 391, 392, 393, 394, 395, 396, 397, 398, 399, 400]","{1: [<function rolling_mean_14 at 0x000002C5930FAA20>], 7: [<function rolling_mean_30 at 0x000002C58DBF9260>], 30: [<function expanding_mean at 0x000002C58F7A04A0>]}",lags_400_features_400,24.426539572297347,23.206499331175056,24.544829085970267,24.388183753925084,23.545078099718438,26.829408372927766,28.962121710425837,30.64236088357063,43.25890870652282,59.57747525108971,60.28260738308278
SGDRegressor,"AutoSeasonalityAndDifferences(max_diffs=380, max_season_length=267, n_seasons=10) | LocalMinMaxScaler(stats_=[[  5.11211699 325.92896936]])","[1, 2, 3, 4, 5, 6, 7, 8, 9, 10, 11, 12, 13, 14, 15, 16, 17, 18, 19, 20, 21, 22, 23, 24, 25, 26, 27, 28, 29, 30, 31, 32, 33, 34, 35, 36, 37, 38, 39, 40, 41, 42, 43, 44, 45, 46, 47, 48, 49, 50, 51, 52, 53, 54, 55, 56, 57, 58, 59, 60, 61, 62, 63, 64, 65, 66, 67, 68, 69, 70, 71, 72, 73, 74, 75, 76, 77, 78, 79, 80, 81, 82, 83, 84, 85, 86, 87, 88, 89, 90, 91, 92, 93, 94, 95, 96, 97, 98, 99, 100, 101, 102, 103, 104, 105, 106, 107, 108, 109, 110, 111, 112, 113, 114, 115, 116, 117, 118, 119, 120, 121, 122, 123, 124, 125, 126, 127, 128, 129, 130, 131, 132, 133, 134, 135, 136, 137, 138, 139, 140, 141, 142, 143, 144, 145, 146, 147, 148, 149, 150, 151, 152, 153, 154, 155, 156, 157, 158, 159, 160, 161, 162, 163, 164, 165, 166, 167, 168, 169, 170, 171, 172, 173, 174, 175, 176, 177, 178, 179, 180, 181, 182, 183, 184, 185, 186, 187, 188, 189, 190, 191, 192, 193, 194, 195, 196, 197, 198, 199, 200, 201, 202, 203, 204, 205, 206, 207, 208, 209, 210, 211, 212, 213, 214, 215, 216, 217, 218, 219, 220, 221, 222, 223, 224, 225, 226, 227, 228, 229, 230, 231, 232, 233, 234, 235, 236, 237, 238, 239, 240, 241, 242, 243, 244, 245, 246, 247, 248, 249, 250, 251, 252, 253, 254, 255, 256, 257, 258, 259, 260, 261, 262, 263, 264, 265, 266, 267, 268, 269, 270, 271, 272, 273, 274, 275, 276, 277, 278, 279, 280, 281, 282, 283, 284, 285, 286, 287, 288, 289, 290, 291, 292, 293, 294, 295, 296, 297, 298, 299, 300, 301, 302, 303, 304, 305, 306, 307, 308, 309, 310, 311, 312, 313, 314, 315, 316, 317, 318, 319, 320, 321, 322, 323, 324, 325, 326, 327, 328, 329, 330, 331, 332, 333, 334, 335, 336, 337, 338, 339, 340, 341, 342, 343, 344, 345, 346, 347, 348, 349, 350, 351, 352, 353, 354, 355, 356, 357, 358, 359, 360, 361, 362, 363, 364, 365, 366, 367, 368, 369, 370, 371, 372, 373, 374, 375, 376, 377, 378, 379, 380, 381, 382, 383, 384, 385, 386, 387, 388, 389, 390, 391, 392, 393, 394, 395, 396, 397, 398, 399, 400]","{1: [<function rolling_mean_14 at 0x000002C5930FAA20>], 7: [<function rolling_mean_30 at 0x000002C58DBF9260>], 30: [<function expanding_mean at 0x000002C58F7A04A0>]}",lags_400_features_400,10.265248342770278,19.187461234406957,22.274969455040427,23.009992507949466,22.027991329542996,27.0438461484453,31.995143018510873,39.135065410503444,51.59604928272379,48.90304973364653,48.152593483154185
XGBRegressor,"AutoSeasonalityAndDifferences(max_diffs=380, max_season_length=267, n_seasons=10) | LocalMinMaxScaler(stats_=[[  5.11211699 325.92896936]])","[1, 2, 3, 4, 5, 6, 7, 8, 9, 10, 11, 12, 13, 14, 15, 16, 17, 18, 19, 20, 21, 22, 23, 24, 25, 26, 27, 28, 29, 30, 31, 32, 33, 34, 35, 36, 37, 38, 39, 40, 41, 42, 43, 44, 45, 46, 47, 48, 49, 50, 51, 52, 53, 54, 55, 56, 57, 58, 59, 60, 61, 62, 63, 64, 65, 66, 67, 68, 69, 70, 71, 72, 73, 74, 75, 76, 77, 78, 79, 80, 81, 82, 83, 84, 85, 86, 87, 88, 89, 90, 91, 92, 93, 94, 95, 96, 97, 98, 99, 100, 101, 102, 103, 104, 105, 106, 107, 108, 109, 110, 111, 112, 113, 114, 115, 116, 117, 118, 119, 120, 121, 122, 123, 124, 125, 126, 127, 128, 129, 130, 131, 132, 133, 134, 135, 136, 137, 138, 139, 140, 141, 142, 143, 144, 145, 146, 147, 148, 149, 150, 151, 152, 153, 154, 155, 156, 157, 158, 159, 160, 161, 162, 163, 164, 165, 166, 167, 168, 169, 170, 171, 172, 173, 174, 175, 176, 177, 178, 179, 180, 181, 182, 183, 184, 185, 186, 187, 188, 189, 190, 191, 192, 193, 194, 195, 196, 197, 198, 199, 200, 201, 202, 203, 204, 205, 206, 207, 208, 209, 210, 211, 212, 213, 214, 215, 216, 217, 218, 219, 220, 221, 222, 223, 224, 225, 226, 227, 228, 229, 230, 231, 232, 233, 234, 235, 236, 237, 238, 239, 240, 241, 242, 243, 244, 245, 246, 247, 248, 249, 250, 251, 252, 253, 254, 255, 256, 257, 258, 259, 260, 261, 262, 263, 264, 265, 266, 267, 268, 269, 270, 271, 272, 273, 274, 275, 276, 277, 278, 279, 280, 281, 282, 283, 284, 285, 286, 287, 288, 289, 290, 291, 292, 293, 294, 295, 296, 297, 298, 299, 300, 301, 302, 303, 304, 305, 306, 307, 308, 309, 310, 311, 312, 313, 314, 315, 316, 317, 318, 319, 320, 321, 322, 323, 324, 325, 326, 327, 328, 329, 330, 331, 332, 333, 334, 335, 336, 337, 338, 339, 340, 341, 342, 343, 344, 345, 346, 347, 348, 349, 350, 351, 352, 353, 354, 355, 356, 357, 358, 359, 360, 361, 362, 363, 364, 365, 366, 367, 368, 369, 370, 371, 372, 373, 374, 375, 376, 377, 378, 379, 380, 381, 382, 383, 384, 385, 386, 387, 388, 389, 390, 391, 392, 393, 394, 395, 396, 397, 398, 399, 400]","{1: [<function rolling_mean_14 at 0x000002C5930FAA20>], 7: [<function rolling_mean_30 at 0x000002C58DBF9260>], 30: [<function expanding_mean at 0x000002C58F7A04A0>]}",lags_400_features_400,13.193359377052166,19.060613177053447,20.437319535951875,20.320891287951095,20.77039561405539,20.15058581644999,28.382786381723836,35.484679197565846,44.80740587801378,45.92248387765741,45.2120568069496
LGBMRegressor,"AutoSeasonalityAndDifferences(max_diffs=380, max_season_length=267, n_seasons=10) | LocalMinMaxScaler(stats_=[[  5.11211699 325.92896936]])","[1, 2, 3, 4, 5, 6, 7, 8, 9, 10, 11, 12, 13, 14, 15, 16, 17, 18, 19, 20, 21, 22, 23, 24, 25, 26, 27, 28, 29, 30, 31, 32, 33, 34, 35, 36, 37, 38, 39, 40, 41, 42, 43, 44, 45, 46, 47, 48, 49, 50, 51, 52, 53, 54, 55, 56, 57, 58, 59, 60, 61, 62, 63, 64, 65, 66, 67, 68, 69, 70, 71, 72, 73, 74, 75, 76, 77, 78, 79, 80, 81, 82, 83, 84, 85, 86, 87, 88, 89, 90, 91, 92, 93, 94, 95, 96, 97, 98, 99, 100, 101, 102, 103, 104, 105, 106, 107, 108, 109, 110, 111, 112, 113, 114, 115, 116, 117, 118, 119, 120, 121, 122, 123, 124, 125, 126, 127, 128, 129, 130, 131, 132, 133, 134, 135, 136, 137, 138, 139, 140, 141, 142, 143, 144, 145, 146, 147, 148, 149, 150, 151, 152, 153, 154, 155, 156, 157, 158, 159, 160, 161, 162, 163, 164, 165, 166, 167, 168, 169, 170, 171, 172, 173, 174, 175, 176, 177, 178, 179, 180, 181, 182, 183, 184, 185, 186, 187, 188, 189, 190, 191, 192, 193, 194, 195, 196, 197, 198, 199, 200, 201, 202, 203, 204, 205, 206, 207, 208, 209, 210, 211, 212, 213, 214, 215, 216, 217, 218, 219, 220, 221, 222, 223, 224, 225, 226, 227, 228, 229, 230, 231, 232, 233, 234, 235, 236, 237, 238, 239, 240, 241, 242, 243, 244, 245, 246, 247, 248, 249, 250, 251, 252, 253, 254, 255, 256, 257, 258, 259, 260, 261, 262, 263, 264, 265, 266, 267, 268, 269, 270, 271, 272, 273, 274, 275, 276, 277, 278, 279, 280, 281, 282, 283, 284, 285, 286, 287, 288, 289, 290, 291, 292, 293, 294, 295, 296, 297, 298, 299, 300, 301, 302, 303, 304, 305, 306, 307, 308, 309, 310, 311, 312, 313, 314, 315, 316, 317, 318, 319, 320, 321, 322, 323, 324, 325, 326, 327, 328, 329, 330, 331, 332, 333, 334, 335, 336, 337, 338, 339, 340, 341, 342, 343, 344, 345, 346, 347, 348, 349, 350, 351, 352, 353, 354, 355, 356, 357, 358, 359, 360, 361, 362, 363, 364, 365, 366, 367, 368, 369, 370, 371, 372, 373, 374, 375, 376, 377, 378, 379, 380, 381, 382, 383, 384, 385, 386, 387, 388, 389, 390, 391, 392, 393, 394, 395, 396, 397, 398, 399, 400]","{1: [<function rolling_mean_14 at 0x000002C5930FAA20>], 7: [<function rolling_mean_30 at 0x000002C58DBF9260>], 30: [<function expanding_mean at 0x000002C58F7A04A0>]}",lags_400_features_400,9.60691053441521,17.677727879240717,19.03922677276346,18.847845413243437,18.699335474317166,20.294853768428663,28.43470400278522,34.02715053097109,43.84549100642091,45.41046029654734,44.89192535018587
SGD_EarlyStopping,"AutoSeasonalityAndDifferences(max_diffs=380, max_season_length=267, n_seasons=10) | LocalMinMaxScaler(stats_=[[  5.11211699 325.92896936]])","[1, 2, 3, 4, 5, 6, 7, 8, 9, 10, 11, 12, 13, 14, 15, 16, 17, 18, 19, 20, 21, 22, 23, 24, 25, 26, 27, 28, 29, 30, 31, 32, 33, 34, 35, 36, 37, 38, 39, 40, 41, 42, 43, 44, 45, 46, 47, 48, 49, 50, 51, 52, 53, 54, 55, 56, 57, 58, 59, 60, 61, 62, 63, 64, 65, 66, 67, 68, 69, 70, 71, 72, 73, 74, 75, 76, 77, 78, 79, 80, 81, 82, 83, 84, 85, 86, 87, 88, 89, 90, 91, 92, 93, 94, 95, 96, 97, 98, 99, 100, 101, 102, 103, 104, 105, 106, 107, 108, 109, 110, 111, 112, 113, 114, 115, 116, 117, 118, 119, 120, 121, 122, 123, 124, 125, 126, 127, 128, 129, 130, 131, 132, 133, 134, 135, 136, 137, 138, 139, 140, 141, 142, 143, 144, 145, 146, 147, 148, 149, 150, 151, 152, 153, 154, 155, 156, 157, 158, 159, 160, 161, 162, 163, 164, 165, 166, 167, 168, 169, 170, 171, 172, 173, 174, 175, 176, 177, 178, 179, 180, 181, 182, 183, 184, 185, 186, 187, 188, 189, 190, 191, 192, 193, 194, 195, 196, 197, 198, 199, 200, 201, 202, 203, 204, 205, 206, 207, 208, 209, 210, 211, 212, 213, 214, 215, 216, 217, 218, 219, 220, 221, 222, 223, 224, 225, 226, 227, 228, 229, 230, 231, 232, 233, 234, 235, 236, 237, 238, 239, 240, 241, 242, 243, 244, 245, 246, 247, 248, 249, 250, 251, 252, 253, 254, 255, 256, 257, 258, 259, 260, 261, 262, 263, 264, 265, 266, 267, 268, 269, 270, 271, 272, 273, 274, 275, 276, 277, 278, 279, 280, 281, 282, 283, 284, 285, 286, 287, 288, 289, 290, 291, 292, 293, 294, 295, 296, 297, 298, 299, 300, 301, 302, 303, 304, 305, 306, 307, 308, 309, 310, 311, 312, 313, 314, 315, 316, 317, 318, 319, 320, 321, 322, 323, 324, 325, 326, 327, 328, 329, 330, 331, 332, 333, 334, 335, 336, 337, 338, 339, 340, 341, 342, 343, 344, 345, 346, 347, 348, 349, 350, 351, 352, 353, 354, 355, 356, 357, 358, 359, 360, 361, 362, 363, 364, 365, 366, 367, 368, 369, 370, 371, 372, 373, 374, 375, 376, 377, 378, 379, 380, 381, 382, 383, 384, 385, 386, 387, 388, 389, 390, 391, 392, 393, 394, 395, 396, 397, 398, 399, 400]","{7: [RollingMean(window_size=7)], 30: [RollingMean(window_size=30)], 60: [RollingMean(window_size=60)]}",lags_400_features_400,15.984557422333983,17.762093566456976,21.663864812943892,21.94766905015392,21.457063510386444,26.041232515984746,31.61184203141676,38.968472676083614,52.33002836661477,58.29659951048838,57.21352844703844
SGD_ElasticNet,"AutoSeasonalityAndDifferences(max_diffs=380, max_season_length=267, n_seasons=10) | LocalMinMaxScaler(stats_=[[  5.11211699 325.92896936]])","[1, 2, 3, 4, 5, 6, 7, 8, 9, 10, 11, 12, 13, 14, 15, 16, 17, 18, 19, 20, 21, 22, 23, 24, 25, 26, 27, 28, 29, 30, 31, 32, 33, 34, 35, 36, 37, 38, 39, 40, 41, 42, 43, 44, 45, 46, 47, 48, 49, 50, 51, 52, 53, 54, 55, 56, 57, 58, 59, 60, 61, 62, 63, 64, 65, 66, 67, 68, 69, 70, 71, 72, 73, 74, 75, 76, 77, 78, 79, 80, 81, 82, 83, 84, 85, 86, 87, 88, 89, 90, 91, 92, 93, 94, 95, 96, 97, 98, 99, 100, 101, 102, 103, 104, 105, 106, 107, 108, 109, 110, 111, 112, 113, 114, 115, 116, 117, 118, 119, 120, 121, 122, 123, 124, 125, 126, 127, 128, 129, 130, 131, 132, 133, 134, 135, 136, 137, 138, 139, 140, 141, 142, 143, 144, 145, 146, 147, 148, 149, 150, 151, 152, 153, 154, 155, 156, 157, 158, 159, 160, 161, 162, 163, 164, 165, 166, 167, 168, 169, 170, 171, 172, 173, 174, 175, 176, 177, 178, 179, 180, 181, 182, 183, 184, 185, 186, 187, 188, 189, 190, 191, 192, 193, 194, 195, 196, 197, 198, 199, 200, 201, 202, 203, 204, 205, 206, 207, 208, 209, 210, 211, 212, 213, 214, 215, 216, 217, 218, 219, 220, 221, 222, 223, 224, 225, 226, 227, 228, 229, 230, 231, 232, 233, 234, 235, 236, 237, 238, 239, 240, 241, 242, 243, 244, 245, 246, 247, 248, 249, 250, 251, 252, 253, 254, 255, 256, 257, 258, 259, 260, 261, 262, 263, 264, 265, 266, 267, 268, 269, 270, 271, 272, 273, 274, 275, 276, 277, 278, 279, 280, 281, 282, 283, 284, 285, 286, 287, 288, 289, 290, 291, 292, 293, 294, 295, 296, 297, 298, 299, 300, 301, 302, 303, 304, 305, 306, 307, 308, 309, 310, 311, 312, 313, 314, 315, 316, 317, 318, 319, 320, 321, 322, 323, 324, 325, 326, 327, 328, 329, 330, 331, 332, 333, 334, 335, 336, 337, 338, 339, 340, 341, 342, 343, 344, 345, 346, 347, 348, 349, 350, 351, 352, 353, 354, 355, 356, 357, 358, 359, 360, 361, 362, 363, 364, 365, 366, 367, 368, 369, 370, 371, 372, 373, 374, 375, 376, 377, 378, 379, 380, 381, 382, 383, 384, 385, 386, 387, 388, 389, 390, 391, 392, 393, 394, 395, 396, 397, 398, 399, 400]","{7: [RollingMean(window_size=7)], 30: [RollingMean(window_size=30)], 60: [RollingMean(window_size=60)]}",lags_400_features_400,10.239750702263718,16.401970616486935,18.57636490017019,18.11594895147783,17.951164904262527,23.379042407524967,28.291091917778694,35.35380074611619,49.14889436628281,52.000993453002934,52.04095796432839
SGD_Lasso,"AutoSeasonalityAndDifferences(max_diffs=380, max_season_length=267, n_seasons=10) | LocalMinMaxScaler(stats_=[[  5.11211699 325.92896936]])","[1, 2, 3, 4, 5, 6, 7, 8, 9, 10, 11, 12, 13, 14, 15, 16, 17, 18, 19, 20, 21, 22, 23, 24, 25, 26, 27, 28, 29, 30, 31, 32, 33, 34, 35, 36, 37, 38, 39, 40, 41, 42, 43, 44, 45, 46, 47, 48, 49, 50, 51, 52, 53, 54, 55, 56, 57, 58, 59, 60, 61, 62, 63, 64, 65, 66, 67, 68, 69, 70, 71, 72, 73, 74, 75, 76, 77, 78, 79, 80, 81, 82, 83, 84, 85, 86, 87, 88, 89, 90, 91, 92, 93, 94, 95, 96, 97, 98, 99, 100, 101, 102, 103, 104, 105, 106, 107, 108, 109, 110, 111, 112, 113, 114, 115, 116, 117, 118, 119, 120, 121, 122, 123, 124, 125, 126, 127, 128, 129, 130, 131, 132, 133, 134, 135, 136, 137, 138, 139, 140, 141, 142, 143, 144, 145, 146, 147, 148, 149, 150, 151, 152, 153, 154, 155, 156, 157, 158, 159, 160, 161, 162, 163, 164, 165, 166, 167, 168, 169, 170, 171, 172, 173, 174, 175, 176, 177, 178, 179, 180, 181, 182, 183, 184, 185, 186, 187, 188, 189, 190, 191, 192, 193, 194, 195, 196, 197, 198, 199, 200, 201, 202, 203, 204, 205, 206, 207, 208, 209, 210, 211, 212, 213, 214, 215, 216, 217, 218, 219, 220, 221, 222, 223, 224, 225, 226, 227, 228, 229, 230, 231, 232, 233, 234, 235, 236, 237, 238, 239, 240, 241, 242, 243, 244, 245, 246, 247, 248, 249, 250, 251, 252, 253, 254, 255, 256, 257, 258, 259, 260, 261, 262, 263, 264, 265, 266, 267, 268, 269, 270, 271, 272, 273, 274, 275, 276, 277, 278, 279, 280, 281, 282, 283, 284, 285, 286, 287, 288, 289, 290, 291, 292, 293, 294, 295, 296, 297, 298, 299, 300, 301, 302, 303, 304, 305, 306, 307, 308, 309, 310, 311, 312, 313, 314, 315, 316, 317, 318, 319, 320, 321, 322, 323, 324, 325, 326, 327, 328, 329, 330, 331, 332, 333, 334, 335, 336, 337, 338, 339, 340, 341, 342, 343, 344, 345, 346, 347, 348, 349, 350, 351, 352, 353, 354, 355, 356, 357, 358, 359, 360, 361, 362, 363, 364, 365, 366, 367, 368, 369, 370, 371, 372, 373, 374, 375, 376, 377, 378, 379, 380, 381, 382, 383, 384, 385, 386, 387, 388, 389, 390, 391, 392, 393, 394, 395, 396, 397, 398, 399, 400]","{7: [RollingMean(window_size=7)], 30: [RollingMean(window_size=30)], 60: [RollingMean(window_size=60)]}",lags_400_features_400,118.05932069664766,102.761529561556,101.08235692519607,90.10235306743208,75.66384464435117,67.01788560628155,61.462045658613974,55.78004717885552,71.64443914013108,96.95023202215106,96.40223009131486
SGD_Ridge,"AutoSeasonalityAndDifferences(max_diffs=380, max_season_length=267, n_seasons=10) | LocalMinMaxScaler(stats_=[[  5.11211699 325.92896936]])","[1, 2, 3, 4, 5, 6, 7, 8, 9, 10, 11, 12, 13, 14, 15, 16, 17, 18, 19, 20, 21, 22, 23, 24, 25, 26, 27, 28, 29, 30, 31, 32, 33, 34, 35, 36, 37, 38, 39, 40, 41, 42, 43, 44, 45, 46, 47, 48, 49, 50, 51, 52, 53, 54, 55, 56, 57, 58, 59, 60, 61, 62, 63, 64, 65, 66, 67, 68, 69, 70, 71, 72, 73, 74, 75, 76, 77, 78, 79, 80, 81, 82, 83, 84, 85, 86, 87, 88, 89, 90, 91, 92, 93, 94, 95, 96, 97, 98, 99, 100, 101, 102, 103, 104, 105, 106, 107, 108, 109, 110, 111, 112, 113, 114, 115, 116, 117, 118, 119, 120, 121, 122, 123, 124, 125, 126, 127, 128, 129, 130, 131, 132, 133, 134, 135, 136, 137, 138, 139, 140, 141, 142, 143, 144, 145, 146, 147, 148, 149, 150, 151, 152, 153, 154, 155, 156, 157, 158, 159, 160, 161, 162, 163, 164, 165, 166, 167, 168, 169, 170, 171, 172, 173, 174, 175, 176, 177, 178, 179, 180, 181, 182, 183, 184, 185, 186, 187, 188, 189, 190, 191, 192, 193, 194, 195, 196, 197, 198, 199, 200, 201, 202, 203, 204, 205, 206, 207, 208, 209, 210, 211, 212, 213, 214, 215, 216, 217, 218, 219, 220, 221, 222, 223, 224, 225, 226, 227, 228, 229, 230, 231, 232, 233, 234, 235, 236, 237, 238, 239, 240, 241, 242, 243, 244, 245, 246, 247, 248, 249, 250, 251, 252, 253, 254, 255, 256, 257, 258, 259, 260, 261, 262, 263, 264, 265, 266, 267, 268, 269, 270, 271, 272, 273, 274, 275, 276, 277, 278, 279, 280, 281, 282, 283, 284, 285, 286, 287, 288, 289, 290, 291, 292, 293, 294, 295, 296, 297, 298, 299, 300, 301, 302, 303, 304, 305, 306, 307, 308, 309, 310, 311, 312, 313, 314, 315, 316, 317, 318, 319, 320, 321, 322, 323, 324, 325, 326, 327, 328, 329, 330, 331, 332, 333, 334, 335, 336, 337, 338, 339, 340, 341, 342, 343, 344, 345, 346, 347, 348, 349, 350, 351, 352, 353, 354, 355, 356, 357, 358, 359, 360, 361, 362, 363, 364, 365, 366, 367, 368, 369, 370, 371, 372, 373, 374, 375, 376, 377, 378, 379, 380, 381, 382, 383, 384, 385, 386, 387, 388, 389, 390, 391, 392, 393, 394, 395, 396, 397, 398, 399, 400]","{7: [RollingMean(window_size=7)], 30: [RollingMean(window_size=30)], 60: [RollingMean(window_size=60)]}",lags_400_features_400,24.436245947935735,23.213391921457063,24.546097600304357,24.387659222151143,23.544951693533573,26.830536828264968,28.965183998908937,30.646603984028577,43.26664196815293,59.577756976806384,60.28276030285953
SGDRegressor,"AutoSeasonalityAndDifferences(max_diffs=380, max_season_length=267, n_seasons=10) | LocalMinMaxScaler(stats_=[[  5.11211699 325.92896936]])","[1, 2, 3, 4, 5, 6, 7, 8, 9, 10, 11, 12, 13, 14, 15, 16, 17, 18, 19, 20, 21, 22, 23, 24, 25, 26, 27, 28, 29, 30, 31, 32, 33, 34, 35, 36, 37, 38, 39, 40, 41, 42, 43, 44, 45, 46, 47, 48, 49, 50, 51, 52, 53, 54, 55, 56, 57, 58, 59, 60, 61, 62, 63, 64, 65, 66, 67, 68, 69, 70, 71, 72, 73, 74, 75, 76, 77, 78, 79, 80, 81, 82, 83, 84, 85, 86, 87, 88, 89, 90, 91, 92, 93, 94, 95, 96, 97, 98, 99, 100, 101, 102, 103, 104, 105, 106, 107, 108, 109, 110, 111, 112, 113, 114, 115, 116, 117, 118, 119, 120, 121, 122, 123, 124, 125, 126, 127, 128, 129, 130, 131, 132, 133, 134, 135, 136, 137, 138, 139, 140, 141, 142, 143, 144, 145, 146, 147, 148, 149, 150, 151, 152, 153, 154, 155, 156, 157, 158, 159, 160, 161, 162, 163, 164, 165, 166, 167, 168, 169, 170, 171, 172, 173, 174, 175, 176, 177, 178, 179, 180, 181, 182, 183, 184, 185, 186, 187, 188, 189, 190, 191, 192, 193, 194, 195, 196, 197, 198, 199, 200, 201, 202, 203, 204, 205, 206, 207, 208, 209, 210, 211, 212, 213, 214, 215, 216, 217, 218, 219, 220, 221, 222, 223, 224, 225, 226, 227, 228, 229, 230, 231, 232, 233, 234, 235, 236, 237, 238, 239, 240, 241, 242, 243, 244, 245, 246, 247, 248, 249, 250, 251, 252, 253, 254, 255, 256, 257, 258, 259, 260, 261, 262, 263, 264, 265, 266, 267, 268, 269, 270, 271, 272, 273, 274, 275, 276, 277, 278, 279, 280, 281, 282, 283, 284, 285, 286, 287, 288, 289, 290, 291, 292, 293, 294, 295, 296, 297, 298, 299, 300, 301, 302, 303, 304, 305, 306, 307, 308, 309, 310, 311, 312, 313, 314, 315, 316, 317, 318, 319, 320, 321, 322, 323, 324, 325, 326, 327, 328, 329, 330, 331, 332, 333, 334, 335, 336, 337, 338, 339, 340, 341, 342, 343, 344, 345, 346, 347, 348, 349, 350, 351, 352, 353, 354, 355, 356, 357, 358, 359, 360, 361, 362, 363, 364, 365, 366, 367, 368, 369, 370, 371, 372, 373, 374, 375, 376, 377, 378, 379, 380, 381, 382, 383, 384, 385, 386, 387, 388, 389, 390, 391, 392, 393, 394, 395, 396, 397, 398, 399, 400]","{7: [RollingMean(window_size=7)], 30: [RollingMean(window_size=30)], 60: [RollingMean(window_size=60)]}",lags_400_features_400,10.249761188760665,19.1633065045313,22.248861803567358,22.980660895441076,22.004056996285122,27.025133763623632,31.974061608303757,39.10826842648453,51.56775683142693,48.89065937932007,48.14390147546945
XGBRegressor,"AutoSeasonalityAndDifferences(max_diffs=380, max_season_length=267, n_seasons=10) | LocalMinMaxScaler(stats_=[[  5.11211699 325.92896936]])","[1, 2, 3, 4, 5, 6, 7, 8, 9, 10, 11, 12, 13, 14, 15, 16, 17, 18, 19, 20, 21, 22, 23, 24, 25, 26, 27, 28, 29, 30, 31, 32, 33, 34, 35, 36, 37, 38, 39, 40, 41, 42, 43, 44, 45, 46, 47, 48, 49, 50, 51, 52, 53, 54, 55, 56, 57, 58, 59, 60, 61, 62, 63, 64, 65, 66, 67, 68, 69, 70, 71, 72, 73, 74, 75, 76, 77, 78, 79, 80, 81, 82, 83, 84, 85, 86, 87, 88, 89, 90, 91, 92, 93, 94, 95, 96, 97, 98, 99, 100, 101, 102, 103, 104, 105, 106, 107, 108, 109, 110, 111, 112, 113, 114, 115, 116, 117, 118, 119, 120, 121, 122, 123, 124, 125, 126, 127, 128, 129, 130, 131, 132, 133, 134, 135, 136, 137, 138, 139, 140, 141, 142, 143, 144, 145, 146, 147, 148, 149, 150, 151, 152, 153, 154, 155, 156, 157, 158, 159, 160, 161, 162, 163, 164, 165, 166, 167, 168, 169, 170, 171, 172, 173, 174, 175, 176, 177, 178, 179, 180, 181, 182, 183, 184, 185, 186, 187, 188, 189, 190, 191, 192, 193, 194, 195, 196, 197, 198, 199, 200, 201, 202, 203, 204, 205, 206, 207, 208, 209, 210, 211, 212, 213, 214, 215, 216, 217, 218, 219, 220, 221, 222, 223, 224, 225, 226, 227, 228, 229, 230, 231, 232, 233, 234, 235, 236, 237, 238, 239, 240, 241, 242, 243, 244, 245, 246, 247, 248, 249, 250, 251, 252, 253, 254, 255, 256, 257, 258, 259, 260, 261, 262, 263, 264, 265, 266, 267, 268, 269, 270, 271, 272, 273, 274, 275, 276, 277, 278, 279, 280, 281, 282, 283, 284, 285, 286, 287, 288, 289, 290, 291, 292, 293, 294, 295, 296, 297, 298, 299, 300, 301, 302, 303, 304, 305, 306, 307, 308, 309, 310, 311, 312, 313, 314, 315, 316, 317, 318, 319, 320, 321, 322, 323, 324, 325, 326, 327, 328, 329, 330, 331, 332, 333, 334, 335, 336, 337, 338, 339, 340, 341, 342, 343, 344, 345, 346, 347, 348, 349, 350, 351, 352, 353, 354, 355, 356, 357, 358, 359, 360, 361, 362, 363, 364, 365, 366, 367, 368, 369, 370, 371, 372, 373, 374, 375, 376, 377, 378, 379, 380, 381, 382, 383, 384, 385, 386, 387, 388, 389, 390, 391, 392, 393, 394, 395, 396, 397, 398, 399, 400]","{7: [RollingMean(window_size=7)], 30: [RollingMean(window_size=30)], 60: [RollingMean(window_size=60)]}",lags_400_features_400,10.941277419376068,16.93813434534369,18.640883367882704,18.045278358967433,18.63251556264504,20.648335278569746,30.098252228478856,35.128552869686395,47.34904926050084,51.83099414320053,50.90639818004291
LGBMRegressor,"AutoSeasonalityAndDifferences(max_diffs=380, max_season_length=267, n_seasons=10) | LocalMinMaxScaler(stats_=[[  5.11211699 325.92896936]])","[1, 2, 3, 4, 5, 6, 7, 8, 9, 10, 11, 12, 13, 14, 15, 16, 17, 18, 19, 20, 21, 22, 23, 24, 25, 26, 27, 28, 29, 30, 31, 32, 33, 34, 35, 36, 37, 38, 39, 40, 41, 42, 43, 44, 45, 46, 47, 48, 49, 50, 51, 52, 53, 54, 55, 56, 57, 58, 59, 60, 61, 62, 63, 64, 65, 66, 67, 68, 69, 70, 71, 72, 73, 74, 75, 76, 77, 78, 79, 80, 81, 82, 83, 84, 85, 86, 87, 88, 89, 90, 91, 92, 93, 94, 95, 96, 97, 98, 99, 100, 101, 102, 103, 104, 105, 106, 107, 108, 109, 110, 111, 112, 113, 114, 115, 116, 117, 118, 119, 120, 121, 122, 123, 124, 125, 126, 127, 128, 129, 130, 131, 132, 133, 134, 135, 136, 137, 138, 139, 140, 141, 142, 143, 144, 145, 146, 147, 148, 149, 150, 151, 152, 153, 154, 155, 156, 157, 158, 159, 160, 161, 162, 163, 164, 165, 166, 167, 168, 169, 170, 171, 172, 173, 174, 175, 176, 177, 178, 179, 180, 181, 182, 183, 184, 185, 186, 187, 188, 189, 190, 191, 192, 193, 194, 195, 196, 197, 198, 199, 200, 201, 202, 203, 204, 205, 206, 207, 208, 209, 210, 211, 212, 213, 214, 215, 216, 217, 218, 219, 220, 221, 222, 223, 224, 225, 226, 227, 228, 229, 230, 231, 232, 233, 234, 235, 236, 237, 238, 239, 240, 241, 242, 243, 244, 245, 246, 247, 248, 249, 250, 251, 252, 253, 254, 255, 256, 257, 258, 259, 260, 261, 262, 263, 264, 265, 266, 267, 268, 269, 270, 271, 272, 273, 274, 275, 276, 277, 278, 279, 280, 281, 282, 283, 284, 285, 286, 287, 288, 289, 290, 291, 292, 293, 294, 295, 296, 297, 298, 299, 300, 301, 302, 303, 304, 305, 306, 307, 308, 309, 310, 311, 312, 313, 314, 315, 316, 317, 318, 319, 320, 321, 322, 323, 324, 325, 326, 327, 328, 329, 330, 331, 332, 333, 334, 335, 336, 337, 338, 339, 340, 341, 342, 343, 344, 345, 346, 347, 348, 349, 350, 351, 352, 353, 354, 355, 356, 357, 358, 359, 360, 361, 362, 363, 364, 365, 366, 367, 368, 369, 370, 371, 372, 373, 374, 375, 376, 377, 378, 379, 380, 381, 382, 383, 384, 385, 386, 387, 388, 389, 390, 391, 392, 393, 394, 395, 396, 397, 398, 399, 400]","{7: [RollingMean(window_size=7)], 30: [RollingMean(window_size=30)], 60: [RollingMean(window_size=60)]}",lags_400_features_400,11.147206291826055,18.45583208681186,20.12911386972832,19.605405515621875,19.49814619023564,22.975620339700814,30.125131049704436,33.81519411036638,43.779638260646024,46.26484183891771,45.604646160396456
SGD_EarlyStopping,"AutoSeasonalityAndDifferences(max_diffs=380, max_season_length=267, n_seasons=10) | LocalMinMaxScaler(stats_=[[  5.11211699 325.92896936]])","[1, 2, 3, 4, 5, 6, 7, 8, 9, 10, 11, 12, 13, 14, 15, 16, 17, 18, 19, 20, 21, 22, 23, 24, 25, 26, 27, 28, 29, 30, 31, 32, 33, 34, 35, 36, 37, 38, 39, 40, 41, 42, 43, 44, 45, 46, 47, 48, 49, 50, 51, 52, 53, 54, 55, 56, 57, 58, 59, 60, 61, 62, 63, 64, 65, 66, 67, 68, 69, 70, 71, 72, 73, 74, 75, 76, 77, 78, 79, 80, 81, 82, 83, 84, 85, 86, 87, 88, 89, 90, 91, 92, 93, 94, 95, 96, 97, 98, 99, 100, 101, 102, 103, 104, 105, 106, 107, 108, 109, 110, 111, 112, 113, 114, 115, 116, 117, 118, 119, 120, 121, 122, 123, 124, 125, 126, 127, 128, 129, 130, 131, 132, 133, 134, 135, 136, 137, 138, 139, 140, 141, 142, 143, 144, 145, 146, 147, 148, 149, 150, 151, 152, 153, 154, 155, 156, 157, 158, 159, 160, 161, 162, 163, 164, 165, 166, 167, 168, 169, 170, 171, 172, 173, 174, 175, 176, 177, 178, 179, 180, 181, 182, 183, 184, 185, 186, 187, 188, 189, 190, 191, 192, 193, 194, 195, 196, 197, 198, 199, 200, 201, 202, 203, 204, 205, 206, 207, 208, 209, 210, 211, 212, 213, 214, 215, 216, 217, 218, 219, 220, 221, 222, 223, 224, 225, 226, 227, 228, 229, 230, 231, 232, 233, 234, 235, 236, 237, 238, 239, 240, 241, 242, 243, 244, 245, 246, 247, 248, 249, 250, 251, 252, 253, 254, 255, 256, 257, 258, 259, 260, 261, 262, 263, 264, 265, 266, 267, 268, 269, 270, 271, 272, 273, 274, 275, 276, 277, 278, 279, 280, 281, 282, 283, 284, 285, 286, 287, 288, 289, 290, 291, 292, 293, 294, 295, 296, 297, 298, 299, 300, 301, 302, 303, 304, 305, 306, 307, 308, 309, 310, 311, 312, 313, 314, 315, 316, 317, 318, 319, 320, 321, 322, 323, 324, 325, 326, 327, 328, 329, 330, 331, 332, 333, 334, 335, 336, 337, 338, 339, 340, 341, 342, 343, 344, 345, 346, 347, 348, 349, 350, 351, 352, 353, 354, 355, 356, 357, 358, 359, 360, 361, 362, 363, 364, 365, 366, 367, 368, 369, 370, 371, 372, 373, 374, 375, 376, 377, 378, 379, 380, 381, 382, 383, 384, 385, 386, 387, 388, 389, 390, 391, 392, 393, 394, 395, 396, 397, 398, 399, 400]","{7: [RollingMean(window_size=7), RollingStd(window_size=7)], 30: [RollingMean(window_size=30)], 60: [ExpandingMean()], 14: [ExponentiallyWeightedMean(alpha=0.3)]}",lags_400_features_400,15.964548416519955,17.750787679603512,21.641657876690445,21.934702990728425,21.446396157332526,26.00467197644797,31.563139315947737,38.930110874467495,52.31795169679192,58.28064707194142,57.1982729531627
SGD_ElasticNet,"AutoSeasonalityAndDifferences(max_diffs=380, max_season_length=267, n_seasons=10) | LocalMinMaxScaler(stats_=[[  5.11211699 325.92896936]])","[1, 2, 3, 4, 5, 6, 7, 8, 9, 10, 11, 12, 13, 14, 15, 16, 17, 18, 19, 20, 21, 22, 23, 24, 25, 26, 27, 28, 29, 30, 31, 32, 33, 34, 35, 36, 37, 38, 39, 40, 41, 42, 43, 44, 45, 46, 47, 48, 49, 50, 51, 52, 53, 54, 55, 56, 57, 58, 59, 60, 61, 62, 63, 64, 65, 66, 67, 68, 69, 70, 71, 72, 73, 74, 75, 76, 77, 78, 79, 80, 81, 82, 83, 84, 85, 86, 87, 88, 89, 90, 91, 92, 93, 94, 95, 96, 97, 98, 99, 100, 101, 102, 103, 104, 105, 106, 107, 108, 109, 110, 111, 112, 113, 114, 115, 116, 117, 118, 119, 120, 121, 122, 123, 124, 125, 126, 127, 128, 129, 130, 131, 132, 133, 134, 135, 136, 137, 138, 139, 140, 141, 142, 143, 144, 145, 146, 147, 148, 149, 150, 151, 152, 153, 154, 155, 156, 157, 158, 159, 160, 161, 162, 163, 164, 165, 166, 167, 168, 169, 170, 171, 172, 173, 174, 175, 176, 177, 178, 179, 180, 181, 182, 183, 184, 185, 186, 187, 188, 189, 190, 191, 192, 193, 194, 195, 196, 197, 198, 199, 200, 201, 202, 203, 204, 205, 206, 207, 208, 209, 210, 211, 212, 213, 214, 215, 216, 217, 218, 219, 220, 221, 222, 223, 224, 225, 226, 227, 228, 229, 230, 231, 232, 233, 234, 235, 236, 237, 238, 239, 240, 241, 242, 243, 244, 245, 246, 247, 248, 249, 250, 251, 252, 253, 254, 255, 256, 257, 258, 259, 260, 261, 262, 263, 264, 265, 266, 267, 268, 269, 270, 271, 272, 273, 274, 275, 276, 277, 278, 279, 280, 281, 282, 283, 284, 285, 286, 287, 288, 289, 290, 291, 292, 293, 294, 295, 296, 297, 298, 299, 300, 301, 302, 303, 304, 305, 306, 307, 308, 309, 310, 311, 312, 313, 314, 315, 316, 317, 318, 319, 320, 321, 322, 323, 324, 325, 326, 327, 328, 329, 330, 331, 332, 333, 334, 335, 336, 337, 338, 339, 340, 341, 342, 343, 344, 345, 346, 347, 348, 349, 350, 351, 352, 353, 354, 355, 356, 357, 358, 359, 360, 361, 362, 363, 364, 365, 366, 367, 368, 369, 370, 371, 372, 373, 374, 375, 376, 377, 378, 379, 380, 381, 382, 383, 384, 385, 386, 387, 388, 389, 390, 391, 392, 393, 394, 395, 396, 397, 398, 399, 400]","{7: [RollingMean(window_size=7), RollingStd(window_size=7)], 30: [RollingMean(window_size=30)], 60: [ExpandingMean()], 14: [ExponentiallyWeightedMean(alpha=0.3)]}",lags_400_features_400,10.270848075300625,16.395208450503645,18.562408530707295,18.10335616955149,17.940524761276265,23.3702154247905,28.283277625806306,35.341636069558625,49.15386250996185,52.06249991914671,52.10584583359711
SGD_Lasso,"AutoSeasonalityAndDifferences(max_diffs=380, max_season_length=267, n_seasons=10) | LocalMinMaxScaler(stats_=[[  5.11211699 325.92896936]])","[1, 2, 3, 4, 5, 6, 7, 8, 9, 10, 11, 12, 13, 14, 15, 16, 17, 18, 19, 20, 21, 22, 23, 24, 25, 26, 27, 28, 29, 30, 31, 32, 33, 34, 35, 36, 37, 38, 39, 40, 41, 42, 43, 44, 45, 46, 47, 48, 49, 50, 51, 52, 53, 54, 55, 56, 57, 58, 59, 60, 61, 62, 63, 64, 65, 66, 67, 68, 69, 70, 71, 72, 73, 74, 75, 76, 77, 78, 79, 80, 81, 82, 83, 84, 85, 86, 87, 88, 89, 90, 91, 92, 93, 94, 95, 96, 97, 98, 99, 100, 101, 102, 103, 104, 105, 106, 107, 108, 109, 110, 111, 112, 113, 114, 115, 116, 117, 118, 119, 120, 121, 122, 123, 124, 125, 126, 127, 128, 129, 130, 131, 132, 133, 134, 135, 136, 137, 138, 139, 140, 141, 142, 143, 144, 145, 146, 147, 148, 149, 150, 151, 152, 153, 154, 155, 156, 157, 158, 159, 160, 161, 162, 163, 164, 165, 166, 167, 168, 169, 170, 171, 172, 173, 174, 175, 176, 177, 178, 179, 180, 181, 182, 183, 184, 185, 186, 187, 188, 189, 190, 191, 192, 193, 194, 195, 196, 197, 198, 199, 200, 201, 202, 203, 204, 205, 206, 207, 208, 209, 210, 211, 212, 213, 214, 215, 216, 217, 218, 219, 220, 221, 222, 223, 224, 225, 226, 227, 228, 229, 230, 231, 232, 233, 234, 235, 236, 237, 238, 239, 240, 241, 242, 243, 244, 245, 246, 247, 248, 249, 250, 251, 252, 253, 254, 255, 256, 257, 258, 259, 260, 261, 262, 263, 264, 265, 266, 267, 268, 269, 270, 271, 272, 273, 274, 275, 276, 277, 278, 279, 280, 281, 282, 283, 284, 285, 286, 287, 288, 289, 290, 291, 292, 293, 294, 295, 296, 297, 298, 299, 300, 301, 302, 303, 304, 305, 306, 307, 308, 309, 310, 311, 312, 313, 314, 315, 316, 317, 318, 319, 320, 321, 322, 323, 324, 325, 326, 327, 328, 329, 330, 331, 332, 333, 334, 335, 336, 337, 338, 339, 340, 341, 342, 343, 344, 345, 346, 347, 348, 349, 350, 351, 352, 353, 354, 355, 356, 357, 358, 359, 360, 361, 362, 363, 364, 365, 366, 367, 368, 369, 370, 371, 372, 373, 374, 375, 376, 377, 378, 379, 380, 381, 382, 383, 384, 385, 386, 387, 388, 389, 390, 391, 392, 393, 394, 395, 396, 397, 398, 399, 400]","{7: [RollingMean(window_size=7), RollingStd(window_size=7)], 30: [RollingMean(window_size=30)], 60: [ExpandingMean()], 14: [ExponentiallyWeightedMean(alpha=0.3)]}",lags_400_features_400,118.05932069664766,102.761529561556,101.08235692519607,90.10235306743208,75.66384464435117,67.01788560628155,61.462045658613974,55.78004717885552,71.64443914013108,96.95023202215106,96.40223009131486
SGD_Ridge,"AutoSeasonalityAndDifferences(max_diffs=380, max_season_length=267, n_seasons=10) | LocalMinMaxScaler(stats_=[[  5.11211699 325.92896936]])","[1, 2, 3, 4, 5, 6, 7, 8, 9, 10, 11, 12, 13, 14, 15, 16, 17, 18, 19, 20, 21, 22, 23, 24, 25, 26, 27, 28, 29, 30, 31, 32, 33, 34, 35, 36, 37, 38, 39, 40, 41, 42, 43, 44, 45, 46, 47, 48, 49, 50, 51, 52, 53, 54, 55, 56, 57, 58, 59, 60, 61, 62, 63, 64, 65, 66, 67, 68, 69, 70, 71, 72, 73, 74, 75, 76, 77, 78, 79, 80, 81, 82, 83, 84, 85, 86, 87, 88, 89, 90, 91, 92, 93, 94, 95, 96, 97, 98, 99, 100, 101, 102, 103, 104, 105, 106, 107, 108, 109, 110, 111, 112, 113, 114, 115, 116, 117, 118, 119, 120, 121, 122, 123, 124, 125, 126, 127, 128, 129, 130, 131, 132, 133, 134, 135, 136, 137, 138, 139, 140, 141, 142, 143, 144, 145, 146, 147, 148, 149, 150, 151, 152, 153, 154, 155, 156, 157, 158, 159, 160, 161, 162, 163, 164, 165, 166, 167, 168, 169, 170, 171, 172, 173, 174, 175, 176, 177, 178, 179, 180, 181, 182, 183, 184, 185, 186, 187, 188, 189, 190, 191, 192, 193, 194, 195, 196, 197, 198, 199, 200, 201, 202, 203, 204, 205, 206, 207, 208, 209, 210, 211, 212, 213, 214, 215, 216, 217, 218, 219, 220, 221, 222, 223, 224, 225, 226, 227, 228, 229, 230, 231, 232, 233, 234, 235, 236, 237, 238, 239, 240, 241, 242, 243, 244, 245, 246, 247, 248, 249, 250, 251, 252, 253, 254, 255, 256, 257, 258, 259, 260, 261, 262, 263, 264, 265, 266, 267, 268, 269, 270, 271, 272, 273, 274, 275, 276, 277, 278, 279, 280, 281, 282, 283, 284, 285, 286, 287, 288, 289, 290, 291, 292, 293, 294, 295, 296, 297, 298, 299, 300, 301, 302, 303, 304, 305, 306, 307, 308, 309, 310, 311, 312, 313, 314, 315, 316, 317, 318, 319, 320, 321, 322, 323, 324, 325, 326, 327, 328, 329, 330, 331, 332, 333, 334, 335, 336, 337, 338, 339, 340, 341, 342, 343, 344, 345, 346, 347, 348, 349, 350, 351, 352, 353, 354, 355, 356, 357, 358, 359, 360, 361, 362, 363, 364, 365, 366, 367, 368, 369, 370, 371, 372, 373, 374, 375, 376, 377, 378, 379, 380, 381, 382, 383, 384, 385, 386, 387, 388, 389, 390, 391, 392, 393, 394, 395, 396, 397, 398, 399, 400]","{7: [RollingMean(window_size=7), RollingStd(window_size=7)], 30: [RollingMean(window_size=30)], 60: [ExpandingMean()], 14: [ExponentiallyWeightedMean(alpha=0.3)]}",lags_400_features_400,24.399392036504537,23.183384138316182,24.533447600232147,24.386953270136566,23.545649547528402,26.8334349598147,28.96720269056246,30.644483037156682,43.25923250196706,59.58718897719494,60.29451442789649
SGDRegressor,"AutoSeasonalityAndDifferences(max_diffs=380, max_season_length=267, n_seasons=10) | LocalMinMaxScaler(stats_=[[  5.11211699 325.92896936]])","[1, 2, 3, 4, 5, 6, 7, 8, 9, 10, 11, 12, 13, 14, 15, 16, 17, 18, 19, 20, 21, 22, 23, 24, 25, 26, 27, 28, 29, 30, 31, 32, 33, 34, 35, 36, 37, 38, 39, 40, 41, 42, 43, 44, 45, 46, 47, 48, 49, 50, 51, 52, 53, 54, 55, 56, 57, 58, 59, 60, 61, 62, 63, 64, 65, 66, 67, 68, 69, 70, 71, 72, 73, 74, 75, 76, 77, 78, 79, 80, 81, 82, 83, 84, 85, 86, 87, 88, 89, 90, 91, 92, 93, 94, 95, 96, 97, 98, 99, 100, 101, 102, 103, 104, 105, 106, 107, 108, 109, 110, 111, 112, 113, 114, 115, 116, 117, 118, 119, 120, 121, 122, 123, 124, 125, 126, 127, 128, 129, 130, 131, 132, 133, 134, 135, 136, 137, 138, 139, 140, 141, 142, 143, 144, 145, 146, 147, 148, 149, 150, 151, 152, 153, 154, 155, 156, 157, 158, 159, 160, 161, 162, 163, 164, 165, 166, 167, 168, 169, 170, 171, 172, 173, 174, 175, 176, 177, 178, 179, 180, 181, 182, 183, 184, 185, 186, 187, 188, 189, 190, 191, 192, 193, 194, 195, 196, 197, 198, 199, 200, 201, 202, 203, 204, 205, 206, 207, 208, 209, 210, 211, 212, 213, 214, 215, 216, 217, 218, 219, 220, 221, 222, 223, 224, 225, 226, 227, 228, 229, 230, 231, 232, 233, 234, 235, 236, 237, 238, 239, 240, 241, 242, 243, 244, 245, 246, 247, 248, 249, 250, 251, 252, 253, 254, 255, 256, 257, 258, 259, 260, 261, 262, 263, 264, 265, 266, 267, 268, 269, 270, 271, 272, 273, 274, 275, 276, 277, 278, 279, 280, 281, 282, 283, 284, 285, 286, 287, 288, 289, 290, 291, 292, 293, 294, 295, 296, 297, 298, 299, 300, 301, 302, 303, 304, 305, 306, 307, 308, 309, 310, 311, 312, 313, 314, 315, 316, 317, 318, 319, 320, 321, 322, 323, 324, 325, 326, 327, 328, 329, 330, 331, 332, 333, 334, 335, 336, 337, 338, 339, 340, 341, 342, 343, 344, 345, 346, 347, 348, 349, 350, 351, 352, 353, 354, 355, 356, 357, 358, 359, 360, 361, 362, 363, 364, 365, 366, 367, 368, 369, 370, 371, 372, 373, 374, 375, 376, 377, 378, 379, 380, 381, 382, 383, 384, 385, 386, 387, 388, 389, 390, 391, 392, 393, 394, 395, 396, 397, 398, 399, 400]","{7: [RollingMean(window_size=7), RollingStd(window_size=7)], 30: [RollingMean(window_size=30)], 60: [ExpandingMean()], 14: [ExponentiallyWeightedMean(alpha=0.3)]}",lags_400_features_400,10.260511213120918,19.175475899755888,22.25897710898445,22.98832300423425,22.009146846425153,27.019726729220718,31.963471579249774,39.08259791650615,51.54626930767332,48.8789739047114,48.13129949282623
XGBRegressor,"AutoSeasonalityAndDifferences(max_diffs=380, max_season_length=267, n_seasons=10) | LocalMinMaxScaler(stats_=[[  5.11211699 325.92896936]])","[1, 2, 3, 4, 5, 6, 7, 8, 9, 10, 11, 12, 13, 14, 15, 16, 17, 18, 19, 20, 21, 22, 23, 24, 25, 26, 27, 28, 29, 30, 31, 32, 33, 34, 35, 36, 37, 38, 39, 40, 41, 42, 43, 44, 45, 46, 47, 48, 49, 50, 51, 52, 53, 54, 55, 56, 57, 58, 59, 60, 61, 62, 63, 64, 65, 66, 67, 68, 69, 70, 71, 72, 73, 74, 75, 76, 77, 78, 79, 80, 81, 82, 83, 84, 85, 86, 87, 88, 89, 90, 91, 92, 93, 94, 95, 96, 97, 98, 99, 100, 101, 102, 103, 104, 105, 106, 107, 108, 109, 110, 111, 112, 113, 114, 115, 116, 117, 118, 119, 120, 121, 122, 123, 124, 125, 126, 127, 128, 129, 130, 131, 132, 133, 134, 135, 136, 137, 138, 139, 140, 141, 142, 143, 144, 145, 146, 147, 148, 149, 150, 151, 152, 153, 154, 155, 156, 157, 158, 159, 160, 161, 162, 163, 164, 165, 166, 167, 168, 169, 170, 171, 172, 173, 174, 175, 176, 177, 178, 179, 180, 181, 182, 183, 184, 185, 186, 187, 188, 189, 190, 191, 192, 193, 194, 195, 196, 197, 198, 199, 200, 201, 202, 203, 204, 205, 206, 207, 208, 209, 210, 211, 212, 213, 214, 215, 216, 217, 218, 219, 220, 221, 222, 223, 224, 225, 226, 227, 228, 229, 230, 231, 232, 233, 234, 235, 236, 237, 238, 239, 240, 241, 242, 243, 244, 245, 246, 247, 248, 249, 250, 251, 252, 253, 254, 255, 256, 257, 258, 259, 260, 261, 262, 263, 264, 265, 266, 267, 268, 269, 270, 271, 272, 273, 274, 275, 276, 277, 278, 279, 280, 281, 282, 283, 284, 285, 286, 287, 288, 289, 290, 291, 292, 293, 294, 295, 296, 297, 298, 299, 300, 301, 302, 303, 304, 305, 306, 307, 308, 309, 310, 311, 312, 313, 314, 315, 316, 317, 318, 319, 320, 321, 322, 323, 324, 325, 326, 327, 328, 329, 330, 331, 332, 333, 334, 335, 336, 337, 338, 339, 340, 341, 342, 343, 344, 345, 346, 347, 348, 349, 350, 351, 352, 353, 354, 355, 356, 357, 358, 359, 360, 361, 362, 363, 364, 365, 366, 367, 368, 369, 370, 371, 372, 373, 374, 375, 376, 377, 378, 379, 380, 381, 382, 383, 384, 385, 386, 387, 388, 389, 390, 391, 392, 393, 394, 395, 396, 397, 398, 399, 400]","{7: [RollingMean(window_size=7), RollingStd(window_size=7)], 30: [RollingMean(window_size=30)], 60: [ExpandingMean()], 14: [ExponentiallyWeightedMean(alpha=0.3)]}",lags_400_features_400,11.206941033069743,16.77290157941636,18.843529543971176,18.363038700939622,19.21537260952711,21.00870964799196,30.775964987199135,35.42337374406465,47.8001133424935,54.20863953817857,53.309949217350386
LGBMRegressor,"AutoSeasonalityAndDifferences(max_diffs=380, max_season_length=267, n_seasons=10) | LocalMinMaxScaler(stats_=[[  5.11211699 325.92896936]])","[1, 2, 3, 4, 5, 6, 7, 8, 9, 10, 11, 12, 13, 14, 15, 16, 17, 18, 19, 20, 21, 22, 23, 24, 25, 26, 27, 28, 29, 30, 31, 32, 33, 34, 35, 36, 37, 38, 39, 40, 41, 42, 43, 44, 45, 46, 47, 48, 49, 50, 51, 52, 53, 54, 55, 56, 57, 58, 59, 60, 61, 62, 63, 64, 65, 66, 67, 68, 69, 70, 71, 72, 73, 74, 75, 76, 77, 78, 79, 80, 81, 82, 83, 84, 85, 86, 87, 88, 89, 90, 91, 92, 93, 94, 95, 96, 97, 98, 99, 100, 101, 102, 103, 104, 105, 106, 107, 108, 109, 110, 111, 112, 113, 114, 115, 116, 117, 118, 119, 120, 121, 122, 123, 124, 125, 126, 127, 128, 129, 130, 131, 132, 133, 134, 135, 136, 137, 138, 139, 140, 141, 142, 143, 144, 145, 146, 147, 148, 149, 150, 151, 152, 153, 154, 155, 156, 157, 158, 159, 160, 161, 162, 163, 164, 165, 166, 167, 168, 169, 170, 171, 172, 173, 174, 175, 176, 177, 178, 179, 180, 181, 182, 183, 184, 185, 186, 187, 188, 189, 190, 191, 192, 193, 194, 195, 196, 197, 198, 199, 200, 201, 202, 203, 204, 205, 206, 207, 208, 209, 210, 211, 212, 213, 214, 215, 216, 217, 218, 219, 220, 221, 222, 223, 224, 225, 226, 227, 228, 229, 230, 231, 232, 233, 234, 235, 236, 237, 238, 239, 240, 241, 242, 243, 244, 245, 246, 247, 248, 249, 250, 251, 252, 253, 254, 255, 256, 257, 258, 259, 260, 261, 262, 263, 264, 265, 266, 267, 268, 269, 270, 271, 272, 273, 274, 275, 276, 277, 278, 279, 280, 281, 282, 283, 284, 285, 286, 287, 288, 289, 290, 291, 292, 293, 294, 295, 296, 297, 298, 299, 300, 301, 302, 303, 304, 305, 306, 307, 308, 309, 310, 311, 312, 313, 314, 315, 316, 317, 318, 319, 320, 321, 322, 323, 324, 325, 326, 327, 328, 329, 330, 331, 332, 333, 334, 335, 336, 337, 338, 339, 340, 341, 342, 343, 344, 345, 346, 347, 348, 349, 350, 351, 352, 353, 354, 355, 356, 357, 358, 359, 360, 361, 362, 363, 364, 365, 366, 367, 368, 369, 370, 371, 372, 373, 374, 375, 376, 377, 378, 379, 380, 381, 382, 383, 384, 385, 386, 387, 388, 389, 390, 391, 392, 393, 394, 395, 396, 397, 398, 399, 400]","{7: [RollingMean(window_size=7), RollingStd(window_size=7)], 30: [RollingMean(window_size=30)], 60: [ExpandingMean()], 14: [ExponentiallyWeightedMean(alpha=0.3)]}",lags_400_features_400,11.513124950730326,18.21401488314581,19.676081753389695,19.08889079775996,18.894442318233317,22.365175170937654,29.466677679582443,33.13841543740913,43.471008404438074,46.25031828700841,45.66683936340506
XGBRegressor,"AutoSeasonalityAndDifferences(max_diffs=380, max_season_length=267, n_seasons=10) | LocalBoxCox(lower=0.0, method=loglik, season_length=None, stats_=[[4.10226185e-05 0.00000000e+00]], upper=2.0)","[1, 2, 3, 4, 5, 6, 7, 8, 9, 10, 11, 12, 13, 14, 15, 16, 17, 18, 19, 20, 21, 22, 23, 24, 25, 26, 27, 28, 29, 30, 31, 32, 33, 34, 35, 36, 37, 38, 39, 40, 41, 42, 43, 44, 45, 46, 47, 48, 49, 50, 51, 52, 53, 54, 55, 56, 57, 58, 59, 60, 61, 62, 63, 64, 65, 66, 67, 68, 69, 70, 71, 72, 73, 74, 75, 76, 77, 78, 79, 80, 81, 82, 83, 84, 85, 86, 87, 88, 89, 90, 91, 92, 93, 94, 95, 96, 97, 98, 99, 100, 101, 102, 103, 104, 105, 106, 107, 108, 109, 110, 111, 112, 113, 114, 115, 116, 117, 118, 119, 120, 121, 122, 123, 124, 125, 126, 127, 128, 129, 130, 131, 132, 133, 134, 135, 136, 137, 138, 139, 140, 141, 142, 143, 144, 145, 146, 147, 148, 149, 150, 151, 152, 153, 154, 155, 156, 157, 158, 159, 160, 161, 162, 163, 164, 165, 166, 167, 168, 169, 170, 171, 172, 173, 174, 175, 176, 177, 178, 179, 180, 181, 182, 183, 184, 185, 186, 187, 188, 189, 190, 191, 192, 193, 194, 195, 196, 197, 198, 199, 200, 201, 202, 203, 204, 205, 206, 207, 208, 209, 210, 211, 212, 213, 214, 215, 216, 217, 218, 219, 220, 221, 222, 223, 224, 225, 226, 227, 228, 229, 230, 231, 232, 233, 234, 235, 236, 237, 238, 239, 240, 241, 242, 243, 244, 245, 246, 247, 248, 249, 250, 251, 252, 253, 254, 255, 256, 257, 258, 259, 260, 261, 262, 263, 264, 265, 266, 267, 268, 269, 270, 271, 272, 273, 274, 275, 276, 277, 278, 279, 280, 281, 282, 283, 284, 285, 286, 287, 288, 289, 290, 291, 292, 293, 294, 295, 296, 297, 298, 299, 300, 301, 302, 303, 304, 305, 306, 307, 308, 309, 310, 311, 312, 313, 314, 315, 316, 317, 318, 319, 320, 321, 322, 323, 324, 325, 326, 327, 328, 329, 330, 331, 332, 333, 334, 335, 336, 337, 338, 339, 340, 341, 342, 343, 344, 345, 346, 347, 348, 349, 350, 351, 352, 353, 354, 355, 356, 357, 358, 359, 360, 361, 362, 363, 364, 365, 366, 367, 368, 369, 370, 371, 372, 373, 374, 375, 376, 377, 378, 379, 380, 381, 382, 383, 384, 385, 386, 387, 388, 389, 390, 391, 392, 393, 394, 395, 396, 397, 398, 399, 400]","{1: [<function expanding_mean at 0x000002C58F7A04A0>], 7: [<function rolling_mean_14 at 0x000002C5930FAA20>], 30: [<function expanding_mean at 0x000002C58F7A04A0>]}",lags_400_features_400,15.14793845299468,20.60147773143728,21.09548354214588,20.595989696934947,19.675080503490747,20.24330682448908,25.68747605207331,30.088948038844183,43.37360004666542,51.43086546162125,51.02681157788881
LGBMRegressor,"AutoSeasonalityAndDifferences(max_diffs=380, max_season_length=267, n_seasons=10) | LocalBoxCox(lower=0.0, method=loglik, season_length=None, stats_=[[4.10226185e-05 0.00000000e+00]], upper=2.0)","[1, 2, 3, 4, 5, 6, 7, 8, 9, 10, 11, 12, 13, 14, 15, 16, 17, 18, 19, 20, 21, 22, 23, 24, 25, 26, 27, 28, 29, 30, 31, 32, 33, 34, 35, 36, 37, 38, 39, 40, 41, 42, 43, 44, 45, 46, 47, 48, 49, 50, 51, 52, 53, 54, 55, 56, 57, 58, 59, 60, 61, 62, 63, 64, 65, 66, 67, 68, 69, 70, 71, 72, 73, 74, 75, 76, 77, 78, 79, 80, 81, 82, 83, 84, 85, 86, 87, 88, 89, 90, 91, 92, 93, 94, 95, 96, 97, 98, 99, 100, 101, 102, 103, 104, 105, 106, 107, 108, 109, 110, 111, 112, 113, 114, 115, 116, 117, 118, 119, 120, 121, 122, 123, 124, 125, 126, 127, 128, 129, 130, 131, 132, 133, 134, 135, 136, 137, 138, 139, 140, 141, 142, 143, 144, 145, 146, 147, 148, 149, 150, 151, 152, 153, 154, 155, 156, 157, 158, 159, 160, 161, 162, 163, 164, 165, 166, 167, 168, 169, 170, 171, 172, 173, 174, 175, 176, 177, 178, 179, 180, 181, 182, 183, 184, 185, 186, 187, 188, 189, 190, 191, 192, 193, 194, 195, 196, 197, 198, 199, 200, 201, 202, 203, 204, 205, 206, 207, 208, 209, 210, 211, 212, 213, 214, 215, 216, 217, 218, 219, 220, 221, 222, 223, 224, 225, 226, 227, 228, 229, 230, 231, 232, 233, 234, 235, 236, 237, 238, 239, 240, 241, 242, 243, 244, 245, 246, 247, 248, 249, 250, 251, 252, 253, 254, 255, 256, 257, 258, 259, 260, 261, 262, 263, 264, 265, 266, 267, 268, 269, 270, 271, 272, 273, 274, 275, 276, 277, 278, 279, 280, 281, 282, 283, 284, 285, 286, 287, 288, 289, 290, 291, 292, 293, 294, 295, 296, 297, 298, 299, 300, 301, 302, 303, 304, 305, 306, 307, 308, 309, 310, 311, 312, 313, 314, 315, 316, 317, 318, 319, 320, 321, 322, 323, 324, 325, 326, 327, 328, 329, 330, 331, 332, 333, 334, 335, 336, 337, 338, 339, 340, 341, 342, 343, 344, 345, 346, 347, 348, 349, 350, 351, 352, 353, 354, 355, 356, 357, 358, 359, 360, 361, 362, 363, 364, 365, 366, 367, 368, 369, 370, 371, 372, 373, 374, 375, 376, 377, 378, 379, 380, 381, 382, 383, 384, 385, 386, 387, 388, 389, 390, 391, 392, 393, 394, 395, 396, 397, 398, 399, 400]","{1: [<function expanding_mean at 0x000002C58F7A04A0>], 7: [<function rolling_mean_14 at 0x000002C5930FAA20>], 30: [<function expanding_mean at 0x000002C58F7A04A0>]}",lags_400_features_400,8.715701816573672,16.351219915948516,18.378988951177462,18.048659241925687,18.16172256495352,20.705990939964106,28.07467609633872,31.34942975705057,44.90384149576229,48.90924176261629,48.030387272356826
XGBRegressor,"AutoSeasonalityAndDifferences(max_diffs=380, max_season_length=267, n_seasons=10) | LocalBoxCox(lower=0.0, method=loglik, season_length=None, stats_=[[4.10226185e-05 0.00000000e+00]], upper=2.0)","[1, 2, 3, 4, 5, 6, 7, 8, 9, 10, 11, 12, 13, 14, 15, 16, 17, 18, 19, 20, 21, 22, 23, 24, 25, 26, 27, 28, 29, 30, 31, 32, 33, 34, 35, 36, 37, 38, 39, 40, 41, 42, 43, 44, 45, 46, 47, 48, 49, 50, 51, 52, 53, 54, 55, 56, 57, 58, 59, 60, 61, 62, 63, 64, 65, 66, 67, 68, 69, 70, 71, 72, 73, 74, 75, 76, 77, 78, 79, 80, 81, 82, 83, 84, 85, 86, 87, 88, 89, 90, 91, 92, 93, 94, 95, 96, 97, 98, 99, 100, 101, 102, 103, 104, 105, 106, 107, 108, 109, 110, 111, 112, 113, 114, 115, 116, 117, 118, 119, 120, 121, 122, 123, 124, 125, 126, 127, 128, 129, 130, 131, 132, 133, 134, 135, 136, 137, 138, 139, 140, 141, 142, 143, 144, 145, 146, 147, 148, 149, 150, 151, 152, 153, 154, 155, 156, 157, 158, 159, 160, 161, 162, 163, 164, 165, 166, 167, 168, 169, 170, 171, 172, 173, 174, 175, 176, 177, 178, 179, 180, 181, 182, 183, 184, 185, 186, 187, 188, 189, 190, 191, 192, 193, 194, 195, 196, 197, 198, 199, 200, 201, 202, 203, 204, 205, 206, 207, 208, 209, 210, 211, 212, 213, 214, 215, 216, 217, 218, 219, 220, 221, 222, 223, 224, 225, 226, 227, 228, 229, 230, 231, 232, 233, 234, 235, 236, 237, 238, 239, 240, 241, 242, 243, 244, 245, 246, 247, 248, 249, 250, 251, 252, 253, 254, 255, 256, 257, 258, 259, 260, 261, 262, 263, 264, 265, 266, 267, 268, 269, 270, 271, 272, 273, 274, 275, 276, 277, 278, 279, 280, 281, 282, 283, 284, 285, 286, 287, 288, 289, 290, 291, 292, 293, 294, 295, 296, 297, 298, 299, 300, 301, 302, 303, 304, 305, 306, 307, 308, 309, 310, 311, 312, 313, 314, 315, 316, 317, 318, 319, 320, 321, 322, 323, 324, 325, 326, 327, 328, 329, 330, 331, 332, 333, 334, 335, 336, 337, 338, 339, 340, 341, 342, 343, 344, 345, 346, 347, 348, 349, 350, 351, 352, 353, 354, 355, 356, 357, 358, 359, 360, 361, 362, 363, 364, 365, 366, 367, 368, 369, 370, 371, 372, 373, 374, 375, 376, 377, 378, 379, 380, 381, 382, 383, 384, 385, 386, 387, 388, 389, 390, 391, 392, 393, 394, 395, 396, 397, 398, 399, 400]","{1: [<function rolling_mean_14 at 0x000002C5930FAA20>], 7: [<function rolling_mean_30 at 0x000002C58DBF9260>], 30: [<function expanding_mean at 0x000002C58F7A04A0>]}",lags_400_features_400,13.61723209995269,19.387403450722182,20.56553802355656,19.756882797673033,20.031047063441974,20.046605678543862,26.1800889437715,35.81891421540902,47.07556002332785,53.61748436748196,52.83435644895079
LGBMRegressor,"AutoSeasonalityAndDifferences(max_diffs=380, max_season_length=267, n_seasons=10) | LocalBoxCox(lower=0.0, method=loglik, season_length=None, stats_=[[4.10226185e-05 0.00000000e+00]], upper=2.0)","[1, 2, 3, 4, 5, 6, 7, 8, 9, 10, 11, 12, 13, 14, 15, 16, 17, 18, 19, 20, 21, 22, 23, 24, 25, 26, 27, 28, 29, 30, 31, 32, 33, 34, 35, 36, 37, 38, 39, 40, 41, 42, 43, 44, 45, 46, 47, 48, 49, 50, 51, 52, 53, 54, 55, 56, 57, 58, 59, 60, 61, 62, 63, 64, 65, 66, 67, 68, 69, 70, 71, 72, 73, 74, 75, 76, 77, 78, 79, 80, 81, 82, 83, 84, 85, 86, 87, 88, 89, 90, 91, 92, 93, 94, 95, 96, 97, 98, 99, 100, 101, 102, 103, 104, 105, 106, 107, 108, 109, 110, 111, 112, 113, 114, 115, 116, 117, 118, 119, 120, 121, 122, 123, 124, 125, 126, 127, 128, 129, 130, 131, 132, 133, 134, 135, 136, 137, 138, 139, 140, 141, 142, 143, 144, 145, 146, 147, 148, 149, 150, 151, 152, 153, 154, 155, 156, 157, 158, 159, 160, 161, 162, 163, 164, 165, 166, 167, 168, 169, 170, 171, 172, 173, 174, 175, 176, 177, 178, 179, 180, 181, 182, 183, 184, 185, 186, 187, 188, 189, 190, 191, 192, 193, 194, 195, 196, 197, 198, 199, 200, 201, 202, 203, 204, 205, 206, 207, 208, 209, 210, 211, 212, 213, 214, 215, 216, 217, 218, 219, 220, 221, 222, 223, 224, 225, 226, 227, 228, 229, 230, 231, 232, 233, 234, 235, 236, 237, 238, 239, 240, 241, 242, 243, 244, 245, 246, 247, 248, 249, 250, 251, 252, 253, 254, 255, 256, 257, 258, 259, 260, 261, 262, 263, 264, 265, 266, 267, 268, 269, 270, 271, 272, 273, 274, 275, 276, 277, 278, 279, 280, 281, 282, 283, 284, 285, 286, 287, 288, 289, 290, 291, 292, 293, 294, 295, 296, 297, 298, 299, 300, 301, 302, 303, 304, 305, 306, 307, 308, 309, 310, 311, 312, 313, 314, 315, 316, 317, 318, 319, 320, 321, 322, 323, 324, 325, 326, 327, 328, 329, 330, 331, 332, 333, 334, 335, 336, 337, 338, 339, 340, 341, 342, 343, 344, 345, 346, 347, 348, 349, 350, 351, 352, 353, 354, 355, 356, 357, 358, 359, 360, 361, 362, 363, 364, 365, 366, 367, 368, 369, 370, 371, 372, 373, 374, 375, 376, 377, 378, 379, 380, 381, 382, 383, 384, 385, 386, 387, 388, 389, 390, 391, 392, 393, 394, 395, 396, 397, 398, 399, 400]","{1: [<function rolling_mean_14 at 0x000002C5930FAA20>], 7: [<function rolling_mean_30 at 0x000002C58DBF9260>], 30: [<function expanding_mean at 0x000002C58F7A04A0>]}",lags_400_features_400,10.309758840402242,17.03986165633164,18.621221715422294,18.08709132478563,17.936238863055927,19.696043454902156,25.992173245601464,31.092533175507548,43.88355888056407,51.620221071013994,51.371134721452485
XGBRegressor,"AutoSeasonalityAndDifferences(max_diffs=380, max_season_length=267, n_seasons=10) | LocalBoxCox(lower=0.0, method=loglik, season_length=None, stats_=[[4.10226185e-05 0.00000000e+00]], upper=2.0)","[1, 2, 3, 4, 5, 6, 7, 8, 9, 10, 11, 12, 13, 14, 15, 16, 17, 18, 19, 20, 21, 22, 23, 24, 25, 26, 27, 28, 29, 30, 31, 32, 33, 34, 35, 36, 37, 38, 39, 40, 41, 42, 43, 44, 45, 46, 47, 48, 49, 50, 51, 52, 53, 54, 55, 56, 57, 58, 59, 60, 61, 62, 63, 64, 65, 66, 67, 68, 69, 70, 71, 72, 73, 74, 75, 76, 77, 78, 79, 80, 81, 82, 83, 84, 85, 86, 87, 88, 89, 90, 91, 92, 93, 94, 95, 96, 97, 98, 99, 100, 101, 102, 103, 104, 105, 106, 107, 108, 109, 110, 111, 112, 113, 114, 115, 116, 117, 118, 119, 120, 121, 122, 123, 124, 125, 126, 127, 128, 129, 130, 131, 132, 133, 134, 135, 136, 137, 138, 139, 140, 141, 142, 143, 144, 145, 146, 147, 148, 149, 150, 151, 152, 153, 154, 155, 156, 157, 158, 159, 160, 161, 162, 163, 164, 165, 166, 167, 168, 169, 170, 171, 172, 173, 174, 175, 176, 177, 178, 179, 180, 181, 182, 183, 184, 185, 186, 187, 188, 189, 190, 191, 192, 193, 194, 195, 196, 197, 198, 199, 200, 201, 202, 203, 204, 205, 206, 207, 208, 209, 210, 211, 212, 213, 214, 215, 216, 217, 218, 219, 220, 221, 222, 223, 224, 225, 226, 227, 228, 229, 230, 231, 232, 233, 234, 235, 236, 237, 238, 239, 240, 241, 242, 243, 244, 245, 246, 247, 248, 249, 250, 251, 252, 253, 254, 255, 256, 257, 258, 259, 260, 261, 262, 263, 264, 265, 266, 267, 268, 269, 270, 271, 272, 273, 274, 275, 276, 277, 278, 279, 280, 281, 282, 283, 284, 285, 286, 287, 288, 289, 290, 291, 292, 293, 294, 295, 296, 297, 298, 299, 300, 301, 302, 303, 304, 305, 306, 307, 308, 309, 310, 311, 312, 313, 314, 315, 316, 317, 318, 319, 320, 321, 322, 323, 324, 325, 326, 327, 328, 329, 330, 331, 332, 333, 334, 335, 336, 337, 338, 339, 340, 341, 342, 343, 344, 345, 346, 347, 348, 349, 350, 351, 352, 353, 354, 355, 356, 357, 358, 359, 360, 361, 362, 363, 364, 365, 366, 367, 368, 369, 370, 371, 372, 373, 374, 375, 376, 377, 378, 379, 380, 381, 382, 383, 384, 385, 386, 387, 388, 389, 390, 391, 392, 393, 394, 395, 396, 397, 398, 399, 400]","{7: [RollingMean(window_size=7)], 30: [RollingMean(window_size=30)], 60: [RollingMean(window_size=60)]}",lags_400_features_400,12.803345606818347,19.92377843116605,20.850424631587032,20.069112287214747,19.912958398681212,20.426003891986706,25.19057811488882,30.909991325853,44.46950390567866,48.35749193013433,47.837560689002785
LGBMRegressor,"AutoSeasonalityAndDifferences(max_diffs=380, max_season_length=267, n_seasons=10) | LocalBoxCox(lower=0.0, method=loglik, season_length=None, stats_=[[4.10226185e-05 0.00000000e+00]], upper=2.0)","[1, 2, 3, 4, 5, 6, 7, 8, 9, 10, 11, 12, 13, 14, 15, 16, 17, 18, 19, 20, 21, 22, 23, 24, 25, 26, 27, 28, 29, 30, 31, 32, 33, 34, 35, 36, 37, 38, 39, 40, 41, 42, 43, 44, 45, 46, 47, 48, 49, 50, 51, 52, 53, 54, 55, 56, 57, 58, 59, 60, 61, 62, 63, 64, 65, 66, 67, 68, 69, 70, 71, 72, 73, 74, 75, 76, 77, 78, 79, 80, 81, 82, 83, 84, 85, 86, 87, 88, 89, 90, 91, 92, 93, 94, 95, 96, 97, 98, 99, 100, 101, 102, 103, 104, 105, 106, 107, 108, 109, 110, 111, 112, 113, 114, 115, 116, 117, 118, 119, 120, 121, 122, 123, 124, 125, 126, 127, 128, 129, 130, 131, 132, 133, 134, 135, 136, 137, 138, 139, 140, 141, 142, 143, 144, 145, 146, 147, 148, 149, 150, 151, 152, 153, 154, 155, 156, 157, 158, 159, 160, 161, 162, 163, 164, 165, 166, 167, 168, 169, 170, 171, 172, 173, 174, 175, 176, 177, 178, 179, 180, 181, 182, 183, 184, 185, 186, 187, 188, 189, 190, 191, 192, 193, 194, 195, 196, 197, 198, 199, 200, 201, 202, 203, 204, 205, 206, 207, 208, 209, 210, 211, 212, 213, 214, 215, 216, 217, 218, 219, 220, 221, 222, 223, 224, 225, 226, 227, 228, 229, 230, 231, 232, 233, 234, 235, 236, 237, 238, 239, 240, 241, 242, 243, 244, 245, 246, 247, 248, 249, 250, 251, 252, 253, 254, 255, 256, 257, 258, 259, 260, 261, 262, 263, 264, 265, 266, 267, 268, 269, 270, 271, 272, 273, 274, 275, 276, 277, 278, 279, 280, 281, 282, 283, 284, 285, 286, 287, 288, 289, 290, 291, 292, 293, 294, 295, 296, 297, 298, 299, 300, 301, 302, 303, 304, 305, 306, 307, 308, 309, 310, 311, 312, 313, 314, 315, 316, 317, 318, 319, 320, 321, 322, 323, 324, 325, 326, 327, 328, 329, 330, 331, 332, 333, 334, 335, 336, 337, 338, 339, 340, 341, 342, 343, 344, 345, 346, 347, 348, 349, 350, 351, 352, 353, 354, 355, 356, 357, 358, 359, 360, 361, 362, 363, 364, 365, 366, 367, 368, 369, 370, 371, 372, 373, 374, 375, 376, 377, 378, 379, 380, 381, 382, 383, 384, 385, 386, 387, 388, 389, 390, 391, 392, 393, 394, 395, 396, 397, 398, 399, 400]","{7: [RollingMean(window_size=7)], 30: [RollingMean(window_size=30)], 60: [RollingMean(window_size=60)]}",lags_400_features_400,9.68206640664076,16.418777832411692,17.92432346537619,17.742176553254918,17.654939298147966,19.44600898498912,24.291796779412095,28.39723118914113,42.56970090458795,52.19893743518409,51.783580091147755
XGBRegressor,"AutoSeasonalityAndDifferences(max_diffs=380, max_season_length=267, n_seasons=10) | LocalBoxCox(lower=0.0, method=loglik, season_length=None, stats_=[[4.10226185e-05 0.00000000e+00]], upper=2.0)","[1, 2, 3, 4, 5, 6, 7, 8, 9, 10, 11, 12, 13, 14, 15, 16, 17, 18, 19, 20, 21, 22, 23, 24, 25, 26, 27, 28, 29, 30, 31, 32, 33, 34, 35, 36, 37, 38, 39, 40, 41, 42, 43, 44, 45, 46, 47, 48, 49, 50, 51, 52, 53, 54, 55, 56, 57, 58, 59, 60, 61, 62, 63, 64, 65, 66, 67, 68, 69, 70, 71, 72, 73, 74, 75, 76, 77, 78, 79, 80, 81, 82, 83, 84, 85, 86, 87, 88, 89, 90, 91, 92, 93, 94, 95, 96, 97, 98, 99, 100, 101, 102, 103, 104, 105, 106, 107, 108, 109, 110, 111, 112, 113, 114, 115, 116, 117, 118, 119, 120, 121, 122, 123, 124, 125, 126, 127, 128, 129, 130, 131, 132, 133, 134, 135, 136, 137, 138, 139, 140, 141, 142, 143, 144, 145, 146, 147, 148, 149, 150, 151, 152, 153, 154, 155, 156, 157, 158, 159, 160, 161, 162, 163, 164, 165, 166, 167, 168, 169, 170, 171, 172, 173, 174, 175, 176, 177, 178, 179, 180, 181, 182, 183, 184, 185, 186, 187, 188, 189, 190, 191, 192, 193, 194, 195, 196, 197, 198, 199, 200, 201, 202, 203, 204, 205, 206, 207, 208, 209, 210, 211, 212, 213, 214, 215, 216, 217, 218, 219, 220, 221, 222, 223, 224, 225, 226, 227, 228, 229, 230, 231, 232, 233, 234, 235, 236, 237, 238, 239, 240, 241, 242, 243, 244, 245, 246, 247, 248, 249, 250, 251, 252, 253, 254, 255, 256, 257, 258, 259, 260, 261, 262, 263, 264, 265, 266, 267, 268, 269, 270, 271, 272, 273, 274, 275, 276, 277, 278, 279, 280, 281, 282, 283, 284, 285, 286, 287, 288, 289, 290, 291, 292, 293, 294, 295, 296, 297, 298, 299, 300, 301, 302, 303, 304, 305, 306, 307, 308, 309, 310, 311, 312, 313, 314, 315, 316, 317, 318, 319, 320, 321, 322, 323, 324, 325, 326, 327, 328, 329, 330, 331, 332, 333, 334, 335, 336, 337, 338, 339, 340, 341, 342, 343, 344, 345, 346, 347, 348, 349, 350, 351, 352, 353, 354, 355, 356, 357, 358, 359, 360, 361, 362, 363, 364, 365, 366, 367, 368, 369, 370, 371, 372, 373, 374, 375, 376, 377, 378, 379, 380, 381, 382, 383, 384, 385, 386, 387, 388, 389, 390, 391, 392, 393, 394, 395, 396, 397, 398, 399, 400]","{7: [RollingMean(window_size=7), RollingStd(window_size=7)], 30: [RollingMean(window_size=30)], 60: [ExpandingMean()], 14: [ExponentiallyWeightedMean(alpha=0.3)]}",lags_400_features_400,13.405210255446542,20.21421305936922,21.13231995033085,20.474251723654564,20.116988039535887,20.479071921911757,24.600945851525157,29.76426945574189,43.29242685082043,46.191386874932235,45.67290325835421
LGBMRegressor,"AutoSeasonalityAndDifferences(max_diffs=380, max_season_length=267, n_seasons=10) | LocalBoxCox(lower=0.0, method=loglik, season_length=None, stats_=[[4.10226185e-05 0.00000000e+00]], upper=2.0)","[1, 2, 3, 4, 5, 6, 7, 8, 9, 10, 11, 12, 13, 14, 15, 16, 17, 18, 19, 20, 21, 22, 23, 24, 25, 26, 27, 28, 29, 30, 31, 32, 33, 34, 35, 36, 37, 38, 39, 40, 41, 42, 43, 44, 45, 46, 47, 48, 49, 50, 51, 52, 53, 54, 55, 56, 57, 58, 59, 60, 61, 62, 63, 64, 65, 66, 67, 68, 69, 70, 71, 72, 73, 74, 75, 76, 77, 78, 79, 80, 81, 82, 83, 84, 85, 86, 87, 88, 89, 90, 91, 92, 93, 94, 95, 96, 97, 98, 99, 100, 101, 102, 103, 104, 105, 106, 107, 108, 109, 110, 111, 112, 113, 114, 115, 116, 117, 118, 119, 120, 121, 122, 123, 124, 125, 126, 127, 128, 129, 130, 131, 132, 133, 134, 135, 136, 137, 138, 139, 140, 141, 142, 143, 144, 145, 146, 147, 148, 149, 150, 151, 152, 153, 154, 155, 156, 157, 158, 159, 160, 161, 162, 163, 164, 165, 166, 167, 168, 169, 170, 171, 172, 173, 174, 175, 176, 177, 178, 179, 180, 181, 182, 183, 184, 185, 186, 187, 188, 189, 190, 191, 192, 193, 194, 195, 196, 197, 198, 199, 200, 201, 202, 203, 204, 205, 206, 207, 208, 209, 210, 211, 212, 213, 214, 215, 216, 217, 218, 219, 220, 221, 222, 223, 224, 225, 226, 227, 228, 229, 230, 231, 232, 233, 234, 235, 236, 237, 238, 239, 240, 241, 242, 243, 244, 245, 246, 247, 248, 249, 250, 251, 252, 253, 254, 255, 256, 257, 258, 259, 260, 261, 262, 263, 264, 265, 266, 267, 268, 269, 270, 271, 272, 273, 274, 275, 276, 277, 278, 279, 280, 281, 282, 283, 284, 285, 286, 287, 288, 289, 290, 291, 292, 293, 294, 295, 296, 297, 298, 299, 300, 301, 302, 303, 304, 305, 306, 307, 308, 309, 310, 311, 312, 313, 314, 315, 316, 317, 318, 319, 320, 321, 322, 323, 324, 325, 326, 327, 328, 329, 330, 331, 332, 333, 334, 335, 336, 337, 338, 339, 340, 341, 342, 343, 344, 345, 346, 347, 348, 349, 350, 351, 352, 353, 354, 355, 356, 357, 358, 359, 360, 361, 362, 363, 364, 365, 366, 367, 368, 369, 370, 371, 372, 373, 374, 375, 376, 377, 378, 379, 380, 381, 382, 383, 384, 385, 386, 387, 388, 389, 390, 391, 392, 393, 394, 395, 396, 397, 398, 399, 400]","{7: [RollingMean(window_size=7), RollingStd(window_size=7)], 30: [RollingMean(window_size=30)], 60: [ExpandingMean()], 14: [ExponentiallyWeightedMean(alpha=0.3)]}",lags_400_features_400,10.066616551038573,16.35432726730893,18.163609638621487,18.512460722809752,18.087630635967077,20.60790363425995,26.162862386712327,29.827303610748146,43.27011930608568,52.54074901675666,52.25506236005465
