Model,Transforms,Lags,Lag Transforms,Lag Name,test_30_days,test_60_days,test_90_days,test_120_days,test_150_days,test_180_days,test_240_days,test_300_days,test_360_days,test_480_days,test_600_days,test_720_days,test_1180_days
SGDRegressor,AutoDifferences(max_diffs=58),"[1, 11, 12, 13]","{1: [<function expanding_mean at 0x000001E2411D2700>], 7: [<function rolling_mean_14 at 0x000001E23EC53100>], 30: [<function expanding_mean at 0x000001E2411D2700>]}",lags_15_features_4,23.576436908302828,18.301077718538465,28.311599695949162,38.19208690966074,46.12217528757236,53.37528992394323,101.91406711176516,689.9198495116017,4615.778160057632,36985.290744876336,219361.5590255849,18068147.113878634,819197508451.7245
SGDRegressor,AutoDifferences(max_diffs=58),"[1, 11, 12, 13]","{1: [<function rolling_mean_14 at 0x000001E23EC53100>], 7: [<function rolling_mean_30 at 0x000001E23985AAC0>], 30: [<function expanding_mean at 0x000001E2411D2700>]}",lags_15_features_4,54.447917687319325,95.18083425030154,106.37381888992901,111.71668260861196,108.99773901060395,99.67612869624607,111.50130186942684,260.90494016912317,573.8610005320537,866.6551828240857,818.7918188038241,1355.0322734183235,2966.807949882865
SGDRegressor,LocalStandardScaler(stats_=[[23.72758399  8.1911904 ]]),"[1, 11, 12, 13]","{1: [<function expanding_mean at 0x000001E2411D2700>], 7: [<function rolling_mean_14 at 0x000001E23EC53100>], 30: [<function expanding_mean at 0x000001E2411D2700>]}",lags_15_features_4,19.49258339313351,18.58472033090304,21.792443709281955,27.586903527137853,34.596606338055125,41.61951647435216,47.57386641799559,45.40031230121218,55.74804354218909,53.85584149105881,55.76049312252652,61.534895517975855,70.36110738104388
SGDRegressor,LocalStandardScaler(stats_=[[23.72758399  8.1911904 ]]),"[1, 11, 12, 13]","{1: [<function rolling_mean_14 at 0x000001E23EC53100>], 7: [<function rolling_mean_30 at 0x000001E23985AAC0>], 30: [<function expanding_mean at 0x000001E2411D2700>]}",lags_15_features_4,20.10267202146993,19.305551762296076,22.094300830062114,27.5336026399435,34.37411666374802,41.34548829728421,47.270975267606765,45.249098967405175,56.07519166302096,54.4532484035417,56.122262504998,62.13623326708172,71.35867156178033
SGDRegressor,LocalMinMaxScaler(stats_=[[ 6.43602225 51.46668796]]),"[1, 11, 12, 13]","{1: [<function expanding_mean at 0x000001E2411D2700>], 7: [<function rolling_mean_14 at 0x000001E23EC53100>], 30: [<function expanding_mean at 0x000001E2411D2700>]}",lags_15_features_4,31.83997936702025,39.72752542068315,36.212540633791725,33.625491504213564,34.10147769721183,39.99389402649384,49.67671177179568,47.73876362903046,58.839938979637,63.59092557957635,63.518504101444925,68.51316761158432,83.35760231204745
SGDRegressor,LocalMinMaxScaler(stats_=[[ 6.43602225 51.46668796]]),"[1, 11, 12, 13]","{1: [<function rolling_mean_14 at 0x000001E23EC53100>], 7: [<function rolling_mean_30 at 0x000001E23985AAC0>], 30: [<function expanding_mean at 0x000001E2411D2700>]}",lags_15_features_4,28.211801451514912,35.030080581422105,32.609851625094684,31.227842773994702,32.59522075025079,38.95243184693504,49.079160423532095,47.19274448416525,57.048796945623856,60.70291459160034,61.45727870231872,65.99031647570429,79.67262486998604
SGDRegressor,"LocalBoxCox(lower=0.0, method=loglik, season_length=None, stats_=[[0.35923009 0.        ]], upper=2.0)","[1, 11, 12, 13]","{1: [<function expanding_mean at 0x000001E2411D2700>], 7: [<function rolling_mean_14 at 0x000001E23EC53100>], 30: [<function expanding_mean at 0x000001E2411D2700>]}",lags_15_features_4,34.28216164121052,42.49418148590815,38.4240956740331,35.039185740329245,34.38920462563824,39.33072546675374,47.30624760223383,45.87757759064499,61.2829914034683,69.47652353483225,66.86109971902479,74.29044485093296,93.85098313008075
SGDRegressor,"LocalBoxCox(lower=0.0, method=loglik, season_length=None, stats_=[[0.35923009 0.        ]], upper=2.0)","[1, 11, 12, 13]","{1: [<function rolling_mean_14 at 0x000001E23EC53100>], 7: [<function rolling_mean_30 at 0x000001E23985AAC0>], 30: [<function expanding_mean at 0x000001E2411D2700>]}",lags_15_features_4,22.48006611092809,19.800587530690994,21.33535116241598,24.61013139106555,29.020779033021977,36.53648160632138,48.56862777539821,48.260998944659256,48.49696727330652,45.99161210379941,51.118123827141005,51.78046152917138,55.81134136657031
SGDRegressor,AutoDifferences(max_diffs=58) | LocalStandardScaler(stats_=[[-0.05947542  8.29037023]]),"[1, 11, 12, 13]","{1: [<function expanding_mean at 0x000001E2411D2700>], 7: [<function rolling_mean_14 at 0x000001E23EC53100>], 30: [<function expanding_mean at 0x000001E2411D2700>]}",lags_15_features_4,26.387672624516235,34.940542360180096,33.25192894942775,31.260302620214404,31.376841920215615,35.25237154650927,37.72454622240374,58.54685841256867,117.22507139894378,157.46973461762923,136.2060049076068,209.77190054860068,399.39261858694437
SGDRegressor,AutoDifferences(max_diffs=58) | LocalStandardScaler(stats_=[[-0.05947542  8.29037023]]),"[1, 11, 12, 13]","{1: [<function rolling_mean_14 at 0x000001E23EC53100>], 7: [<function rolling_mean_30 at 0x000001E23985AAC0>], 30: [<function expanding_mean at 0x000001E2411D2700>]}",lags_15_features_4,43.117735741501036,88.99412942286433,127.29997050686872,157.77899692091694,177.16848141561104,184.81443531343743,206.3897593726931,300.42389343460667,481.1771457001857,662.6175017746149,644.2743469255286,943.4101080828883,1802.8324141563526
SGDRegressor,AutoDifferences(max_diffs=58) | LocalMinMaxScaler(stats_=[[-29.0915991   62.86678319]]),"[1, 11, 12, 13]","{1: [<function expanding_mean at 0x000001E2411D2700>], 7: [<function rolling_mean_14 at 0x000001E23EC53100>], 30: [<function expanding_mean at 0x000001E2411D2700>]}",lags_15_features_4,705.3250564368777,1658.1448803142625,2286.4981116678846,2801.819314611378,3102.9677861102628,3146.100089862763,3333.5839426667453,4656.348447525429,7019.593518113045,9432.622385052293,9175.812878112496,12989.968529708302,23933.286371207065
SGDRegressor,AutoDifferences(max_diffs=58) | LocalMinMaxScaler(stats_=[[-29.0915991   62.86678319]]),"[1, 11, 12, 13]","{1: [<function rolling_mean_14 at 0x000001E23EC53100>], 7: [<function rolling_mean_30 at 0x000001E23985AAC0>], 30: [<function expanding_mean at 0x000001E2411D2700>]}",lags_15_features_4,663.230924747683,1569.0505234348902,2172.5976601931834,2671.553621379278,2966.236185790504,3011.8263092153807,3179.606998334377,4364.849435155225,6453.25829131966,8620.566891810859,8409.149443528955,11811.062064095759,21613.483127352196
SGDRegressor,"AutoSeasonalDifferences(max_diffs=58, n_seasons=10, season_length=38) | LocalStandardScaler(stats_=[[23.72758399  8.1911904 ]])","[1, 11, 12, 13]","{1: [<function expanding_mean at 0x000001E2411D2700>], 7: [<function rolling_mean_14 at 0x000001E23EC53100>], 30: [<function expanding_mean at 0x000001E2411D2700>]}",lags_15_features_4,19.49258339313351,18.58472033090304,21.792443709281955,27.586903527137853,34.596606338055125,41.61951647435216,47.57386641799559,45.40031230121218,55.74804354218909,53.85584149105881,55.76049312252652,61.534895517975855,70.36110738104388
SGDRegressor,"AutoSeasonalDifferences(max_diffs=58, n_seasons=10, season_length=38) | LocalStandardScaler(stats_=[[23.72758399  8.1911904 ]])","[1, 11, 12, 13]","{1: [<function rolling_mean_14 at 0x000001E23EC53100>], 7: [<function rolling_mean_30 at 0x000001E23985AAC0>], 30: [<function expanding_mean at 0x000001E2411D2700>]}",lags_15_features_4,20.10267202146993,19.305551762296076,22.094300830062114,27.5336026399435,34.37411666374802,41.34548829728421,47.270975267606765,45.249098967405175,56.07519166302096,54.4532484035417,56.122262504998,62.13623326708172,71.35867156178033
SGDRegressor,"AutoSeasonalDifferences(max_diffs=58, n_seasons=10, season_length=38) | LocalMinMaxScaler(stats_=[[ 6.43602225 51.46668796]])","[1, 11, 12, 13]","{1: [<function expanding_mean at 0x000001E2411D2700>], 7: [<function rolling_mean_14 at 0x000001E23EC53100>], 30: [<function expanding_mean at 0x000001E2411D2700>]}",lags_15_features_4,31.83997936702025,39.72752542068315,36.212540633791725,33.625491504213564,34.10147769721183,39.99389402649384,49.67671177179568,47.73876362903046,58.839938979637,63.59092557957635,63.518504101444925,68.51316761158432,83.35760231204745
SGDRegressor,"AutoSeasonalDifferences(max_diffs=58, n_seasons=10, season_length=38) | LocalMinMaxScaler(stats_=[[ 6.43602225 51.46668796]])","[1, 11, 12, 13]","{1: [<function rolling_mean_14 at 0x000001E23EC53100>], 7: [<function rolling_mean_30 at 0x000001E23985AAC0>], 30: [<function expanding_mean at 0x000001E2411D2700>]}",lags_15_features_4,28.211801451514912,35.030080581422105,32.609851625094684,31.227842773994702,32.59522075025079,38.95243184693504,49.079160423532095,47.19274448416525,57.048796945623856,60.70291459160034,61.45727870231872,65.99031647570429,79.67262486998604
SGDRegressor,"AutoSeasonalDifferences(max_diffs=58, n_seasons=10, season_length=38) | LocalBoxCox(lower=0.0, method=loglik, season_length=None, stats_=[[0.35923009 0.        ]], upper=2.0)","[1, 11, 12, 13]","{1: [<function expanding_mean at 0x000001E2411D2700>], 7: [<function rolling_mean_14 at 0x000001E23EC53100>], 30: [<function expanding_mean at 0x000001E2411D2700>]}",lags_15_features_4,34.28216164121052,42.49418148590815,38.4240956740331,35.039185740329245,34.38920462563824,39.33072546675374,47.30624760223383,45.87757759064499,61.2829914034683,69.47652353483225,66.86109971902479,74.29044485093296,93.85098313008075
SGDRegressor,"AutoSeasonalDifferences(max_diffs=58, n_seasons=10, season_length=38) | LocalBoxCox(lower=0.0, method=loglik, season_length=None, stats_=[[0.35923009 0.        ]], upper=2.0)","[1, 11, 12, 13]","{1: [<function rolling_mean_14 at 0x000001E23EC53100>], 7: [<function rolling_mean_30 at 0x000001E23985AAC0>], 30: [<function expanding_mean at 0x000001E2411D2700>]}",lags_15_features_4,22.48006611092809,19.800587530690994,21.33535116241598,24.61013139106555,29.020779033021977,36.53648160632138,48.56862777539821,48.260998944659256,48.49696727330652,45.99161210379941,51.118123827141005,51.78046152917138,55.81134136657031
SGDRegressor,"AutoSeasonalityAndDifferences(max_diffs=58, max_season_length=38, n_seasons=10) | LocalStandardScaler(stats_=[[23.72758399  8.1911904 ]])","[1, 11, 12, 13]","{1: [<function expanding_mean at 0x000001E2411D2700>], 7: [<function rolling_mean_14 at 0x000001E23EC53100>], 30: [<function expanding_mean at 0x000001E2411D2700>]}",lags_15_features_4,19.49258339313351,18.58472033090304,21.792443709281955,27.586903527137853,34.596606338055125,41.61951647435216,47.57386641799559,45.40031230121218,55.74804354218909,53.85584149105881,55.76049312252652,61.534895517975855,70.36110738104388
SGDRegressor,"AutoSeasonalityAndDifferences(max_diffs=58, max_season_length=38, n_seasons=10) | LocalStandardScaler(stats_=[[23.72758399  8.1911904 ]])","[1, 11, 12, 13]","{1: [<function rolling_mean_14 at 0x000001E23EC53100>], 7: [<function rolling_mean_30 at 0x000001E23985AAC0>], 30: [<function expanding_mean at 0x000001E2411D2700>]}",lags_15_features_4,20.10267202146993,19.305551762296076,22.094300830062114,27.5336026399435,34.37411666374802,41.34548829728421,47.270975267606765,45.249098967405175,56.07519166302096,54.4532484035417,56.122262504998,62.13623326708172,71.35867156178033
SGDRegressor,"AutoSeasonalityAndDifferences(max_diffs=58, max_season_length=38, n_seasons=10) | LocalMinMaxScaler(stats_=[[ 6.43602225 51.46668796]])","[1, 11, 12, 13]","{1: [<function expanding_mean at 0x000001E2411D2700>], 7: [<function rolling_mean_14 at 0x000001E23EC53100>], 30: [<function expanding_mean at 0x000001E2411D2700>]}",lags_15_features_4,31.83997936702025,39.72752542068315,36.212540633791725,33.625491504213564,34.10147769721183,39.99389402649384,49.67671177179568,47.73876362903046,58.839938979637,63.59092557957635,63.518504101444925,68.51316761158432,83.35760231204745
SGDRegressor,"AutoSeasonalityAndDifferences(max_diffs=58, max_season_length=38, n_seasons=10) | LocalMinMaxScaler(stats_=[[ 6.43602225 51.46668796]])","[1, 11, 12, 13]","{1: [<function rolling_mean_14 at 0x000001E23EC53100>], 7: [<function rolling_mean_30 at 0x000001E23985AAC0>], 30: [<function expanding_mean at 0x000001E2411D2700>]}",lags_15_features_4,28.211801451514912,35.030080581422105,32.609851625094684,31.227842773994702,32.59522075025079,38.95243184693504,49.079160423532095,47.19274448416525,57.048796945623856,60.70291459160034,61.45727870231872,65.99031647570429,79.67262486998604
SGDRegressor,"AutoSeasonalityAndDifferences(max_diffs=58, max_season_length=38, n_seasons=10) | LocalBoxCox(lower=0.0, method=loglik, season_length=None, stats_=[[0.35923009 0.        ]], upper=2.0)","[1, 11, 12, 13]","{1: [<function expanding_mean at 0x000001E2411D2700>], 7: [<function rolling_mean_14 at 0x000001E23EC53100>], 30: [<function expanding_mean at 0x000001E2411D2700>]}",lags_15_features_4,34.28216164121052,42.49418148590815,38.4240956740331,35.039185740329245,34.38920462563824,39.33072546675374,47.30624760223383,45.87757759064499,61.2829914034683,69.47652353483225,66.86109971902479,74.29044485093296,93.85098313008075
SGDRegressor,"AutoSeasonalityAndDifferences(max_diffs=58, max_season_length=38, n_seasons=10) | LocalBoxCox(lower=0.0, method=loglik, season_length=None, stats_=[[0.35923009 0.        ]], upper=2.0)","[1, 11, 12, 13]","{1: [<function rolling_mean_14 at 0x000001E23EC53100>], 7: [<function rolling_mean_30 at 0x000001E23985AAC0>], 30: [<function expanding_mean at 0x000001E2411D2700>]}",lags_15_features_4,22.48006611092809,19.800587530690994,21.33535116241598,24.61013139106555,29.020779033021977,36.53648160632138,48.56862777539821,48.260998944659256,48.49696727330652,45.99161210379941,51.118123827141005,51.78046152917138,55.81134136657031
SGDRegressor,AutoDifferences(max_diffs=58),"[1, 2, 3, 9, 11, 12, 13, 14, 15]","{1: [<function expanding_mean at 0x000001E2411D2700>], 7: [<function rolling_mean_14 at 0x000001E23EC53100>], 30: [<function expanding_mean at 0x000001E2411D2700>]}",lags_15_features_9,58.12131074409146,245.37823999308594,812.1634888205098,3175.5321188203175,12842.736809375629,44274.844834976066,2965268.7691192413,358807527.496373,20961831093.078716,15505184526220.309,1.700874015098295e+16,1.6609620274674598e+20,4.7413821317179136e+32
SGDRegressor,AutoDifferences(max_diffs=58),"[1, 2, 3, 9, 11, 12, 13, 14, 15]","{1: [<function rolling_mean_14 at 0x000001E23EC53100>], 7: [<function rolling_mean_30 at 0x000001E23985AAC0>], 30: [<function expanding_mean at 0x000001E2411D2700>]}",lags_15_features_9,105.5395874883601,1091.0082255165523,7411.01319761535,66379.8372062271,613963.0420923774,5437087.246657079,2416561376.981519,1279337137324.2383,396561671824096.44,7.045725248879252e+18,2.6733049958676483e+23,8.281086674842935e+28,8.498408593288835e+46
SGDRegressor,LocalStandardScaler(stats_=[[23.72758399  8.1911904 ]]),"[1, 2, 3, 9, 11, 12, 13, 14, 15]","{1: [<function expanding_mean at 0x000001E2411D2700>], 7: [<function rolling_mean_14 at 0x000001E23EC53100>], 30: [<function expanding_mean at 0x000001E2411D2700>]}",lags_15_features_9,19.786664042278062,18.952497466070575,21.996068739157092,27.69828751809219,34.64542659232337,41.69170743582792,47.640824208842034,45.49869731780211,55.88568792142379,54.01848894701511,55.896391005180746,61.68301458499056,70.55431726833262
SGDRegressor,LocalStandardScaler(stats_=[[23.72758399  8.1911904 ]]),"[1, 2, 3, 9, 11, 12, 13, 14, 15]","{1: [<function rolling_mean_14 at 0x000001E23EC53100>], 7: [<function rolling_mean_30 at 0x000001E23985AAC0>], 30: [<function expanding_mean at 0x000001E2411D2700>]}",lags_15_features_9,19.61183999947818,17.810659052423333,21.981180096237132,28.452324253364242,35.76909153201912,42.733299679520385,48.517066432695415,46.018658963712525,55.1849192702636,52.72504636758496,55.062646157385295,60.24227938910004,68.02499413438535
SGDRegressor,LocalMinMaxScaler(stats_=[[ 6.43602225 51.46668796]]),"[1, 2, 3, 9, 11, 12, 13, 14, 15]","{1: [<function expanding_mean at 0x000001E2411D2700>], 7: [<function rolling_mean_14 at 0x000001E23EC53100>], 30: [<function expanding_mean at 0x000001E2411D2700>]}",lags_15_features_9,31.873524752600503,39.847272914567995,36.30757560929112,33.67874396866565,34.12491645527342,39.97502283140007,49.65305407963702,47.71633635066033,58.86662196342199,63.67165961321605,63.55832743902325,68.57118905647653,83.45711534115702
SGDRegressor,LocalMinMaxScaler(stats_=[[ 6.43602225 51.46668796]]),"[1, 2, 3, 9, 11, 12, 13, 14, 15]","{1: [<function rolling_mean_14 at 0x000001E23EC53100>], 7: [<function rolling_mean_30 at 0x000001E23985AAC0>], 30: [<function expanding_mean at 0x000001E2411D2700>]}",lags_15_features_9,28.164932431707633,35.00802548164214,32.586754225339085,31.205941619140326,32.57658715530699,38.914111542112,49.04334508700298,47.15810216243231,57.02814330672783,60.69275685799551,61.435489725444015,65.97437448274903,79.65851864254574
SGDRegressor,"LocalBoxCox(lower=0.0, method=loglik, season_length=None, stats_=[[0.35923009 0.        ]], upper=2.0)","[1, 2, 3, 9, 11, 12, 13, 14, 15]","{1: [<function expanding_mean at 0x000001E2411D2700>], 7: [<function rolling_mean_14 at 0x000001E23EC53100>], 30: [<function expanding_mean at 0x000001E2411D2700>]}",lags_15_features_9,5.126872774628724e+18,3.996768550855205e+39,3.187179926386526e+59,1.793827823693511e+79,1.5606630488924404e+100,3.27072748999611e+120,3.2228494653447637e+162,1.1852377802751793e+204,2.0116168711449362e+245,inf,inf,inf,inf
SGDRegressor,"LocalBoxCox(lower=0.0, method=loglik, season_length=None, stats_=[[0.35923009 0.        ]], upper=2.0)","[1, 2, 3, 9, 11, 12, 13, 14, 15]","{1: [<function rolling_mean_14 at 0x000001E23EC53100>], 7: [<function rolling_mean_30 at 0x000001E23985AAC0>], 30: [<function expanding_mean at 0x000001E2411D2700>]}",lags_15_features_9,162.2050894586909,382901736.46607685,1332036708080415.8,1.0820463136882305e+22,9.576519548830215e+28,1.034771202572586e+36,4.927115813564614e+50,2.055301974922456e+65,5.1667565889674073e+79,7.232170439334782e+107,3.2591458335130516e+136,6.256697376361438e+165,5.4678352647562485e+275
SGDRegressor,AutoDifferences(max_diffs=58) | LocalStandardScaler(stats_=[[-0.05947542  8.29037023]]),"[1, 2, 3, 9, 11, 12, 13, 14, 15]","{1: [<function expanding_mean at 0x000001E2411D2700>], 7: [<function rolling_mean_14 at 0x000001E23EC53100>], 30: [<function expanding_mean at 0x000001E2411D2700>]}",lags_15_features_9,60.77648005776381,112.06123372754766,126.83810116505398,132.81633537982987,128.77376348200647,116.97027126822364,123.42462070662062,256.30739773051823,528.9111801512984,766.1796798745546,711.9010706799106,1105.9880444042478,2186.7911448016466
SGDRegressor,AutoDifferences(max_diffs=58) | LocalStandardScaler(stats_=[[-0.05947542  8.29037023]]),"[1, 2, 3, 9, 11, 12, 13, 14, 15]","{1: [<function rolling_mean_14 at 0x000001E23EC53100>], 7: [<function rolling_mean_30 at 0x000001E23985AAC0>], 30: [<function expanding_mean at 0x000001E2411D2700>]}",lags_15_features_9,66.67983760520869,142.17340911608434,195.95438072152626,236.41478222073457,259.6038839921408,265.5988466827416,298.0643120465316,468.74542146102067,802.5946986890588,1122.034022236892,1078.7563097415439,1610.0098001999331,3113.621854472882
SGDRegressor,AutoDifferences(max_diffs=58) | LocalMinMaxScaler(stats_=[[-29.0915991   62.86678319]]),"[1, 2, 3, 9, 11, 12, 13, 14, 15]","{1: [<function expanding_mean at 0x000001E2411D2700>], 7: [<function rolling_mean_14 at 0x000001E23EC53100>], 30: [<function expanding_mean at 0x000001E2411D2700>]}",lags_15_features_9,693.3976276816879,1648.1838342831732,2281.0649326728526,2800.6722163804784,3105.089796909507,3151.1248602954483,3354.8744550058573,4717.265319289954,7142.512514523822,9601.37257851117,9338.412716540428,13251.07227272805,24451.29517338942
SGDRegressor,AutoDifferences(max_diffs=58) | LocalMinMaxScaler(stats_=[[-29.0915991   62.86678319]]),"[1, 2, 3, 9, 11, 12, 13, 14, 15]","{1: [<function rolling_mean_14 at 0x000001E23EC53100>], 7: [<function rolling_mean_30 at 0x000001E23985AAC0>], 30: [<function expanding_mean at 0x000001E2411D2700>]}",lags_15_features_9,657.4128398491628,1568.7610339368928,2177.89918598641,2681.5034941266786,2979.2032409533776,3026.859260638395,3209.37748955579,4437.223362973131,6596.540133976727,8819.106813449016,8599.205298802566,12111.74349355114,22206.71324691037
SGDRegressor,"AutoSeasonalDifferences(max_diffs=58, n_seasons=10, season_length=38) | LocalStandardScaler(stats_=[[23.72758399  8.1911904 ]])","[1, 2, 3, 9, 11, 12, 13, 14, 15]","{1: [<function expanding_mean at 0x000001E2411D2700>], 7: [<function rolling_mean_14 at 0x000001E23EC53100>], 30: [<function expanding_mean at 0x000001E2411D2700>]}",lags_15_features_9,19.786664042278062,18.952497466070575,21.996068739157092,27.69828751809219,34.64542659232337,41.69170743582792,47.640824208842034,45.49869731780211,55.88568792142379,54.01848894701511,55.896391005180746,61.68301458499056,70.55431726833262
SGDRegressor,"AutoSeasonalDifferences(max_diffs=58, n_seasons=10, season_length=38) | LocalStandardScaler(stats_=[[23.72758399  8.1911904 ]])","[1, 2, 3, 9, 11, 12, 13, 14, 15]","{1: [<function rolling_mean_14 at 0x000001E23EC53100>], 7: [<function rolling_mean_30 at 0x000001E23985AAC0>], 30: [<function expanding_mean at 0x000001E2411D2700>]}",lags_15_features_9,19.61183999947818,17.810659052423333,21.981180096237132,28.452324253364242,35.76909153201912,42.733299679520385,48.517066432695415,46.018658963712525,55.1849192702636,52.72504636758496,55.062646157385295,60.24227938910004,68.02499413438535
SGDRegressor,"AutoSeasonalDifferences(max_diffs=58, n_seasons=10, season_length=38) | LocalMinMaxScaler(stats_=[[ 6.43602225 51.46668796]])","[1, 2, 3, 9, 11, 12, 13, 14, 15]","{1: [<function expanding_mean at 0x000001E2411D2700>], 7: [<function rolling_mean_14 at 0x000001E23EC53100>], 30: [<function expanding_mean at 0x000001E2411D2700>]}",lags_15_features_9,31.873524752600503,39.847272914567995,36.30757560929112,33.67874396866565,34.12491645527342,39.97502283140007,49.65305407963702,47.71633635066033,58.86662196342199,63.67165961321605,63.55832743902325,68.57118905647653,83.45711534115702
SGDRegressor,"AutoSeasonalDifferences(max_diffs=58, n_seasons=10, season_length=38) | LocalMinMaxScaler(stats_=[[ 6.43602225 51.46668796]])","[1, 2, 3, 9, 11, 12, 13, 14, 15]","{1: [<function rolling_mean_14 at 0x000001E23EC53100>], 7: [<function rolling_mean_30 at 0x000001E23985AAC0>], 30: [<function expanding_mean at 0x000001E2411D2700>]}",lags_15_features_9,28.164932431707633,35.00802548164214,32.586754225339085,31.205941619140326,32.57658715530699,38.914111542112,49.04334508700298,47.15810216243231,57.02814330672783,60.69275685799551,61.435489725444015,65.97437448274903,79.65851864254574
SGDRegressor,"AutoSeasonalDifferences(max_diffs=58, n_seasons=10, season_length=38) | LocalBoxCox(lower=0.0, method=loglik, season_length=None, stats_=[[0.35923009 0.        ]], upper=2.0)","[1, 2, 3, 9, 11, 12, 13, 14, 15]","{1: [<function expanding_mean at 0x000001E2411D2700>], 7: [<function rolling_mean_14 at 0x000001E23EC53100>], 30: [<function expanding_mean at 0x000001E2411D2700>]}",lags_15_features_9,5.126872774628724e+18,3.996768550855205e+39,3.187179926386526e+59,1.793827823693511e+79,1.5606630488924404e+100,3.27072748999611e+120,3.2228494653447637e+162,1.1852377802751793e+204,2.0116168711449362e+245,inf,inf,inf,inf
SGDRegressor,"AutoSeasonalDifferences(max_diffs=58, n_seasons=10, season_length=38) | LocalBoxCox(lower=0.0, method=loglik, season_length=None, stats_=[[0.35923009 0.        ]], upper=2.0)","[1, 2, 3, 9, 11, 12, 13, 14, 15]","{1: [<function rolling_mean_14 at 0x000001E23EC53100>], 7: [<function rolling_mean_30 at 0x000001E23985AAC0>], 30: [<function expanding_mean at 0x000001E2411D2700>]}",lags_15_features_9,162.2050894586909,382901736.46607685,1332036708080415.8,1.0820463136882305e+22,9.576519548830215e+28,1.034771202572586e+36,4.927115813564614e+50,2.055301974922456e+65,5.1667565889674073e+79,7.232170439334782e+107,3.2591458335130516e+136,6.256697376361438e+165,5.4678352647562485e+275
SGDRegressor,"AutoSeasonalityAndDifferences(max_diffs=58, max_season_length=38, n_seasons=10) | LocalStandardScaler(stats_=[[23.72758399  8.1911904 ]])","[1, 2, 3, 9, 11, 12, 13, 14, 15]","{1: [<function expanding_mean at 0x000001E2411D2700>], 7: [<function rolling_mean_14 at 0x000001E23EC53100>], 30: [<function expanding_mean at 0x000001E2411D2700>]}",lags_15_features_9,19.786664042278062,18.952497466070575,21.996068739157092,27.69828751809219,34.64542659232337,41.69170743582792,47.640824208842034,45.49869731780211,55.88568792142379,54.01848894701511,55.896391005180746,61.68301458499056,70.55431726833262
SGDRegressor,"AutoSeasonalityAndDifferences(max_diffs=58, max_season_length=38, n_seasons=10) | LocalStandardScaler(stats_=[[23.72758399  8.1911904 ]])","[1, 2, 3, 9, 11, 12, 13, 14, 15]","{1: [<function rolling_mean_14 at 0x000001E23EC53100>], 7: [<function rolling_mean_30 at 0x000001E23985AAC0>], 30: [<function expanding_mean at 0x000001E2411D2700>]}",lags_15_features_9,19.61183999947818,17.810659052423333,21.981180096237132,28.452324253364242,35.76909153201912,42.733299679520385,48.517066432695415,46.018658963712525,55.1849192702636,52.72504636758496,55.062646157385295,60.24227938910004,68.02499413438535
SGDRegressor,"AutoSeasonalityAndDifferences(max_diffs=58, max_season_length=38, n_seasons=10) | LocalMinMaxScaler(stats_=[[ 6.43602225 51.46668796]])","[1, 2, 3, 9, 11, 12, 13, 14, 15]","{1: [<function expanding_mean at 0x000001E2411D2700>], 7: [<function rolling_mean_14 at 0x000001E23EC53100>], 30: [<function expanding_mean at 0x000001E2411D2700>]}",lags_15_features_9,31.873524752600503,39.847272914567995,36.30757560929112,33.67874396866565,34.12491645527342,39.97502283140007,49.65305407963702,47.71633635066033,58.86662196342199,63.67165961321605,63.55832743902325,68.57118905647653,83.45711534115702
SGDRegressor,"AutoSeasonalityAndDifferences(max_diffs=58, max_season_length=38, n_seasons=10) | LocalMinMaxScaler(stats_=[[ 6.43602225 51.46668796]])","[1, 2, 3, 9, 11, 12, 13, 14, 15]","{1: [<function rolling_mean_14 at 0x000001E23EC53100>], 7: [<function rolling_mean_30 at 0x000001E23985AAC0>], 30: [<function expanding_mean at 0x000001E2411D2700>]}",lags_15_features_9,28.164932431707633,35.00802548164214,32.586754225339085,31.205941619140326,32.57658715530699,38.914111542112,49.04334508700298,47.15810216243231,57.02814330672783,60.69275685799551,61.435489725444015,65.97437448274903,79.65851864254574
SGDRegressor,"AutoSeasonalityAndDifferences(max_diffs=58, max_season_length=38, n_seasons=10) | LocalBoxCox(lower=0.0, method=loglik, season_length=None, stats_=[[0.35923009 0.        ]], upper=2.0)","[1, 2, 3, 9, 11, 12, 13, 14, 15]","{1: [<function expanding_mean at 0x000001E2411D2700>], 7: [<function rolling_mean_14 at 0x000001E23EC53100>], 30: [<function expanding_mean at 0x000001E2411D2700>]}",lags_15_features_9,5.126872774628724e+18,3.996768550855205e+39,3.187179926386526e+59,1.793827823693511e+79,1.5606630488924404e+100,3.27072748999611e+120,3.2228494653447637e+162,1.1852377802751793e+204,2.0116168711449362e+245,inf,inf,inf,inf
SGDRegressor,"AutoSeasonalityAndDifferences(max_diffs=58, max_season_length=38, n_seasons=10) | LocalBoxCox(lower=0.0, method=loglik, season_length=None, stats_=[[0.35923009 0.        ]], upper=2.0)","[1, 2, 3, 9, 11, 12, 13, 14, 15]","{1: [<function rolling_mean_14 at 0x000001E23EC53100>], 7: [<function rolling_mean_30 at 0x000001E23985AAC0>], 30: [<function expanding_mean at 0x000001E2411D2700>]}",lags_15_features_9,162.2050894586909,382901736.46607685,1332036708080415.8,1.0820463136882305e+22,9.576519548830215e+28,1.034771202572586e+36,4.927115813564614e+50,2.055301974922456e+65,5.1667565889674073e+79,7.232170439334782e+107,3.2591458335130516e+136,6.256697376361438e+165,5.4678352647562485e+275
SGDRegressor,LocalStandardScaler(stats_=[[23.72758399  8.1911904 ]]),"[1, 2, 3, 4, 5, 6, 7, 8, 9, 10, 11, 12, 13, 14, 15]","{1: [<function expanding_mean at 0x000001E2411D2700>], 7: [<function rolling_mean_14 at 0x000001E23EC53100>], 30: [<function expanding_mean at 0x000001E2411D2700>]}",lags_15_features_15,19.901128202171932,18.55820647161814,21.88301897754187,27.81292247597082,34.886928095216945,41.92945991785994,47.76401334984096,45.56193707389454,55.783468788913346,53.76357260804958,55.72737094634722,61.45410728257007,70.11490711301043
SGDRegressor,LocalStandardScaler(stats_=[[23.72758399  8.1911904 ]]),"[1, 2, 3, 4, 5, 6, 7, 8, 9, 10, 11, 12, 13, 14, 15]","{1: [<function rolling_mean_14 at 0x000001E23EC53100>], 7: [<function rolling_mean_30 at 0x000001E23985AAC0>], 30: [<function expanding_mean at 0x000001E2411D2700>]}",lags_15_features_15,19.822444018899848,17.745345368807914,22.090509189153234,28.67513866389138,36.048690533092284,42.98006220044859,48.68865432034108,46.13222343988039,55.139337617919196,52.57714813215218,54.972320072350655,60.081797901868725,67.70382057688687
SGDRegressor,LocalMinMaxScaler(stats_=[[ 6.43602225 51.46668796]]),"[1, 2, 3, 4, 5, 6, 7, 8, 9, 10, 11, 12, 13, 14, 15]","{1: [<function expanding_mean at 0x000001E2411D2700>], 7: [<function rolling_mean_14 at 0x000001E23EC53100>], 30: [<function expanding_mean at 0x000001E2411D2700>]}",lags_15_features_15,32.04089257882366,40.11180271842979,36.51892971028755,33.82750017329823,34.22015186011363,40.021884222250264,49.67451676089113,47.733274182481225,58.96532613992904,63.83779703593563,63.66526621946639,68.71196365966921,83.66538625114717
SGDRegressor,LocalMinMaxScaler(stats_=[[ 6.43602225 51.46668796]]),"[1, 2, 3, 4, 5, 6, 7, 8, 9, 10, 11, 12, 13, 14, 15]","{1: [<function rolling_mean_14 at 0x000001E23EC53100>], 7: [<function rolling_mean_30 at 0x000001E23985AAC0>], 30: [<function expanding_mean at 0x000001E2411D2700>]}",lags_15_features_15,28.15107077514841,35.02728777454047,32.60621833262896,31.223887832067813,32.58852223637793,38.903233693640594,49.0308520643146,47.14339379745252,57.03177417880154,60.70642282032711,61.433800923755086,65.98169421602682,79.67026775872739
SGDRegressor,AutoDifferences(max_diffs=58) | LocalStandardScaler(stats_=[[-0.05947542  8.29037023]]),"[1, 2, 3, 4, 5, 6, 7, 8, 9, 10, 11, 12, 13, 14, 15]","{1: [<function expanding_mean at 0x000001E2411D2700>], 7: [<function rolling_mean_14 at 0x000001E23EC53100>], 30: [<function expanding_mean at 0x000001E2411D2700>]}",lags_15_features_15,22.422285579912124,20.40091662090298,23.392982481647152,30.074025643768216,38.01774657231393,45.79078663744274,52.96358317760357,49.73999055979656,56.99634063638217,53.802192860906736,58.27319788976333,60.42210763986762,62.876765459711045
SGDRegressor,AutoDifferences(max_diffs=58) | LocalStandardScaler(stats_=[[-0.05947542  8.29037023]]),"[1, 2, 3, 4, 5, 6, 7, 8, 9, 10, 11, 12, 13, 14, 15]","{1: [<function rolling_mean_14 at 0x000001E23EC53100>], 7: [<function rolling_mean_30 at 0x000001E23985AAC0>], 30: [<function expanding_mean at 0x000001E2411D2700>]}",lags_15_features_15,59.48421762226006,128.03099196483615,178.8848626500002,217.9369674083492,241.08934703292954,248.0285720882208,277.7415282794216,426.4196180282285,714.8049797738454,994.1974901807081,959.0000327453673,1422.4210663900935,2738.7697322712083
SGDRegressor,AutoDifferences(max_diffs=58) | LocalMinMaxScaler(stats_=[[-29.0915991   62.86678319]]),"[1, 2, 3, 4, 5, 6, 7, 8, 9, 10, 11, 12, 13, 14, 15]","{1: [<function expanding_mean at 0x000001E2411D2700>], 7: [<function rolling_mean_14 at 0x000001E23EC53100>], 30: [<function expanding_mean at 0x000001E2411D2700>]}",lags_15_features_15,679.3391345212182,1631.6549705436685,2265.7317965098346,2786.982701191168,3093.184205651647,3141.891502576212,3357.2373842564944,4741.254307979523,7196.281385523855,9673.38620320525,9408.633107717083,13369.602899975294,24689.973036728472
SGDRegressor,AutoDifferences(max_diffs=58) | LocalMinMaxScaler(stats_=[[-29.0915991   62.86678319]]),"[1, 2, 3, 4, 5, 6, 7, 8, 9, 10, 11, 12, 13, 14, 15]","{1: [<function rolling_mean_14 at 0x000001E23EC53100>], 7: [<function rolling_mean_30 at 0x000001E23985AAC0>], 30: [<function expanding_mean at 0x000001E2411D2700>]}",lags_15_features_15,655.7669023833744,1576.3132460514628,2192.3369453645855,2701.105221360798,3001.703342075772,3050.893144900776,3246.9042028124086,4521.265336916372,6762.421540373889,9051.678683335082,8820.87846268608,12459.776435412205,22893.628557549753
SGDRegressor,"AutoSeasonalDifferences(max_diffs=58, n_seasons=10, season_length=38) | LocalStandardScaler(stats_=[[23.72758399  8.1911904 ]])","[1, 2, 3, 4, 5, 6, 7, 8, 9, 10, 11, 12, 13, 14, 15]","{1: [<function expanding_mean at 0x000001E2411D2700>], 7: [<function rolling_mean_14 at 0x000001E23EC53100>], 30: [<function expanding_mean at 0x000001E2411D2700>]}",lags_15_features_15,19.901128202171932,18.55820647161814,21.88301897754187,27.81292247597082,34.886928095216945,41.92945991785994,47.76401334984096,45.56193707389454,55.783468788913346,53.76357260804958,55.72737094634722,61.45410728257007,70.11490711301043
SGDRegressor,"AutoSeasonalDifferences(max_diffs=58, n_seasons=10, season_length=38) | LocalStandardScaler(stats_=[[23.72758399  8.1911904 ]])","[1, 2, 3, 4, 5, 6, 7, 8, 9, 10, 11, 12, 13, 14, 15]","{1: [<function rolling_mean_14 at 0x000001E23EC53100>], 7: [<function rolling_mean_30 at 0x000001E23985AAC0>], 30: [<function expanding_mean at 0x000001E2411D2700>]}",lags_15_features_15,19.822444018899848,17.745345368807914,22.090509189153234,28.67513866389138,36.048690533092284,42.98006220044859,48.68865432034108,46.13222343988039,55.139337617919196,52.57714813215218,54.972320072350655,60.081797901868725,67.70382057688687
SGDRegressor,"AutoSeasonalDifferences(max_diffs=58, n_seasons=10, season_length=38) | LocalMinMaxScaler(stats_=[[ 6.43602225 51.46668796]])","[1, 2, 3, 4, 5, 6, 7, 8, 9, 10, 11, 12, 13, 14, 15]","{1: [<function expanding_mean at 0x000001E2411D2700>], 7: [<function rolling_mean_14 at 0x000001E23EC53100>], 30: [<function expanding_mean at 0x000001E2411D2700>]}",lags_15_features_15,32.04089257882366,40.11180271842979,36.51892971028755,33.82750017329823,34.22015186011363,40.021884222250264,49.67451676089113,47.733274182481225,58.96532613992904,63.83779703593563,63.66526621946639,68.71196365966921,83.66538625114717
SGDRegressor,"AutoSeasonalDifferences(max_diffs=58, n_seasons=10, season_length=38) | LocalMinMaxScaler(stats_=[[ 6.43602225 51.46668796]])","[1, 2, 3, 4, 5, 6, 7, 8, 9, 10, 11, 12, 13, 14, 15]","{1: [<function rolling_mean_14 at 0x000001E23EC53100>], 7: [<function rolling_mean_30 at 0x000001E23985AAC0>], 30: [<function expanding_mean at 0x000001E2411D2700>]}",lags_15_features_15,28.15107077514841,35.02728777454047,32.60621833262896,31.223887832067813,32.58852223637793,38.903233693640594,49.0308520643146,47.14339379745252,57.03177417880154,60.70642282032711,61.433800923755086,65.98169421602682,79.67026775872739
SGDRegressor,"AutoSeasonalityAndDifferences(max_diffs=58, max_season_length=38, n_seasons=10) | LocalStandardScaler(stats_=[[23.72758399  8.1911904 ]])","[1, 2, 3, 4, 5, 6, 7, 8, 9, 10, 11, 12, 13, 14, 15]","{1: [<function expanding_mean at 0x000001E2411D2700>], 7: [<function rolling_mean_14 at 0x000001E23EC53100>], 30: [<function expanding_mean at 0x000001E2411D2700>]}",lags_15_features_15,19.901128202171932,18.55820647161814,21.88301897754187,27.81292247597082,34.886928095216945,41.92945991785994,47.76401334984096,45.56193707389454,55.783468788913346,53.76357260804958,55.72737094634722,61.45410728257007,70.11490711301043
SGDRegressor,"AutoSeasonalityAndDifferences(max_diffs=58, max_season_length=38, n_seasons=10) | LocalStandardScaler(stats_=[[23.72758399  8.1911904 ]])","[1, 2, 3, 4, 5, 6, 7, 8, 9, 10, 11, 12, 13, 14, 15]","{1: [<function rolling_mean_14 at 0x000001E23EC53100>], 7: [<function rolling_mean_30 at 0x000001E23985AAC0>], 30: [<function expanding_mean at 0x000001E2411D2700>]}",lags_15_features_15,19.822444018899848,17.745345368807914,22.090509189153234,28.67513866389138,36.048690533092284,42.98006220044859,48.68865432034108,46.13222343988039,55.139337617919196,52.57714813215218,54.972320072350655,60.081797901868725,67.70382057688687
SGDRegressor,"AutoSeasonalityAndDifferences(max_diffs=58, max_season_length=38, n_seasons=10) | LocalMinMaxScaler(stats_=[[ 6.43602225 51.46668796]])","[1, 2, 3, 4, 5, 6, 7, 8, 9, 10, 11, 12, 13, 14, 15]","{1: [<function expanding_mean at 0x000001E2411D2700>], 7: [<function rolling_mean_14 at 0x000001E23EC53100>], 30: [<function expanding_mean at 0x000001E2411D2700>]}",lags_15_features_15,32.04089257882366,40.11180271842979,36.51892971028755,33.82750017329823,34.22015186011363,40.021884222250264,49.67451676089113,47.733274182481225,58.96532613992904,63.83779703593563,63.66526621946639,68.71196365966921,83.66538625114717
SGDRegressor,"AutoSeasonalityAndDifferences(max_diffs=58, max_season_length=38, n_seasons=10) | LocalMinMaxScaler(stats_=[[ 6.43602225 51.46668796]])","[1, 2, 3, 4, 5, 6, 7, 8, 9, 10, 11, 12, 13, 14, 15]","{1: [<function rolling_mean_14 at 0x000001E23EC53100>], 7: [<function rolling_mean_30 at 0x000001E23985AAC0>], 30: [<function expanding_mean at 0x000001E2411D2700>]}",lags_15_features_15,28.15107077514841,35.02728777454047,32.60621833262896,31.223887832067813,32.58852223637793,38.903233693640594,49.0308520643146,47.14339379745252,57.03177417880154,60.70642282032711,61.433800923755086,65.98169421602682,79.67026775872739
SGDRegressor,AutoDifferences(max_diffs=58),"[1, 2, 3, 11, 12, 13, 14, 15, 28]","{1: [<function rolling_mean_14 at 0x000001E23EC53100>], 7: [<function rolling_mean_30 at 0x000001E23985AAC0>], 30: [<function expanding_mean at 0x000001E2411D2700>]}",lags_29_features_9,505.734256778145,22470.84849367404,828629.1964783744,51190431.81092919,2561247321.432184,149766202597.56015,2402526379675458.0,4.631542290769358e+19,4.36180718859119e+23,7.632586270291144e+30,3.494861821296442e+38,1.162317744310338e+47,6.915018455762256e+76
SGDRegressor,LocalStandardScaler(stats_=[[23.72758399  8.1911904 ]]),"[1, 2, 3, 11, 12, 13, 14, 15, 28]","{1: [<function expanding_mean at 0x000001E2411D2700>], 7: [<function rolling_mean_14 at 0x000001E23EC53100>], 30: [<function expanding_mean at 0x000001E2411D2700>]}",lags_29_features_9,20.32980278447137,18.020863376771388,22.082373165129344,28.495191097388712,35.79431371518707,42.709393613783334,48.45767199703748,45.98672431457925,55.22419344109025,52.77794049795798,55.076197846284494,60.306478724128176,68.12328055035609
SGDRegressor,LocalStandardScaler(stats_=[[23.72758399  8.1911904 ]]),"[1, 2, 3, 11, 12, 13, 14, 15, 28]","{1: [<function rolling_mean_14 at 0x000001E23EC53100>], 7: [<function rolling_mean_30 at 0x000001E23985AAC0>], 30: [<function expanding_mean at 0x000001E2411D2700>]}",lags_29_features_9,22.280241042940958,20.52887537055879,22.82958987983829,27.92122324848707,34.58401927463851,41.463953520157666,47.322896990149864,45.35592927579232,56.348489494629895,54.8073440165454,56.35137286795333,62.459009120768116,71.85142830707872
SGDRegressor,LocalMinMaxScaler(stats_=[[ 6.43602225 51.46668796]]),"[1, 2, 3, 11, 12, 13, 14, 15, 28]","{1: [<function expanding_mean at 0x000001E2411D2700>], 7: [<function rolling_mean_14 at 0x000001E23EC53100>], 30: [<function expanding_mean at 0x000001E2411D2700>]}",lags_29_features_9,32.002531932757314,39.93530898924733,36.370357245097274,33.72705829480058,34.163110277152285,40.0177037669311,49.68882005324084,47.746754788319684,58.90895418770023,63.714487488366466,63.60070430737608,68.61694609411698,83.51193980256343
SGDRegressor,LocalMinMaxScaler(stats_=[[ 6.43602225 51.46668796]]),"[1, 2, 3, 11, 12, 13, 14, 15, 28]","{1: [<function rolling_mean_14 at 0x000001E23EC53100>], 7: [<function rolling_mean_30 at 0x000001E23985AAC0>], 30: [<function expanding_mean at 0x000001E2411D2700>]}",lags_29_features_9,28.26015864057055,35.08848107544382,32.64607295745529,31.247824596114686,32.60543626482077,38.94742462700261,49.07340844857702,47.18382454364741,57.06829772487888,60.7399086017638,61.48082054252436,66.02378066849283,79.72175247918089
SGDRegressor,"LocalBoxCox(lower=0.0, method=loglik, season_length=None, stats_=[[0.35923009 0.        ]], upper=2.0)","[1, 2, 3, 11, 12, 13, 14, 15, 28]","{1: [<function rolling_mean_14 at 0x000001E23EC53100>], 7: [<function rolling_mean_30 at 0x000001E23985AAC0>], 30: [<function expanding_mean at 0x000001E2411D2700>]}",lags_29_features_9,3992558.3277363214,17594138683689.47,4.556177596073665e+19,2.2189125123799376e+26,1.0338901408372317e+33,5.788184320953933e+39,7.64374228146979e+53,8.848470391958933e+67,6.134230401351483e+81,6.535944944759448e+108,2.2357650902714747e+136,3.275371798145972e+164,1.4648590442458375e+270
SGDRegressor,AutoDifferences(max_diffs=58) | LocalStandardScaler(stats_=[[-0.05947542  8.29037023]]),"[1, 2, 3, 11, 12, 13, 14, 15, 28]","{1: [<function expanding_mean at 0x000001E2411D2700>], 7: [<function rolling_mean_14 at 0x000001E23EC53100>], 30: [<function expanding_mean at 0x000001E2411D2700>]}",lags_29_features_9,46.60271503914705,96.55782548987048,135.52483669583273,165.46122030260167,183.7230403964238,190.32905720713958,215.13554204657814,330.5024789774273,556.0288554964566,775.1794213613261,748.6233374261428,1114.6061780154262,2157.4567744179767
SGDRegressor,AutoDifferences(max_diffs=58) | LocalStandardScaler(stats_=[[-0.05947542  8.29037023]]),"[1, 2, 3, 11, 12, 13, 14, 15, 28]","{1: [<function rolling_mean_14 at 0x000001E23EC53100>], 7: [<function rolling_mean_30 at 0x000001E23985AAC0>], 30: [<function expanding_mean at 0x000001E2411D2700>]}",lags_29_features_9,22.915729156032672,42.09264275136674,66.7048790531734,88.354513751199,104.320741602362,113.50014867457523,127.21902602244309,160.40084860844817,219.30155019604155,289.85812449331246,291.54226130396427,406.3719857908877,753.2505033583965
SGDRegressor,AutoDifferences(max_diffs=58) | LocalMinMaxScaler(stats_=[[-29.0915991   62.86678319]]),"[1, 2, 3, 11, 12, 13, 14, 15, 28]","{1: [<function expanding_mean at 0x000001E2411D2700>], 7: [<function rolling_mean_14 at 0x000001E23EC53100>], 30: [<function expanding_mean at 0x000001E2411D2700>]}",lags_29_features_9,692.683220503567,1644.717365092768,2276.6009953820057,2795.751415022552,3100.1065397612897,3146.280260137344,3351.3353250630507,4714.308582556803,7138.090631115865,9593.837906481458,9331.323547081867,13242.131275660591,24434.080248276325
SGDRegressor,AutoDifferences(max_diffs=58) | LocalMinMaxScaler(stats_=[[-29.0915991   62.86678319]]),"[1, 2, 3, 11, 12, 13, 14, 15, 28]","{1: [<function rolling_mean_14 at 0x000001E23EC53100>], 7: [<function rolling_mean_30 at 0x000001E23985AAC0>], 30: [<function expanding_mean at 0x000001E2411D2700>]}",lags_29_features_9,654.9099229632062,1561.714113639051,2168.757603219299,2671.121912047117,2968.4037546228546,3016.2620837382674,3199.060618163749,4421.703118360465,6568.502072770191,8778.164939250797,8560.417778485626,12054.170913477268,22094.236210927345
SGDRegressor,"AutoSeasonalDifferences(max_diffs=58, n_seasons=10, season_length=38) | LocalStandardScaler(stats_=[[23.72758399  8.1911904 ]])","[1, 2, 3, 11, 12, 13, 14, 15, 28]","{1: [<function expanding_mean at 0x000001E2411D2700>], 7: [<function rolling_mean_14 at 0x000001E23EC53100>], 30: [<function expanding_mean at 0x000001E2411D2700>]}",lags_29_features_9,20.32980278447137,18.020863376771388,22.082373165129344,28.495191097388712,35.79431371518707,42.709393613783334,48.45767199703748,45.98672431457925,55.22419344109025,52.77794049795798,55.076197846284494,60.306478724128176,68.12328055035609
SGDRegressor,"AutoSeasonalDifferences(max_diffs=58, n_seasons=10, season_length=38) | LocalStandardScaler(stats_=[[23.72758399  8.1911904 ]])","[1, 2, 3, 11, 12, 13, 14, 15, 28]","{1: [<function rolling_mean_14 at 0x000001E23EC53100>], 7: [<function rolling_mean_30 at 0x000001E23985AAC0>], 30: [<function expanding_mean at 0x000001E2411D2700>]}",lags_29_features_9,22.280241042940958,20.52887537055879,22.82958987983829,27.92122324848707,34.58401927463851,41.463953520157666,47.322896990149864,45.35592927579232,56.348489494629895,54.8073440165454,56.35137286795333,62.459009120768116,71.85142830707872
SGDRegressor,"AutoSeasonalDifferences(max_diffs=58, n_seasons=10, season_length=38) | LocalMinMaxScaler(stats_=[[ 6.43602225 51.46668796]])","[1, 2, 3, 11, 12, 13, 14, 15, 28]","{1: [<function expanding_mean at 0x000001E2411D2700>], 7: [<function rolling_mean_14 at 0x000001E23EC53100>], 30: [<function expanding_mean at 0x000001E2411D2700>]}",lags_29_features_9,32.002531932757314,39.93530898924733,36.370357245097274,33.72705829480058,34.163110277152285,40.0177037669311,49.68882005324084,47.746754788319684,58.90895418770023,63.714487488366466,63.60070430737608,68.61694609411698,83.51193980256343
SGDRegressor,"AutoSeasonalDifferences(max_diffs=58, n_seasons=10, season_length=38) | LocalMinMaxScaler(stats_=[[ 6.43602225 51.46668796]])","[1, 2, 3, 11, 12, 13, 14, 15, 28]","{1: [<function rolling_mean_14 at 0x000001E23EC53100>], 7: [<function rolling_mean_30 at 0x000001E23985AAC0>], 30: [<function expanding_mean at 0x000001E2411D2700>]}",lags_29_features_9,28.26015864057055,35.08848107544382,32.64607295745529,31.247824596114686,32.60543626482077,38.94742462700261,49.07340844857702,47.18382454364741,57.06829772487888,60.7399086017638,61.48082054252436,66.02378066849283,79.72175247918089
SGDRegressor,"AutoSeasonalDifferences(max_diffs=58, n_seasons=10, season_length=38) | LocalBoxCox(lower=0.0, method=loglik, season_length=None, stats_=[[0.35923009 0.        ]], upper=2.0)","[1, 2, 3, 11, 12, 13, 14, 15, 28]","{1: [<function rolling_mean_14 at 0x000001E23EC53100>], 7: [<function rolling_mean_30 at 0x000001E23985AAC0>], 30: [<function expanding_mean at 0x000001E2411D2700>]}",lags_29_features_9,3992558.3277363214,17594138683689.47,4.556177596073665e+19,2.2189125123799376e+26,1.0338901408372317e+33,5.788184320953933e+39,7.64374228146979e+53,8.848470391958933e+67,6.134230401351483e+81,6.535944944759448e+108,2.2357650902714747e+136,3.275371798145972e+164,1.4648590442458375e+270
SGDRegressor,"AutoSeasonalityAndDifferences(max_diffs=58, max_season_length=38, n_seasons=10) | LocalStandardScaler(stats_=[[23.72758399  8.1911904 ]])","[1, 2, 3, 11, 12, 13, 14, 15, 28]","{1: [<function expanding_mean at 0x000001E2411D2700>], 7: [<function rolling_mean_14 at 0x000001E23EC53100>], 30: [<function expanding_mean at 0x000001E2411D2700>]}",lags_29_features_9,20.32980278447137,18.020863376771388,22.082373165129344,28.495191097388712,35.79431371518707,42.709393613783334,48.45767199703748,45.98672431457925,55.22419344109025,52.77794049795798,55.076197846284494,60.306478724128176,68.12328055035609
SGDRegressor,"AutoSeasonalityAndDifferences(max_diffs=58, max_season_length=38, n_seasons=10) | LocalStandardScaler(stats_=[[23.72758399  8.1911904 ]])","[1, 2, 3, 11, 12, 13, 14, 15, 28]","{1: [<function rolling_mean_14 at 0x000001E23EC53100>], 7: [<function rolling_mean_30 at 0x000001E23985AAC0>], 30: [<function expanding_mean at 0x000001E2411D2700>]}",lags_29_features_9,22.280241042940958,20.52887537055879,22.82958987983829,27.92122324848707,34.58401927463851,41.463953520157666,47.322896990149864,45.35592927579232,56.348489494629895,54.8073440165454,56.35137286795333,62.459009120768116,71.85142830707872
SGDRegressor,"AutoSeasonalityAndDifferences(max_diffs=58, max_season_length=38, n_seasons=10) | LocalMinMaxScaler(stats_=[[ 6.43602225 51.46668796]])","[1, 2, 3, 11, 12, 13, 14, 15, 28]","{1: [<function expanding_mean at 0x000001E2411D2700>], 7: [<function rolling_mean_14 at 0x000001E23EC53100>], 30: [<function expanding_mean at 0x000001E2411D2700>]}",lags_29_features_9,32.002531932757314,39.93530898924733,36.370357245097274,33.72705829480058,34.163110277152285,40.0177037669311,49.68882005324084,47.746754788319684,58.90895418770023,63.714487488366466,63.60070430737608,68.61694609411698,83.51193980256343
SGDRegressor,"AutoSeasonalityAndDifferences(max_diffs=58, max_season_length=38, n_seasons=10) | LocalMinMaxScaler(stats_=[[ 6.43602225 51.46668796]])","[1, 2, 3, 11, 12, 13, 14, 15, 28]","{1: [<function rolling_mean_14 at 0x000001E23EC53100>], 7: [<function rolling_mean_30 at 0x000001E23985AAC0>], 30: [<function expanding_mean at 0x000001E2411D2700>]}",lags_29_features_9,28.26015864057055,35.08848107544382,32.64607295745529,31.247824596114686,32.60543626482077,38.94742462700261,49.07340844857702,47.18382454364741,57.06829772487888,60.7399086017638,61.48082054252436,66.02378066849283,79.72175247918089
SGDRegressor,"AutoSeasonalityAndDifferences(max_diffs=58, max_season_length=38, n_seasons=10) | LocalBoxCox(lower=0.0, method=loglik, season_length=None, stats_=[[0.35923009 0.        ]], upper=2.0)","[1, 2, 3, 11, 12, 13, 14, 15, 28]","{1: [<function rolling_mean_14 at 0x000001E23EC53100>], 7: [<function rolling_mean_30 at 0x000001E23985AAC0>], 30: [<function expanding_mean at 0x000001E2411D2700>]}",lags_29_features_9,3992558.3277363214,17594138683689.47,4.556177596073665e+19,2.2189125123799376e+26,1.0338901408372317e+33,5.788184320953933e+39,7.64374228146979e+53,8.848470391958933e+67,6.134230401351483e+81,6.535944944759448e+108,2.2357650902714747e+136,3.275371798145972e+164,1.4648590442458375e+270
SGDRegressor,LocalStandardScaler(stats_=[[23.72758399  8.1911904 ]]),"[1, 2, 3, 4, 9, 10, 11, 12, 13, 14, 15, 16, 18, 22, 25, 26, 27, 28, 29]","{1: [<function expanding_mean at 0x000001E2411D2700>], 7: [<function rolling_mean_14 at 0x000001E23EC53100>], 30: [<function expanding_mean at 0x000001E2411D2700>]}",lags_29_features_19,20.578544071391295,18.566460505811047,22.11683710150531,28.20300956886486,35.338568079559934,42.231555347998636,48.08497109681474,45.735422201236005,55.408239257852024,53.19853057938588,55.32270787096216,60.76293260935333,68.97814074219215
SGDRegressor,LocalStandardScaler(stats_=[[23.72758399  8.1911904 ]]),"[1, 2, 3, 4, 9, 10, 11, 12, 13, 14, 15, 16, 18, 22, 25, 26, 27, 28, 29]","{1: [<function rolling_mean_14 at 0x000001E23EC53100>], 7: [<function rolling_mean_30 at 0x000001E23985AAC0>], 30: [<function expanding_mean at 0x000001E2411D2700>]}",lags_29_features_19,23.423730484493888,22.10625563401944,23.6916779459323,28.277501467574133,34.638889548691445,41.44548178403797,47.347958110264884,45.41699843860293,56.78754151403582,55.49265186201227,56.84560059264946,63.10964397255262,72.8456792949706
SGDRegressor,LocalMinMaxScaler(stats_=[[ 6.43602225 51.46668796]]),"[1, 2, 3, 4, 9, 10, 11, 12, 13, 14, 15, 16, 18, 22, 25, 26, 27, 28, 29]","{1: [<function expanding_mean at 0x000001E2411D2700>], 7: [<function rolling_mean_14 at 0x000001E23EC53100>], 30: [<function expanding_mean at 0x000001E2411D2700>]}",lags_29_features_19,31.835071884059097,39.88463610088121,36.34876835453186,33.705086212118914,34.137901789959244,39.95242214687473,49.61715471837077,47.6866688088615,58.87227837194901,63.70533712566111,63.557778903486984,68.58904744730951,83.49577419905107
SGDRegressor,LocalMinMaxScaler(stats_=[[ 6.43602225 51.46668796]]),"[1, 2, 3, 4, 9, 10, 11, 12, 13, 14, 15, 16, 18, 22, 25, 26, 27, 28, 29]","{1: [<function rolling_mean_14 at 0x000001E23EC53100>], 7: [<function rolling_mean_30 at 0x000001E23985AAC0>], 30: [<function expanding_mean at 0x000001E2411D2700>]}",lags_29_features_19,28.228633184239804,35.045433066373135,32.61073048144852,31.225561229652566,32.594469246597924,38.92853803364142,49.05993056992893,47.169356121564334,57.049905130447286,60.71137641696471,61.45453303838809,65.99743443076972,79.68165423709078
SGDRegressor,AutoDifferences(max_diffs=58) | LocalStandardScaler(stats_=[[-0.05947542  8.29037023]]),"[1, 2, 3, 4, 9, 10, 11, 12, 13, 14, 15, 16, 18, 22, 25, 26, 27, 28, 29]","{1: [<function expanding_mean at 0x000001E2411D2700>], 7: [<function rolling_mean_14 at 0x000001E23EC53100>], 30: [<function expanding_mean at 0x000001E2411D2700>]}",lags_29_features_19,30.94238665273569,46.33842748397409,44.35685461872297,40.99717481307053,38.51236131813058,39.76938024376357,41.23045221172609,84.37632340832646,185.9866778994732,264.09177747706434,233.51896973386243,368.3161517145153,723.4963699929868
SGDRegressor,AutoDifferences(max_diffs=58) | LocalStandardScaler(stats_=[[-0.05947542  8.29037023]]),"[1, 2, 3, 4, 9, 10, 11, 12, 13, 14, 15, 16, 18, 22, 25, 26, 27, 28, 29]","{1: [<function rolling_mean_14 at 0x000001E23EC53100>], 7: [<function rolling_mean_30 at 0x000001E23985AAC0>], 30: [<function expanding_mean at 0x000001E2411D2700>]}",lags_29_features_19,22.914927776002404,40.43844649073044,63.04176685276687,82.82219619622056,97.5285750728053,106.1694467510114,118.10821484044556,145.50399784962033,194.74830742771735,256.0820999710783,258.44877804988636,356.99810446022406,658.0204614048375
SGDRegressor,AutoDifferences(max_diffs=58) | LocalMinMaxScaler(stats_=[[-29.0915991   62.86678319]]),"[1, 2, 3, 4, 9, 10, 11, 12, 13, 14, 15, 16, 18, 22, 25, 26, 27, 28, 29]","{1: [<function expanding_mean at 0x000001E2411D2700>], 7: [<function rolling_mean_14 at 0x000001E23EC53100>], 30: [<function expanding_mean at 0x000001E2411D2700>]}",lags_29_features_19,639.3453857445095,1549.6794692973933,2168.684738556196,2682.9268085303293,2988.933078255639,3043.4254985595867,3286.0884700277793,4684.621261769658,7121.826294064546,9549.698333260258,9293.923191373971,13235.447115129062,24445.888511854857
SGDRegressor,AutoDifferences(max_diffs=58) | LocalMinMaxScaler(stats_=[[-29.0915991   62.86678319]]),"[1, 2, 3, 4, 9, 10, 11, 12, 13, 14, 15, 16, 18, 22, 25, 26, 27, 28, 29]","{1: [<function rolling_mean_14 at 0x000001E23EC53100>], 7: [<function rolling_mean_30 at 0x000001E23985AAC0>], 30: [<function expanding_mean at 0x000001E2411D2700>]}",lags_29_features_19,635.1308032435684,1535.581995495244,2147.185871982516,2655.5542709434453,2958.222604442818,3011.5219670630145,3235.8872202518123,4560.0173864692715,6860.672679538351,9175.939345146613,8940.648752780226,12675.926470051236,23330.16118325024
SGDRegressor,"AutoSeasonalDifferences(max_diffs=58, n_seasons=10, season_length=38) | LocalStandardScaler(stats_=[[23.72758399  8.1911904 ]])","[1, 2, 3, 4, 9, 10, 11, 12, 13, 14, 15, 16, 18, 22, 25, 26, 27, 28, 29]","{1: [<function expanding_mean at 0x000001E2411D2700>], 7: [<function rolling_mean_14 at 0x000001E23EC53100>], 30: [<function expanding_mean at 0x000001E2411D2700>]}",lags_29_features_19,20.578544071391295,18.566460505811047,22.11683710150531,28.20300956886486,35.338568079559934,42.231555347998636,48.08497109681474,45.735422201236005,55.408239257852024,53.19853057938588,55.32270787096216,60.76293260935333,68.97814074219215
SGDRegressor,"AutoSeasonalDifferences(max_diffs=58, n_seasons=10, season_length=38) | LocalStandardScaler(stats_=[[23.72758399  8.1911904 ]])","[1, 2, 3, 4, 9, 10, 11, 12, 13, 14, 15, 16, 18, 22, 25, 26, 27, 28, 29]","{1: [<function rolling_mean_14 at 0x000001E23EC53100>], 7: [<function rolling_mean_30 at 0x000001E23985AAC0>], 30: [<function expanding_mean at 0x000001E2411D2700>]}",lags_29_features_19,23.423730484493888,22.10625563401944,23.6916779459323,28.277501467574133,34.638889548691445,41.44548178403797,47.347958110264884,45.41699843860293,56.78754151403582,55.49265186201227,56.84560059264946,63.10964397255262,72.8456792949706
SGDRegressor,"AutoSeasonalDifferences(max_diffs=58, n_seasons=10, season_length=38) | LocalMinMaxScaler(stats_=[[ 6.43602225 51.46668796]])","[1, 2, 3, 4, 9, 10, 11, 12, 13, 14, 15, 16, 18, 22, 25, 26, 27, 28, 29]","{1: [<function expanding_mean at 0x000001E2411D2700>], 7: [<function rolling_mean_14 at 0x000001E23EC53100>], 30: [<function expanding_mean at 0x000001E2411D2700>]}",lags_29_features_19,31.835071884059097,39.88463610088121,36.34876835453186,33.705086212118914,34.137901789959244,39.95242214687473,49.61715471837077,47.6866688088615,58.87227837194901,63.70533712566111,63.557778903486984,68.58904744730951,83.49577419905107
SGDRegressor,"AutoSeasonalDifferences(max_diffs=58, n_seasons=10, season_length=38) | LocalMinMaxScaler(stats_=[[ 6.43602225 51.46668796]])","[1, 2, 3, 4, 9, 10, 11, 12, 13, 14, 15, 16, 18, 22, 25, 26, 27, 28, 29]","{1: [<function rolling_mean_14 at 0x000001E23EC53100>], 7: [<function rolling_mean_30 at 0x000001E23985AAC0>], 30: [<function expanding_mean at 0x000001E2411D2700>]}",lags_29_features_19,28.228633184239804,35.045433066373135,32.61073048144852,31.225561229652566,32.594469246597924,38.92853803364142,49.05993056992893,47.169356121564334,57.049905130447286,60.71137641696471,61.45453303838809,65.99743443076972,79.68165423709078
SGDRegressor,"AutoSeasonalityAndDifferences(max_diffs=58, max_season_length=38, n_seasons=10) | LocalStandardScaler(stats_=[[23.72758399  8.1911904 ]])","[1, 2, 3, 4, 9, 10, 11, 12, 13, 14, 15, 16, 18, 22, 25, 26, 27, 28, 29]","{1: [<function expanding_mean at 0x000001E2411D2700>], 7: [<function rolling_mean_14 at 0x000001E23EC53100>], 30: [<function expanding_mean at 0x000001E2411D2700>]}",lags_29_features_19,20.578544071391295,18.566460505811047,22.11683710150531,28.20300956886486,35.338568079559934,42.231555347998636,48.08497109681474,45.735422201236005,55.408239257852024,53.19853057938588,55.32270787096216,60.76293260935333,68.97814074219215
SGDRegressor,"AutoSeasonalityAndDifferences(max_diffs=58, max_season_length=38, n_seasons=10) | LocalStandardScaler(stats_=[[23.72758399  8.1911904 ]])","[1, 2, 3, 4, 9, 10, 11, 12, 13, 14, 15, 16, 18, 22, 25, 26, 27, 28, 29]","{1: [<function rolling_mean_14 at 0x000001E23EC53100>], 7: [<function rolling_mean_30 at 0x000001E23985AAC0>], 30: [<function expanding_mean at 0x000001E2411D2700>]}",lags_29_features_19,23.423730484493888,22.10625563401944,23.6916779459323,28.277501467574133,34.638889548691445,41.44548178403797,47.347958110264884,45.41699843860293,56.78754151403582,55.49265186201227,56.84560059264946,63.10964397255262,72.8456792949706
SGDRegressor,"AutoSeasonalityAndDifferences(max_diffs=58, max_season_length=38, n_seasons=10) | LocalMinMaxScaler(stats_=[[ 6.43602225 51.46668796]])","[1, 2, 3, 4, 9, 10, 11, 12, 13, 14, 15, 16, 18, 22, 25, 26, 27, 28, 29]","{1: [<function expanding_mean at 0x000001E2411D2700>], 7: [<function rolling_mean_14 at 0x000001E23EC53100>], 30: [<function expanding_mean at 0x000001E2411D2700>]}",lags_29_features_19,31.835071884059097,39.88463610088121,36.34876835453186,33.705086212118914,34.137901789959244,39.95242214687473,49.61715471837077,47.6866688088615,58.87227837194901,63.70533712566111,63.557778903486984,68.58904744730951,83.49577419905107
SGDRegressor,"AutoSeasonalityAndDifferences(max_diffs=58, max_season_length=38, n_seasons=10) | LocalMinMaxScaler(stats_=[[ 6.43602225 51.46668796]])","[1, 2, 3, 4, 9, 10, 11, 12, 13, 14, 15, 16, 18, 22, 25, 26, 27, 28, 29]","{1: [<function rolling_mean_14 at 0x000001E23EC53100>], 7: [<function rolling_mean_30 at 0x000001E23985AAC0>], 30: [<function expanding_mean at 0x000001E2411D2700>]}",lags_29_features_19,28.228633184239804,35.045433066373135,32.61073048144852,31.225561229652566,32.594469246597924,38.92853803364142,49.05993056992893,47.169356121564334,57.049905130447286,60.71137641696471,61.45453303838809,65.99743443076972,79.68165423709078
SGDRegressor,LocalStandardScaler(stats_=[[23.72758399  8.1911904 ]]),"[1, 2, 3, 4, 5, 6, 7, 8, 9, 10, 11, 12, 13, 14, 15, 16, 17, 18, 19, 20, 21, 22, 23, 24, 25, 26, 27, 28, 29]","{1: [<function expanding_mean at 0x000001E2411D2700>], 7: [<function rolling_mean_14 at 0x000001E23EC53100>], 30: [<function expanding_mean at 0x000001E2411D2700>]}",lags_29_features_29,21.339506694988327,19.076370851525862,22.478236352787807,28.46386704356405,35.52874342106645,42.38491556817588,48.21350586220567,45.85978530569664,55.522119343729614,53.29762040709216,55.405709959448615,60.82915696305474,69.04821280944101
SGDRegressor,LocalStandardScaler(stats_=[[23.72758399  8.1911904 ]]),"[1, 2, 3, 4, 5, 6, 7, 8, 9, 10, 11, 12, 13, 14, 15, 16, 17, 18, 19, 20, 21, 22, 23, 24, 25, 26, 27, 28, 29]","{1: [<function rolling_mean_14 at 0x000001E23EC53100>], 7: [<function rolling_mean_30 at 0x000001E23985AAC0>], 30: [<function expanding_mean at 0x000001E2411D2700>]}",lags_29_features_29,22.254663753572114,20.163726405448784,22.90778307625644,28.46062895717073,35.273840644110685,42.06091202537926,47.99889849194514,45.74946973226245,55.93311769746615,53.95479259311365,55.83362286002578,61.50709216061856,70.21717189927132
SGDRegressor,LocalMinMaxScaler(stats_=[[ 6.43602225 51.46668796]]),"[1, 2, 3, 4, 5, 6, 7, 8, 9, 10, 11, 12, 13, 14, 15, 16, 17, 18, 19, 20, 21, 22, 23, 24, 25, 26, 27, 28, 29]","{1: [<function expanding_mean at 0x000001E2411D2700>], 7: [<function rolling_mean_14 at 0x000001E23EC53100>], 30: [<function expanding_mean at 0x000001E2411D2700>]}",lags_29_features_29,31.55568360893825,39.80649485799338,36.31705505803182,33.67330086168616,34.09212408958374,39.852388220834754,49.51696898437706,47.602269927294664,58.80719604574469,63.690263966788216,63.496913404155066,68.54062282358558,83.46780369495987
SGDRegressor,LocalMinMaxScaler(stats_=[[ 6.43602225 51.46668796]]),"[1, 2, 3, 4, 5, 6, 7, 8, 9, 10, 11, 12, 13, 14, 15, 16, 17, 18, 19, 20, 21, 22, 23, 24, 25, 26, 27, 28, 29]","{1: [<function rolling_mean_14 at 0x000001E23EC53100>], 7: [<function rolling_mean_30 at 0x000001E23985AAC0>], 30: [<function expanding_mean at 0x000001E2411D2700>]}",lags_29_features_29,28.00470917650337,34.89018352161548,32.50002019549958,31.149720887607447,32.53801765306701,38.84814209577405,48.9917893859743,47.11083767830175,56.96831426900515,60.62604554291011,61.36410529287015,65.89965933419717,79.55756140092302
SGDRegressor,AutoDifferences(max_diffs=58) | LocalStandardScaler(stats_=[[-0.05947542  8.29037023]]),"[1, 2, 3, 4, 5, 6, 7, 8, 9, 10, 11, 12, 13, 14, 15, 16, 17, 18, 19, 20, 21, 22, 23, 24, 25, 26, 27, 28, 29]","{1: [<function expanding_mean at 0x000001E2411D2700>], 7: [<function rolling_mean_14 at 0x000001E23EC53100>], 30: [<function expanding_mean at 0x000001E2411D2700>]}",lags_29_features_29,35.32467883218405,57.62701860209655,57.831346108331886,55.8166277026085,51.60423685605415,48.55637473811339,48.169281160482605,98.09201205090218,207.98269152611178,297.20318186170846,267.4313632588899,414.64001323369547,807.4340221628597
SGDRegressor,AutoDifferences(max_diffs=58) | LocalStandardScaler(stats_=[[-0.05947542  8.29037023]]),"[1, 2, 3, 4, 5, 6, 7, 8, 9, 10, 11, 12, 13, 14, 15, 16, 17, 18, 19, 20, 21, 22, 23, 24, 25, 26, 27, 28, 29]","{1: [<function rolling_mean_14 at 0x000001E23EC53100>], 7: [<function rolling_mean_30 at 0x000001E23985AAC0>], 30: [<function expanding_mean at 0x000001E2411D2700>]}",lags_29_features_29,53.23096314769358,108.38738931720127,149.08189659140976,179.86459049213076,198.12424119271213,203.96041048905298,228.1401949069871,348.4523050943227,584.8533792531983,813.9227686758757,784.684307417307,1164.2727177248946,2243.1691426503658
SGDRegressor,AutoDifferences(max_diffs=58) | LocalMinMaxScaler(stats_=[[-29.0915991   62.86678319]]),"[1, 2, 3, 4, 5, 6, 7, 8, 9, 10, 11, 12, 13, 14, 15, 16, 17, 18, 19, 20, 21, 22, 23, 24, 25, 26, 27, 28, 29]","{1: [<function expanding_mean at 0x000001E2411D2700>], 7: [<function rolling_mean_14 at 0x000001E23EC53100>], 30: [<function expanding_mean at 0x000001E2411D2700>]}",lags_29_features_29,615.8244698183692,1517.3101729569992,2140.122457407813,2660.6311840206654,2972.8150577950496,3033.6375073488166,3318.7405262703273,4819.413403137035,7407.047735982845,9936.281354096378,9664.320059772772,13845.258040136656,25661.928841202545
SGDRegressor,AutoDifferences(max_diffs=58) | LocalMinMaxScaler(stats_=[[-29.0915991   62.86678319]]),"[1, 2, 3, 4, 5, 6, 7, 8, 9, 10, 11, 12, 13, 14, 15, 16, 17, 18, 19, 20, 21, 22, 23, 24, 25, 26, 27, 28, 29]","{1: [<function rolling_mean_14 at 0x000001E23EC53100>], 7: [<function rolling_mean_30 at 0x000001E23985AAC0>], 30: [<function expanding_mean at 0x000001E2411D2700>]}",lags_29_features_29,615.2996811857449,1509.8737803553622,2125.692760342865,2639.874953533996,2947.875772853072,3006.5293069679847,3269.4247386366706,4689.1058609987185,7133.832175545433,9547.99995674262,9296.297532126557,13258.575492333099,24489.84373964515
SGDRegressor,"AutoSeasonalDifferences(max_diffs=58, n_seasons=10, season_length=38) | LocalStandardScaler(stats_=[[23.72758399  8.1911904 ]])","[1, 2, 3, 4, 5, 6, 7, 8, 9, 10, 11, 12, 13, 14, 15, 16, 17, 18, 19, 20, 21, 22, 23, 24, 25, 26, 27, 28, 29]","{1: [<function expanding_mean at 0x000001E2411D2700>], 7: [<function rolling_mean_14 at 0x000001E23EC53100>], 30: [<function expanding_mean at 0x000001E2411D2700>]}",lags_29_features_29,21.339506694988327,19.076370851525862,22.478236352787807,28.46386704356405,35.52874342106645,42.38491556817588,48.21350586220567,45.85978530569664,55.522119343729614,53.29762040709216,55.405709959448615,60.82915696305474,69.04821280944101
SGDRegressor,"AutoSeasonalDifferences(max_diffs=58, n_seasons=10, season_length=38) | LocalStandardScaler(stats_=[[23.72758399  8.1911904 ]])","[1, 2, 3, 4, 5, 6, 7, 8, 9, 10, 11, 12, 13, 14, 15, 16, 17, 18, 19, 20, 21, 22, 23, 24, 25, 26, 27, 28, 29]","{1: [<function rolling_mean_14 at 0x000001E23EC53100>], 7: [<function rolling_mean_30 at 0x000001E23985AAC0>], 30: [<function expanding_mean at 0x000001E2411D2700>]}",lags_29_features_29,22.254663753572114,20.163726405448784,22.90778307625644,28.46062895717073,35.273840644110685,42.06091202537926,47.99889849194514,45.74946973226245,55.93311769746615,53.95479259311365,55.83362286002578,61.50709216061856,70.21717189927132
SGDRegressor,"AutoSeasonalDifferences(max_diffs=58, n_seasons=10, season_length=38) | LocalMinMaxScaler(stats_=[[ 6.43602225 51.46668796]])","[1, 2, 3, 4, 5, 6, 7, 8, 9, 10, 11, 12, 13, 14, 15, 16, 17, 18, 19, 20, 21, 22, 23, 24, 25, 26, 27, 28, 29]","{1: [<function expanding_mean at 0x000001E2411D2700>], 7: [<function rolling_mean_14 at 0x000001E23EC53100>], 30: [<function expanding_mean at 0x000001E2411D2700>]}",lags_29_features_29,31.55568360893825,39.80649485799338,36.31705505803182,33.67330086168616,34.09212408958374,39.852388220834754,49.51696898437706,47.602269927294664,58.80719604574469,63.690263966788216,63.496913404155066,68.54062282358558,83.46780369495987
SGDRegressor,"AutoSeasonalDifferences(max_diffs=58, n_seasons=10, season_length=38) | LocalMinMaxScaler(stats_=[[ 6.43602225 51.46668796]])","[1, 2, 3, 4, 5, 6, 7, 8, 9, 10, 11, 12, 13, 14, 15, 16, 17, 18, 19, 20, 21, 22, 23, 24, 25, 26, 27, 28, 29]","{1: [<function rolling_mean_14 at 0x000001E23EC53100>], 7: [<function rolling_mean_30 at 0x000001E23985AAC0>], 30: [<function expanding_mean at 0x000001E2411D2700>]}",lags_29_features_29,28.00470917650337,34.89018352161548,32.50002019549958,31.149720887607447,32.53801765306701,38.84814209577405,48.9917893859743,47.11083767830175,56.96831426900515,60.62604554291011,61.36410529287015,65.89965933419717,79.55756140092302
SGDRegressor,"AutoSeasonalityAndDifferences(max_diffs=58, max_season_length=38, n_seasons=10) | LocalStandardScaler(stats_=[[23.72758399  8.1911904 ]])","[1, 2, 3, 4, 5, 6, 7, 8, 9, 10, 11, 12, 13, 14, 15, 16, 17, 18, 19, 20, 21, 22, 23, 24, 25, 26, 27, 28, 29]","{1: [<function expanding_mean at 0x000001E2411D2700>], 7: [<function rolling_mean_14 at 0x000001E23EC53100>], 30: [<function expanding_mean at 0x000001E2411D2700>]}",lags_29_features_29,21.339506694988327,19.076370851525862,22.478236352787807,28.46386704356405,35.52874342106645,42.38491556817588,48.21350586220567,45.85978530569664,55.522119343729614,53.29762040709216,55.405709959448615,60.82915696305474,69.04821280944101
SGDRegressor,"AutoSeasonalityAndDifferences(max_diffs=58, max_season_length=38, n_seasons=10) | LocalStandardScaler(stats_=[[23.72758399  8.1911904 ]])","[1, 2, 3, 4, 5, 6, 7, 8, 9, 10, 11, 12, 13, 14, 15, 16, 17, 18, 19, 20, 21, 22, 23, 24, 25, 26, 27, 28, 29]","{1: [<function rolling_mean_14 at 0x000001E23EC53100>], 7: [<function rolling_mean_30 at 0x000001E23985AAC0>], 30: [<function expanding_mean at 0x000001E2411D2700>]}",lags_29_features_29,22.254663753572114,20.163726405448784,22.90778307625644,28.46062895717073,35.273840644110685,42.06091202537926,47.99889849194514,45.74946973226245,55.93311769746615,53.95479259311365,55.83362286002578,61.50709216061856,70.21717189927132
SGDRegressor,"AutoSeasonalityAndDifferences(max_diffs=58, max_season_length=38, n_seasons=10) | LocalMinMaxScaler(stats_=[[ 6.43602225 51.46668796]])","[1, 2, 3, 4, 5, 6, 7, 8, 9, 10, 11, 12, 13, 14, 15, 16, 17, 18, 19, 20, 21, 22, 23, 24, 25, 26, 27, 28, 29]","{1: [<function expanding_mean at 0x000001E2411D2700>], 7: [<function rolling_mean_14 at 0x000001E23EC53100>], 30: [<function expanding_mean at 0x000001E2411D2700>]}",lags_29_features_29,31.55568360893825,39.80649485799338,36.31705505803182,33.67330086168616,34.09212408958374,39.852388220834754,49.51696898437706,47.602269927294664,58.80719604574469,63.690263966788216,63.496913404155066,68.54062282358558,83.46780369495987
SGDRegressor,"AutoSeasonalityAndDifferences(max_diffs=58, max_season_length=38, n_seasons=10) | LocalMinMaxScaler(stats_=[[ 6.43602225 51.46668796]])","[1, 2, 3, 4, 5, 6, 7, 8, 9, 10, 11, 12, 13, 14, 15, 16, 17, 18, 19, 20, 21, 22, 23, 24, 25, 26, 27, 28, 29]","{1: [<function rolling_mean_14 at 0x000001E23EC53100>], 7: [<function rolling_mean_30 at 0x000001E23985AAC0>], 30: [<function expanding_mean at 0x000001E2411D2700>]}",lags_29_features_29,28.00470917650337,34.89018352161548,32.50002019549958,31.149720887607447,32.53801765306701,38.84814209577405,48.9917893859743,47.11083767830175,56.96831426900515,60.62604554291011,61.36410529287015,65.89965933419717,79.55756140092302
SGDRegressor,LocalStandardScaler(stats_=[[23.72758399  8.1911904 ]]),"[2, 3, 7, 11, 14, 19, 22, 30, 35, 41, 42, 43, 45, 46, 48, 51, 56, 57, 58]","{1: [<function expanding_mean at 0x000001E2411D2700>], 7: [<function rolling_mean_14 at 0x000001E23EC53100>], 30: [<function expanding_mean at 0x000001E2411D2700>]}",lags_58_features_19,18.29373626775982,17.994643920164556,22.1690263706196,28.42540901469153,35.63261297781419,42.73433463084275,48.703869234971485,46.159196916742815,55.56472098381454,53.16995368742858,55.52220290876095,60.80305316523289,68.82605801699049
SGDRegressor,LocalStandardScaler(stats_=[[23.72758399  8.1911904 ]]),"[2, 3, 7, 11, 14, 19, 22, 30, 35, 41, 42, 43, 45, 46, 48, 51, 56, 57, 58]","{1: [<function rolling_mean_14 at 0x000001E23EC53100>], 7: [<function rolling_mean_30 at 0x000001E23985AAC0>], 30: [<function expanding_mean at 0x000001E2411D2700>]}",lags_58_features_19,18.28762587791545,17.96619843925308,22.168771192831834,28.475728107996474,35.71104317005,42.824231063151394,48.80772344699234,46.22651632651618,55.530566500237086,53.08674886715353,55.4895365376719,60.71564015983476,68.65448998399093
SGDRegressor,LocalMinMaxScaler(stats_=[[ 6.43602225 51.46668796]]),"[2, 3, 7, 11, 14, 19, 22, 30, 35, 41, 42, 43, 45, 46, 48, 51, 56, 57, 58]","{1: [<function expanding_mean at 0x000001E2411D2700>], 7: [<function rolling_mean_14 at 0x000001E23EC53100>], 30: [<function expanding_mean at 0x000001E2411D2700>]}",lags_58_features_19,20.986077019915232,24.137948490000074,24.399748720294347,26.251033478239204,30.07056174334306,37.3335948818257,48.22816670440987,46.668383721516626,52.88388255516684,53.68210594336951,56.381553084989456,59.555199881599584,69.77812762171285
SGDRegressor,LocalMinMaxScaler(stats_=[[ 6.43602225 51.46668796]]),"[2, 3, 7, 11, 14, 19, 22, 30, 35, 41, 42, 43, 45, 46, 48, 51, 56, 57, 58]","{1: [<function rolling_mean_14 at 0x000001E23EC53100>], 7: [<function rolling_mean_30 at 0x000001E23985AAC0>], 30: [<function expanding_mean at 0x000001E2411D2700>]}",lags_58_features_19,20.996241315404816,24.159144871953277,24.41523821046085,26.255418419119795,30.064802688731863,37.32597236532541,48.2345110899387,46.68174388860212,52.88543535416158,53.69580024210823,56.39321378734298,59.5622668893507,69.7937245968998
SGDRegressor,AutoDifferences(max_diffs=58) | LocalStandardScaler(stats_=[[-0.05947542  8.29037023]]),"[2, 3, 7, 11, 14, 19, 22, 30, 35, 41, 42, 43, 45, 46, 48, 51, 56, 57, 58]","{1: [<function expanding_mean at 0x000001E2411D2700>], 7: [<function rolling_mean_14 at 0x000001E23EC53100>], 30: [<function expanding_mean at 0x000001E2411D2700>]}",lags_58_features_19,19.656774874083645,18.08756724458422,27.976549157399806,41.29382537968239,53.93111862878833,64.13814244030563,77.48092790465093,83.35748440211668,75.65854203603223,71.04094680967512,82.43230344074765,88.4520680470794,107.77679670663218
SGDRegressor,AutoDifferences(max_diffs=58) | LocalStandardScaler(stats_=[[-0.05947542  8.29037023]]),"[2, 3, 7, 11, 14, 19, 22, 30, 35, 41, 42, 43, 45, 46, 48, 51, 56, 57, 58]","{1: [<function rolling_mean_14 at 0x000001E23EC53100>], 7: [<function rolling_mean_30 at 0x000001E23985AAC0>], 30: [<function expanding_mean at 0x000001E2411D2700>]}",lags_58_features_19,19.66420178763245,18.09405188539589,27.85414850554619,41.03063734646735,53.55649281257578,63.69543886851474,76.88094097839591,82.49135588356793,74.87887214094093,70.76696275430461,82.18643267072638,88.76623200533508,110.5215211047809
SGDRegressor,AutoDifferences(max_diffs=58) | LocalMinMaxScaler(stats_=[[-29.0915991   62.86678319]]),"[2, 3, 7, 11, 14, 19, 22, 30, 35, 41, 42, 43, 45, 46, 48, 51, 56, 57, 58]","{1: [<function expanding_mean at 0x000001E2411D2700>], 7: [<function rolling_mean_14 at 0x000001E23EC53100>], 30: [<function expanding_mean at 0x000001E2411D2700>]}",lags_58_features_19,365.5436651125039,924.4896231971375,1339.8533946251691,1713.5602729945176,1957.3710391056106,2022.594842358389,2155.377791850862,2747.525427005786,3543.362504767376,4428.949014874723,4424.961980002812,5848.414478919782,9964.930093190374
SGDRegressor,AutoDifferences(max_diffs=58) | LocalMinMaxScaler(stats_=[[-29.0915991   62.86678319]]),"[2, 3, 7, 11, 14, 19, 22, 30, 35, 41, 42, 43, 45, 46, 48, 51, 56, 57, 58]","{1: [<function rolling_mean_14 at 0x000001E23EC53100>], 7: [<function rolling_mean_30 at 0x000001E23985AAC0>], 30: [<function expanding_mean at 0x000001E2411D2700>]}",lags_58_features_19,366.36394187762863,927.338406472421,1344.5982146120984,1720.1406272214695,1965.2502873905848,2031.0068024263526,2164.6994396130603,2755.555567669354,3543.8991642386313,4423.256877743249,4421.964190058948,5839.5205387117085,9941.459858697583
SGDRegressor,"AutoSeasonalDifferences(max_diffs=58, n_seasons=10, season_length=38) | LocalStandardScaler(stats_=[[23.72758399  8.1911904 ]])","[2, 3, 7, 11, 14, 19, 22, 30, 35, 41, 42, 43, 45, 46, 48, 51, 56, 57, 58]","{1: [<function expanding_mean at 0x000001E2411D2700>], 7: [<function rolling_mean_14 at 0x000001E23EC53100>], 30: [<function expanding_mean at 0x000001E2411D2700>]}",lags_58_features_19,18.29373626775982,17.994643920164556,22.1690263706196,28.42540901469153,35.63261297781419,42.73433463084275,48.703869234971485,46.159196916742815,55.56472098381454,53.16995368742858,55.52220290876095,60.80305316523289,68.82605801699049
SGDRegressor,"AutoSeasonalDifferences(max_diffs=58, n_seasons=10, season_length=38) | LocalStandardScaler(stats_=[[23.72758399  8.1911904 ]])","[2, 3, 7, 11, 14, 19, 22, 30, 35, 41, 42, 43, 45, 46, 48, 51, 56, 57, 58]","{1: [<function rolling_mean_14 at 0x000001E23EC53100>], 7: [<function rolling_mean_30 at 0x000001E23985AAC0>], 30: [<function expanding_mean at 0x000001E2411D2700>]}",lags_58_features_19,18.28762587791545,17.96619843925308,22.168771192831834,28.475728107996474,35.71104317005,42.824231063151394,48.80772344699234,46.22651632651618,55.530566500237086,53.08674886715353,55.4895365376719,60.71564015983476,68.65448998399093
SGDRegressor,"AutoSeasonalDifferences(max_diffs=58, n_seasons=10, season_length=38) | LocalMinMaxScaler(stats_=[[ 6.43602225 51.46668796]])","[2, 3, 7, 11, 14, 19, 22, 30, 35, 41, 42, 43, 45, 46, 48, 51, 56, 57, 58]","{1: [<function expanding_mean at 0x000001E2411D2700>], 7: [<function rolling_mean_14 at 0x000001E23EC53100>], 30: [<function expanding_mean at 0x000001E2411D2700>]}",lags_58_features_19,20.986077019915232,24.137948490000074,24.399748720294347,26.251033478239204,30.07056174334306,37.3335948818257,48.22816670440987,46.668383721516626,52.88388255516684,53.68210594336951,56.381553084989456,59.555199881599584,69.77812762171285
SGDRegressor,"AutoSeasonalDifferences(max_diffs=58, n_seasons=10, season_length=38) | LocalMinMaxScaler(stats_=[[ 6.43602225 51.46668796]])","[2, 3, 7, 11, 14, 19, 22, 30, 35, 41, 42, 43, 45, 46, 48, 51, 56, 57, 58]","{1: [<function rolling_mean_14 at 0x000001E23EC53100>], 7: [<function rolling_mean_30 at 0x000001E23985AAC0>], 30: [<function expanding_mean at 0x000001E2411D2700>]}",lags_58_features_19,20.996241315404816,24.159144871953277,24.41523821046085,26.255418419119795,30.064802688731863,37.32597236532541,48.2345110899387,46.68174388860212,52.88543535416158,53.69580024210823,56.39321378734298,59.5622668893507,69.7937245968998
SGDRegressor,"AutoSeasonalityAndDifferences(max_diffs=58, max_season_length=38, n_seasons=10) | LocalStandardScaler(stats_=[[23.72758399  8.1911904 ]])","[2, 3, 7, 11, 14, 19, 22, 30, 35, 41, 42, 43, 45, 46, 48, 51, 56, 57, 58]","{1: [<function expanding_mean at 0x000001E2411D2700>], 7: [<function rolling_mean_14 at 0x000001E23EC53100>], 30: [<function expanding_mean at 0x000001E2411D2700>]}",lags_58_features_19,18.29373626775982,17.994643920164556,22.1690263706196,28.42540901469153,35.63261297781419,42.73433463084275,48.703869234971485,46.159196916742815,55.56472098381454,53.16995368742858,55.52220290876095,60.80305316523289,68.82605801699049
SGDRegressor,"AutoSeasonalityAndDifferences(max_diffs=58, max_season_length=38, n_seasons=10) | LocalStandardScaler(stats_=[[23.72758399  8.1911904 ]])","[2, 3, 7, 11, 14, 19, 22, 30, 35, 41, 42, 43, 45, 46, 48, 51, 56, 57, 58]","{1: [<function rolling_mean_14 at 0x000001E23EC53100>], 7: [<function rolling_mean_30 at 0x000001E23985AAC0>], 30: [<function expanding_mean at 0x000001E2411D2700>]}",lags_58_features_19,18.28762587791545,17.96619843925308,22.168771192831834,28.475728107996474,35.71104317005,42.824231063151394,48.80772344699234,46.22651632651618,55.530566500237086,53.08674886715353,55.4895365376719,60.71564015983476,68.65448998399093
SGDRegressor,"AutoSeasonalityAndDifferences(max_diffs=58, max_season_length=38, n_seasons=10) | LocalMinMaxScaler(stats_=[[ 6.43602225 51.46668796]])","[2, 3, 7, 11, 14, 19, 22, 30, 35, 41, 42, 43, 45, 46, 48, 51, 56, 57, 58]","{1: [<function expanding_mean at 0x000001E2411D2700>], 7: [<function rolling_mean_14 at 0x000001E23EC53100>], 30: [<function expanding_mean at 0x000001E2411D2700>]}",lags_58_features_19,20.986077019915232,24.137948490000074,24.399748720294347,26.251033478239204,30.07056174334306,37.3335948818257,48.22816670440987,46.668383721516626,52.88388255516684,53.68210594336951,56.381553084989456,59.555199881599584,69.77812762171285
SGDRegressor,"AutoSeasonalityAndDifferences(max_diffs=58, max_season_length=38, n_seasons=10) | LocalMinMaxScaler(stats_=[[ 6.43602225 51.46668796]])","[2, 3, 7, 11, 14, 19, 22, 30, 35, 41, 42, 43, 45, 46, 48, 51, 56, 57, 58]","{1: [<function rolling_mean_14 at 0x000001E23EC53100>], 7: [<function rolling_mean_30 at 0x000001E23985AAC0>], 30: [<function expanding_mean at 0x000001E2411D2700>]}",lags_58_features_19,20.996241315404816,24.159144871953277,24.41523821046085,26.255418419119795,30.064802688731863,37.32597236532541,48.2345110899387,46.68174388860212,52.88543535416158,53.69580024210823,56.39321378734298,59.5622668893507,69.7937245968998
SGDRegressor,LocalStandardScaler(stats_=[[23.72758399  8.1911904 ]]),"[1, 2, 3, 4, 7, 9, 10, 11, 12, 13, 14, 17, 18, 19, 21, 22, 26, 28, 30, 31, 33, 34, 35, 36, 37, 41, 42, 43, 44, 45, 46, 47, 48, 49, 51, 56, 57, 58]","{1: [<function expanding_mean at 0x000001E2411D2700>], 7: [<function rolling_mean_14 at 0x000001E23EC53100>], 30: [<function expanding_mean at 0x000001E2411D2700>]}",lags_58_features_38,18.42583605692611,18.216443262887022,22.4553412235703,28.711998170611324,35.935372170165316,43.003002801924694,48.94785274901815,46.28983404629168,55.556401964800415,53.10097841980029,55.51878136430155,60.68190300720636,68.51782950366028
SGDRegressor,LocalStandardScaler(stats_=[[23.72758399  8.1911904 ]]),"[1, 2, 3, 4, 7, 9, 10, 11, 12, 13, 14, 17, 18, 19, 21, 22, 26, 28, 30, 31, 33, 34, 35, 36, 37, 41, 42, 43, 44, 45, 46, 47, 48, 49, 51, 56, 57, 58]","{1: [<function rolling_mean_14 at 0x000001E23EC53100>], 7: [<function rolling_mean_30 at 0x000001E23985AAC0>], 30: [<function expanding_mean at 0x000001E2411D2700>]}",lags_58_features_38,18.407127503186587,18.18541611983019,22.454767878182967,28.74205895191615,35.98236201632275,43.05668786394812,49.0135712526567,46.331509165530726,55.52800994475488,53.041845626833805,55.492403020075464,60.61732369978233,68.39556999232433
SGDRegressor,LocalMinMaxScaler(stats_=[[ 6.43602225 51.46668796]]),"[1, 2, 3, 4, 7, 9, 10, 11, 12, 13, 14, 17, 18, 19, 21, 22, 26, 28, 30, 31, 33, 34, 35, 36, 37, 41, 42, 43, 44, 45, 46, 47, 48, 49, 51, 56, 57, 58]","{1: [<function expanding_mean at 0x000001E2411D2700>], 7: [<function rolling_mean_14 at 0x000001E23EC53100>], 30: [<function expanding_mean at 0x000001E2411D2700>]}",lags_58_features_38,20.828126718468802,23.785792754410533,24.1467788991903,26.127437187104302,30.04466548115346,37.29584620016395,48.14921728416805,46.59703773020239,52.67130098211299,53.35571294081395,56.09216464330806,59.2201890954078,69.28287235469243
SGDRegressor,LocalMinMaxScaler(stats_=[[ 6.43602225 51.46668796]]),"[1, 2, 3, 4, 7, 9, 10, 11, 12, 13, 14, 17, 18, 19, 21, 22, 26, 28, 30, 31, 33, 34, 35, 36, 37, 41, 42, 43, 44, 45, 46, 47, 48, 49, 51, 56, 57, 58]","{1: [<function rolling_mean_14 at 0x000001E23EC53100>], 7: [<function rolling_mean_30 at 0x000001E23985AAC0>], 30: [<function expanding_mean at 0x000001E2411D2700>]}",lags_58_features_38,20.837398427502833,23.80542895094196,24.161189825088673,26.131318684635758,30.038853069677135,37.288121858444754,48.15475836952,46.60950233831672,52.671621788308634,53.36693932789461,56.10154741487896,59.225003926331055,69.29557976468794
SGDRegressor,AutoDifferences(max_diffs=58) | LocalStandardScaler(stats_=[[-0.05947542  8.29037023]]),"[1, 2, 3, 4, 7, 9, 10, 11, 12, 13, 14, 17, 18, 19, 21, 22, 26, 28, 30, 31, 33, 34, 35, 36, 37, 41, 42, 43, 44, 45, 46, 47, 48, 49, 51, 56, 57, 58]","{1: [<function expanding_mean at 0x000001E2411D2700>], 7: [<function rolling_mean_14 at 0x000001E23EC53100>], 30: [<function expanding_mean at 0x000001E2411D2700>]}",lags_58_features_38,20.930304536408528,35.20369830650249,59.86796271683114,83.51512728810697,102.15553289331456,113.80662429309734,141.5270600184616,220.8824352371857,355.2937715879391,481.1353097561107,474.4968301931659,715.5845184271038,1394.349750350724
SGDRegressor,AutoDifferences(max_diffs=58) | LocalStandardScaler(stats_=[[-0.05947542  8.29037023]]),"[1, 2, 3, 4, 7, 9, 10, 11, 12, 13, 14, 17, 18, 19, 21, 22, 26, 28, 30, 31, 33, 34, 35, 36, 37, 41, 42, 43, 44, 45, 46, 47, 48, 49, 51, 56, 57, 58]","{1: [<function rolling_mean_14 at 0x000001E23EC53100>], 7: [<function rolling_mean_30 at 0x000001E23985AAC0>], 30: [<function expanding_mean at 0x000001E2411D2700>]}",lags_58_features_38,20.84521209711626,34.882966732581,59.37191088587922,82.85048776622148,101.36228651550412,112.95632324712814,140.42487217843916,218.8461729394505,351.89552059421493,476.8681364123354,470.40593509352925,709.4822774559528,1383.439192636556
SGDRegressor,AutoDifferences(max_diffs=58) | LocalMinMaxScaler(stats_=[[-29.0915991   62.86678319]]),"[1, 2, 3, 4, 7, 9, 10, 11, 12, 13, 14, 17, 18, 19, 21, 22, 26, 28, 30, 31, 33, 34, 35, 36, 37, 41, 42, 43, 44, 45, 46, 47, 48, 49, 51, 56, 57, 58]","{1: [<function expanding_mean at 0x000001E2411D2700>], 7: [<function rolling_mean_14 at 0x000001E23EC53100>], 30: [<function expanding_mean at 0x000001E2411D2700>]}",lags_58_features_38,350.92374383210876,891.2398887306933,1297.873769999785,1666.4475201850635,1908.9207736018718,1977.653692656752,2157.9884070104413,2876.310580252409,3848.7851752229344,4824.259005821002,4792.6526747141515,6475.779703540475,11192.851731085177
SGDRegressor,AutoDifferences(max_diffs=58) | LocalMinMaxScaler(stats_=[[-29.0915991   62.86678319]]),"[1, 2, 3, 4, 7, 9, 10, 11, 12, 13, 14, 17, 18, 19, 21, 22, 26, 28, 30, 31, 33, 34, 35, 36, 37, 41, 42, 43, 44, 45, 46, 47, 48, 49, 51, 56, 57, 58]","{1: [<function rolling_mean_14 at 0x000001E23EC53100>], 7: [<function rolling_mean_30 at 0x000001E23985AAC0>], 30: [<function expanding_mean at 0x000001E2411D2700>]}",lags_58_features_38,351.63737668741464,893.7705021839166,1302.1677175854666,1672.4984121251644,1916.2490240472544,1985.5411226004935,2167.218830106482,2885.6378750339704,3852.154036323615,4821.410712329506,4792.048501360261,6470.743197807873,11174.58185929884
SGDRegressor,"AutoSeasonalDifferences(max_diffs=58, n_seasons=10, season_length=38) | LocalStandardScaler(stats_=[[23.72758399  8.1911904 ]])","[1, 2, 3, 4, 7, 9, 10, 11, 12, 13, 14, 17, 18, 19, 21, 22, 26, 28, 30, 31, 33, 34, 35, 36, 37, 41, 42, 43, 44, 45, 46, 47, 48, 49, 51, 56, 57, 58]","{1: [<function expanding_mean at 0x000001E2411D2700>], 7: [<function rolling_mean_14 at 0x000001E23EC53100>], 30: [<function expanding_mean at 0x000001E2411D2700>]}",lags_58_features_38,18.42583605692611,18.216443262887022,22.4553412235703,28.711998170611324,35.935372170165316,43.003002801924694,48.94785274901815,46.28983404629168,55.556401964800415,53.10097841980029,55.51878136430155,60.68190300720636,68.51782950366028
SGDRegressor,"AutoSeasonalDifferences(max_diffs=58, n_seasons=10, season_length=38) | LocalStandardScaler(stats_=[[23.72758399  8.1911904 ]])","[1, 2, 3, 4, 7, 9, 10, 11, 12, 13, 14, 17, 18, 19, 21, 22, 26, 28, 30, 31, 33, 34, 35, 36, 37, 41, 42, 43, 44, 45, 46, 47, 48, 49, 51, 56, 57, 58]","{1: [<function rolling_mean_14 at 0x000001E23EC53100>], 7: [<function rolling_mean_30 at 0x000001E23985AAC0>], 30: [<function expanding_mean at 0x000001E2411D2700>]}",lags_58_features_38,18.407127503186587,18.18541611983019,22.454767878182967,28.74205895191615,35.98236201632275,43.05668786394812,49.0135712526567,46.331509165530726,55.52800994475488,53.041845626833805,55.492403020075464,60.61732369978233,68.39556999232433
SGDRegressor,"AutoSeasonalDifferences(max_diffs=58, n_seasons=10, season_length=38) | LocalMinMaxScaler(stats_=[[ 6.43602225 51.46668796]])","[1, 2, 3, 4, 7, 9, 10, 11, 12, 13, 14, 17, 18, 19, 21, 22, 26, 28, 30, 31, 33, 34, 35, 36, 37, 41, 42, 43, 44, 45, 46, 47, 48, 49, 51, 56, 57, 58]","{1: [<function expanding_mean at 0x000001E2411D2700>], 7: [<function rolling_mean_14 at 0x000001E23EC53100>], 30: [<function expanding_mean at 0x000001E2411D2700>]}",lags_58_features_38,20.828126718468802,23.785792754410533,24.1467788991903,26.127437187104302,30.04466548115346,37.29584620016395,48.14921728416805,46.59703773020239,52.67130098211299,53.35571294081395,56.09216464330806,59.2201890954078,69.28287235469243
SGDRegressor,"AutoSeasonalDifferences(max_diffs=58, n_seasons=10, season_length=38) | LocalMinMaxScaler(stats_=[[ 6.43602225 51.46668796]])","[1, 2, 3, 4, 7, 9, 10, 11, 12, 13, 14, 17, 18, 19, 21, 22, 26, 28, 30, 31, 33, 34, 35, 36, 37, 41, 42, 43, 44, 45, 46, 47, 48, 49, 51, 56, 57, 58]","{1: [<function rolling_mean_14 at 0x000001E23EC53100>], 7: [<function rolling_mean_30 at 0x000001E23985AAC0>], 30: [<function expanding_mean at 0x000001E2411D2700>]}",lags_58_features_38,20.837398427502833,23.80542895094196,24.161189825088673,26.131318684635758,30.038853069677135,37.288121858444754,48.15475836952,46.60950233831672,52.671621788308634,53.36693932789461,56.10154741487896,59.225003926331055,69.29557976468794
SGDRegressor,"AutoSeasonalityAndDifferences(max_diffs=58, max_season_length=38, n_seasons=10) | LocalStandardScaler(stats_=[[23.72758399  8.1911904 ]])","[1, 2, 3, 4, 7, 9, 10, 11, 12, 13, 14, 17, 18, 19, 21, 22, 26, 28, 30, 31, 33, 34, 35, 36, 37, 41, 42, 43, 44, 45, 46, 47, 48, 49, 51, 56, 57, 58]","{1: [<function expanding_mean at 0x000001E2411D2700>], 7: [<function rolling_mean_14 at 0x000001E23EC53100>], 30: [<function expanding_mean at 0x000001E2411D2700>]}",lags_58_features_38,18.42583605692611,18.216443262887022,22.4553412235703,28.711998170611324,35.935372170165316,43.003002801924694,48.94785274901815,46.28983404629168,55.556401964800415,53.10097841980029,55.51878136430155,60.68190300720636,68.51782950366028
SGDRegressor,"AutoSeasonalityAndDifferences(max_diffs=58, max_season_length=38, n_seasons=10) | LocalStandardScaler(stats_=[[23.72758399  8.1911904 ]])","[1, 2, 3, 4, 7, 9, 10, 11, 12, 13, 14, 17, 18, 19, 21, 22, 26, 28, 30, 31, 33, 34, 35, 36, 37, 41, 42, 43, 44, 45, 46, 47, 48, 49, 51, 56, 57, 58]","{1: [<function rolling_mean_14 at 0x000001E23EC53100>], 7: [<function rolling_mean_30 at 0x000001E23985AAC0>], 30: [<function expanding_mean at 0x000001E2411D2700>]}",lags_58_features_38,18.407127503186587,18.18541611983019,22.454767878182967,28.74205895191615,35.98236201632275,43.05668786394812,49.0135712526567,46.331509165530726,55.52800994475488,53.041845626833805,55.492403020075464,60.61732369978233,68.39556999232433
SGDRegressor,"AutoSeasonalityAndDifferences(max_diffs=58, max_season_length=38, n_seasons=10) | LocalMinMaxScaler(stats_=[[ 6.43602225 51.46668796]])","[1, 2, 3, 4, 7, 9, 10, 11, 12, 13, 14, 17, 18, 19, 21, 22, 26, 28, 30, 31, 33, 34, 35, 36, 37, 41, 42, 43, 44, 45, 46, 47, 48, 49, 51, 56, 57, 58]","{1: [<function expanding_mean at 0x000001E2411D2700>], 7: [<function rolling_mean_14 at 0x000001E23EC53100>], 30: [<function expanding_mean at 0x000001E2411D2700>]}",lags_58_features_38,20.828126718468802,23.785792754410533,24.1467788991903,26.127437187104302,30.04466548115346,37.29584620016395,48.14921728416805,46.59703773020239,52.67130098211299,53.35571294081395,56.09216464330806,59.2201890954078,69.28287235469243
SGDRegressor,"AutoSeasonalityAndDifferences(max_diffs=58, max_season_length=38, n_seasons=10) | LocalMinMaxScaler(stats_=[[ 6.43602225 51.46668796]])","[1, 2, 3, 4, 7, 9, 10, 11, 12, 13, 14, 17, 18, 19, 21, 22, 26, 28, 30, 31, 33, 34, 35, 36, 37, 41, 42, 43, 44, 45, 46, 47, 48, 49, 51, 56, 57, 58]","{1: [<function rolling_mean_14 at 0x000001E23EC53100>], 7: [<function rolling_mean_30 at 0x000001E23985AAC0>], 30: [<function expanding_mean at 0x000001E2411D2700>]}",lags_58_features_38,20.837398427502833,23.80542895094196,24.161189825088673,26.131318684635758,30.038853069677135,37.288121858444754,48.15475836952,46.60950233831672,52.671621788308634,53.36693932789461,56.10154741487896,59.225003926331055,69.29557976468794
SGDRegressor,LocalStandardScaler(stats_=[[23.72758399  8.1911904 ]]),"[1, 2, 3, 4, 5, 6, 7, 8, 9, 10, 11, 12, 13, 14, 15, 16, 17, 18, 19, 20, 21, 22, 23, 24, 25, 26, 27, 28, 29, 30, 31, 32, 33, 34, 35, 36, 37, 38, 39, 40, 41, 42, 43, 44, 45, 46, 47, 48, 49, 50, 51, 52, 53, 54, 55, 56, 57, 58]","{1: [<function expanding_mean at 0x000001E2411D2700>], 7: [<function rolling_mean_14 at 0x000001E23EC53100>], 30: [<function expanding_mean at 0x000001E2411D2700>]}",lags_58_features_58,18.077626992463838,18.526361423896265,22.460481651054035,28.423090196356217,35.478254431941416,42.50317455497738,48.48611191712771,45.984113998160275,55.58966168129093,53.369173784835354,55.58527238458443,60.89904014858074,69.09507921426645
SGDRegressor,LocalStandardScaler(stats_=[[23.72758399  8.1911904 ]]),"[1, 2, 3, 4, 5, 6, 7, 8, 9, 10, 11, 12, 13, 14, 15, 16, 17, 18, 19, 20, 21, 22, 23, 24, 25, 26, 27, 28, 29, 30, 31, 32, 33, 34, 35, 36, 37, 38, 39, 40, 41, 42, 43, 44, 45, 46, 47, 48, 49, 50, 51, 52, 53, 54, 55, 56, 57, 58]","{1: [<function rolling_mean_14 at 0x000001E23EC53100>], 7: [<function rolling_mean_30 at 0x000001E23985AAC0>], 30: [<function expanding_mean at 0x000001E2411D2700>]}",lags_58_features_58,18.066471119627,18.51302340522566,22.45609466297068,28.429661610269246,35.49081132757962,42.517584082216146,48.505598249710374,45.99276094900218,55.56961393430938,53.33850261354617,55.567742279258916,60.863973175193955,69.03406987193776
SGDRegressor,LocalMinMaxScaler(stats_=[[ 6.43602225 51.46668796]]),"[1, 2, 3, 4, 5, 6, 7, 8, 9, 10, 11, 12, 13, 14, 15, 16, 17, 18, 19, 20, 21, 22, 23, 24, 25, 26, 27, 28, 29, 30, 31, 32, 33, 34, 35, 36, 37, 38, 39, 40, 41, 42, 43, 44, 45, 46, 47, 48, 49, 50, 51, 52, 53, 54, 55, 56, 57, 58]","{1: [<function expanding_mean at 0x000001E2411D2700>], 7: [<function rolling_mean_14 at 0x000001E23EC53100>], 30: [<function expanding_mean at 0x000001E2411D2700>]}",lags_58_features_58,20.412067072725588,22.99864012855341,23.599112655108858,25.850863619024068,29.971604771870375,37.23809009445386,48.021061001358,46.48770361371877,52.26175309672618,52.71064261494729,55.54533405456284,58.57352877945278,68.31148771184498
SGDRegressor,LocalMinMaxScaler(stats_=[[ 6.43602225 51.46668796]]),"[1, 2, 3, 4, 5, 6, 7, 8, 9, 10, 11, 12, 13, 14, 15, 16, 17, 18, 19, 20, 21, 22, 23, 24, 25, 26, 27, 28, 29, 30, 31, 32, 33, 34, 35, 36, 37, 38, 39, 40, 41, 42, 43, 44, 45, 46, 47, 48, 49, 50, 51, 52, 53, 54, 55, 56, 57, 58]","{1: [<function rolling_mean_14 at 0x000001E23EC53100>], 7: [<function rolling_mean_30 at 0x000001E23985AAC0>], 30: [<function expanding_mean at 0x000001E2411D2700>]}",lags_58_features_58,20.420018686828268,23.015420014932722,23.610344563192278,25.852970427117988,29.965056059208838,37.22977415039065,48.0248995574507,46.49830129304648,52.259619709733705,52.71850784276061,55.5515538197059,58.57506758567368,68.31955558362328
SGDRegressor,AutoDifferences(max_diffs=58) | LocalStandardScaler(stats_=[[-0.05947542  8.29037023]]),"[1, 2, 3, 4, 5, 6, 7, 8, 9, 10, 11, 12, 13, 14, 15, 16, 17, 18, 19, 20, 21, 22, 23, 24, 25, 26, 27, 28, 29, 30, 31, 32, 33, 34, 35, 36, 37, 38, 39, 40, 41, 42, 43, 44, 45, 46, 47, 48, 49, 50, 51, 52, 53, 54, 55, 56, 57, 58]","{1: [<function expanding_mean at 0x000001E2411D2700>], 7: [<function rolling_mean_14 at 0x000001E23EC53100>], 30: [<function expanding_mean at 0x000001E2411D2700>]}",lags_58_features_58,29.15546909538751,45.190225220039416,45.36578928138021,44.14825974231768,41.61471839991924,40.41670721856098,40.95934545576851,77.31298772754063,154.11542338574495,211.78347398657763,189.04345456438182,288.56666234252,545.2949670529368
SGDRegressor,AutoDifferences(max_diffs=58) | LocalStandardScaler(stats_=[[-0.05947542  8.29037023]]),"[1, 2, 3, 4, 5, 6, 7, 8, 9, 10, 11, 12, 13, 14, 15, 16, 17, 18, 19, 20, 21, 22, 23, 24, 25, 26, 27, 28, 29, 30, 31, 32, 33, 34, 35, 36, 37, 38, 39, 40, 41, 42, 43, 44, 45, 46, 47, 48, 49, 50, 51, 52, 53, 54, 55, 56, 57, 58]","{1: [<function rolling_mean_14 at 0x000001E23EC53100>], 7: [<function rolling_mean_30 at 0x000001E23985AAC0>], 30: [<function expanding_mean at 0x000001E2411D2700>]}",lags_58_features_58,29.0625896343706,44.975066474134515,45.10776495553129,43.872680220107355,41.35831543656323,40.22567818146972,40.76107127631715,76.58493357487696,152.48690595271978,209.3929938659359,186.80164973085812,285.0217697593886,538.3179112809906
SGDRegressor,AutoDifferences(max_diffs=58) | LocalMinMaxScaler(stats_=[[-29.0915991   62.86678319]]),"[1, 2, 3, 4, 5, 6, 7, 8, 9, 10, 11, 12, 13, 14, 15, 16, 17, 18, 19, 20, 21, 22, 23, 24, 25, 26, 27, 28, 29, 30, 31, 32, 33, 34, 35, 36, 37, 38, 39, 40, 41, 42, 43, 44, 45, 46, 47, 48, 49, 50, 51, 52, 53, 54, 55, 56, 57, 58]","{1: [<function expanding_mean at 0x000001E2411D2700>], 7: [<function rolling_mean_14 at 0x000001E23EC53100>], 30: [<function expanding_mean at 0x000001E2411D2700>]}",lags_58_features_58,325.9998236274627,830.8326274255979,1216.6313474258795,1570.8678112521538,1807.239400704255,1878.7537118840576,2096.2293474458565,2903.147370870617,3978.385189520077,4965.944153632834,4914.267592268505,6733.834192490907,11690.476101539189
SGDRegressor,AutoDifferences(max_diffs=58) | LocalMinMaxScaler(stats_=[[-29.0915991   62.86678319]]),"[1, 2, 3, 4, 5, 6, 7, 8, 9, 10, 11, 12, 13, 14, 15, 16, 17, 18, 19, 20, 21, 22, 23, 24, 25, 26, 27, 28, 29, 30, 31, 32, 33, 34, 35, 36, 37, 38, 39, 40, 41, 42, 43, 44, 45, 46, 47, 48, 49, 50, 51, 52, 53, 54, 55, 56, 57, 58]","{1: [<function rolling_mean_14 at 0x000001E23EC53100>], 7: [<function rolling_mean_30 at 0x000001E23985AAC0>], 30: [<function expanding_mean at 0x000001E2411D2700>]}",lags_58_features_58,326.5897921418064,832.9734437401715,1220.332705224173,1576.1764910352078,1813.7559872714764,1885.836748811112,2104.9671248313803,2913.289712329359,3984.2361602611854,4965.586038933488,4915.609301302335,6732.1214134079955,11676.62850255653
SGDRegressor,"AutoSeasonalDifferences(max_diffs=58, n_seasons=10, season_length=38) | LocalStandardScaler(stats_=[[23.72758399  8.1911904 ]])","[1, 2, 3, 4, 5, 6, 7, 8, 9, 10, 11, 12, 13, 14, 15, 16, 17, 18, 19, 20, 21, 22, 23, 24, 25, 26, 27, 28, 29, 30, 31, 32, 33, 34, 35, 36, 37, 38, 39, 40, 41, 42, 43, 44, 45, 46, 47, 48, 49, 50, 51, 52, 53, 54, 55, 56, 57, 58]","{1: [<function expanding_mean at 0x000001E2411D2700>], 7: [<function rolling_mean_14 at 0x000001E23EC53100>], 30: [<function expanding_mean at 0x000001E2411D2700>]}",lags_58_features_58,18.077626992463838,18.526361423896265,22.460481651054035,28.423090196356217,35.478254431941416,42.50317455497738,48.48611191712771,45.984113998160275,55.58966168129093,53.369173784835354,55.58527238458443,60.89904014858074,69.09507921426645
SGDRegressor,"AutoSeasonalDifferences(max_diffs=58, n_seasons=10, season_length=38) | LocalStandardScaler(stats_=[[23.72758399  8.1911904 ]])","[1, 2, 3, 4, 5, 6, 7, 8, 9, 10, 11, 12, 13, 14, 15, 16, 17, 18, 19, 20, 21, 22, 23, 24, 25, 26, 27, 28, 29, 30, 31, 32, 33, 34, 35, 36, 37, 38, 39, 40, 41, 42, 43, 44, 45, 46, 47, 48, 49, 50, 51, 52, 53, 54, 55, 56, 57, 58]","{1: [<function rolling_mean_14 at 0x000001E23EC53100>], 7: [<function rolling_mean_30 at 0x000001E23985AAC0>], 30: [<function expanding_mean at 0x000001E2411D2700>]}",lags_58_features_58,18.066471119627,18.51302340522566,22.45609466297068,28.429661610269246,35.49081132757962,42.517584082216146,48.505598249710374,45.99276094900218,55.56961393430938,53.33850261354617,55.567742279258916,60.863973175193955,69.03406987193776
SGDRegressor,"AutoSeasonalDifferences(max_diffs=58, n_seasons=10, season_length=38) | LocalMinMaxScaler(stats_=[[ 6.43602225 51.46668796]])","[1, 2, 3, 4, 5, 6, 7, 8, 9, 10, 11, 12, 13, 14, 15, 16, 17, 18, 19, 20, 21, 22, 23, 24, 25, 26, 27, 28, 29, 30, 31, 32, 33, 34, 35, 36, 37, 38, 39, 40, 41, 42, 43, 44, 45, 46, 47, 48, 49, 50, 51, 52, 53, 54, 55, 56, 57, 58]","{1: [<function expanding_mean at 0x000001E2411D2700>], 7: [<function rolling_mean_14 at 0x000001E23EC53100>], 30: [<function expanding_mean at 0x000001E2411D2700>]}",lags_58_features_58,20.412067072725588,22.99864012855341,23.599112655108858,25.850863619024068,29.971604771870375,37.23809009445386,48.021061001358,46.48770361371877,52.26175309672618,52.71064261494729,55.54533405456284,58.57352877945278,68.31148771184498
SGDRegressor,"AutoSeasonalDifferences(max_diffs=58, n_seasons=10, season_length=38) | LocalMinMaxScaler(stats_=[[ 6.43602225 51.46668796]])","[1, 2, 3, 4, 5, 6, 7, 8, 9, 10, 11, 12, 13, 14, 15, 16, 17, 18, 19, 20, 21, 22, 23, 24, 25, 26, 27, 28, 29, 30, 31, 32, 33, 34, 35, 36, 37, 38, 39, 40, 41, 42, 43, 44, 45, 46, 47, 48, 49, 50, 51, 52, 53, 54, 55, 56, 57, 58]","{1: [<function rolling_mean_14 at 0x000001E23EC53100>], 7: [<function rolling_mean_30 at 0x000001E23985AAC0>], 30: [<function expanding_mean at 0x000001E2411D2700>]}",lags_58_features_58,20.420018686828268,23.015420014932722,23.610344563192278,25.852970427117988,29.965056059208838,37.22977415039065,48.0248995574507,46.49830129304648,52.259619709733705,52.71850784276061,55.5515538197059,58.57506758567368,68.31955558362328
SGDRegressor,"AutoSeasonalityAndDifferences(max_diffs=58, max_season_length=38, n_seasons=10) | LocalStandardScaler(stats_=[[23.72758399  8.1911904 ]])","[1, 2, 3, 4, 5, 6, 7, 8, 9, 10, 11, 12, 13, 14, 15, 16, 17, 18, 19, 20, 21, 22, 23, 24, 25, 26, 27, 28, 29, 30, 31, 32, 33, 34, 35, 36, 37, 38, 39, 40, 41, 42, 43, 44, 45, 46, 47, 48, 49, 50, 51, 52, 53, 54, 55, 56, 57, 58]","{1: [<function expanding_mean at 0x000001E2411D2700>], 7: [<function rolling_mean_14 at 0x000001E23EC53100>], 30: [<function expanding_mean at 0x000001E2411D2700>]}",lags_58_features_58,18.077626992463838,18.526361423896265,22.460481651054035,28.423090196356217,35.478254431941416,42.50317455497738,48.48611191712771,45.984113998160275,55.58966168129093,53.369173784835354,55.58527238458443,60.89904014858074,69.09507921426645
SGDRegressor,"AutoSeasonalityAndDifferences(max_diffs=58, max_season_length=38, n_seasons=10) | LocalStandardScaler(stats_=[[23.72758399  8.1911904 ]])","[1, 2, 3, 4, 5, 6, 7, 8, 9, 10, 11, 12, 13, 14, 15, 16, 17, 18, 19, 20, 21, 22, 23, 24, 25, 26, 27, 28, 29, 30, 31, 32, 33, 34, 35, 36, 37, 38, 39, 40, 41, 42, 43, 44, 45, 46, 47, 48, 49, 50, 51, 52, 53, 54, 55, 56, 57, 58]","{1: [<function rolling_mean_14 at 0x000001E23EC53100>], 7: [<function rolling_mean_30 at 0x000001E23985AAC0>], 30: [<function expanding_mean at 0x000001E2411D2700>]}",lags_58_features_58,18.066471119627,18.51302340522566,22.45609466297068,28.429661610269246,35.49081132757962,42.517584082216146,48.505598249710374,45.99276094900218,55.56961393430938,53.33850261354617,55.567742279258916,60.863973175193955,69.03406987193776
SGDRegressor,"AutoSeasonalityAndDifferences(max_diffs=58, max_season_length=38, n_seasons=10) | LocalMinMaxScaler(stats_=[[ 6.43602225 51.46668796]])","[1, 2, 3, 4, 5, 6, 7, 8, 9, 10, 11, 12, 13, 14, 15, 16, 17, 18, 19, 20, 21, 22, 23, 24, 25, 26, 27, 28, 29, 30, 31, 32, 33, 34, 35, 36, 37, 38, 39, 40, 41, 42, 43, 44, 45, 46, 47, 48, 49, 50, 51, 52, 53, 54, 55, 56, 57, 58]","{1: [<function expanding_mean at 0x000001E2411D2700>], 7: [<function rolling_mean_14 at 0x000001E23EC53100>], 30: [<function expanding_mean at 0x000001E2411D2700>]}",lags_58_features_58,20.412067072725588,22.99864012855341,23.599112655108858,25.850863619024068,29.971604771870375,37.23809009445386,48.021061001358,46.48770361371877,52.26175309672618,52.71064261494729,55.54533405456284,58.57352877945278,68.31148771184498
SGDRegressor,"AutoSeasonalityAndDifferences(max_diffs=58, max_season_length=38, n_seasons=10) | LocalMinMaxScaler(stats_=[[ 6.43602225 51.46668796]])","[1, 2, 3, 4, 5, 6, 7, 8, 9, 10, 11, 12, 13, 14, 15, 16, 17, 18, 19, 20, 21, 22, 23, 24, 25, 26, 27, 28, 29, 30, 31, 32, 33, 34, 35, 36, 37, 38, 39, 40, 41, 42, 43, 44, 45, 46, 47, 48, 49, 50, 51, 52, 53, 54, 55, 56, 57, 58]","{1: [<function rolling_mean_14 at 0x000001E23EC53100>], 7: [<function rolling_mean_30 at 0x000001E23985AAC0>], 30: [<function expanding_mean at 0x000001E2411D2700>]}",lags_58_features_58,20.420018686828268,23.015420014932722,23.610344563192278,25.852970427117988,29.965056059208838,37.22977415039065,48.0248995574507,46.49830129304648,52.259619709733705,52.71850784276061,55.5515538197059,58.57506758567368,68.31955558362328
